timestamp,x1,y1,z1,x2,y2,z2,x3,y3,z3,x4,y4,z4,x1_calib,y1_calib,z1_calib,x2_calib,y2_calib,z2_calib,x3_calib,y3_calib,z3_calib,x4_calib,y4_calib,z4_calib
2025-08-11T18:01:27.436747,22.0,27.0,2.0,-42.0,61.0,-1.0,34.0,-61.0,-23.0,28.0,64.0,-1.0,27.03,3.5199999999999996,3.4,-53.59,37.95,14.33,38.87,-74.59,-22.69,12.53,36.59,-0.89
2025-08-11T18:01:27.437771,-18.0,40.0,10.0,73.0,8.0,-10.0,-65.0,27.0,10.0,-4.0,-9.0,12.0,-12.969999999999999,16.52,11.4,61.41,-15.05,5.33,-60.13,13.41,10.31,-19.47,-36.41,12.11
2025-08-11T18:01:27.445960,-12.0,52.0,-48.0,57.0,72.0,-36.0,-45.0,18.0,8.0,42.0,13.0,-12.0,-6.97,28.52,-46.6,45.41,48.95,-20.67,-40.13,4.41,8.31,26.53,-14.41,-11.89
2025-08-11T18:01:27.450568,36.0,92.0,-4.0,-46.0,-20.0,-3.0,23.0,10.0,12.0,-32.0,53.0,19.0,41.03,68.52,-2.6,-57.59,-43.05,12.33,27.87,-3.59,12.31,-47.47,25.59,19.11
2025-08-11T18:01:27.458273,58.0,-33.0,-83.0,84.0,-24.0,25.0,-9.0,3.0,-33.0,-36.0,41.0,17.0,63.03,-56.480000000000004,-81.6,72.41,-47.05,40.33,-4.13,-10.59,-32.69,-51.47,13.59,17.11
2025-08-11T18:01:27.462872,21.0,-4.0,16.0,-8.0,97.0,-17.0,-15.0,73.0,0.0,40.0,78.0,31.0,26.03,-27.48,17.4,-19.59,73.95,-1.67,-10.129999999999999,59.41,0.31,24.53,50.59,31.11
2025-08-11T18:01:27.470151,24.0,60.0,28.0,22.0,35.0,54.0,53.0,40.0,21.0,16.0,34.0,-7.0,29.03,36.519999999999996,29.4,10.41,11.95,69.33,57.87,26.41,21.31,0.5299999999999994,6.59,-6.89
2025-08-11T18:01:27.474414,2.0,27.0,35.0,34.0,29.0,-27.0,79.0,35.0,56.0,-31.0,77.0,-7.0,7.03,3.5199999999999996,36.4,22.41,5.949999999999999,-11.67,83.87,21.41,56.31,-46.47,49.59,-6.89
2025-08-11T18:01:27.482490,63.0,26.0,78.0,16.0,2.0,-38.0,-33.0,26.0,-21.0,49.0,31.0,-72.0,68.03,2.5199999999999996,79.4,4.41,-21.05,-22.67,-28.13,12.41,-20.69,33.53,3.59,-71.89
2025-08-11T18:01:27.486803,22.0,12.0,8.0,28.0,23.0,-44.0,10.0,40.0,-34.0,45.0,76.0,-14.0,27.03,-11.48,9.4,16.41,-0.05000000000000071,-28.67,14.870000000000001,26.41,-33.69,29.53,48.59,-13.89
2025-08-11T18:01:27.494820,11.0,-36.0,27.0,-65.0,-12.0,-50.0,-52.0,-36.0,23.0,43.0,21.0,11.0,16.03,-59.480000000000004,28.4,-76.59,-35.05,-34.67,-47.13,-49.59,23.31,27.53,-6.41,11.11
2025-08-11T18:01:27.499103,-94.0,118.0,34.0,-4.0,-34.0,25.0,11.0,20.0,11.0,-1.0,48.0,11.0,-88.97,94.52,35.4,-15.59,-57.05,40.33,15.870000000000001,6.41,11.31,-16.47,20.59,11.11
2025-08-11T18:01:27.507007,-21.0,111.0,-6.0,21.0,16.0,24.0,80.0,14.0,37.0,17.0,40.0,14.0,-15.969999999999999,87.52,-4.6,9.41,-7.050000000000001,39.33,84.87,0.41000000000000014,37.31,1.5299999999999994,12.59,14.11
2025-08-11T18:01:27.511408,56.0,6.0,0.0,2.0,26.0,-5.0,-14.0,57.0,-28.0,-19.0,68.0,-17.0,61.03,-17.48,1.4,-9.59,2.9499999999999993,10.33,-9.129999999999999,43.41,-27.69,-34.47,40.59,-16.89
2025-08-11T18:01:27.519749,79.0,104.0,-42.0,-10.0,35.0,-23.0,-55.0,-18.0,-38.0,-31.0,65.0,-36.0,84.03,80.52,-40.6,-21.59,11.95,-7.67,-50.13,-31.59,-37.69,-46.47,37.59,-35.89
2025-08-11T18:01:27.524976,8.0,3.0,-63.0,16.0,37.0,-11.0,21.0,45.0,-26.0,-8.0,7.0,15.0,13.030000000000001,-20.48,-61.6,4.41,13.95,4.33,25.87,31.41,-25.69,-23.47,-20.41,15.11
2025-08-11T18:01:27.532040,-68.0,24.0,-28.0,-36.0,61.0,-10.0,48.0,-14.0,-50.0,-15.0,113.0,-33.0,-62.97,0.5199999999999996,-26.6,-47.59,37.95,5.33,52.87,-27.59,-49.69,-30.47,85.59,-32.89
2025-08-11T18:01:27.536499,111.0,7.0,30.0,1.0,40.0,-32.0,68.0,-40.0,-5.0,1.0,-23.0,-77.0,116.03,-16.48,31.4,-10.59,16.95,-16.67,72.87,-53.59,-4.69,-14.47,-50.41,-76.89
2025-08-11T18:01:27.544044,24.0,19.0,28.0,44.0,-6.0,-27.0,51.0,37.0,16.0,-1.0,96.0,28.0,29.03,-4.48,29.4,32.41,-29.05,-11.67,55.87,23.41,16.31,-16.47,68.59,28.11
2025-08-11T18:01:27.548508,35.0,7.0,26.0,-26.0,-16.0,-80.0,-4.0,19.0,57.0,14.0,25.0,45.0,40.03,-16.48,27.4,-37.59,-39.05,-64.67,0.8700000000000001,5.41,57.31,-1.4700000000000006,-2.41,45.11
2025-08-11T18:01:27.556239,77.0,79.0,5.0,7.0,4.0,-11.0,48.0,-21.0,9.0,-83.0,116.0,-37.0,82.03,55.519999999999996,6.4,-4.59,-19.05,4.33,52.87,-34.59,9.31,-98.47,88.59,-36.89
2025-08-11T18:01:27.560678,24.0,108.0,16.0,-1.0,-111.0,-59.0,-41.0,-1.0,46.0,23.0,102.0,-21.0,29.03,84.52,17.4,-12.59,-134.05,-43.67,-36.13,-14.59,46.31,7.529999999999999,74.59,-20.89
2025-08-11T18:01:27.568596,-85.0,20.0,18.0,73.0,73.0,-20.0,-8.0,40.0,-79.0,35.0,-7.0,-32.0,-79.97,-3.4800000000000004,19.4,61.41,49.95,-4.67,-3.13,26.41,-78.69,19.53,-34.41,-31.89
2025-08-11T18:01:27.573070,-10.0,-31.0,4.0,12.0,-39.0,37.0,-33.0,13.0,19.0,23.0,30.0,-33.0,-4.97,-54.480000000000004,5.4,0.41000000000000014,-62.05,52.33,-28.13,-0.5899999999999999,19.31,7.529999999999999,2.59,-32.89
2025-08-11T18:01:27.580787,-57.0,50.0,-43.0,39.0,59.0,47.0,4.0,-14.0,42.0,27.0,56.0,16.0,-51.97,26.52,-41.6,27.41,35.95,62.33,8.870000000000001,-27.59,42.31,11.53,28.59,16.11
2025-08-11T18:01:27.585426,-9.0,57.0,-9.0,-28.0,78.0,-4.0,-96.0,84.0,31.0,-12.0,88.0,110.0,-3.9699999999999998,33.519999999999996,-7.6,-39.59,54.95,11.33,-91.13,70.41,31.31,-27.47,60.59,110.11
2025-08-11T18:01:27.593108,-6.0,48.0,-20.0,3.0,13.0,-73.0,-60.0,42.0,-30.0,-12.0,-11.0,19.0,-0.9699999999999998,24.52,-18.6,-8.59,-10.05,-57.67,-55.13,28.41,-29.69,-27.47,-38.41,19.11
2025-08-11T18:01:27.597874,33.0,45.0,12.0,-15.0,43.0,-71.0,-41.0,8.0,9.0,21.0,32.0,-46.0,38.03,21.52,13.4,-26.59,19.95,-55.67,-36.13,-5.59,9.31,5.529999999999999,4.59,-45.89
2025-08-11T18:01:27.605389,-4.0,61.0,-4.0,1.0,35.0,-29.0,-29.0,59.0,-49.0,-23.0,-44.0,25.0,1.0300000000000002,37.519999999999996,-2.6,-10.59,11.95,-13.67,-24.13,45.41,-48.69,-38.47,-71.41,25.11
2025-08-11T18:01:27.609660,-50.0,97.0,-63.0,23.0,68.0,-20.0,-9.0,-26.0,-15.0,-4.0,127.0,118.0,-44.97,73.52,-61.6,11.41,44.95,-4.67,-4.13,-39.59,-14.69,-19.47,99.59,118.11
2025-08-11T18:01:27.617698,31.0,-38.0,19.0,-93.0,-25.0,-10.0,-34.0,77.0,28.0,-79.0,33.0,87.0,36.03,-61.480000000000004,20.4,-104.59,-48.05,5.33,-29.13,63.41,28.31,-94.47,5.59,87.11
2025-08-11T18:01:27.621866,33.0,23.0,-14.0,80.0,31.0,-34.0,12.0,-25.0,10.0,-73.0,67.0,4.0,38.03,-0.4800000000000004,-12.6,68.41,7.949999999999999,-18.67,16.87,-38.59,10.31,-88.47,39.59,4.11
2025-08-11T18:01:27.629726,17.0,60.0,-20.0,20.0,17.0,-6.0,-30.0,-1.0,13.0,-44.0,6.0,-2.0,22.03,36.519999999999996,-18.6,8.41,-6.050000000000001,9.33,-25.13,-14.59,13.31,-59.47,-21.41,-1.89
2025-08-11T18:01:27.634105,-9.0,53.0,-50.0,-45.0,40.0,-30.0,30.0,-10.0,21.0,71.0,79.0,-11.0,-3.9699999999999998,29.52,-48.6,-56.59,16.95,-14.67,34.87,-23.59,21.31,55.53,51.59,-10.89
2025-08-11T18:01:27.642094,-75.0,41.0,67.0,2.0,-56.0,-24.0,-8.0,26.0,-2.0,54.0,16.0,62.0,-69.97,17.52,68.4,-9.59,-79.05,-8.67,-3.13,12.41,-1.69,38.53,-11.41,62.11
2025-08-11T18:01:27.646526,5.0,22.0,-30.0,44.0,1.0,-62.0,20.0,21.0,-10.0,66.0,-9.0,-28.0,10.030000000000001,-1.4800000000000004,-28.6,32.41,-22.05,-46.67,24.87,7.41,-9.69,50.53,-36.41,-27.89
2025-08-11T18:01:27.654298,38.0,33.0,-10.0,27.0,50.0,-64.0,-13.0,46.0,-4.0,-13.0,-3.0,17.0,43.03,9.52,-8.6,15.41,26.95,-48.67,-8.129999999999999,32.41,-3.69,-28.47,-30.41,17.11
2025-08-11T18:01:27.658696,-7.0,43.0,74.0,-34.0,-56.0,21.0,35.0,34.0,34.0,-56.0,73.0,-15.0,-1.9699999999999998,19.52,75.4,-45.59,-79.05,36.33,39.87,20.41,34.31,-71.47,45.59,-14.89
2025-08-11T18:01:27.666502,-27.0,20.0,-2.0,55.0,64.0,-16.0,23.0,61.0,-23.0,-42.0,43.0,-19.0,-21.97,-3.4800000000000004,-0.6000000000000001,43.41,40.95,-0.6699999999999999,27.87,47.41,-22.69,-57.47,15.59,-18.89
2025-08-11T18:01:27.671181,4.0,70.0,31.0,10.0,-12.0,-43.0,-44.0,22.0,-21.0,-15.0,15.0,-40.0,9.030000000000001,46.519999999999996,32.4,-1.5899999999999999,-35.05,-27.67,-39.13,8.41,-20.69,-30.47,-12.41,-39.89
2025-08-11T18:01:27.675209,-43.0,1.0,-75.0,41.0,51.0,17.0,26.0,10.0,9.0,16.0,-20.0,31.0,-37.97,-22.48,-73.6,29.41,27.95,32.33,30.87,-3.59,9.31,0.5299999999999994,-47.41,31.11
2025-08-11T18:01:27.683235,18.0,-22.0,-38.0,-32.0,60.0,6.0,36.0,-20.0,-6.0,1.0,7.0,-13.0,23.03,-45.480000000000004,-36.6,-43.59,36.95,21.33,40.87,-33.59,-5.69,-14.47,-20.41,-12.89
2025-08-11T18:01:27.687535,-15.0,38.0,10.0,-36.0,-8.0,34.0,-1.0,-4.0,-26.0,-19.0,-16.0,-69.0,-9.969999999999999,14.52,11.4,-47.59,-31.05,49.33,3.87,-17.59,-25.69,-34.47,-43.41,-68.89
2025-08-11T18:01:27.695500,-27.0,15.0,13.0,73.0,-10.0,-4.0,-8.0,38.0,25.0,5.0,24.0,23.0,-21.97,-8.48,14.4,61.41,-33.05,11.33,-3.13,24.41,25.31,-10.47,-3.41,23.11
2025-08-11T18:01:27.699854,-47.0,48.0,-61.0,-22.0,43.0,-21.0,20.0,14.0,-14.0,19.0,42.0,36.0,-41.97,24.52,-59.6,-33.59,19.95,-5.67,24.87,0.41000000000000014,-13.69,3.5299999999999994,14.59,36.11
2025-08-11T18:01:27.707799,-71.0,-18.0,-76.0,3.0,23.0,-26.0,-7.0,-33.0,-33.0,6.0,33.0,32.0,-65.97,-41.480000000000004,-74.6,-8.59,-0.05000000000000071,-10.67,-2.13,-46.59,-32.69,-9.47,5.59,32.11
2025-08-11T18:01:27.712141,-23.0,86.0,35.0,59.0,-8.0,5.0,13.0,-42.0,-81.0,0.0,40.0,-43.0,-17.97,62.519999999999996,36.4,47.41,-31.05,20.33,17.87,-55.59,-80.69,-15.47,12.59,-42.89
2025-08-11T18:01:27.719900,18.0,48.0,-30.0,-6.0,74.0,-50.0,-13.0,57.0,-11.0,-3.0,77.0,-77.0,23.03,24.52,-28.6,-17.59,50.95,-34.67,-8.129999999999999,43.41,-10.69,-18.47,49.59,-76.89
2025-08-11T18:01:27.724565,8.0,15.0,-10.0,-4.0,13.0,-52.0,27.0,1.0,-49.0,-20.0,54.0,-1.0,13.030000000000001,-8.48,-8.6,-15.59,-10.05,-36.67,31.87,-12.59,-48.69,-35.47,26.59,-0.89
2025-08-11T18:01:27.732389,-32.0,93.0,-55.0,28.0,14.0,18.0,-75.0,-26.0,-32.0,12.0,33.0,58.0,-26.97,69.52,-53.6,16.41,-9.05,33.33,-70.13,-39.59,-31.69,-3.4700000000000006,5.59,58.11
2025-08-11T18:01:27.736576,-27.0,90.0,-9.0,46.0,23.0,-20.0,4.0,-21.0,17.0,0.0,-10.0,34.0,-21.97,66.52,-7.6,34.41,-0.05000000000000071,-4.67,8.870000000000001,-34.59,17.31,-15.47,-37.41,34.11
2025-08-11T18:01:27.744666,2.0,74.0,19.0,45.0,81.0,13.0,3.0,33.0,7.0,33.0,52.0,23.0,7.03,50.519999999999996,20.4,33.41,57.95,28.33,7.87,19.41,7.31,17.53,24.59,23.11
2025-08-11T18:01:27.748999,-14.0,22.0,-25.0,20.0,13.0,-47.0,-20.0,-9.0,5.0,-2.0,63.0,6.0,-8.969999999999999,-1.4800000000000004,-23.6,8.41,-10.05,-31.67,-15.129999999999999,-22.59,5.31,-17.47,35.59,6.11
2025-08-11T18:01:27.756851,6.0,69.0,-24.0,6.0,-13.0,-48.0,53.0,28.0,32.0,-13.0,92.0,-29.0,11.030000000000001,45.519999999999996,-22.6,-5.59,-36.05,-32.67,57.87,14.41,32.31,-28.47,64.59,-28.89
2025-08-11T18:01:27.761128,4.0,41.0,-47.0,-6.0,-27.0,-7.0,-26.0,28.0,25.0,-48.0,39.0,-7.0,9.030000000000001,17.52,-45.6,-17.59,-50.05,8.33,-21.13,14.41,25.31,-63.47,11.59,-6.89
2025-08-11T18:01:27.769089,-20.0,110.0,-3.0,40.0,16.0,-38.0,-67.0,73.0,50.0,40.0,41.0,-28.0,-14.969999999999999,86.52,-1.6,28.41,-7.050000000000001,-22.67,-62.13,59.41,50.31,24.53,13.59,-27.89
2025-08-11T18:01:27.773404,-48.0,37.0,-51.0,-14.0,16.0,-14.0,-89.0,2.0,30.0,22.0,22.0,-44.0,-42.97,13.52,-49.6,-25.59,-7.050000000000001,1.33,-84.13,-11.59,30.31,6.529999999999999,-5.41,-43.89
2025-08-11T18:01:27.781434,-6.0,14.0,-17.0,-87.0,74.0,-86.0,-68.0,58.0,-32.0,-5.0,92.0,-43.0,-0.9699999999999998,-9.48,-15.6,-98.59,50.95,-70.67,-63.13,44.41,-31.69,-20.47,64.59,-42.89
2025-08-11T18:01:27.786072,27.0,90.0,9.0,52.0,8.0,-37.0,4.0,77.0,-15.0,5.0,-11.0,25.0,32.03,66.52,10.4,40.41,-15.05,-21.67,8.870000000000001,63.41,-14.69,-10.47,-38.41,25.11
2025-08-11T18:01:27.793625,12.0,-1.0,-1.0,25.0,-26.0,31.0,-66.0,68.0,10.0,-22.0,18.0,-10.0,17.03,-24.48,0.3999999999999999,13.41,-49.05,46.33,-61.13,54.41,10.31,-37.47,-9.41,-9.89
2025-08-11T18:01:27.797826,8.0,55.0,-10.0,24.0,-22.0,-71.0,10.0,42.0,-64.0,4.0,41.0,-27.0,13.030000000000001,31.52,-8.6,12.41,-45.05,-55.67,14.870000000000001,28.41,-63.69,-11.47,13.59,-26.89
2025-08-11T18:01:27.802285,47.0,0.0,-1.0,65.0,24.0,11.0,62.0,49.0,-33.0,14.0,44.0,9.0,52.03,-23.48,0.3999999999999999,53.41,0.9499999999999993,26.33,66.87,35.41,-32.69,-1.4700000000000006,16.59,9.11
2025-08-11T18:01:27.810226,76.0,46.0,2.0,61.0,-35.0,25.0,-2.0,38.0,-7.0,26.0,15.0,11.0,81.03,22.52,3.4,49.41,-58.05,40.33,2.87,24.41,-6.69,10.53,-12.41,11.11
2025-08-11T18:01:27.814766,-66.0,-51.0,-28.0,-36.0,32.0,-43.0,27.0,57.0,3.0,16.0,8.0,-14.0,-60.97,-74.48,-26.6,-47.59,8.95,-27.67,31.87,43.41,3.31,0.5299999999999994,-19.41,-13.89
2025-08-11T18:01:27.822804,30.0,40.0,40.0,-15.0,27.0,-34.0,-46.0,-17.0,1.0,-25.0,0.0,-14.0,35.03,16.52,41.4,-26.59,3.9499999999999993,-18.67,-41.13,-30.59,1.31,-40.47,-27.41,-13.89
2025-08-11T18:01:27.826762,31.0,78.0,10.0,14.0,49.0,-49.0,-33.0,-16.0,51.0,-4.0,69.0,18.0,36.03,54.519999999999996,11.4,2.41,25.95,-33.67,-28.13,-29.59,51.31,-19.47,41.59,18.11
2025-08-11T18:01:27.834788,36.0,9.0,28.0,-35.0,14.0,-49.0,32.0,16.0,17.0,-44.0,-7.0,37.0,41.03,-14.48,29.4,-46.59,-9.05,-33.67,36.87,2.41,17.31,-59.47,-34.41,37.11
2025-08-11T18:01:27.839318,-26.0,25.0,4.0,72.0,30.0,-20.0,-54.0,12.0,9.0,65.0,88.0,64.0,-20.97,1.5199999999999996,5.4,60.41,6.949999999999999,-4.67,-49.13,-1.5899999999999999,9.31,49.53,60.59,64.11
2025-08-11T18:01:27.846951,-93.0,18.0,-19.0,-9.0,50.0,8.0,-9.0,0.0,60.0,54.0,50.0,-7.0,-87.97,-5.48,-17.6,-20.59,26.95,23.33,-4.13,-13.59,60.31,38.53,22.59,-6.89
2025-08-11T18:01:27.851731,-26.0,-22.0,-2.0,-15.0,56.0,-47.0,-14.0,74.0,-2.0,-63.0,69.0,-35.0,-20.97,-45.480000000000004,-0.6000000000000001,-26.59,32.95,-31.67,-9.129999999999999,60.41,-1.69,-78.47,41.59,-34.89
2025-08-11T18:01:27.859445,-3.0,30.0,1.0,31.0,24.0,22.0,-22.0,38.0,-19.0,-15.0,-8.0,-34.0,2.0300000000000002,6.52,2.4,19.41,0.9499999999999993,37.33,-17.13,24.41,-18.69,-30.47,-35.41,-33.89
2025-08-11T18:01:27.864260,-13.0,60.0,18.0,63.0,-9.0,53.0,-51.0,7.0,-4.0,-24.0,46.0,5.0,-7.97,36.519999999999996,19.4,51.41,-32.05,68.33,-46.13,-6.59,-3.69,-39.47,18.59,5.11
2025-08-11T18:01:27.871524,-40.0,88.0,-10.0,2.0,15.0,35.0,-39.0,42.0,-42.0,41.0,17.0,-78.0,-34.97,64.52,-8.6,-9.59,-8.05,50.33,-34.13,28.41,-41.69,25.53,-10.41,-77.89
2025-08-11T18:01:27.875947,15.0,51.0,44.0,-53.0,63.0,-17.0,-31.0,90.0,-5.0,49.0,18.0,-1.0,20.03,27.52,45.4,-64.59,39.95,-1.67,-26.13,76.41,-4.69,33.53,-9.41,-0.89
2025-08-11T18:01:27.883675,-43.0,-43.0,50.0,14.0,66.0,45.0,9.0,84.0,48.0,6.0,48.0,44.0,-37.97,-66.48,51.4,2.41,42.95,60.33,13.870000000000001,70.41,48.31,-9.47,20.59,44.11
2025-08-11T18:01:27.888198,-37.0,12.0,-40.0,9.0,42.0,-18.0,34.0,-41.0,-9.0,29.0,9.0,-1.0,-31.97,-11.48,-38.6,-2.59,18.95,-2.67,38.87,-54.59,-8.69,13.53,-18.41,-0.89
2025-08-11T18:01:27.896028,-24.0,29.0,14.0,43.0,-6.0,-27.0,37.0,27.0,-81.0,41.0,22.0,1.0,-18.97,5.52,15.4,31.41,-29.05,-11.67,41.87,13.41,-80.69,25.53,-5.41,1.11
2025-08-11T18:01:27.900599,3.0,11.0,27.0,35.0,57.0,30.0,47.0,-81.0,17.0,-62.0,57.0,38.0,8.030000000000001,-12.48,28.4,23.41,33.95,45.33,51.87,-94.59,17.31,-77.47,29.59,38.11
2025-08-11T18:01:27.908454,-18.0,66.0,19.0,-19.0,9.0,-71.0,-56.0,-13.0,69.0,-42.0,32.0,11.0,-12.969999999999999,42.519999999999996,20.4,-30.59,-14.05,-55.67,-51.13,-26.59,69.31,-57.47,4.59,11.11
2025-08-11T18:01:27.913565,93.0,104.0,103.0,-21.0,8.0,20.0,30.0,13.0,42.0,-11.0,-50.0,-9.0,98.03,80.52,104.4,-32.59,-15.05,35.33,34.87,-0.5899999999999999,42.31,-26.47,-77.41,-8.89
2025-08-11T18:01:27.920511,-12.0,22.0,37.0,-3.0,1.0,-37.0,-68.0,8.0,39.0,15.0,59.0,-3.0,-6.97,-1.4800000000000004,38.4,-14.59,-22.05,-21.67,-63.13,-5.59,39.31,-0.47000000000000064,31.59,-2.89
2025-08-11T18:01:27.925428,20.0,56.0,-1.0,22.0,11.0,-26.0,-17.0,-20.0,16.0,-55.0,26.0,-29.0,25.03,32.519999999999996,0.3999999999999999,10.41,-12.05,-10.67,-12.129999999999999,-33.59,16.31,-70.47,-1.4100000000000001,-28.89
2025-08-11T18:01:27.932755,-20.0,47.0,-44.0,11.0,60.0,-1.0,10.0,63.0,-9.0,-54.0,41.0,-43.0,-14.969999999999999,23.52,-42.6,-0.5899999999999999,36.95,14.33,14.870000000000001,49.41,-8.69,-69.47,13.59,-42.89
2025-08-11T18:01:27.937015,28.0,128.0,21.0,-60.0,-13.0,1.0,22.0,83.0,3.0,-11.0,82.0,15.0,33.03,104.52,22.4,-71.59,-36.05,16.33,26.87,69.41,3.31,-26.47,54.59,15.11
2025-08-11T18:01:27.945396,-25.0,-5.0,-63.0,-46.0,-13.0,-14.0,-26.0,24.0,-35.0,25.0,-45.0,-27.0,-19.97,-28.48,-61.6,-57.59,-36.05,1.33,-21.13,10.41,-34.69,9.53,-72.41,-26.89
2025-08-11T18:01:27.950130,43.0,20.0,-108.0,15.0,96.0,-18.0,53.0,53.0,-70.0,10.0,-47.0,16.0,48.03,-3.4800000000000004,-106.6,3.41,72.95,-2.67,57.87,39.41,-69.69,-5.470000000000001,-74.41,16.11
2025-08-11T18:01:27.957442,15.0,11.0,-3.0,0.0,43.0,-17.0,31.0,-21.0,-47.0,-28.0,37.0,43.0,20.03,-12.48,-1.6,-11.59,19.95,-1.67,35.87,-34.59,-46.69,-43.47,9.59,43.11
2025-08-11T18:01:27.961781,26.0,29.0,3.0,-38.0,41.0,30.0,-30.0,-121.0,-7.0,-36.0,10.0,46.0,31.03,5.52,4.4,-49.59,17.95,45.33,-25.13,-134.59,-6.69,-51.47,-17.41,46.11
2025-08-11T18:01:27.969636,64.0,-15.0,3.0,9.0,-18.0,-42.0,10.0,96.0,8.0,-62.0,51.0,-36.0,69.03,-38.480000000000004,4.4,-2.59,-41.05,-26.67,14.870000000000001,82.41,8.31,-77.47,23.59,-35.89
2025-08-11T18:01:27.974090,50.0,-25.0,2.0,-6.0,32.0,-31.0,-7.0,-3.0,17.0,-53.0,46.0,7.0,55.03,-48.480000000000004,3.4,-17.59,8.95,-15.67,-2.13,-16.59,17.31,-68.47,18.59,7.11
2025-08-11T18:01:27.981904,29.0,-3.0,93.0,-34.0,48.0,42.0,-1.0,54.0,22.0,-24.0,35.0,-23.0,34.03,-26.48,94.4,-45.59,24.95,57.33,3.87,40.41,22.31,-39.47,7.59,-22.89
2025-08-11T18:01:27.986268,52.0,24.0,-9.0,-27.0,8.0,14.0,-20.0,78.0,25.0,30.0,36.0,-27.0,57.03,0.5199999999999996,-7.6,-38.59,-15.05,29.33,-15.129999999999999,64.41,25.31,14.53,8.59,-26.89
2025-08-11T18:01:27.990641,38.0,45.0,9.0,5.0,72.0,-51.0,-26.0,51.0,-37.0,-22.0,85.0,38.0,43.03,21.52,10.4,-6.59,48.95,-35.67,-21.13,37.41,-36.69,-37.47,57.59,38.11
2025-08-11T18:01:27.998725,-21.0,39.0,-26.0,-49.0,-36.0,-29.0,58.0,61.0,-75.0,9.0,43.0,-82.0,-15.969999999999999,15.52,-24.6,-60.59,-59.05,-13.67,62.87,47.41,-74.69,-6.470000000000001,15.59,-81.89
2025-08-11T18:01:28.002866,29.0,0.0,20.0,21.0,6.0,-7.0,-14.0,15.0,-7.0,50.0,20.0,-40.0,34.03,-23.48,21.4,9.41,-17.05,8.33,-9.129999999999999,1.4100000000000001,-6.69,34.53,-7.41,-39.89
2025-08-11T18:01:28.011088,35.0,17.0,0.0,38.0,118.0,15.0,23.0,-16.0,-49.0,21.0,45.0,-74.0,40.03,-6.48,1.4,26.41,94.95,30.33,27.87,-29.59,-48.69,5.529999999999999,17.59,-73.89
2025-08-11T18:01:28.015407,26.0,-11.0,63.0,-17.0,-12.0,-38.0,-52.0,47.0,-6.0,-69.0,14.0,37.0,31.03,-34.480000000000004,64.4,-28.59,-35.05,-22.67,-47.13,33.41,-5.69,-84.47,-13.41,37.11
2025-08-11T18:01:28.023491,-7.0,-18.0,62.0,29.0,10.0,-46.0,38.0,-15.0,19.0,71.0,58.0,-24.0,-1.9699999999999998,-41.480000000000004,63.4,17.41,-13.05,-30.67,42.87,-28.59,19.31,55.53,30.59,-23.89
2025-08-11T18:01:28.027408,-129.0,24.0,32.0,33.0,38.0,-40.0,4.0,19.0,27.0,-15.0,-47.0,5.0,-123.97,0.5199999999999996,33.4,21.41,14.95,-24.67,8.870000000000001,5.41,27.31,-30.47,-74.41,5.11
2025-08-11T18:01:28.035355,-15.0,73.0,14.0,48.0,5.0,-18.0,1.0,-24.0,22.0,41.0,81.0,18.0,-9.969999999999999,49.519999999999996,15.4,36.41,-18.05,-2.67,5.87,-37.59,22.31,25.53,53.59,18.11
2025-08-11T18:01:28.040138,34.0,46.0,29.0,30.0,25.0,-84.0,-10.0,49.0,-61.0,52.0,17.0,-2.0,39.03,22.52,30.4,18.41,1.9499999999999993,-68.67,-5.13,35.41,-60.69,36.53,-10.41,-1.89
2025-08-11T18:01:28.047692,20.0,69.0,-7.0,25.0,34.0,27.0,-11.0,51.0,-72.0,-19.0,3.0,0.0,25.03,45.519999999999996,-5.6,13.41,10.95,42.33,-6.13,37.41,-71.69,-34.47,-24.41,0.11
2025-08-11T18:01:28.052098,-18.0,34.0,-3.0,25.0,-28.0,-29.0,-13.0,49.0,20.0,-17.0,70.0,-26.0,-12.969999999999999,10.52,-1.6,13.41,-51.05,-13.67,-8.129999999999999,35.41,20.31,-32.47,42.59,-25.89
2025-08-11T18:01:28.059995,-19.0,52.0,-35.0,-63.0,64.0,-22.0,3.0,35.0,-83.0,-17.0,48.0,7.0,-13.969999999999999,28.52,-33.6,-74.59,40.95,-6.67,7.87,21.41,-82.69,-32.47,20.59,7.11
2025-08-11T18:01:28.064237,-18.0,61.0,29.0,28.0,28.0,-44.0,19.0,-2.0,-17.0,-1.0,4.0,6.0,-12.969999999999999,37.519999999999996,30.4,16.41,4.949999999999999,-28.67,23.87,-15.59,-16.69,-16.47,-23.41,6.11
2025-08-11T18:01:28.072258,-25.0,56.0,-27.0,65.0,37.0,-74.0,-21.0,55.0,14.0,-5.0,5.0,-47.0,-19.97,32.519999999999996,-25.6,53.41,13.95,-58.67,-16.13,41.41,14.31,-20.47,-22.41,-46.89
2025-08-11T18:01:28.076678,24.0,54.0,-59.0,35.0,59.0,-18.0,-18.0,66.0,-44.0,16.0,1.0,64.0,29.03,30.52,-57.6,23.41,35.95,-2.67,-13.129999999999999,52.41,-43.69,0.5299999999999994,-26.41,64.11
2025-08-11T18:01:28.084459,25.0,22.0,-80.0,71.0,11.0,-65.0,-20.0,13.0,1.0,-13.0,-22.0,78.0,30.03,-1.4800000000000004,-78.6,59.41,-12.05,-49.67,-15.129999999999999,-0.5899999999999999,1.31,-28.47,-49.41,78.11
2025-08-11T18:01:28.088956,-49.0,47.0,-37.0,61.0,18.0,10.0,-87.0,59.0,-18.0,-5.0,5.0,2.0,-43.97,23.52,-35.6,49.41,-5.050000000000001,25.33,-82.13,45.41,-17.69,-20.47,-22.41,2.11
2025-08-11T18:01:28.096724,-62.0,116.0,-13.0,47.0,-28.0,-4.0,-54.0,108.0,-67.0,-31.0,21.0,19.0,-56.97,92.52,-11.6,35.41,-51.05,11.33,-49.13,94.41,-66.69,-46.47,-6.41,19.11
2025-08-11T18:01:28.101398,-2.0,57.0,-34.0,34.0,6.0,-10.0,0.0,14.0,-23.0,-26.0,-42.0,22.0,3.0300000000000002,33.519999999999996,-32.6,22.41,-17.05,5.33,4.87,0.41000000000000014,-22.69,-41.47,-69.41,22.11
2025-08-11T18:01:28.109023,42.0,48.0,-48.0,82.0,58.0,-21.0,3.0,21.0,-50.0,59.0,-25.0,15.0,47.03,24.52,-46.6,70.41,34.95,-5.67,7.87,7.41,-49.69,43.53,-52.41,15.11
2025-08-11T18:01:28.114277,-18.0,7.0,-40.0,14.0,65.0,8.0,36.0,-2.0,-25.0,26.0,39.0,-61.0,-12.969999999999999,-16.48,-38.6,2.41,41.95,23.33,40.87,-15.59,-24.69,10.53,11.59,-60.89
2025-08-11T18:01:28.121370,29.0,-3.0,-29.0,49.0,82.0,-42.0,-64.0,56.0,14.0,-80.0,2.0,-10.0,34.03,-26.48,-27.6,37.41,58.95,-26.67,-59.13,42.41,14.31,-95.47,-25.41,-9.89
2025-08-11T18:01:28.125885,24.0,48.0,-36.0,-10.0,32.0,36.0,28.0,23.0,50.0,42.0,-26.0,-14.0,29.03,24.52,-34.6,-21.59,8.95,51.33,32.87,9.41,50.31,26.53,-53.41,-13.89
2025-08-11T18:01:28.133647,-26.0,73.0,74.0,-19.0,17.0,-62.0,-56.0,36.0,-11.0,41.0,50.0,-1.0,-20.97,49.519999999999996,75.4,-30.59,-6.050000000000001,-46.67,-51.13,22.41,-10.69,25.53,22.59,-0.89
2025-08-11T18:01:28.137874,10.0,-55.0,-10.0,5.0,-2.0,-28.0,47.0,44.0,6.0,-45.0,-22.0,-60.0,15.030000000000001,-78.48,-8.6,-6.59,-25.05,-12.67,51.87,30.41,6.31,-60.47,-49.41,-59.89
2025-08-11T18:01:28.145939,-47.0,-2.0,-52.0,-7.0,73.0,-3.0,-22.0,73.0,-22.0,40.0,62.0,-1.0,-41.97,-25.48,-50.6,-18.59,49.95,12.33,-17.13,59.41,-21.69,24.53,34.59,-0.89
2025-08-11T18:01:28.150120,14.0,67.0,-9.0,-15.0,12.0,-21.0,4.0,97.0,-1.0,11.0,19.0,-3.0,19.03,43.519999999999996,-7.6,-26.59,-11.05,-5.67,8.870000000000001,83.41,-0.69,-4.470000000000001,-8.41,-2.89
2025-08-11T18:01:28.155324,-6.0,39.0,-5.0,-33.0,0.0,-8.0,-5.0,49.0,-2.0,14.0,68.0,-10.0,-0.9699999999999998,15.52,-3.6,-44.59,-23.05,7.33,-0.1299999999999999,35.41,-1.69,-1.4700000000000006,40.59,-9.89
2025-08-11T18:01:28.162686,17.0,13.0,-7.0,8.0,30.0,14.0,-9.0,48.0,-4.0,33.0,43.0,7.0,22.03,-10.48,-5.6,-3.59,6.949999999999999,29.33,-4.13,34.41,-3.69,17.53,15.59,7.11
2025-08-11T18:01:28.167274,17.0,24.0,53.0,-1.0,41.0,-30.0,2.0,42.0,-35.0,4.0,-54.0,0.0,22.03,0.5199999999999996,54.4,-12.59,17.95,-14.67,6.87,28.41,-34.69,-11.47,-81.41,0.11
2025-08-11T18:01:28.174739,76.0,2.0,32.0,39.0,57.0,-41.0,30.0,-29.0,34.0,18.0,4.0,-41.0,81.03,-21.48,33.4,27.41,33.95,-25.67,34.87,-42.59,34.31,2.5299999999999994,-23.41,-40.89
2025-08-11T18:01:28.179581,45.0,65.0,57.0,82.0,48.0,-19.0,-53.0,-9.0,-51.0,68.0,82.0,-28.0,50.03,41.519999999999996,58.4,70.41,24.95,-3.67,-48.13,-22.59,-50.69,52.53,54.59,-27.89
2025-08-11T18:01:28.187256,-63.0,58.0,53.0,-21.0,70.0,18.0,-11.0,22.0,-7.0,-56.0,37.0,-1.0,-57.97,34.519999999999996,54.4,-32.59,46.95,33.33,-6.13,8.41,-6.69,-71.47,9.59,-0.89
2025-08-11T18:01:28.191854,2.0,-37.0,49.0,-40.0,52.0,34.0,-4.0,30.0,-12.0,-1.0,72.0,16.0,7.03,-60.480000000000004,50.4,-51.59,28.95,49.33,0.8700000000000001,16.41,-11.69,-16.47,44.59,16.11
2025-08-11T18:01:28.199426,21.0,-1.0,-37.0,24.0,20.0,-131.0,-10.0,19.0,53.0,-42.0,77.0,9.0,26.03,-24.48,-35.6,12.41,-3.0500000000000007,-115.67,-5.13,5.41,53.31,-57.47,49.59,9.11
2025-08-11T18:01:28.204221,-75.0,76.0,-3.0,-27.0,33.0,22.0,-45.0,-3.0,-37.0,-114.0,31.0,-30.0,-69.97,52.519999999999996,-1.6,-38.59,9.95,37.33,-40.13,-16.59,-36.69,-129.47,3.59,-29.89
2025-08-11T18:01:28.211701,-44.0,66.0,-20.0,-38.0,34.0,-60.0,61.0,1.0,-4.0,22.0,65.0,13.0,-38.97,42.519999999999996,-18.6,-49.59,10.95,-44.67,65.87,-12.59,-3.69,6.529999999999999,37.59,13.11
2025-08-11T18:01:28.216551,-3.0,28.0,-19.0,-49.0,35.0,-14.0,-14.0,-14.0,2.0,-13.0,67.0,-44.0,2.0300000000000002,4.52,-17.6,-60.59,11.95,1.33,-9.129999999999999,-27.59,2.31,-28.47,39.59,-43.89
2025-08-11T18:01:28.223948,94.0,8.0,-55.0,-34.0,6.0,-45.0,-8.0,20.0,4.0,50.0,47.0,-26.0,99.03,-15.48,-53.6,-45.59,-17.05,-29.67,-3.13,6.41,4.31,34.53,19.59,-25.89
2025-08-11T18:01:28.228280,34.0,35.0,-21.0,78.0,-63.0,-33.0,-46.0,59.0,8.0,30.0,99.0,-53.0,39.03,11.52,-19.6,66.41,-86.05,-17.67,-41.13,45.41,8.31,14.53,71.59,-52.89
2025-08-11T18:01:28.236115,50.0,36.0,0.0,-8.0,81.0,-40.0,11.0,12.0,16.0,29.0,75.0,7.0,55.03,12.52,1.4,-19.59,57.95,-24.67,15.870000000000001,-1.5899999999999999,16.31,13.53,47.59,7.11
2025-08-11T18:01:28.240443,11.0,82.0,-40.0,5.0,1.0,-51.0,-18.0,-21.0,22.0,-43.0,-33.0,-67.0,16.03,58.519999999999996,-38.6,-6.59,-22.05,-35.67,-13.129999999999999,-34.59,22.31,-58.47,-60.41,-66.89
2025-08-11T18:01:28.248476,13.0,13.0,25.0,-4.0,11.0,-27.0,-54.0,31.0,-68.0,44.0,48.0,-18.0,18.03,-10.48,26.4,-15.59,-12.05,-11.67,-49.13,17.41,-67.69,28.53,20.59,-17.89
2025-08-11T18:01:28.252795,11.0,25.0,20.0,-7.0,48.0,-18.0,4.0,77.0,-30.0,-40.0,81.0,-48.0,16.03,1.5199999999999996,21.4,-18.59,24.95,-2.67,8.870000000000001,63.41,-29.69,-55.47,53.59,-47.89
2025-08-11T18:01:28.260614,-2.0,-3.0,-13.0,-31.0,-6.0,-90.0,24.0,13.0,1.0,-8.0,48.0,4.0,3.0300000000000002,-26.48,-11.6,-42.59,-29.05,-74.67,28.87,-0.5899999999999999,1.31,-23.47,20.59,4.11
2025-08-11T18:01:28.265598,32.0,20.0,-61.0,56.0,-4.0,-78.0,6.0,-4.0,-15.0,-21.0,11.0,20.0,37.03,-3.4800000000000004,-59.6,44.41,-27.05,-62.67,10.870000000000001,-17.59,-14.69,-36.47,-16.41,20.11
2025-08-11T18:01:28.272703,-33.0,-8.0,-19.0,43.0,5.0,35.0,10.0,14.0,-20.0,59.0,5.0,7.0,-27.97,-31.48,-17.6,31.41,-18.05,50.33,14.870000000000001,0.41000000000000014,-19.69,43.53,-22.41,7.11
2025-08-11T18:01:28.277080,6.0,77.0,-62.0,13.0,61.0,-19.0,-46.0,17.0,-88.0,35.0,54.0,3.0,11.030000000000001,53.519999999999996,-60.6,1.4100000000000001,37.95,-3.67,-41.13,3.41,-87.69,19.53,26.59,3.11
2025-08-11T18:01:28.284953,86.0,67.0,-46.0,13.0,55.0,-30.0,-16.0,18.0,-9.0,67.0,13.0,4.0,91.03,43.519999999999996,-44.6,1.4100000000000001,31.95,-14.67,-11.129999999999999,4.41,-8.69,51.53,-14.41,4.11
2025-08-11T18:01:28.289574,-15.0,93.0,10.0,-20.0,29.0,-19.0,76.0,56.0,-104.0,-12.0,-3.0,-34.0,-9.969999999999999,69.52,11.4,-31.59,5.949999999999999,-3.67,80.87,42.41,-103.69,-27.47,-30.41,-33.89
2025-08-11T18:01:28.297261,-6.0,33.0,-79.0,52.0,-78.0,-67.0,1.0,40.0,12.0,-25.0,48.0,16.0,-0.9699999999999998,9.52,-77.6,40.41,-101.05,-51.67,5.87,26.41,12.31,-40.47,20.59,16.11
2025-08-11T18:01:28.302179,-66.0,47.0,-32.0,17.0,-14.0,-74.0,-69.0,34.0,24.0,-87.0,39.0,20.0,-60.97,23.52,-30.6,5.41,-37.05,-58.67,-64.13,20.41,24.31,-102.47,11.59,20.11
2025-08-11T18:01:28.309652,43.0,19.0,-15.0,24.0,90.0,-89.0,-38.0,-50.0,32.0,-58.0,82.0,-39.0,48.03,-4.48,-13.6,12.41,66.95,-73.67,-33.13,-63.59,32.31,-73.47,54.59,-38.89
2025-08-11T18:01:28.314275,16.0,7.0,43.0,21.0,37.0,36.0,-50.0,42.0,-24.0,35.0,60.0,-24.0,21.03,-16.48,44.4,9.41,13.95,51.33,-45.13,28.41,-23.69,19.53,32.59,-23.89
2025-08-11T18:01:28.318781,9.0,46.0,20.0,2.0,43.0,29.0,-6.0,80.0,13.0,2.0,66.0,-20.0,14.030000000000001,22.52,21.4,-9.59,19.95,44.33,-1.13,66.41,13.31,-13.47,38.59,-19.89
2025-08-11T18:01:28.326690,11.0,-5.0,-46.0,28.0,-66.0,-30.0,-39.0,16.0,-72.0,21.0,-3.0,17.0,16.03,-28.48,-44.6,16.41,-89.05,-14.67,-34.13,2.41,-71.69,5.529999999999999,-30.41,17.11
2025-08-11T18:01:28.331137,31.0,32.0,-50.0,46.0,91.0,8.0,-39.0,-2.0,2.0,35.0,-32.0,-37.0,36.03,8.52,-48.6,34.41,67.95,23.33,-34.13,-15.59,2.31,19.53,-59.41,-36.89
2025-08-11T18:01:28.338804,-47.0,-26.0,-40.0,34.0,4.0,-1.0,-26.0,13.0,-49.0,57.0,45.0,37.0,-41.97,-49.480000000000004,-38.6,22.41,-19.05,14.33,-21.13,-0.5899999999999999,-48.69,41.53,17.59,37.11
2025-08-11T18:01:28.343552,-2.0,-7.0,-9.0,-83.0,52.0,21.0,-43.0,-26.0,-42.0,-5.0,102.0,21.0,3.0300000000000002,-30.48,-7.6,-94.59,28.95,36.33,-38.13,-39.59,-41.69,-20.47,74.59,21.11
2025-08-11T18:01:28.351035,-54.0,19.0,31.0,-50.0,-5.0,4.0,-31.0,18.0,13.0,20.0,-36.0,-27.0,-48.97,-4.48,32.4,-61.59,-28.05,19.33,-26.13,4.41,13.31,4.529999999999999,-63.41,-26.89
2025-08-11T18:01:28.355113,6.0,82.0,-44.0,10.0,42.0,-30.0,30.0,42.0,-14.0,-43.0,74.0,-61.0,11.030000000000001,58.519999999999996,-42.6,-1.5899999999999999,18.95,-14.67,34.87,28.41,-13.69,-58.47,46.59,-60.89
2025-08-11T18:01:28.363158,-7.0,68.0,4.0,4.0,64.0,46.0,-14.0,-9.0,28.0,21.0,16.0,31.0,-1.9699999999999998,44.519999999999996,5.4,-7.59,40.95,61.33,-9.129999999999999,-22.59,28.31,5.529999999999999,-11.41,31.11
2025-08-11T18:01:28.367407,-96.0,52.0,-15.0,0.0,70.0,8.0,15.0,1.0,-55.0,2.0,9.0,-3.0,-90.97,28.52,-13.6,-11.59,46.95,23.33,19.87,-12.59,-54.69,-13.47,-18.41,-2.89
2025-08-11T18:01:28.375300,-11.0,85.0,-49.0,44.0,52.0,2.0,-29.0,-37.0,3.0,-13.0,46.0,6.0,-5.97,61.519999999999996,-47.6,32.41,28.95,17.33,-24.13,-50.59,3.31,-28.47,18.59,6.11
2025-08-11T18:01:28.379818,-7.0,66.0,-48.0,7.0,57.0,-62.0,21.0,24.0,-22.0,-23.0,57.0,-38.0,-1.9699999999999998,42.519999999999996,-46.6,-4.59,33.95,-46.67,25.87,10.41,-21.69,-38.47,29.59,-37.89
2025-08-11T18:01:28.387495,-46.0,116.0,25.0,7.0,3.0,-36.0,19.0,22.0,-39.0,-36.0,51.0,-44.0,-40.97,92.52,26.4,-4.59,-20.05,-20.67,23.87,8.41,-38.69,-51.47,23.59,-43.89
2025-08-11T18:01:28.391970,15.0,28.0,-88.0,23.0,-20.0,-57.0,-23.0,-9.0,-21.0,9.0,45.0,-69.0,20.03,4.52,-86.6,11.41,-43.05,-41.67,-18.13,-22.59,-20.69,-6.470000000000001,17.59,-68.89
2025-08-11T18:01:28.399854,-36.0,66.0,-42.0,78.0,26.0,23.0,-16.0,23.0,-69.0,2.0,62.0,-41.0,-30.97,42.519999999999996,-40.6,66.41,2.9499999999999993,38.33,-11.129999999999999,9.41,-68.69,-13.47,34.59,-40.89
2025-08-11T18:01:28.404535,-54.0,136.0,-76.0,-18.0,35.0,-95.0,-4.0,-13.0,-31.0,2.0,54.0,7.0,-48.97,112.52,-74.6,-29.59,11.95,-79.67,0.8700000000000001,-26.59,-30.69,-13.47,26.59,7.11
2025-08-11T18:01:28.412032,-22.0,20.0,-85.0,-26.0,89.0,-84.0,-54.0,11.0,-42.0,-50.0,65.0,-15.0,-16.97,-3.4800000000000004,-83.6,-37.59,65.95,-68.67,-49.13,-2.59,-41.69,-65.47,37.59,-14.89
2025-08-11T18:01:28.416717,100.0,28.0,-93.0,-22.0,13.0,-24.0,3.0,-55.0,8.0,68.0,57.0,-77.0,105.03,4.52,-91.6,-33.59,-10.05,-8.67,7.87,-68.59,8.31,52.53,29.59,-76.89
2025-08-11T18:01:28.424402,5.0,59.0,-77.0,-2.0,50.0,-51.0,-20.0,51.0,-41.0,1.0,35.0,-31.0,10.030000000000001,35.519999999999996,-75.6,-13.59,26.95,-35.67,-15.129999999999999,37.41,-40.69,-14.47,7.59,-30.89
2025-08-11T18:01:28.428855,20.0,75.0,6.0,-54.0,53.0,-47.0,-70.0,91.0,-26.0,11.0,94.0,-79.0,25.03,51.519999999999996,7.4,-65.59,29.95,-31.67,-65.13,77.41,-25.69,-4.470000000000001,66.59,-78.89
2025-08-11T18:01:28.436616,44.0,54.0,-90.0,-28.0,22.0,-5.0,-14.0,105.0,-46.0,12.0,47.0,-9.0,49.03,30.52,-88.6,-39.59,-1.0500000000000007,10.33,-9.129999999999999,91.41,-45.69,-3.4700000000000006,19.59,-8.89
2025-08-11T18:01:28.440838,32.0,83.0,-75.0,-76.0,58.0,-54.0,-21.0,40.0,-35.0,19.0,15.0,-32.0,37.03,59.519999999999996,-73.6,-87.59,34.95,-38.67,-16.13,26.41,-34.69,3.5299999999999994,-12.41,-31.89
2025-08-11T18:01:28.448857,17.0,59.0,-6.0,11.0,55.0,-103.0,23.0,4.0,10.0,-9.0,1.0,-51.0,22.03,35.519999999999996,-4.6,-0.5899999999999999,31.95,-87.67,27.87,-9.59,10.31,-24.47,-26.41,-50.89
2025-08-11T18:01:28.453462,1.0,41.0,-46.0,57.0,19.0,-54.0,-25.0,50.0,-16.0,45.0,44.0,-13.0,6.03,17.52,-44.6,45.41,-4.050000000000001,-38.67,-20.13,36.41,-15.69,29.53,16.59,-12.89
2025-08-11T18:01:28.461135,34.0,28.0,-15.0,-10.0,8.0,-33.0,56.0,15.0,-20.0,33.0,100.0,14.0,39.03,4.52,-13.6,-21.59,-15.05,-17.67,60.87,1.4100000000000001,-19.69,17.53,72.59,14.11
2025-08-11T18:01:28.465739,-39.0,-36.0,-21.0,-2.0,3.0,-66.0,-41.0,-76.0,-3.0,-13.0,9.0,12.0,-33.97,-59.480000000000004,-19.6,-13.59,-20.05,-50.67,-36.13,-89.59,-2.69,-28.47,-18.41,12.11
2025-08-11T18:01:28.469921,9.0,9.0,-19.0,25.0,42.0,-10.0,-55.0,-1.0,-5.0,-58.0,0.0,-35.0,14.030000000000001,-14.48,-17.6,13.41,18.95,5.33,-50.13,-14.59,-4.69,-73.47,-27.41,-34.89
2025-08-11T18:01:28.477820,-58.0,11.0,-9.0,41.0,4.0,1.0,-11.0,5.0,-1.0,31.0,36.0,-66.0,-52.97,-12.48,-7.6,29.41,-19.05,16.33,-6.13,-8.59,-0.69,15.53,8.59,-65.89
2025-08-11T18:01:28.482095,5.0,36.0,-40.0,64.0,-14.0,3.0,-6.0,-9.0,38.0,46.0,66.0,22.0,10.030000000000001,12.52,-38.6,52.41,-37.05,18.33,-1.13,-22.59,38.31,30.53,38.59,22.11
2025-08-11T18:01:28.490280,3.0,12.0,-60.0,-33.0,84.0,-32.0,-3.0,17.0,-28.0,-28.0,15.0,-54.0,8.030000000000001,-11.48,-58.6,-44.59,60.95,-16.67,1.87,3.41,-27.69,-43.47,-12.41,-53.89
2025-08-11T18:01:28.494431,-26.0,3.0,-22.0,54.0,-28.0,-37.0,-83.0,39.0,8.0,-46.0,93.0,-30.0,-20.97,-20.48,-20.6,42.41,-51.05,-21.67,-78.13,25.41,8.31,-61.47,65.59,-29.89
2025-08-11T18:01:28.502486,-52.0,-18.0,-4.0,-12.0,35.0,-47.0,-12.0,58.0,9.0,-56.0,43.0,-56.0,-46.97,-41.480000000000004,-2.6,-23.59,11.95,-31.67,-7.13,44.41,9.31,-71.47,15.59,-55.89
2025-08-11T18:01:28.507371,11.0,103.0,-32.0,19.0,44.0,-19.0,-15.0,24.0,-41.0,-4.0,42.0,-88.0,16.03,79.52,-30.6,7.41,20.95,-3.67,-10.129999999999999,10.41,-40.69,-19.47,14.59,-87.89
2025-08-11T18:01:28.514828,-87.0,96.0,-92.0,1.0,35.0,-5.0,-50.0,48.0,-47.0,25.0,40.0,-77.0,-81.97,72.52,-90.6,-10.59,11.95,10.33,-45.13,34.41,-46.69,9.53,12.59,-76.89
2025-08-11T18:01:28.519397,-82.0,54.0,-33.0,-35.0,-8.0,-44.0,-18.0,-1.0,-21.0,-33.0,21.0,-55.0,-76.97,30.52,-31.6,-46.59,-31.05,-28.67,-13.129999999999999,-14.59,-20.69,-48.47,-6.41,-54.89
2025-08-11T18:01:28.526835,57.0,47.0,-33.0,2.0,37.0,-57.0,-21.0,-1.0,-67.0,22.0,99.0,-4.0,62.03,23.52,-31.6,-9.59,13.95,-41.67,-16.13,-14.59,-66.69,6.529999999999999,71.59,-3.89
2025-08-11T18:01:28.531001,56.0,17.0,-91.0,51.0,-42.0,-11.0,19.0,-49.0,-25.0,69.0,44.0,-50.0,61.03,-6.48,-89.6,39.41,-65.05,4.33,23.87,-62.59,-24.69,53.53,16.59,-49.89
2025-08-11T18:01:28.539385,-47.0,9.0,-65.0,14.0,59.0,-87.0,-56.0,56.0,-83.0,40.0,69.0,-13.0,-41.97,-14.48,-63.6,2.41,35.95,-71.67,-51.13,42.41,-82.69,24.53,41.59,-12.89
2025-08-11T18:01:28.543747,41.0,-26.0,26.0,7.0,-2.0,-82.0,32.0,94.0,0.0,-31.0,56.0,-50.0,46.03,-49.480000000000004,27.4,-4.59,-25.05,-66.67,36.87,80.41,0.31,-46.47,28.59,-49.89
2025-08-11T18:01:28.551520,69.0,-31.0,-6.0,-4.0,19.0,-28.0,25.0,47.0,15.0,-8.0,37.0,-37.0,74.03,-54.480000000000004,-4.6,-15.59,-4.050000000000001,-12.67,29.87,33.41,15.31,-23.47,9.59,-36.89
2025-08-11T18:01:28.555778,11.0,19.0,-64.0,-12.0,-11.0,19.0,-49.0,-15.0,-18.0,6.0,-9.0,0.0,16.03,-4.48,-62.6,-23.59,-34.05,34.33,-44.13,-28.59,-17.69,-9.47,-36.41,0.11
2025-08-11T18:01:28.563662,75.0,38.0,-46.0,21.0,35.0,-44.0,-57.0,-12.0,-28.0,-13.0,66.0,-48.0,80.03,14.52,-44.6,9.41,11.95,-28.67,-52.13,-25.59,-27.69,-28.47,38.59,-47.89
2025-08-11T18:01:28.568020,-27.0,22.0,-46.0,38.0,2.0,-89.0,14.0,5.0,25.0,-9.0,82.0,-56.0,-21.97,-1.4800000000000004,-44.6,26.41,-21.05,-73.67,18.87,-8.59,25.31,-24.47,54.59,-55.89
2025-08-11T18:01:28.575896,35.0,13.0,2.0,18.0,-13.0,-104.0,-78.0,-6.0,-32.0,-46.0,36.0,-49.0,40.03,-10.48,3.4,6.41,-36.05,-88.67,-73.13,-19.59,-31.69,-61.47,8.59,-48.89
2025-08-11T18:01:28.580638,36.0,-34.0,-94.0,23.0,-12.0,-25.0,-44.0,59.0,-71.0,0.0,121.0,-69.0,41.03,-57.480000000000004,-92.6,11.41,-35.05,-9.67,-39.13,45.41,-70.69,-15.47,93.59,-68.89
2025-08-11T18:01:28.588285,41.0,-20.0,42.0,39.0,55.0,-41.0,19.0,5.0,-94.0,-70.0,84.0,-37.0,46.03,-43.480000000000004,43.4,27.41,31.95,-25.67,23.87,-8.59,-93.69,-85.47,56.59,-36.89
2025-08-11T18:01:28.592515,-55.0,63.0,-39.0,11.0,25.0,-83.0,-59.0,1.0,-11.0,21.0,32.0,-39.0,-49.97,39.519999999999996,-37.6,-0.5899999999999999,1.9499999999999993,-67.67,-54.13,-12.59,-10.69,5.529999999999999,4.59,-38.89
2025-08-11T18:01:28.600571,-13.0,-19.0,-30.0,50.0,85.0,-62.0,11.0,125.0,-63.0,16.0,79.0,-64.0,-7.97,-42.480000000000004,-28.6,38.41,61.95,-46.67,15.870000000000001,111.41,-62.69,0.5299999999999994,51.59,-63.89
2025-08-11T18:01:28.604782,-17.0,63.0,-68.0,-15.0,36.0,-6.0,-38.0,-28.0,-5.0,6.0,-22.0,-32.0,-11.969999999999999,39.519999999999996,-66.6,-26.59,12.95,9.33,-33.13,-41.59,-4.69,-9.47,-49.41,-31.89
2025-08-11T18:01:28.613243,-52.0,83.0,-10.0,25.0,39.0,-9.0,-32.0,53.0,-77.0,-26.0,-25.0,-83.0,-46.97,59.519999999999996,-8.6,13.41,15.95,6.33,-27.13,39.41,-76.69,-41.47,-52.41,-82.89
2025-08-11T18:01:28.617280,6.0,70.0,-45.0,50.0,34.0,-47.0,26.0,36.0,-68.0,-6.0,-9.0,-27.0,11.030000000000001,46.519999999999996,-43.6,38.41,10.95,-31.67,30.87,22.41,-67.69,-21.47,-36.41,-26.89
2025-08-11T18:01:28.625168,-27.0,140.0,-86.0,106.0,39.0,-35.0,-25.0,-39.0,-62.0,-27.0,48.0,-67.0,-21.97,116.52,-84.6,94.41,15.95,-19.67,-20.13,-52.59,-61.69,-42.47,20.59,-66.89
2025-08-11T18:01:28.629569,-12.0,94.0,-132.0,-13.0,6.0,-108.0,10.0,7.0,-6.0,-44.0,72.0,-22.0,-6.97,70.52,-130.6,-24.59,-17.05,-92.67,14.870000000000001,-6.59,-5.69,-59.47,44.59,-21.89
2025-08-11T18:01:28.637346,-46.0,107.0,-82.0,18.0,-43.0,-95.0,-35.0,26.0,-46.0,20.0,73.0,-44.0,-40.97,83.52,-80.6,6.41,-66.05,-79.67,-30.13,12.41,-45.69,4.529999999999999,45.59,-43.89
2025-08-11T18:01:28.642170,-40.0,56.0,-106.0,41.0,74.0,-63.0,-23.0,66.0,-58.0,-63.0,12.0,-59.0,-34.97,32.519999999999996,-104.6,29.41,50.95,-47.67,-18.13,52.41,-57.69,-78.47,-15.41,-58.89
2025-08-11T18:01:28.649542,-16.0,82.0,-17.0,-9.0,106.0,-50.0,-52.0,11.0,-85.0,-56.0,116.0,-32.0,-10.969999999999999,58.519999999999996,-15.6,-20.59,82.95,-34.67,-47.13,-2.59,-84.69,-71.47,88.59,-31.89
2025-08-11T18:01:28.653994,24.0,86.0,-89.0,-53.0,65.0,-25.0,66.0,14.0,-64.0,-1.0,42.0,-64.0,29.03,62.519999999999996,-87.6,-64.59,41.95,-9.67,70.87,0.41000000000000014,-63.69,-16.47,14.59,-63.89
2025-08-11T18:01:28.661901,100.0,22.0,-14.0,5.0,93.0,-68.0,-105.0,4.0,-117.0,-43.0,26.0,-45.0,105.03,-1.4800000000000004,-12.6,-6.59,69.95,-52.67,-100.13,-9.59,-116.69,-58.47,-1.4100000000000001,-44.89
2025-08-11T18:01:28.666353,-12.0,45.0,-12.0,50.0,86.0,-63.0,46.0,-61.0,-42.0,8.0,-25.0,26.0,-6.97,21.52,-10.6,38.41,62.95,-47.67,50.87,-74.59,-41.69,-7.470000000000001,-52.41,26.11
2025-08-11T18:01:28.674080,9.0,78.0,-22.0,39.0,-1.0,-121.0,-68.0,-21.0,-1.0,5.0,16.0,-89.0,14.030000000000001,54.519999999999996,-20.6,27.41,-24.05,-105.67,-63.13,-34.59,-0.69,-10.47,-11.41,-88.89
2025-08-11T18:01:28.678707,-39.0,16.0,-119.0,42.0,17.0,-86.0,-70.0,-38.0,18.0,-13.0,12.0,-31.0,-33.97,-7.48,-117.6,30.41,-6.050000000000001,-70.67,-65.13,-51.59,18.31,-28.47,-15.41,-30.89
2025-08-11T18:01:28.686424,-12.0,81.0,-84.0,35.0,-1.0,-97.0,-17.0,44.0,-2.0,-42.0,36.0,-26.0,-6.97,57.519999999999996,-82.6,23.41,-24.05,-81.67,-12.129999999999999,30.41,-1.69,-57.47,8.59,-25.89
2025-08-11T18:01:28.691328,43.0,47.0,-75.0,-20.0,-26.0,-125.0,-9.0,103.0,-50.0,-73.0,-15.0,-43.0,48.03,23.52,-73.6,-31.59,-49.05,-109.67,-4.13,89.41,-49.69,-88.47,-42.41,-42.89
2025-08-11T18:01:28.698951,39.0,67.0,-145.0,56.0,-16.0,-64.0,-28.0,75.0,-52.0,-16.0,43.0,-117.0,44.03,43.519999999999996,-143.6,44.41,-39.05,-48.67,-23.13,61.41,-51.69,-31.47,15.59,-116.89
2025-08-11T18:01:28.703651,3.0,38.0,-124.0,-27.0,47.0,-86.0,-35.0,27.0,-107.0,-46.0,67.0,-89.0,8.030000000000001,14.52,-122.6,-38.59,23.95,-70.67,-30.13,13.41,-106.69,-61.47,39.59,-88.89
2025-08-11T18:01:28.711060,26.0,32.0,-69.0,-54.0,39.0,-56.0,-28.0,12.0,-87.0,51.0,61.0,-94.0,31.03,8.52,-67.6,-65.59,15.95,-40.67,-23.13,-1.5899999999999999,-86.69,35.53,33.59,-93.89
2025-08-11T18:01:28.715721,24.0,4.0,-73.0,46.0,-1.0,-51.0,6.0,-45.0,-9.0,-27.0,49.0,-41.0,29.03,-19.48,-71.6,34.41,-24.05,-35.67,10.870000000000001,-58.59,-8.69,-42.47,21.59,-40.89
2025-08-11T18:01:28.719828,0.0,47.0,-65.0,29.0,35.0,-36.0,-3.0,5.0,-48.0,-18.0,73.0,-45.0,5.03,23.52,-63.6,17.41,11.95,-20.67,1.87,-8.59,-47.69,-33.47,45.59,-44.89
2025-08-11T18:01:28.727704,1.0,36.0,-16.0,12.0,-33.0,-78.0,-7.0,15.0,-140.0,-38.0,45.0,-107.0,6.03,12.52,-14.6,0.41000000000000014,-56.05,-62.67,-2.13,1.4100000000000001,-139.69,-53.47,17.59,-106.89
2025-08-11T18:01:28.735784,-40.0,12.0,-12.0,76.0,110.0,-93.0,-80.0,-22.0,4.0,-56.0,12.0,-116.0,-34.97,-11.48,-10.6,64.41,86.95,-77.67,-75.13,-35.59,4.31,-71.47,-15.41,-115.89
2025-08-11T18:01:28.740164,53.0,72.0,-12.0,2.0,76.0,-112.0,-80.0,-12.0,-55.0,-2.0,125.0,-52.0,58.03,48.519999999999996,-10.6,-9.59,52.95,-96.67,-75.13,-25.59,-54.69,-17.47,97.59,-51.89
2025-08-11T18:01:28.747835,-28.0,54.0,-49.0,76.0,7.0,-57.0,-41.0,-29.0,-48.0,-79.0,14.0,-82.0,-22.97,30.52,-47.6,64.41,-16.05,-41.67,-36.13,-42.59,-47.69,-94.47,-13.41,-81.89
2025-08-11T18:01:28.752606,9.0,111.0,-35.0,87.0,58.0,-90.0,24.0,61.0,-131.0,-4.0,35.0,-96.0,14.030000000000001,87.52,-33.6,75.41,34.95,-74.67,28.87,47.41,-130.69,-19.47,7.59,-95.89
2025-08-11T18:01:28.757220,39.0,13.0,-77.0,22.0,10.0,-56.0,-25.0,7.0,-116.0,33.0,39.0,-155.0,44.03,-10.48,-75.6,10.41,-13.05,-40.67,-20.13,-6.59,-115.69,17.53,11.59,-154.89
2025-08-11T18:01:28.764566,39.0,74.0,-32.0,49.0,19.0,-124.0,4.0,-4.0,-77.0,-21.0,24.0,-49.0,44.03,50.519999999999996,-30.6,37.41,-4.050000000000001,-108.67,8.870000000000001,-17.59,-76.69,-36.47,-3.41,-48.89
2025-08-11T18:01:28.772424,21.0,-11.0,-94.0,-5.0,-2.0,-133.0,-34.0,-36.0,-51.0,-39.0,26.0,-94.0,26.03,-34.480000000000004,-92.6,-16.59,-25.05,-117.67,-29.13,-49.59,-50.69,-54.47,-1.4100000000000001,-93.89
2025-08-11T18:01:28.776739,-53.0,-50.0,-129.0,7.0,4.0,-75.0,-9.0,-7.0,-98.0,12.0,71.0,-68.0,-47.97,-73.48,-127.6,-4.59,-19.05,-59.67,-4.13,-20.59,-97.69,-3.4700000000000006,43.59,-67.89
2025-08-11T18:01:28.781009,83.0,43.0,-124.0,18.0,54.0,-106.0,-78.0,-22.0,-54.0,8.0,54.0,-90.0,88.03,19.52,-122.6,6.41,30.95,-90.67,-73.13,-35.59,-53.69,-7.470000000000001,26.59,-89.89
2025-08-11T18:01:28.789173,38.0,-68.0,-28.0,42.0,-79.0,-53.0,-35.0,3.0,-12.0,-89.0,53.0,-13.0,43.03,-91.48,-26.6,30.41,-102.05,-37.67,-30.13,-10.59,-11.69,-104.47,25.59,-12.89
2025-08-11T18:01:28.793430,-47.0,32.0,-98.0,47.0,21.0,-113.0,-78.0,5.0,-22.0,-19.0,26.0,-54.0,-41.97,8.52,-96.6,35.41,-2.0500000000000007,-97.67,-73.13,-8.59,-21.69,-34.47,-1.4100000000000001,-53.89
2025-08-11T18:01:28.801565,-45.0,97.0,-55.0,112.0,5.0,-38.0,6.0,-24.0,-104.0,-40.0,51.0,-129.0,-39.97,73.52,-53.6,100.41,-18.05,-22.67,10.870000000000001,-37.59,-103.69,-55.47,23.59,-128.89
2025-08-11T18:01:28.806371,-26.0,44.0,-46.0,33.0,-30.0,-133.0,46.0,-34.0,-104.0,4.0,27.0,-73.0,-20.97,20.52,-44.6,21.41,-53.05,-117.67,50.87,-47.59,-103.69,-11.47,-0.41000000000000014,-72.89
2025-08-11T18:01:28.813805,63.0,73.0,-119.0,23.0,27.0,-95.0,-9.0,12.0,-43.0,23.0,-29.0,-110.0,68.03,49.519999999999996,-117.6,11.41,3.9499999999999993,-79.67,-4.13,-1.5899999999999999,-42.69,7.529999999999999,-56.41,-109.89
2025-08-11T18:01:28.821541,-1.0,22.0,-136.0,55.0,-17.0,-119.0,-44.0,5.0,-66.0,-8.0,118.0,-72.0,4.03,-1.4800000000000004,-134.6,43.41,-40.05,-103.67,-39.13,-8.59,-65.69,-23.47,90.59,-71.89
2025-08-11T18:01:28.825962,86.0,37.0,-78.0,0.0,-53.0,-69.0,-89.0,33.0,-59.0,-14.0,-30.0,-23.0,91.03,13.52,-76.6,-11.59,-76.05,-53.67,-84.13,19.41,-58.69,-29.47,-57.41,-22.89
2025-08-11T18:01:28.830874,80.0,45.0,-78.0,65.0,50.0,-69.0,5.0,51.0,-120.0,-33.0,81.0,-74.0,85.03,21.52,-76.6,53.41,26.95,-53.67,9.870000000000001,37.41,-119.69,-48.47,53.59,-73.89
2025-08-11T18:01:28.838717,56.0,35.0,-42.0,53.0,36.0,-163.0,-10.0,-18.0,-68.0,-44.0,114.0,-39.0,61.03,11.52,-40.6,41.41,12.95,-147.67,-5.13,-31.59,-67.69,-59.47,86.59,-38.89
2025-08-11T18:01:28.846241,40.0,75.0,-84.0,12.0,-38.0,-173.0,-55.0,-26.0,-65.0,-36.0,14.0,-151.0,45.03,51.519999999999996,-82.6,0.41000000000000014,-61.05,-157.67,-50.13,-39.59,-64.69,-51.47,-13.41,-150.89
2025-08-11T18:01:28.851003,-22.0,26.0,-134.0,47.0,-50.0,-110.0,-26.0,-53.0,-109.0,-37.0,84.0,-120.0,-16.97,2.5199999999999996,-132.6,35.41,-73.05,-94.67,-21.13,-66.59,-108.69,-52.47,56.59,-119.89
2025-08-11T18:01:28.858537,43.0,75.0,-114.0,55.0,40.0,-49.0,-28.0,34.0,-80.0,-29.0,31.0,-106.0,48.03,51.519999999999996,-112.6,43.41,16.95,-33.67,-23.13,20.41,-79.69,-44.47,3.59,-105.89
2025-08-11T18:01:28.863452,18.0,30.0,-71.0,97.0,-14.0,-44.0,-62.0,-24.0,-62.0,22.0,88.0,-22.0,23.03,6.52,-69.6,85.41,-37.05,-28.67,-57.13,-37.59,-61.69,6.529999999999999,60.59,-21.89
2025-08-11T18:01:28.870911,65.0,20.0,-92.0,40.0,12.0,-92.0,-22.0,-14.0,-131.0,-71.0,79.0,-93.0,70.03,-3.4800000000000004,-90.6,28.41,-11.05,-76.67,-17.13,-27.59,-130.69,-86.47,51.59,-92.89
2025-08-11T18:01:28.875723,20.0,93.0,-62.0,22.0,-24.0,-111.0,-30.0,-39.0,-76.0,-54.0,87.0,-62.0,25.03,69.52,-60.6,10.41,-47.05,-95.67,-25.13,-52.59,-75.69,-69.47,59.59,-61.89
2025-08-11T18:01:28.883205,77.0,39.0,-64.0,-21.0,0.0,-139.0,-39.0,-86.0,-157.0,6.0,49.0,-34.0,82.03,15.52,-62.6,-32.59,-23.05,-123.67,-34.13,-99.59,-156.69,-9.47,21.59,-33.89
2025-08-11T18:01:28.888044,10.0,85.0,-106.0,59.0,13.0,-110.0,-5.0,-2.0,-77.0,-33.0,51.0,-44.0,15.030000000000001,61.519999999999996,-104.6,47.41,-10.05,-94.67,-0.1299999999999999,-15.59,-76.69,-48.47,23.59,-43.89
2025-08-11T18:01:28.895563,58.0,182.0,-163.0,-35.0,-12.0,-102.0,-2.0,49.0,-87.0,21.0,60.0,-133.0,63.03,158.52,-161.6,-46.59,-35.05,-86.67,2.87,35.41,-86.69,5.529999999999999,32.59,-132.89
2025-08-11T18:01:28.900395,22.0,-32.0,-178.0,48.0,10.0,-164.0,-71.0,10.0,-155.0,-20.0,71.0,-71.0,27.03,-55.480000000000004,-176.6,36.41,-13.05,-148.67,-66.13,-3.59,-154.69,-35.47,43.59,-70.89
2025-08-11T18:01:28.907867,21.0,3.0,-80.0,-44.0,82.0,-115.0,-7.0,18.0,-131.0,-65.0,59.0,-134.0,26.03,-20.48,-78.6,-55.59,58.95,-99.67,-2.13,4.41,-130.69,-80.47,31.59,-133.89
2025-08-11T18:01:28.912660,3.0,22.0,-39.0,77.0,-23.0,-192.0,-15.0,-23.0,-137.0,-87.0,42.0,-118.0,8.030000000000001,-1.4800000000000004,-37.6,65.41,-46.05,-176.67,-10.129999999999999,-36.59,-136.69,-102.47,14.59,-117.89
2025-08-11T18:01:28.920100,1.0,73.0,-78.0,86.0,-42.0,-145.0,-3.0,-56.0,-91.0,-40.0,72.0,-130.0,6.03,49.519999999999996,-76.6,74.41,-65.05,-129.67,1.87,-69.59,-90.69,-55.47,44.59,-129.89
2025-08-11T18:01:28.924445,-29.0,146.0,-144.0,30.0,-47.0,-145.0,-128.0,-4.0,-64.0,-112.0,68.0,-117.0,-23.97,122.52,-142.6,18.41,-70.05,-129.67,-123.13,-17.59,-63.69,-127.47,40.59,-116.89
2025-08-11T18:01:28.932368,-56.0,92.0,-141.0,-8.0,4.0,-122.0,-112.0,47.0,-165.0,-51.0,49.0,-110.0,-50.97,68.52,-139.6,-19.59,-19.05,-106.67,-107.13,33.41,-164.69,-66.47,21.59,-109.89
2025-08-11T18:01:28.937751,123.0,78.0,-96.0,0.0,57.0,-201.0,-87.0,38.0,-90.0,-26.0,70.0,-107.0,128.03,54.519999999999996,-94.6,-11.59,33.95,-185.67,-82.13,24.41,-89.69,-41.47,42.59,-106.89
2025-08-11T18:01:28.944831,-23.0,90.0,-158.0,9.0,58.0,-78.0,17.0,29.0,-153.0,-71.0,71.0,-74.0,-17.97,66.52,-156.6,-2.59,34.95,-62.67,21.87,15.41,-152.69,-86.47,43.59,-73.89
2025-08-11T18:01:28.949950,13.0,71.0,-148.0,26.0,-13.0,-100.0,-75.0,-43.0,-128.0,-81.0,49.0,-157.0,18.03,47.519999999999996,-146.6,14.41,-36.05,-84.67,-70.13,-56.59,-127.69,-96.47,21.59,-156.89
2025-08-11T18:01:28.957572,39.0,59.0,-131.0,85.0,10.0,-126.0,15.0,-28.0,-137.0,-15.0,122.0,-101.0,44.03,35.519999999999996,-129.6,73.41,-13.05,-110.67,19.87,-41.59,-136.69,-30.47,94.59,-100.89
2025-08-11T18:01:28.962153,36.0,93.0,-137.0,61.0,6.0,-111.0,-92.0,36.0,-114.0,3.0,22.0,-93.0,41.03,69.52,-135.6,49.41,-17.05,-95.67,-87.13,22.41,-113.69,-12.47,-5.41,-92.89
2025-08-11T18:01:28.969687,6.0,22.0,-81.0,33.0,52.0,-127.0,-45.0,7.0,-174.0,-81.0,19.0,-183.0,11.030000000000001,-1.4800000000000004,-79.6,21.41,28.95,-111.67,-40.13,-6.59,-173.69,-96.47,-8.41,-182.89
2025-08-11T18:01:28.977157,18.0,68.0,-113.0,65.0,15.0,-146.0,-46.0,4.0,-89.0,-72.0,160.0,-100.0,23.03,44.519999999999996,-111.6,53.41,-8.05,-130.67,-41.13,-9.59,-88.69,-87.47,132.59,-99.89
2025-08-11T18:01:28.981796,100.0,59.0,-128.0,77.0,15.0,-137.0,-81.0,-45.0,-136.0,-32.0,116.0,-130.0,105.03,35.519999999999996,-126.6,65.41,-8.05,-121.67,-76.13,-58.59,-135.69,-47.47,88.59,-129.89
2025-08-11T18:01:28.989707,-23.0,88.0,-164.0,81.0,-36.0,-189.0,-120.0,35.0,-126.0,-60.0,67.0,-155.0,-17.97,64.52,-162.6,69.41,-59.05,-173.67,-115.13,21.41,-125.69,-75.47,39.59,-154.89
2025-08-11T18:01:28.993941,25.0,-4.0,-129.0,-14.0,53.0,-109.0,-59.0,-36.0,-159.0,-47.0,15.0,-152.0,30.03,-27.48,-127.6,-25.59,29.95,-93.67,-54.13,-49.59,-158.69,-62.47,-12.41,-151.89
2025-08-11T18:01:29.002068,103.0,61.0,-110.0,57.0,2.0,-137.0,-56.0,-14.0,-116.0,62.0,67.0,-129.0,108.03,37.519999999999996,-108.6,45.41,-21.05,-121.67,-51.13,-27.59,-115.69,46.53,39.59,-128.89
2025-08-11T18:01:29.006288,56.0,58.0,-94.0,-6.0,-10.0,-95.0,-15.0,-40.0,-163.0,-50.0,73.0,-69.0,61.03,34.519999999999996,-92.6,-17.59,-33.05,-79.67,-10.129999999999999,-53.59,-162.69,-65.47,45.59,-68.89
2025-08-11T18:01:29.014485,31.0,143.0,-121.0,12.0,-57.0,-80.0,-43.0,-65.0,-110.0,8.0,30.0,-143.0,36.03,119.52,-119.6,0.41000000000000014,-80.05,-64.67,-38.13,-78.59,-109.69,-7.470000000000001,2.59,-142.89
2025-08-11T18:01:29.018881,4.0,135.0,-142.0,11.0,41.0,-148.0,-36.0,4.0,-67.0,-27.0,64.0,-79.0,9.030000000000001,111.52,-140.6,-0.5899999999999999,17.95,-132.67,-31.13,-9.59,-66.69,-42.47,36.59,-78.89
2025-08-11T18:01:29.026724,53.0,98.0,-168.0,50.0,-14.0,-164.0,-98.0,-18.0,-102.0,-63.0,9.0,-166.0,58.03,74.52,-166.6,38.41,-37.05,-148.67,-93.13,-31.59,-101.69,-78.47,-18.41,-165.89
2025-08-11T18:01:29.031177,8.0,68.0,-174.0,-4.0,-38.0,-156.0,-98.0,19.0,-158.0,33.0,-7.0,-128.0,13.030000000000001,44.519999999999996,-172.6,-15.59,-61.05,-140.67,-93.13,5.41,-157.69,17.53,-34.41,-127.89
2025-08-11T18:01:29.039122,36.0,27.0,-101.0,87.0,82.0,-170.0,-70.0,-42.0,-106.0,-50.0,19.0,-85.0,41.03,3.5199999999999996,-99.6,75.41,58.95,-154.67,-65.13,-55.59,-105.69,-65.47,-8.41,-84.89
2025-08-11T18:01:29.043477,-41.0,6.0,-105.0,46.0,-11.0,-99.0,-51.0,-4.0,-98.0,-44.0,106.0,-72.0,-35.97,-17.48,-103.6,34.41,-34.05,-83.67,-46.13,-17.59,-97.69,-59.47,78.59,-71.89
2025-08-11T18:01:29.051413,-15.0,66.0,-103.0,74.0,16.0,-172.0,-75.0,-53.0,-72.0,-14.0,83.0,-75.0,-9.969999999999999,42.519999999999996,-101.6,62.41,-7.050000000000001,-156.67,-70.13,-66.59,-71.69,-29.47,55.59,-74.89
2025-08-11T18:01:29.055951,-9.0,74.0,-168.0,83.0,-16.0,-173.0,-125.0,-3.0,-47.0,0.0,86.0,-168.0,-3.9699999999999998,50.519999999999996,-166.6,71.41,-39.05,-157.67,-120.13,-16.59,-46.69,-15.47,58.59,-167.89
2025-08-11T18:01:29.063864,38.0,79.0,-152.0,-4.0,-26.0,-112.0,-62.0,-47.0,-146.0,-52.0,47.0,-119.0,43.03,55.519999999999996,-150.6,-15.59,-49.05,-96.67,-57.13,-60.59,-145.69,-67.47,19.59,-118.89
2025-08-11T18:01:29.068363,8.0,55.0,-161.0,32.0,-2.0,-183.0,-22.0,67.0,-198.0,8.0,22.0,-88.0,13.030000000000001,31.52,-159.6,20.41,-25.05,-167.67,-17.13,53.41,-197.69,-7.470000000000001,-5.41,-87.89
2025-08-11T18:01:29.076153,55.0,71.0,-96.0,35.0,29.0,-147.0,-48.0,-46.0,-107.0,-48.0,35.0,-139.0,60.03,47.519999999999996,-94.6,23.41,5.949999999999999,-131.67,-43.13,-59.59,-106.69,-63.47,7.59,-138.89
2025-08-11T18:01:29.080786,31.0,53.0,-69.0,-34.0,0.0,-138.0,-71.0,-26.0,-103.0,-6.0,92.0,-110.0,36.03,29.52,-67.6,-45.59,-23.05,-122.67,-66.13,-39.59,-102.69,-21.47,64.59,-109.89
2025-08-11T18:01:29.088510,77.0,155.0,-112.0,22.0,-28.0,-127.0,25.0,-76.0,-73.0,-1.0,20.0,-110.0,82.03,131.52,-110.6,10.41,-51.05,-111.67,29.87,-89.59,-72.69,-16.47,-7.41,-109.89
2025-08-11T18:01:29.096056,-5.0,37.0,-136.0,32.0,17.0,-110.0,-64.0,39.0,-82.0,-81.0,111.0,-114.0,0.03000000000000025,13.52,-134.6,20.41,-6.050000000000001,-94.67,-59.13,25.41,-81.69,-96.47,83.59,-113.89
2025-08-11T18:01:29.100972,20.0,129.0,-112.0,35.0,-37.0,-117.0,-35.0,-28.0,-31.0,-19.0,5.0,-99.0,25.03,105.52,-110.6,23.41,-60.05,-101.67,-30.13,-41.59,-30.69,-34.47,-22.41,-98.89
2025-08-11T18:01:29.108395,35.0,42.0,-108.0,-4.0,-34.0,-154.0,-44.0,18.0,-115.0,10.0,146.0,-80.0,40.03,18.52,-106.6,-15.59,-57.05,-138.67,-39.13,4.41,-114.69,-5.470000000000001,118.59,-79.89
2025-08-11T18:01:29.113448,73.0,6.0,-60.0,24.0,40.0,-121.0,21.0,38.0,-144.0,-69.0,53.0,-100.0,78.03,-17.48,-58.6,12.41,16.95,-105.67,25.87,24.41,-143.69,-84.47,25.59,-99.89
2025-08-11T18:01:29.120806,18.0,24.0,-94.0,102.0,18.0,-146.0,-24.0,21.0,-129.0,-64.0,70.0,-108.0,23.03,0.5199999999999996,-92.6,90.41,-5.050000000000001,-130.67,-19.13,7.41,-128.69,-79.47,42.59,-107.89
2025-08-11T18:01:29.125596,5.0,143.0,-77.0,66.0,33.0,-122.0,22.0,-9.0,-133.0,-51.0,85.0,-150.0,10.030000000000001,119.52,-75.6,54.41,9.95,-106.67,26.87,-22.59,-132.69,-66.47,57.59,-149.89
2025-08-11T18:01:29.133214,52.0,88.0,-135.0,13.0,-32.0,-197.0,-72.0,-16.0,-70.0,-85.0,141.0,-169.0,57.03,64.52,-133.6,1.4100000000000001,-55.05,-181.67,-67.13,-29.59,-69.69,-100.47,113.59,-168.89
2025-08-11T18:01:29.137936,59.0,137.0,-151.0,-11.0,-44.0,-141.0,-60.0,30.0,-131.0,11.0,56.0,-146.0,64.03,113.52,-149.6,-22.59,-67.05,-125.67,-55.13,16.41,-130.69,-4.470000000000001,28.59,-145.89
2025-08-11T18:01:29.145550,22.0,48.0,-73.0,48.0,4.0,-134.0,-88.0,-7.0,-81.0,-14.0,47.0,-168.0,27.03,24.52,-71.6,36.41,-19.05,-118.67,-83.13,-20.59,-80.69,-29.47,19.59,-167.89
2025-08-11T18:01:29.150277,47.0,50.0,-72.0,51.0,14.0,-180.0,-93.0,-16.0,-99.0,-5.0,42.0,-66.0,52.03,26.52,-70.6,39.41,-9.05,-164.67,-88.13,-29.59,-98.69,-20.47,14.59,-65.89
2025-08-11T18:01:29.157535,-28.0,102.0,-143.0,12.0,14.0,-156.0,-25.0,-22.0,-160.0,-48.0,140.0,-93.0,-22.97,78.52,-141.6,0.41000000000000014,-9.05,-140.67,-20.13,-35.59,-159.69,-63.47,112.59,-92.89
2025-08-11T18:01:29.162155,30.0,80.0,-182.0,117.0,33.0,-158.0,-57.0,-20.0,-115.0,-43.0,134.0,-143.0,35.03,56.519999999999996,-180.6,105.41,9.95,-142.67,-52.13,-33.59,-114.69,-58.47,106.59,-142.89
2025-08-11T18:01:29.169881,79.0,77.0,-147.0,65.0,-6.0,-147.0,-91.0,-23.0,-113.0,-29.0,95.0,-201.0,84.03,53.519999999999996,-145.6,53.41,-29.05,-131.67,-86.13,-36.59,-112.69,-44.47,67.59,-200.89
2025-08-11T18:01:29.174382,32.0,21.0,-81.0,52.0,-19.0,-141.0,-69.0,23.0,-94.0,-18.0,38.0,-57.0,37.03,-2.4800000000000004,-79.6,40.41,-42.05,-125.67,-64.13,9.41,-93.69,-33.47,10.59,-56.89
2025-08-11T18:01:29.182115,9.0,75.0,-128.0,25.0,25.0,-75.0,-6.0,12.0,-116.0,-22.0,27.0,-125.0,14.030000000000001,51.519999999999996,-126.6,13.41,1.9499999999999993,-59.67,-1.13,-1.5899999999999999,-115.69,-37.47,-0.41000000000000014,-124.89
2025-08-11T18:01:29.190248,58.0,66.0,-126.0,-8.0,-49.0,-221.0,-75.0,-63.0,-79.0,-48.0,34.0,-78.0,63.03,42.519999999999996,-124.6,-19.59,-72.05,-205.67,-70.13,-76.59,-78.69,-63.47,6.59,-77.89
2025-08-11T18:01:29.194769,39.0,137.0,-127.0,-39.0,67.0,-112.0,1.0,-20.0,-121.0,-65.0,48.0,-140.0,44.03,113.52,-125.6,-50.59,43.95,-96.67,5.87,-33.59,-120.69,-80.47,20.59,-139.89
2025-08-11T18:01:29.202524,41.0,59.0,-139.0,-11.0,-45.0,-163.0,-40.0,72.0,-77.0,-29.0,44.0,-83.0,46.03,35.519999999999996,-137.6,-22.59,-68.05,-147.67,-35.13,58.41,-76.69,-44.47,16.59,-82.89
2025-08-11T18:01:29.206749,-12.0,23.0,-144.0,56.0,-15.0,-140.0,-38.0,-13.0,-136.0,34.0,76.0,-104.0,-6.97,-0.4800000000000004,-142.6,44.41,-38.05,-124.67,-33.13,-26.59,-135.69,18.53,48.59,-103.89
2025-08-11T18:01:29.214812,-13.0,69.0,-133.0,52.0,20.0,-148.0,-24.0,20.0,-130.0,-19.0,63.0,-91.0,-7.97,45.519999999999996,-131.6,40.41,-3.0500000000000007,-132.67,-19.13,6.41,-129.69,-34.47,35.59,-90.89
2025-08-11T18:01:29.219551,26.0,25.0,-167.0,89.0,-38.0,-130.0,-59.0,-91.0,-152.0,-46.0,84.0,-80.0,31.03,1.5199999999999996,-165.6,77.41,-61.05,-114.67,-54.13,-104.59,-151.69,-61.47,56.59,-79.89
2025-08-11T18:01:29.227286,22.0,61.0,-36.0,51.0,-40.0,-179.0,-4.0,-17.0,-168.0,-111.0,33.0,-135.0,27.03,37.519999999999996,-34.6,39.41,-63.05,-163.67,0.8700000000000001,-30.59,-167.69,-126.47,5.59,-134.89
2025-08-11T18:01:29.231691,-37.0,87.0,-92.0,54.0,-39.0,-124.0,-46.0,12.0,-85.0,-9.0,45.0,-153.0,-31.97,63.519999999999996,-90.6,42.41,-62.05,-108.67,-41.13,-1.5899999999999999,-84.69,-24.47,17.59,-152.89
2025-08-11T18:01:29.239470,58.0,67.0,-144.0,13.0,16.0,-161.0,0.0,59.0,-94.0,-8.0,84.0,-200.0,63.03,43.519999999999996,-142.6,1.4100000000000001,-7.050000000000001,-145.67,4.87,45.41,-93.69,-23.47,56.59,-199.89
2025-08-11T18:01:29.244075,36.0,78.0,-177.0,25.0,-38.0,-145.0,-105.0,-37.0,-85.0,-82.0,20.0,-134.0,41.03,54.519999999999996,-175.6,13.41,-61.05,-129.67,-100.13,-50.59,-84.69,-97.47,-7.41,-133.89
2025-08-11T18:01:29.251897,18.0,45.0,-43.0,-5.0,-28.0,-107.0,-44.0,0.0,-138.0,-70.0,120.0,-96.0,23.03,21.52,-41.6,-16.59,-51.05,-91.67,-39.13,-13.59,-137.69,-85.47,92.59,-95.89
2025-08-11T18:01:29.255982,20.0,104.0,-94.0,62.0,-28.0,-155.0,-15.0,22.0,-69.0,-9.0,91.0,-123.0,25.03,80.52,-92.6,50.41,-51.05,-139.67,-10.129999999999999,8.41,-68.69,-24.47,63.59,-122.89
2025-08-11T18:01:29.264131,1.0,70.0,-89.0,2.0,38.0,-148.0,-73.0,-5.0,-97.0,-7.0,100.0,-105.0,6.03,46.519999999999996,-87.6,-9.59,14.95,-132.67,-68.13,-18.59,-96.69,-22.47,72.59,-104.89
2025-08-11T18:01:29.268776,57.0,21.0,-129.0,45.0,-8.0,-145.0,-99.0,36.0,-93.0,-76.0,57.0,-93.0,62.03,-2.4800000000000004,-127.6,33.41,-31.05,-129.67,-94.13,22.41,-92.69,-91.47,29.59,-92.89
2025-08-11T18:01:29.276587,-7.0,82.0,-116.0,65.0,-8.0,-136.0,-30.0,6.0,-96.0,-72.0,45.0,-130.0,-1.9699999999999998,58.519999999999996,-114.6,53.41,-31.05,-120.67,-25.13,-7.59,-95.69,-87.47,17.59,-129.89
2025-08-11T18:01:29.280878,17.0,54.0,-126.0,118.0,27.0,-163.0,-94.0,1.0,-120.0,5.0,64.0,-169.0,22.03,30.52,-124.6,106.41,3.9499999999999993,-147.67,-89.13,-12.59,-119.69,-10.47,36.59,-168.89
2025-08-11T18:01:29.288818,97.0,20.0,-111.0,44.0,-18.0,-154.0,-57.0,34.0,-42.0,-1.0,44.0,-121.0,102.03,-3.4800000000000004,-109.6,32.41,-41.05,-138.67,-52.13,20.41,-41.69,-16.47,16.59,-120.89
2025-08-11T18:01:29.292907,20.0,-2.0,-75.0,39.0,-2.0,-161.0,-10.0,-63.0,-116.0,-89.0,74.0,-108.0,25.03,-25.48,-73.6,27.41,-25.05,-145.67,-5.13,-76.59,-115.69,-104.47,46.59,-107.89
2025-08-11T18:01:29.301377,-10.0,63.0,-119.0,-15.0,39.0,-143.0,54.0,32.0,-54.0,-69.0,65.0,-139.0,-4.97,39.519999999999996,-117.6,-26.59,15.95,-127.67,58.87,18.41,-53.69,-84.47,37.59,-138.89
2025-08-11T18:01:29.305440,18.0,51.0,-89.0,3.0,-1.0,-108.0,-117.0,10.0,-113.0,-44.0,124.0,-130.0,23.03,27.52,-87.6,-8.59,-24.05,-92.67,-112.13,-3.59,-112.69,-59.47,96.59,-129.89
2025-08-11T18:01:29.313876,53.0,70.0,-127.0,48.0,-5.0,-138.0,-49.0,36.0,-125.0,-60.0,97.0,-193.0,58.03,46.519999999999996,-125.6,36.41,-28.05,-122.67,-44.13,22.41,-124.69,-75.47,69.59,-192.89
2025-08-11T18:01:29.321427,34.0,20.0,-168.0,113.0,3.0,-153.0,-86.0,-28.0,-86.0,-46.0,89.0,-126.0,39.03,-3.4800000000000004,-166.6,101.41,-20.05,-137.67,-81.13,-41.59,-85.69,-61.47,61.59,-125.89
2025-08-11T18:01:29.326137,19.0,52.0,-143.0,28.0,83.0,-208.0,-32.0,73.0,-133.0,-47.0,51.0,-115.0,24.03,28.52,-141.6,16.41,59.95,-192.67,-27.13,59.41,-132.69,-62.47,23.59,-114.89
2025-08-11T18:01:29.333681,43.0,37.0,-125.0,63.0,8.0,-111.0,-68.0,20.0,-101.0,-3.0,69.0,-131.0,48.03,13.52,-123.6,51.41,-15.05,-95.67,-63.13,6.41,-100.69,-18.47,41.59,-130.89
2025-08-11T18:01:29.338190,-27.0,42.0,-80.0,71.0,-14.0,-109.0,-61.0,37.0,-98.0,-34.0,57.0,-72.0,-21.97,18.52,-78.6,59.41,-37.05,-93.67,-56.13,23.41,-97.69,-49.47,29.59,-71.89
2025-08-11T18:01:29.345843,46.0,25.0,-121.0,40.0,-18.0,-137.0,-43.0,-28.0,-97.0,7.0,33.0,-173.0,51.03,1.5199999999999996,-119.6,28.41,-41.05,-121.67,-38.13,-41.59,-96.69,-8.47,5.59,-172.89
2025-08-11T18:01:29.350281,-25.0,82.0,-117.0,8.0,64.0,-124.0,-111.0,-29.0,-79.0,17.0,107.0,-125.0,-19.97,58.519999999999996,-115.6,-3.59,40.95,-108.67,-106.13,-42.59,-78.69,1.5299999999999994,79.59,-124.89
2025-08-11T18:01:29.358436,54.0,76.0,-113.0,5.0,-5.0,-140.0,-44.0,-38.0,-105.0,-9.0,6.0,-86.0,59.03,52.519999999999996,-111.6,-6.59,-28.05,-124.67,-39.13,-51.59,-104.69,-24.47,-21.41,-85.89
2025-08-11T18:01:29.363016,50.0,116.0,-169.0,10.0,-16.0,-141.0,-32.0,10.0,-128.0,23.0,0.0,-89.0,55.03,92.52,-167.6,-1.5899999999999999,-39.05,-125.67,-27.13,-3.59,-127.69,7.529999999999999,-27.41,-88.89
2025-08-11T18:01:29.370512,69.0,104.0,-178.0,46.0,17.0,-74.0,-10.0,-5.0,-107.0,-42.0,138.0,-111.0,74.03,80.52,-176.6,34.41,-6.050000000000001,-58.67,-5.13,-18.59,-106.69,-57.47,110.59,-110.89
2025-08-11T18:01:29.375111,73.0,-14.0,-79.0,72.0,-23.0,-177.0,-43.0,-65.0,-88.0,-17.0,18.0,-105.0,78.03,-37.480000000000004,-77.6,60.41,-46.05,-161.67,-38.13,-78.59,-87.69,-32.47,-9.41,-104.89
2025-08-11T18:01:29.382868,33.0,38.0,-110.0,-15.0,-14.0,-63.0,-78.0,-39.0,-83.0,-95.0,144.0,-88.0,38.03,14.52,-108.6,-26.59,-37.05,-47.67,-73.13,-52.59,-82.69,-110.47,116.59,-87.89
2025-08-11T18:01:29.387571,33.0,130.0,-77.0,-11.0,-13.0,-168.0,-69.0,12.0,-122.0,-51.0,104.0,-161.0,38.03,106.52,-75.6,-22.59,-36.05,-152.67,-64.13,-1.5899999999999999,-121.69,-66.47,76.59,-160.89
2025-08-11T18:01:29.395185,0.0,69.0,-192.0,57.0,55.0,-217.0,-75.0,55.0,-102.0,-78.0,48.0,-180.0,5.03,45.519999999999996,-190.6,45.41,31.95,-201.67,-70.13,41.41,-101.69,-93.47,20.59,-179.89
2025-08-11T18:01:29.399654,40.0,80.0,-150.0,39.0,15.0,-136.0,-37.0,-17.0,-115.0,25.0,-3.0,-124.0,45.03,56.519999999999996,-148.6,27.41,-8.05,-120.67,-32.13,-30.59,-114.69,9.53,-30.41,-123.89
2025-08-11T18:01:29.407820,52.0,19.0,-153.0,-3.0,21.0,-144.0,-86.0,-35.0,-126.0,-86.0,40.0,-140.0,57.03,-4.48,-151.6,-14.59,-2.0500000000000007,-128.67,-81.13,-48.59,-125.69,-101.47,12.59,-139.89
2025-08-11T18:01:29.415520,31.0,50.0,-176.0,93.0,-47.0,-143.0,-42.0,-23.0,-80.0,-42.0,70.0,-216.0,36.03,26.52,-174.6,81.41,-70.05,-127.67,-37.13,-36.59,-79.69,-57.47,42.59,-215.89
2025-08-11T18:01:29.419785,-11.0,21.0,-42.0,30.0,-49.0,-145.0,-57.0,-3.0,-144.0,-90.0,90.0,-104.0,-5.97,-2.4800000000000004,-40.6,18.41,-72.05,-129.67,-52.13,-16.59,-143.69,-105.47,62.59,-103.89
2025-08-11T18:01:29.427811,40.0,86.0,-125.0,76.0,27.0,-138.0,-90.0,-24.0,-86.0,-56.0,24.0,-138.0,45.03,62.519999999999996,-123.6,64.41,3.9499999999999993,-122.67,-85.13,-37.59,-85.69,-71.47,-3.41,-137.89
2025-08-11T18:01:29.432010,9.0,54.0,-159.0,49.0,7.0,-152.0,-107.0,-15.0,-144.0,30.0,69.0,-81.0,14.030000000000001,30.52,-157.6,37.41,-16.05,-136.67,-102.13,-28.59,-143.69,14.53,41.59,-80.89
2025-08-11T18:01:29.440131,-3.0,123.0,-143.0,6.0,-52.0,-112.0,-109.0,44.0,-117.0,-52.0,95.0,-145.0,2.0300000000000002,99.52,-141.6,-5.59,-75.05,-96.67,-104.13,30.41,-116.69,-67.47,67.59,-144.89
2025-08-11T18:01:29.444836,37.0,64.0,-123.0,50.0,-55.0,-105.0,-56.0,27.0,-73.0,-76.0,8.0,-117.0,42.03,40.519999999999996,-121.6,38.41,-78.05,-89.67,-51.13,13.41,-72.69,-91.47,-19.41,-116.89
2025-08-11T18:01:29.452553,14.0,-5.0,-124.0,-19.0,-2.0,-128.0,10.0,-35.0,-97.0,-30.0,89.0,-72.0,19.03,-28.48,-122.6,-30.59,-25.05,-112.67,14.870000000000001,-48.59,-96.69,-45.47,61.59,-71.89
2025-08-11T18:01:29.456850,39.0,88.0,-99.0,78.0,-45.0,-118.0,-114.0,-26.0,-102.0,4.0,40.0,-110.0,44.03,64.52,-97.6,66.41,-68.05,-102.67,-109.13,-39.59,-101.69,-11.47,12.59,-109.89
2025-08-11T18:01:29.464798,-46.0,117.0,-102.0,71.0,-20.0,-72.0,-69.0,34.0,-179.0,-97.0,90.0,-137.0,-40.97,93.52,-100.6,59.41,-43.05,-56.67,-64.13,20.41,-178.69,-112.47,62.59,-136.89
2025-08-11T18:01:29.469204,9.0,106.0,-174.0,74.0,-54.0,-117.0,-63.0,-37.0,-163.0,43.0,13.0,-110.0,14.030000000000001,82.52,-172.6,62.41,-77.05,-101.67,-58.13,-50.59,-162.69,27.53,-14.41,-109.89
2025-08-11T18:01:29.477285,128.0,64.0,-204.0,70.0,1.0,-152.0,-65.0,6.0,-167.0,-19.0,38.0,-79.0,133.03,40.519999999999996,-202.6,58.41,-22.05,-136.67,-60.13,-7.59,-166.69,-34.47,10.59,-78.89
2025-08-11T18:01:29.481326,25.0,99.0,-179.0,55.0,-39.0,-102.0,-59.0,-23.0,-137.0,-48.0,86.0,-93.0,30.03,75.52,-177.6,43.41,-62.05,-86.67,-54.13,-36.59,-136.69,-63.47,58.59,-92.89
2025-08-11T18:01:29.489661,86.0,65.0,-42.0,11.0,-41.0,-95.0,-94.0,-75.0,-70.0,-74.0,76.0,-78.0,91.03,41.519999999999996,-40.6,-0.5899999999999999,-64.05,-79.67,-89.13,-88.59,-69.69,-89.47,48.59,-77.89
2025-08-11T18:01:29.494152,71.0,87.0,-158.0,18.0,18.0,-131.0,-23.0,-22.0,-137.0,-43.0,79.0,-129.0,76.03,63.519999999999996,-156.6,6.41,-5.050000000000001,-115.67,-18.13,-35.59,-136.69,-58.47,51.59,-128.89
2025-08-11T18:01:29.501946,8.0,81.0,-112.0,70.0,42.0,-175.0,-48.0,13.0,-141.0,-114.0,14.0,-182.0,13.030000000000001,57.519999999999996,-110.6,58.41,18.95,-159.67,-43.13,-0.5899999999999999,-140.69,-129.47,-13.41,-181.89
2025-08-11T18:01:29.506033,-31.0,105.0,-170.0,55.0,-35.0,-98.0,-32.0,6.0,-157.0,45.0,28.0,-86.0,-25.97,81.52,-168.6,43.41,-58.05,-82.67,-27.13,-7.59,-156.69,29.53,0.5899999999999999,-85.89
2025-08-11T18:01:29.514197,32.0,85.0,-79.0,6.0,17.0,-94.0,-58.0,-15.0,-123.0,-32.0,57.0,-88.0,37.03,61.519999999999996,-77.6,-5.59,-6.050000000000001,-78.67,-53.13,-28.59,-122.69,-47.47,29.59,-87.89
2025-08-11T18:01:29.518304,4.0,-33.0,-184.0,105.0,-1.0,-67.0,-32.0,3.0,-156.0,-50.0,36.0,-55.0,9.030000000000001,-56.480000000000004,-182.6,93.41,-24.05,-51.67,-27.13,-10.59,-155.69,-65.47,8.59,-54.89
2025-08-11T18:01:29.526616,78.0,78.0,-154.0,-67.0,-54.0,-95.0,-80.0,-74.0,-87.0,-41.0,89.0,-125.0,83.03,54.519999999999996,-152.6,-78.59,-77.05,-79.67,-75.13,-87.59,-86.69,-56.47,61.59,-124.89
2025-08-11T18:01:29.530726,52.0,81.0,-69.0,7.0,54.0,-155.0,-61.0,30.0,-81.0,-72.0,104.0,-94.0,57.03,57.519999999999996,-67.6,-4.59,30.95,-139.67,-56.13,16.41,-80.69,-87.47,76.59,-93.89
2025-08-11T18:01:29.539099,52.0,105.0,-102.0,59.0,12.0,-136.0,-26.0,56.0,-205.0,-107.0,112.0,-161.0,57.03,81.52,-100.6,47.41,-11.05,-120.67,-21.13,42.41,-204.69,-122.47,84.59,-160.89
2025-08-11T18:01:29.546531,11.0,47.0,-135.0,0.0,7.0,-130.0,-17.0,-112.0,-120.0,-40.0,-7.0,-42.0,16.03,23.52,-133.6,-11.59,-16.05,-114.67,-12.129999999999999,-125.59,-119.69,-55.47,-34.41,-41.89
2025-08-11T18:01:29.551487,33.0,44.0,-100.0,65.0,1.0,-124.0,-13.0,9.0,-83.0,-27.0,34.0,-113.0,38.03,20.52,-98.6,53.41,-22.05,-108.67,-8.129999999999999,-4.59,-82.69,-42.47,6.59,-112.89
2025-08-11T18:01:29.559058,31.0,21.0,-59.0,42.0,-32.0,-169.0,-19.0,-4.0,-95.0,-47.0,81.0,-90.0,36.03,-2.4800000000000004,-57.6,30.41,-55.05,-153.67,-14.129999999999999,-17.59,-94.69,-62.47,53.59,-89.89
2025-08-11T18:01:29.563657,39.0,45.0,-71.0,-1.0,47.0,-94.0,-7.0,21.0,-60.0,-72.0,59.0,-190.0,44.03,21.52,-69.6,-12.59,23.95,-78.67,-2.13,7.41,-59.69,-87.47,31.59,-189.89
2025-08-11T18:01:29.571198,-11.0,65.0,-129.0,34.0,4.0,-114.0,-91.0,17.0,-95.0,-61.0,81.0,-104.0,-5.97,41.519999999999996,-127.6,22.41,-19.05,-98.67,-86.13,3.41,-94.69,-76.47,53.59,-103.89
2025-08-11T18:01:29.576065,61.0,8.0,-114.0,115.0,-12.0,-83.0,-4.0,-6.0,-94.0,-38.0,0.0,-139.0,66.03,-15.48,-112.6,103.41,-35.05,-67.67,0.8700000000000001,-19.59,-93.69,-53.47,-27.41,-138.89
2025-08-11T18:01:29.583576,26.0,49.0,-139.0,81.0,41.0,-137.0,10.0,6.0,-187.0,-30.0,-2.0,-173.0,31.03,25.52,-137.6,69.41,17.95,-121.67,14.870000000000001,-7.59,-186.69,-45.47,-29.41,-172.89
2025-08-11T18:01:29.588268,24.0,58.0,-178.0,66.0,-38.0,-79.0,-82.0,11.0,-103.0,-18.0,26.0,-107.0,29.03,34.519999999999996,-176.6,54.41,-61.05,-63.67,-77.13,-2.59,-102.69,-33.47,-1.4100000000000001,-106.89
2025-08-11T18:01:29.595873,68.0,71.0,-157.0,21.0,83.0,-165.0,-44.0,-31.0,-151.0,21.0,28.0,-94.0,73.03,47.519999999999996,-155.6,9.41,59.95,-149.67,-39.13,-44.59,-150.69,5.529999999999999,0.5899999999999999,-93.89
2025-08-11T18:01:29.600429,13.0,-3.0,-89.0,-41.0,-24.0,-117.0,-46.0,6.0,-93.0,16.0,66.0,-109.0,18.03,-26.48,-87.6,-52.59,-47.05,-101.67,-41.13,-7.59,-92.69,0.5299999999999994,38.59,-108.89
2025-08-11T18:01:29.608371,55.0,101.0,-115.0,56.0,26.0,-199.0,-19.0,-15.0,-134.0,-75.0,12.0,-169.0,60.03,77.52,-113.6,44.41,2.9499999999999993,-183.67,-14.129999999999999,-28.59,-133.69,-90.47,-15.41,-168.89
2025-08-11T18:01:29.613213,-25.0,132.0,-141.0,59.0,3.0,-159.0,-83.0,-14.0,-147.0,-81.0,1.0,-225.0,-19.97,108.52,-139.6,47.41,-20.05,-143.67,-78.13,-27.59,-146.69,-96.47,-26.41,-224.89
2025-08-11T18:01:29.620742,12.0,78.0,-181.0,31.0,-38.0,-127.0,-14.0,-61.0,-87.0,-15.0,63.0,-220.0,17.03,54.519999999999996,-179.6,19.41,-61.05,-111.67,-9.129999999999999,-74.59,-86.69,-30.47,35.59,-219.89
2025-08-11T18:01:29.624991,81.0,-9.0,-179.0,112.0,42.0,-137.0,-110.0,-74.0,-128.0,3.0,63.0,-168.0,86.03,-32.480000000000004,-177.6,100.41,18.95,-121.67,-105.13,-87.59,-127.69,-12.47,35.59,-167.89
2025-08-11T18:01:29.633253,110.0,44.0,-111.0,36.0,-33.0,-139.0,-64.0,-29.0,-175.0,-44.0,34.0,-202.0,115.03,20.52,-109.6,24.41,-56.05,-123.67,-59.13,-42.59,-174.69,-59.47,6.59,-201.89
2025-08-11T18:01:29.638019,170.0,53.0,-172.0,55.0,-21.0,-105.0,62.0,-73.0,-123.0,9.0,15.0,-190.0,175.03,29.52,-170.6,43.41,-44.05,-89.67,66.87,-86.59,-122.69,-6.470000000000001,-12.41,-189.89
2025-08-11T18:01:29.645433,52.0,72.0,-138.0,116.0,-36.0,-136.0,-78.0,-4.0,-131.0,-44.0,79.0,-217.0,57.03,48.519999999999996,-136.6,104.41,-59.05,-120.67,-73.13,-17.59,-130.69,-59.47,51.59,-216.89
2025-08-11T18:01:29.653241,81.0,86.0,-158.0,36.0,-7.0,-150.0,-63.0,-37.0,-162.0,74.0,67.0,-204.0,86.03,62.519999999999996,-156.6,24.41,-30.05,-134.67,-58.13,-50.59,-161.69,58.53,39.59,-203.89
2025-08-11T18:01:29.657868,-7.0,57.0,-193.0,143.0,-49.0,-155.0,-68.0,-22.0,-203.0,-26.0,45.0,-161.0,-1.9699999999999998,33.519999999999996,-191.6,131.41,-72.05,-139.67,-63.13,-35.59,-202.69,-41.47,17.59,-160.89
2025-08-11T18:01:29.665567,117.0,81.0,-154.0,64.0,-2.0,-130.0,-14.0,14.0,-161.0,19.0,31.0,-181.0,122.03,57.519999999999996,-152.6,52.41,-25.05,-114.67,-9.129999999999999,0.41000000000000014,-160.69,3.5299999999999994,3.59,-180.89
2025-08-11T18:01:29.670397,102.0,30.0,-175.0,79.0,-6.0,-177.0,30.0,-40.0,-230.0,-16.0,51.0,-159.0,107.03,6.52,-173.6,67.41,-29.05,-161.67,34.87,-53.59,-229.69,-31.47,23.59,-158.89
2025-08-11T18:01:29.678012,156.0,-17.0,-93.0,114.0,-66.0,-159.0,12.0,-9.0,-134.0,-44.0,72.0,-178.0,161.03,-40.480000000000004,-91.6,102.41,-89.05,-143.67,16.87,-22.59,-133.69,-59.47,44.59,-177.89
2025-08-11T18:01:29.682329,75.0,19.0,-130.0,134.0,-77.0,-189.0,-46.0,-55.0,-171.0,-46.0,91.0,-232.0,80.03,-4.48,-128.6,122.41,-100.05,-173.67,-41.13,-68.59,-170.69,-61.47,63.59,-231.89
2025-08-11T18:01:29.690047,146.0,143.0,-237.0,136.0,-14.0,-136.0,-50.0,-68.0,-159.0,-16.0,55.0,-252.0,151.03,119.52,-235.6,124.41,-37.05,-120.67,-45.13,-81.59,-158.69,-31.47,27.59,-251.89
2025-08-11T18:01:29.698260,153.0,93.0,-203.0,172.0,-52.0,-160.0,113.0,-69.0,-233.0,-17.0,116.0,-197.0,158.03,69.52,-201.6,160.41,-75.05,-144.67,117.87,-82.59,-232.69,-32.47,88.59,-196.89
2025-08-11T18:01:29.702736,115.0,12.0,-96.0,149.0,-71.0,-218.0,8.0,-33.0,-113.0,-19.0,130.0,-236.0,120.03,-11.48,-94.6,137.41,-94.05,-202.67,12.870000000000001,-46.59,-112.69,-34.47,102.59,-235.89
2025-08-11T18:01:29.710872,147.0,56.0,-202.0,141.0,-54.0,-140.0,-23.0,-58.0,-231.0,91.0,-11.0,-329.0,152.03,32.519999999999996,-200.6,129.41,-77.05,-124.67,-18.13,-71.59,-230.69,75.53,-38.41,-328.89
2025-08-11T18:01:29.715276,129.0,79.0,-205.0,184.0,-16.0,-152.0,57.0,-104.0,-178.0,18.0,60.0,-200.0,134.03,55.519999999999996,-203.6,172.41,-39.05,-136.67,61.87,-117.59,-177.69,2.5299999999999994,32.59,-199.89
2025-08-11T18:01:29.723072,209.0,30.0,-213.0,129.0,-2.0,-160.0,-31.0,-90.0,-201.0,58.0,144.0,-246.0,214.03,6.52,-211.6,117.41,-25.05,-144.67,-26.13,-103.59,-200.69,42.53,116.59,-245.89
2025-08-11T18:01:29.727447,210.0,39.0,-169.0,148.0,-54.0,-194.0,12.0,-30.0,-255.0,-50.0,82.0,-301.0,215.03,15.52,-167.6,136.41,-77.05,-178.67,16.87,-43.59,-254.69,-65.47,54.59,-300.89
2025-08-11T18:01:29.735574,104.0,103.0,-275.0,192.0,-9.0,-149.0,59.0,-70.0,-243.0,71.0,86.0,-194.0,109.03,79.52,-273.6,180.41,-32.05,-133.67,63.87,-83.59,-242.69,55.53,58.59,-193.89
2025-08-11T18:01:29.743124,227.0,26.0,-240.0,187.0,-32.0,-125.0,82.0,-118.0,-215.0,69.0,112.0,-351.0,232.03,2.5199999999999996,-238.6,175.41,-55.05,-109.67,86.87,-131.59,-214.69,53.53,84.59,-350.89
2025-08-11T18:01:29.747953,291.0,49.0,-227.0,201.0,-22.0,-139.0,-11.0,-105.0,-287.0,-7.0,91.0,-284.0,296.03,25.52,-225.6,189.41,-45.05,-123.67,-6.13,-118.59,-286.69,-22.47,63.59,-283.89
2025-08-11T18:01:29.755715,203.0,122.0,-189.0,209.0,-46.0,-152.0,112.0,-87.0,-237.0,21.0,108.0,-280.0,208.03,98.52,-187.6,197.41,-69.05,-136.67,116.87,-100.59,-236.69,5.529999999999999,80.59,-279.89
2025-08-11T18:01:29.760447,205.0,51.0,-234.0,193.0,-79.0,-161.0,91.0,-90.0,-293.0,31.0,102.0,-306.0,210.03,27.52,-232.6,181.41,-102.05,-145.67,95.87,-103.59,-292.69,15.53,74.59,-305.89
2025-08-11T18:01:29.768221,151.0,113.0,-214.0,227.0,-77.0,-176.0,9.0,-84.0,-231.0,-9.0,109.0,-295.0,156.03,89.52,-212.6,215.41,-100.05,-160.67,13.870000000000001,-97.59,-230.69,-24.47,81.59,-294.89
2025-08-11T18:01:29.772251,183.0,64.0,-219.0,267.0,-18.0,-155.0,-16.0,-85.0,-247.0,25.0,61.0,-346.0,188.03,40.519999999999996,-217.6,255.41,-41.05,-139.67,-11.129999999999999,-98.59,-246.69,9.53,33.59,-345.89
2025-08-11T18:01:29.780400,233.0,73.0,-173.0,199.0,-53.0,-132.0,12.0,-132.0,-313.0,66.0,133.0,-328.0,238.03,49.519999999999996,-171.6,187.41,-76.05,-116.67,16.87,-145.59,-312.69,50.53,105.59,-327.89
2025-08-11T18:01:29.788554,247.0,14.0,-155.0,284.0,-54.0,-184.0,-57.0,-104.0,-240.0,-44.0,69.0,-233.0,252.03,-9.48,-153.6,272.41,-77.05,-168.67,-52.13,-117.59,-239.69,-59.47,41.59,-232.89
2025-08-11T18:01:29.793119,230.0,52.0,-187.0,198.0,-39.0,-135.0,-8.0,-81.0,-324.0,1.0,82.0,-302.0,235.03,28.52,-185.6,186.41,-62.05,-119.67,-3.13,-94.59,-323.69,-14.47,54.59,-301.89
2025-08-11T18:01:29.800605,193.0,83.0,-188.0,239.0,-99.0,-157.0,105.0,-83.0,-211.0,4.0,115.0,-282.0,198.03,59.519999999999996,-186.6,227.41,-122.05,-141.67,109.87,-96.59,-210.69,-11.47,87.59,-281.89
2025-08-11T18:01:29.805384,216.0,45.0,-217.0,243.0,-74.0,-221.0,68.0,-164.0,-289.0,-29.0,88.0,-249.0,221.03,21.52,-215.6,231.41,-97.05,-205.67,72.87,-177.59,-288.69,-44.47,60.59,-248.89
2025-08-11T18:01:29.813857,225.0,91.0,-196.0,248.0,-48.0,-123.0,18.0,-57.0,-224.0,16.0,119.0,-288.0,230.03,67.52,-194.6,236.41,-71.05,-107.67,22.87,-70.59,-223.69,0.5299999999999994,91.59,-287.89
2025-08-11T18:01:29.817281,264.0,106.0,-256.0,125.0,-57.0,-129.0,43.0,-89.0,-190.0,54.0,179.0,-302.0,269.03,82.52,-254.6,113.41,-80.05,-113.67,47.87,-102.59,-189.69,38.53,151.59,-301.89
2025-08-11T18:01:29.825499,192.0,52.0,-225.0,171.0,-22.0,-154.0,28.0,-65.0,-258.0,81.0,15.0,-257.0,197.03,28.52,-223.6,159.41,-45.05,-138.67,32.87,-78.59,-257.69,65.53,-12.41,-256.89
2025-08-11T18:01:29.833469,302.0,71.0,-152.0,232.0,-87.0,-191.0,41.0,-84.0,-194.0,-38.0,144.0,-310.0,307.03,47.519999999999996,-150.6,220.41,-110.05,-175.67,45.87,-97.59,-193.69,-53.47,116.59,-309.89
2025-08-11T18:01:29.837981,100.0,41.0,-135.0,191.0,-67.0,-168.0,58.0,-67.0,-317.0,-34.0,114.0,-281.0,105.03,17.52,-133.6,179.41,-90.05,-152.67,62.87,-80.59,-316.69,-49.47,86.59,-280.89
2025-08-11T18:01:29.846085,234.0,108.0,-166.0,151.0,-44.0,-230.0,89.0,-69.0,-224.0,19.0,60.0,-244.0,239.03,84.52,-164.6,139.41,-67.05,-214.67,93.87,-82.59,-223.69,3.5299999999999994,32.59,-243.89
2025-08-11T18:01:29.850388,195.0,116.0,-206.0,146.0,-41.0,-188.0,-4.0,-100.0,-236.0,23.0,107.0,-254.0,200.03,92.52,-204.6,134.41,-64.05,-172.67,0.8700000000000001,-113.59,-235.69,7.529999999999999,79.59,-253.89
2025-08-11T18:01:29.857998,113.0,16.0,-176.0,217.0,-72.0,-163.0,-2.0,-126.0,-229.0,76.0,165.0,-339.0,118.03,-7.48,-174.6,205.41,-95.05,-147.67,2.87,-139.59,-228.69,60.53,137.59,-338.89
2025-08-11T18:01:29.866003,248.0,73.0,-233.0,192.0,-48.0,-154.0,29.0,-124.0,-191.0,62.0,45.0,-236.0,253.03,49.519999999999996,-231.6,180.41,-71.05,-138.67,33.87,-137.59,-190.69,46.53,17.59,-235.89
2025-08-11T18:01:29.870670,199.0,3.0,-288.0,211.0,-97.0,-180.0,8.0,-69.0,-266.0,-2.0,161.0,-247.0,204.03,-20.48,-286.6,199.41,-120.05,-164.67,12.870000000000001,-82.59,-265.69,-17.47,133.59,-246.89
2025-08-11T18:01:29.878327,278.0,8.0,-140.0,229.0,-99.0,-127.0,20.0,-141.0,-275.0,33.0,85.0,-338.0,283.03,-15.48,-138.6,217.41,-122.05,-111.67,24.87,-154.59,-274.69,17.53,57.59,-337.89
2025-08-11T18:01:29.883125,187.0,132.0,-172.0,150.0,-77.0,-169.0,34.0,-154.0,-270.0,43.0,98.0,-366.0,192.03,108.52,-170.6,138.41,-100.05,-153.67,38.87,-167.59,-269.69,27.53,70.59,-365.89
2025-08-11T18:01:29.890877,126.0,146.0,-217.0,260.0,-49.0,-197.0,13.0,-49.0,-239.0,-21.0,123.0,-270.0,131.03,122.52,-215.6,248.41,-72.05,-181.67,17.87,-62.59,-238.69,-36.47,95.59,-269.89
2025-08-11T18:01:29.895414,286.0,42.0,-195.0,233.0,-46.0,-157.0,13.0,-26.0,-270.0,15.0,131.0,-348.0,291.03,18.52,-193.6,221.41,-69.05,-141.67,17.87,-39.59,-269.69,-0.47000000000000064,103.59,-347.89
2025-08-11T18:01:29.903295,210.0,20.0,-188.0,194.0,-86.0,-153.0,44.0,-90.0,-261.0,64.0,82.0,-347.0,215.03,-3.4800000000000004,-186.6,182.41,-109.05,-137.67,48.87,-103.59,-260.69,48.53,54.59,-346.89
2025-08-11T18:01:29.911097,175.0,149.0,-262.0,175.0,-124.0,-137.0,30.0,-88.0,-287.0,15.0,111.0,-275.0,180.03,125.52,-260.6,163.41,-147.05,-121.67,34.87,-101.59,-286.69,-0.47000000000000064,83.59,-274.89
2025-08-11T18:01:29.915512,203.0,19.0,-229.0,131.0,-76.0,-214.0,29.0,-109.0,-143.0,-45.0,121.0,-238.0,208.03,-4.48,-227.6,119.41,-99.05,-198.67,33.87,-122.59,-142.69,-60.47,93.59,-237.89
2025-08-11T18:01:29.923865,233.0,54.0,-162.0,102.0,-3.0,-152.0,59.0,-66.0,-286.0,31.0,108.0,-272.0,238.03,30.52,-160.6,90.41,-26.05,-136.67,63.87,-79.59,-285.69,15.53,80.59,-271.89
2025-08-11T18:01:29.928263,254.0,93.0,-179.0,215.0,-83.0,-179.0,65.0,-115.0,-218.0,-27.0,107.0,-261.0,259.03,69.52,-177.6,203.41,-106.05,-163.67,69.87,-128.59,-217.69,-42.47,79.59,-260.89
2025-08-11T18:01:29.936237,232.0,74.0,-245.0,177.0,0.0,-125.0,-57.0,-136.0,-240.0,41.0,66.0,-277.0,237.03,50.519999999999996,-243.6,165.41,-23.05,-109.67,-52.13,-149.59,-239.69,25.53,38.59,-276.89
2025-08-11T18:01:29.943922,202.0,-23.0,-216.0,188.0,-43.0,-207.0,-2.0,-58.0,-241.0,-36.0,113.0,-263.0,207.03,-46.480000000000004,-214.6,176.41,-66.05,-191.67,2.87,-71.59,-240.69,-51.47,85.59,-262.89
2025-08-11T18:01:29.948785,241.0,87.0,-164.0,201.0,-59.0,-173.0,93.0,-80.0,-239.0,-6.0,99.0,-355.0,246.03,63.519999999999996,-162.6,189.41,-82.05,-157.67,97.87,-93.59,-238.69,-21.47,71.59,-354.89
2025-08-11T18:01:29.956329,207.0,111.0,-244.0,157.0,-83.0,-222.0,25.0,-89.0,-276.0,39.0,93.0,-278.0,212.03,87.52,-242.6,145.41,-106.05,-206.67,29.87,-102.59,-275.69,23.53,65.59,-277.89
2025-08-11T18:01:29.960917,161.0,11.0,-224.0,150.0,-56.0,-142.0,-32.0,-132.0,-242.0,3.0,25.0,-315.0,166.03,-12.48,-222.6,138.41,-79.05,-126.67,-27.13,-145.59,-241.69,-12.47,-2.41,-314.89
2025-08-11T18:01:29.968856,146.0,21.0,-200.0,215.0,-49.0,-160.0,20.0,-103.0,-281.0,32.0,91.0,-319.0,151.03,-2.4800000000000004,-198.6,203.41,-72.05,-144.67,24.87,-116.59,-280.69,16.53,63.59,-318.89
2025-08-11T18:01:29.972931,213.0,119.0,-221.0,144.0,13.0,-127.0,14.0,-79.0,-269.0,5.0,46.0,-351.0,218.03,95.52,-219.6,132.41,-10.05,-111.67,18.87,-92.59,-268.69,-10.47,18.59,-350.89
2025-08-11T18:01:29.981403,137.0,132.0,-198.0,232.0,-59.0,-172.0,22.0,-140.0,-219.0,12.0,117.0,-288.0,142.03,108.52,-196.6,220.41,-82.05,-156.67,26.87,-153.59,-218.69,-3.4700000000000006,89.59,-287.89
2025-08-11T18:01:29.988913,251.0,67.0,-263.0,211.0,-75.0,-200.0,35.0,-119.0,-258.0,53.0,39.0,-283.0,256.03,43.519999999999996,-261.6,199.41,-98.05,-184.67,39.87,-132.59,-257.69,37.53,11.59,-282.89
2025-08-11T18:01:29.993951,190.0,19.0,-236.0,175.0,-39.0,-207.0,36.0,-113.0,-303.0,66.0,45.0,-308.0,195.03,-4.48,-234.6,163.41,-62.05,-191.67,40.87,-126.59,-302.69,50.53,17.59,-307.89
2025-08-11T18:01:30.001581,232.0,62.0,-115.0,151.0,-55.0,-135.0,79.0,-78.0,-261.0,21.0,106.0,-320.0,237.03,38.519999999999996,-113.6,139.41,-78.05,-119.67,83.87,-91.59,-260.69,5.529999999999999,78.59,-319.89
2025-08-11T18:01:30.006459,162.0,89.0,-192.0,234.0,-4.0,-193.0,-42.0,-122.0,-268.0,-24.0,175.0,-336.0,167.03,65.52,-190.6,222.41,-27.05,-177.67,-37.13,-135.59,-267.69,-39.47,147.59,-335.89
2025-08-11T18:01:30.013647,237.0,17.0,-241.0,161.0,-139.0,-185.0,12.0,-43.0,-263.0,31.0,150.0,-209.0,242.03,-6.48,-239.6,149.41,-162.05,-169.67,16.87,-56.59,-262.69,15.53,122.59,-208.89
2025-08-11T18:01:30.019209,209.0,50.0,-255.0,137.0,-86.0,-101.0,-7.0,-70.0,-314.0,10.0,66.0,-229.0,214.03,26.52,-253.6,125.41,-109.05,-85.67,-2.13,-83.59,-313.69,-5.470000000000001,38.59,-228.89
2025-08-11T18:01:30.026600,163.0,68.0,-298.0,170.0,-80.0,-163.0,5.0,-102.0,-210.0,-43.0,141.0,-282.0,168.03,44.519999999999996,-296.6,158.41,-103.05,-147.67,9.870000000000001,-115.59,-209.69,-58.47,113.59,-281.89
2025-08-11T18:01:30.034022,234.0,27.0,-194.0,202.0,-71.0,-192.0,35.0,-77.0,-231.0,62.0,113.0,-306.0,239.03,3.5199999999999996,-192.6,190.41,-94.05,-176.67,39.87,-90.59,-230.69,46.53,85.59,-305.89
2025-08-11T18:01:30.039014,141.0,15.0,-178.0,194.0,-80.0,-141.0,33.0,-95.0,-234.0,51.0,95.0,-287.0,146.03,-8.48,-176.6,182.41,-103.05,-125.67,37.87,-108.59,-233.69,35.53,67.59,-286.89
2025-08-11T18:01:30.046470,175.0,131.0,-264.0,205.0,-79.0,-189.0,-35.0,-116.0,-202.0,46.0,106.0,-345.0,180.03,107.52,-262.6,193.41,-102.05,-173.67,-30.13,-129.59,-201.69,30.53,78.59,-344.89
2025-08-11T18:01:30.051726,237.0,40.0,-239.0,213.0,-88.0,-198.0,5.0,-56.0,-279.0,26.0,79.0,-321.0,242.03,16.52,-237.6,201.41,-111.05,-182.67,9.870000000000001,-69.59,-278.69,10.53,51.59,-320.89
2025-08-11T18:01:30.058856,174.0,37.0,-179.0,206.0,-133.0,-136.0,46.0,-69.0,-215.0,35.0,68.0,-307.0,179.03,13.52,-177.6,194.41,-156.05,-120.67,50.87,-82.59,-214.69,19.53,40.59,-306.89
2025-08-11T18:01:30.066718,199.0,129.0,-237.0,186.0,-60.0,-238.0,46.0,-109.0,-216.0,41.0,141.0,-265.0,204.03,105.52,-235.6,174.41,-83.05,-222.67,50.87,-122.59,-215.69,25.53,113.59,-264.89
2025-08-11T18:01:30.071841,221.0,48.0,-278.0,231.0,-117.0,-142.0,27.0,-144.0,-166.0,33.0,130.0,-288.0,226.03,24.52,-276.6,219.41,-140.05,-126.67,31.87,-157.59,-165.69,17.53,102.59,-287.89
2025-08-11T18:01:30.079267,164.0,34.0,-152.0,275.0,-58.0,-168.0,56.0,-57.0,-255.0,-17.0,67.0,-307.0,169.03,10.52,-150.6,263.41,-81.05,-152.67,60.87,-70.59,-254.69,-32.47,39.59,-306.89
2025-08-11T18:01:30.083994,188.0,63.0,-208.0,192.0,-34.0,-175.0,13.0,-113.0,-265.0,30.0,155.0,-232.0,193.03,39.519999999999996,-206.6,180.41,-57.05,-159.67,17.87,-126.59,-264.69,14.53,127.59,-231.89
2025-08-11T18:01:30.091733,168.0,67.0,-237.0,224.0,-64.0,-199.0,108.0,-54.0,-261.0,8.0,129.0,-304.0,173.03,43.519999999999996,-235.6,212.41,-87.05,-183.67,112.87,-67.59,-260.69,-7.470000000000001,101.59,-303.89
2025-08-11T18:01:30.096916,298.0,99.0,-231.0,171.0,-100.0,-141.0,69.0,-205.0,-225.0,15.0,43.0,-301.0,303.03,75.52,-229.6,159.41,-123.05,-125.67,73.87,-218.59,-224.69,-0.47000000000000064,15.59,-300.89
2025-08-11T18:01:30.104194,156.0,88.0,-179.0,147.0,-73.0,-192.0,-26.0,-57.0,-197.0,4.0,160.0,-314.0,161.03,64.52,-177.6,135.41,-96.05,-176.67,-21.13,-70.59,-196.69,-11.47,132.59,-313.89
2025-08-11T18:01:30.111954,171.0,99.0,-229.0,275.0,-34.0,-162.0,60.0,-78.0,-302.0,-24.0,110.0,-345.0,176.03,75.52,-227.6,263.41,-57.05,-146.67,64.87,-91.59,-301.69,-39.47,82.59,-344.89
2025-08-11T18:01:30.117121,207.0,29.0,-208.0,187.0,-42.0,-133.0,36.0,-128.0,-226.0,-32.0,86.0,-288.0,212.03,5.52,-206.6,175.41,-65.05,-117.67,40.87,-141.59,-225.69,-47.47,58.59,-287.89
2025-08-11T18:01:30.124405,191.0,42.0,-174.0,221.0,-55.0,-174.0,25.0,-24.0,-219.0,-48.0,30.0,-318.0,196.03,18.52,-172.6,209.41,-78.05,-158.67,29.87,-37.59,-218.69,-63.47,2.59,-317.89
2025-08-11T18:01:30.128883,161.0,76.0,-217.0,154.0,17.0,-167.0,41.0,-8.0,-218.0,14.0,84.0,-326.0,166.03,52.519999999999996,-215.6,142.41,-6.050000000000001,-151.67,45.87,-21.59,-217.69,-1.4700000000000006,56.59,-325.89
2025-08-11T18:01:30.136651,234.0,97.0,-182.0,224.0,-21.0,-162.0,62.0,-107.0,-302.0,24.0,129.0,-322.0,239.03,73.52,-180.6,212.41,-44.05,-146.67,66.87,-120.59,-301.69,8.53,101.59,-321.89
2025-08-11T18:01:30.144537,210.0,30.0,-173.0,223.0,-44.0,-221.0,-30.0,-141.0,-210.0,-14.0,58.0,-315.0,215.03,6.52,-171.6,211.41,-67.05,-205.67,-25.13,-154.59,-209.69,-29.47,30.59,-314.89
2025-08-11T18:01:30.148932,128.0,72.0,-211.0,206.0,-143.0,-125.0,17.0,-72.0,-239.0,18.0,89.0,-259.0,133.03,48.519999999999996,-209.6,194.41,-166.05,-109.67,21.87,-85.59,-238.69,2.5299999999999994,61.59,-258.89
2025-08-11T18:01:30.157058,220.0,162.0,-187.0,207.0,-58.0,-204.0,29.0,-95.0,-259.0,13.0,100.0,-310.0,225.03,138.52,-185.6,195.41,-81.05,-188.67,33.87,-108.59,-258.69,-2.4700000000000006,72.59,-309.89
2025-08-11T18:01:30.162213,189.0,99.0,-217.0,160.0,-82.0,-157.0,36.0,-151.0,-257.0,72.0,79.0,-302.0,194.03,75.52,-215.6,148.41,-105.05,-141.67,40.87,-164.59,-256.69,56.53,51.59,-301.89
2025-08-11T18:01:30.169592,228.0,113.0,-254.0,200.0,-61.0,-140.0,-19.0,-95.0,-229.0,-14.0,161.0,-278.0,233.03,89.52,-252.6,188.41,-84.05,-124.67,-14.129999999999999,-108.59,-228.69,-29.47,133.59,-277.89
2025-08-11T18:01:30.174106,168.0,93.0,-163.0,187.0,-70.0,-237.0,65.0,-117.0,-223.0,34.0,88.0,-317.0,173.03,69.52,-161.6,175.41,-93.05,-221.67,69.87,-130.59,-222.69,18.53,60.59,-316.89
2025-08-11T18:01:30.182233,266.0,82.0,-217.0,240.0,-106.0,-175.0,-4.0,-122.0,-261.0,-3.0,28.0,-279.0,271.03,58.519999999999996,-215.6,228.41,-129.05,-159.67,0.8700000000000001,-135.59,-260.69,-18.47,0.5899999999999999,-278.89
2025-08-11T18:01:30.189589,280.0,44.0,-251.0,232.0,-75.0,-144.0,11.0,-47.0,-310.0,29.0,66.0,-269.0,285.03,20.52,-249.6,220.41,-98.05,-128.67,15.870000000000001,-60.59,-309.69,13.53,38.59,-268.89
2025-08-11T18:01:30.194643,248.0,52.0,-259.0,180.0,-36.0,-161.0,32.0,-106.0,-241.0,-27.0,117.0,-331.0,253.03,28.52,-257.6,168.41,-59.05,-145.67,36.87,-119.59,-240.69,-42.47,89.59,-330.89
2025-08-11T18:01:30.202119,110.0,131.0,-158.0,141.0,-76.0,-166.0,0.0,-129.0,-187.0,31.0,70.0,-294.0,115.03,107.52,-156.6,129.41,-99.05,-150.67,4.87,-142.59,-186.69,15.53,42.59,-293.89
2025-08-11T18:01:30.206617,231.0,65.0,-215.0,266.0,-84.0,-207.0,-9.0,-42.0,-223.0,-5.0,168.0,-284.0,236.03,41.519999999999996,-213.6,254.41,-107.05,-191.67,-4.13,-55.59,-222.69,-20.47,140.59,-283.89
2025-08-11T18:01:30.214645,262.0,76.0,-192.0,129.0,-115.0,-155.0,43.0,-41.0,-264.0,13.0,159.0,-283.0,267.03,52.519999999999996,-190.6,117.41,-138.05,-139.67,47.87,-54.59,-263.69,-2.4700000000000006,131.59,-282.89
2025-08-11T18:01:30.219135,181.0,122.0,-184.0,187.0,-5.0,-148.0,13.0,-97.0,-275.0,34.0,151.0,-274.0,186.03,98.52,-182.6,175.41,-28.05,-132.67,17.87,-110.59,-274.69,18.53,123.59,-273.89
2025-08-11T18:01:30.227474,238.0,86.0,-329.0,223.0,-69.0,-185.0,40.0,-104.0,-245.0,-5.0,13.0,-232.0,243.03,62.519999999999996,-327.6,211.41,-92.05,-169.67,44.87,-117.59,-244.69,-20.47,-14.41,-231.89
2025-08-11T18:01:30.234811,235.0,44.0,-204.0,168.0,-42.0,-159.0,74.0,-129.0,-221.0,-42.0,70.0,-256.0,240.03,20.52,-202.6,156.41,-65.05,-143.67,78.87,-142.59,-220.69,-57.47,42.59,-255.89
2025-08-11T18:01:30.239824,209.0,71.0,-178.0,191.0,-110.0,-261.0,46.0,-126.0,-197.0,40.0,77.0,-282.0,214.03,47.519999999999996,-176.6,179.41,-133.05,-245.67,50.87,-139.59,-196.69,24.53,49.59,-281.89
2025-08-11T18:01:30.247367,178.0,15.0,-227.0,232.0,-67.0,-120.0,-14.0,-111.0,-326.0,55.0,72.0,-251.0,183.03,-8.48,-225.6,220.41,-90.05,-104.67,-9.129999999999999,-124.59,-325.69,39.53,44.59,-250.89
2025-08-11T18:01:30.252146,188.0,119.0,-191.0,198.0,-88.0,-178.0,-18.0,-131.0,-266.0,-30.0,107.0,-294.0,193.03,95.52,-189.6,186.41,-111.05,-162.67,-13.129999999999999,-144.59,-265.69,-45.47,79.59,-293.89
2025-08-11T18:01:30.259849,211.0,49.0,-248.0,144.0,-58.0,-193.0,-3.0,-144.0,-208.0,52.0,51.0,-295.0,216.03,25.52,-246.6,132.41,-81.05,-177.67,1.87,-157.59,-207.69,36.53,23.59,-294.89
2025-08-11T18:01:30.267466,197.0,115.0,-157.0,208.0,-69.0,-119.0,-3.0,-130.0,-270.0,-21.0,97.0,-262.0,202.03,91.52,-155.6,196.41,-92.05,-103.67,1.87,-143.59,-269.69,-36.47,69.59,-261.89
2025-08-11T18:01:30.272316,216.0,69.0,-251.0,187.0,-105.0,-145.0,48.0,-86.0,-228.0,35.0,127.0,-235.0,221.03,45.519999999999996,-249.6,175.41,-128.05,-129.67,52.87,-99.59,-227.69,19.53,99.59,-234.89
2025-08-11T18:01:30.279906,178.0,29.0,-185.0,183.0,-35.0,-105.0,6.0,-165.0,-243.0,27.0,72.0,-298.0,183.03,5.52,-183.6,171.41,-58.05,-89.67,10.870000000000001,-178.59,-242.69,11.53,44.59,-297.89
2025-08-11T18:01:30.284288,133.0,104.0,-213.0,172.0,-28.0,-131.0,15.0,-52.0,-280.0,5.0,41.0,-288.0,138.03,80.52,-211.6,160.41,-51.05,-115.67,19.87,-65.59,-279.69,-10.47,13.59,-287.89
2025-08-11T18:01:30.292153,223.0,42.0,-242.0,193.0,-29.0,-202.0,7.0,-101.0,-225.0,10.0,96.0,-282.0,228.03,18.52,-240.6,181.41,-52.05,-186.67,11.870000000000001,-114.59,-224.69,-5.470000000000001,68.59,-281.89
2025-08-11T18:01:30.296772,198.0,118.0,-211.0,236.0,-83.0,-196.0,49.0,-59.0,-227.0,-89.0,118.0,-306.0,203.03,94.52,-209.6,224.41,-106.05,-180.67,53.87,-72.59,-226.69,-104.47,90.59,-305.89
2025-08-11T18:01:30.304734,263.0,26.0,-250.0,170.0,-14.0,-179.0,8.0,-88.0,-271.0,-13.0,71.0,-299.0,268.03,2.5199999999999996,-248.6,158.41,-37.05,-163.67,12.870000000000001,-101.59,-270.69,-28.47,43.59,-298.89
2025-08-11T18:01:30.312533,166.0,70.0,-211.0,147.0,-100.0,-183.0,98.0,-63.0,-279.0,44.0,74.0,-294.0,171.03,46.519999999999996,-209.6,135.41,-123.05,-167.67,102.87,-76.59,-278.69,28.53,46.59,-293.89
2025-08-11T18:01:30.316894,241.0,11.0,-240.0,186.0,-90.0,-169.0,53.0,-60.0,-225.0,25.0,123.0,-292.0,246.03,-12.48,-238.6,174.41,-113.05,-153.67,57.87,-73.59,-224.69,9.53,95.59,-291.89
2025-08-11T18:01:30.324816,236.0,66.0,-170.0,160.0,-18.0,-176.0,-3.0,-110.0,-299.0,46.0,57.0,-322.0,241.03,42.519999999999996,-168.6,148.41,-41.05,-160.67,1.87,-123.59,-298.69,30.53,29.59,-321.89
2025-08-11T18:01:30.329547,179.0,51.0,-163.0,224.0,-63.0,-202.0,-20.0,-101.0,-213.0,42.0,112.0,-316.0,184.03,27.52,-161.6,212.41,-86.05,-186.67,-15.129999999999999,-114.59,-212.69,26.53,84.59,-315.89
2025-08-11T18:01:30.337108,203.0,26.0,-198.0,198.0,-99.0,-137.0,60.0,-131.0,-290.0,-29.0,132.0,-283.0,208.03,2.5199999999999996,-196.6,186.41,-122.05,-121.67,64.87,-144.59,-289.69,-44.47,104.59,-282.89
2025-08-11T18:01:30.341946,176.0,46.0,-180.0,216.0,-51.0,-222.0,83.0,-96.0,-276.0,-16.0,108.0,-293.0,181.03,22.52,-178.6,204.41,-74.05,-206.67,87.87,-109.59,-275.69,-31.47,80.59,-292.89
2025-08-11T18:01:30.350376,179.0,92.0,-183.0,172.0,-40.0,-115.0,-28.0,-159.0,-271.0,123.0,100.0,-217.0,184.03,68.52,-181.6,160.41,-63.05,-99.67,-23.13,-172.59,-270.69,107.53,72.59,-216.89
2025-08-11T18:01:30.357726,149.0,48.0,-181.0,193.0,-42.0,-154.0,97.0,-133.0,-230.0,8.0,117.0,-288.0,154.03,24.52,-179.6,181.41,-65.05,-138.67,101.87,-146.59,-229.69,-7.470000000000001,89.59,-287.89
2025-08-11T18:01:30.361950,200.0,80.0,-228.0,166.0,-56.0,-166.0,-18.0,-133.0,-242.0,38.0,32.0,-354.0,205.03,56.519999999999996,-226.6,154.41,-79.05,-150.67,-13.129999999999999,-146.59,-241.69,22.53,4.59,-353.89
2025-08-11T18:01:30.370065,117.0,78.0,-173.0,119.0,-79.0,-159.0,23.0,21.0,-272.0,1.0,124.0,-339.0,122.03,54.519999999999996,-171.6,107.41,-102.05,-143.67,27.87,7.41,-271.69,-14.47,96.59,-338.89
2025-08-11T18:01:30.374186,223.0,30.0,-294.0,182.0,-77.0,-201.0,37.0,-57.0,-193.0,23.0,114.0,-244.0,228.03,6.52,-292.6,170.41,-100.05,-185.67,41.87,-70.59,-192.69,7.529999999999999,86.59,-243.89
2025-08-11T18:01:30.382332,292.0,60.0,-175.0,188.0,-47.0,-187.0,-12.0,-129.0,-195.0,77.0,142.0,-317.0,297.03,36.519999999999996,-173.6,176.41,-70.05,-171.67,-7.13,-142.59,-194.69,61.53,114.59,-316.89
2025-08-11T18:01:30.390276,140.0,77.0,-201.0,248.0,-26.0,-198.0,-22.0,-79.0,-293.0,8.0,113.0,-261.0,145.03,53.519999999999996,-199.6,236.41,-49.05,-182.67,-17.13,-92.59,-292.69,-7.470000000000001,85.59,-260.89
2025-08-11T18:01:30.394563,194.0,34.0,-205.0,171.0,48.0,-123.0,10.0,-140.0,-234.0,-21.0,168.0,-256.0,199.03,10.52,-203.6,159.41,24.95,-107.67,14.870000000000001,-153.59,-233.69,-36.47,140.59,-255.89
2025-08-11T18:01:30.402778,138.0,81.0,-309.0,231.0,-70.0,-186.0,-23.0,-62.0,-195.0,-13.0,89.0,-342.0,143.03,57.519999999999996,-307.6,219.41,-93.05,-170.67,-18.13,-75.59,-194.69,-28.47,61.59,-341.89
2025-08-11T18:01:30.407386,185.0,19.0,-209.0,184.0,-49.0,-188.0,14.0,-124.0,-272.0,56.0,87.0,-263.0,190.03,-4.48,-207.6,172.41,-72.05,-172.67,18.87,-137.59,-271.69,40.53,59.59,-262.89
2025-08-11T18:01:30.415202,185.0,103.0,-197.0,164.0,-113.0,-172.0,120.0,-91.0,-310.0,-12.0,109.0,-301.0,190.03,79.52,-195.6,152.41,-136.05,-156.67,124.87,-104.59,-309.69,-27.47,81.59,-300.89
2025-08-11T18:01:30.419202,182.0,34.0,-169.0,199.0,-32.0,-221.0,29.0,-127.0,-269.0,15.0,81.0,-295.0,187.03,10.52,-167.6,187.41,-55.05,-205.67,33.87,-140.59,-268.69,-0.47000000000000064,53.59,-294.89
2025-08-11T18:01:30.427741,195.0,105.0,-198.0,178.0,-108.0,-163.0,7.0,-106.0,-211.0,31.0,-3.0,-288.0,200.03,81.52,-196.6,166.41,-131.05,-147.67,11.870000000000001,-119.59,-210.69,15.53,-30.41,-287.89
2025-08-11T18:01:30.435444,112.0,57.0,-191.0,141.0,-5.0,-206.0,59.0,-7.0,-279.0,-51.0,123.0,-241.0,117.03,33.519999999999996,-189.6,129.41,-28.05,-190.67,63.87,-20.59,-278.69,-66.47,95.59,-240.89
2025-08-11T18:01:30.439955,161.0,139.0,-171.0,135.0,14.0,-166.0,99.0,-86.0,-215.0,0.0,147.0,-254.0,166.03,115.52,-169.6,123.41,-9.05,-150.67,103.87,-99.59,-214.69,-15.47,119.59,-253.89
2025-08-11T18:01:30.447878,166.0,19.0,-211.0,56.0,-105.0,-184.0,42.0,-44.0,-224.0,-38.0,81.0,-293.0,171.03,-4.48,-209.6,44.41,-128.05,-168.67,46.87,-57.59,-223.69,-53.47,53.59,-292.89
2025-08-11T18:01:30.452588,232.0,-8.0,-156.0,42.0,-49.0,-148.0,-36.0,-45.0,-163.0,-7.0,58.0,-147.0,237.03,-31.48,-154.6,30.41,-72.05,-132.67,-31.13,-58.59,-162.69,-22.47,30.59,-146.89
2025-08-11T18:01:30.460217,115.0,-14.0,-197.0,106.0,-12.0,-214.0,8.0,-33.0,-173.0,-30.0,49.0,-149.0,120.03,-37.480000000000004,-195.6,94.41,-35.05,-198.67,12.870000000000001,-46.59,-172.69,-45.47,21.59,-148.89
2025-08-11T18:01:30.464549,172.0,51.0,-187.0,123.0,-87.0,-201.0,7.0,-63.0,-128.0,-21.0,141.0,-255.0,177.03,27.52,-185.6,111.41,-110.05,-185.67,11.870000000000001,-76.59,-127.69,-36.47,113.59,-254.89
2025-08-11T18:01:30.472695,181.0,83.0,-192.0,137.0,-62.0,-169.0,-59.0,-65.0,-169.0,17.0,-5.0,-269.0,186.03,59.519999999999996,-190.6,125.41,-85.05,-153.67,-54.13,-78.59,-168.69,1.5299999999999994,-32.41,-268.89
2025-08-11T18:01:30.476888,155.0,17.0,-139.0,71.0,5.0,-133.0,7.0,-77.0,-167.0,-29.0,-6.0,-197.0,160.03,-6.48,-137.6,59.41,-18.05,-117.67,11.870000000000001,-90.59,-166.69,-44.47,-33.41,-196.89
2025-08-11T18:01:30.485014,48.0,57.0,-116.0,56.0,-8.0,-100.0,-10.0,-24.0,-127.0,-47.0,18.0,-233.0,53.03,33.519999999999996,-114.6,44.41,-31.05,-84.67,-5.13,-37.59,-126.69,-62.47,-9.41,-232.89
2025-08-11T18:01:30.492803,86.0,89.0,-141.0,138.0,-34.0,-141.0,-72.0,-47.0,-155.0,-6.0,104.0,-189.0,91.03,65.52,-139.6,126.41,-57.05,-125.67,-67.13,-60.59,-154.69,-21.47,76.59,-188.89
2025-08-11T18:01:30.497194,166.0,57.0,-192.0,62.0,-38.0,-157.0,-42.0,-95.0,-143.0,-47.0,106.0,-249.0,171.03,33.519999999999996,-190.6,50.41,-61.05,-141.67,-37.13,-108.59,-142.69,-62.47,78.59,-248.89
2025-08-11T18:01:30.505028,80.0,44.0,-142.0,39.0,-26.0,-136.0,-45.0,10.0,-182.0,-51.0,72.0,-198.0,85.03,20.52,-140.6,27.41,-49.05,-120.67,-40.13,-3.59,-181.69,-66.47,44.59,-197.89
2025-08-11T18:01:30.509564,31.0,-10.0,-103.0,119.0,7.0,-97.0,-58.0,31.0,-161.0,-10.0,34.0,-210.0,36.03,-33.480000000000004,-101.6,107.41,-16.05,-81.67,-53.13,17.41,-160.69,-25.47,6.59,-209.89
2025-08-11T18:01:30.517561,22.0,-2.0,-179.0,32.0,19.0,-155.0,3.0,-37.0,-121.0,-58.0,27.0,-140.0,27.03,-25.48,-177.6,20.41,-4.050000000000001,-139.67,7.87,-50.59,-120.69,-73.47,-0.41000000000000014,-139.89
2025-08-11T18:01:30.522683,46.0,149.0,-170.0,99.0,-14.0,-105.0,-23.0,12.0,-122.0,-61.0,92.0,-110.0,51.03,125.52,-168.6,87.41,-37.05,-89.67,-18.13,-1.5899999999999999,-121.69,-76.47,64.59,-109.89
2025-08-11T18:01:30.529723,-3.0,126.0,-135.0,74.0,-34.0,-131.0,46.0,-66.0,-111.0,-17.0,72.0,-192.0,2.0300000000000002,102.52,-133.6,62.41,-57.05,-115.67,50.87,-79.59,-110.69,-32.47,44.59,-191.89
2025-08-11T18:01:30.533877,52.0,117.0,-189.0,112.0,38.0,-176.0,-90.0,-51.0,-124.0,18.0,27.0,-142.0,57.03,93.52,-187.6,100.41,14.95,-160.67,-85.13,-64.59,-123.69,2.5299999999999994,-0.41000000000000014,-141.89
2025-08-11T18:01:30.542351,90.0,16.0,-75.0,122.0,-38.0,-141.0,-83.0,-69.0,-108.0,-27.0,29.0,-125.0,95.03,-7.48,-73.6,110.41,-61.05,-125.67,-78.13,-82.59,-107.69,-42.47,1.5899999999999999,-124.89
2025-08-11T18:01:30.549999,29.0,24.0,-123.0,38.0,-4.0,-149.0,-58.0,-42.0,-149.0,-52.0,77.0,-133.0,34.03,0.5199999999999996,-121.6,26.41,-27.05,-133.67,-53.13,-55.59,-148.69,-67.47,49.59,-132.89
2025-08-11T18:01:30.555028,-3.0,102.0,-138.0,12.0,28.0,-187.0,-14.0,-45.0,-95.0,-93.0,96.0,-120.0,2.0300000000000002,78.52,-136.6,0.41000000000000014,4.949999999999999,-171.67,-9.129999999999999,-58.59,-94.69,-108.47,68.59,-119.89
2025-08-11T18:01:30.562335,-2.0,114.0,-90.0,11.0,6.0,-99.0,-28.0,-38.0,-47.0,-54.0,38.0,-131.0,3.0300000000000002,90.52,-88.6,-0.5899999999999999,-17.05,-83.67,-23.13,-51.59,-46.69,-69.47,10.59,-130.89
2025-08-11T18:01:30.567170,-1.0,95.0,-126.0,122.0,3.0,-178.0,-85.0,-3.0,-43.0,-10.0,62.0,-130.0,4.03,71.52,-124.6,110.41,-20.05,-162.67,-80.13,-16.59,-42.69,-25.47,34.59,-129.89
2025-08-11T18:01:30.574640,97.0,47.0,-149.0,-11.0,14.0,-141.0,-82.0,-2.0,-55.0,-31.0,58.0,-154.0,102.03,23.52,-147.6,-22.59,-9.05,-125.67,-77.13,-15.59,-54.69,-46.47,30.59,-153.89
2025-08-11T18:01:30.579497,-5.0,38.0,-128.0,54.0,3.0,-127.0,-51.0,-65.0,-124.0,26.0,77.0,-170.0,0.03000000000000025,14.52,-126.6,42.41,-20.05,-111.67,-46.13,-78.59,-123.69,10.53,49.59,-169.89
2025-08-11T18:01:30.586984,19.0,34.0,-124.0,88.0,-9.0,-129.0,-36.0,0.0,-169.0,-69.0,51.0,-75.0,24.03,10.52,-122.6,76.41,-32.05,-113.67,-31.13,-13.59,-168.69,-84.47,23.59,-74.89
2025-08-11T18:01:30.591736,-74.0,89.0,-87.0,61.0,-11.0,-112.0,-93.0,-64.0,-135.0,-44.0,87.0,-145.0,-68.97,65.52,-85.6,49.41,-34.05,-96.67,-88.13,-77.59,-134.69,-59.47,59.59,-144.89
2025-08-11T18:01:30.599581,24.0,36.0,-98.0,92.0,-49.0,-124.0,-67.0,-17.0,-93.0,-82.0,36.0,-205.0,29.03,12.52,-96.6,80.41,-72.05,-108.67,-62.13,-30.59,-92.69,-97.47,8.59,-204.89
2025-08-11T18:01:30.604132,97.0,87.0,-175.0,65.0,-32.0,-120.0,-93.0,-70.0,-144.0,-10.0,42.0,-93.0,102.03,63.519999999999996,-173.6,53.41,-55.05,-104.67,-88.13,-83.59,-143.69,-25.47,14.59,-92.89
2025-08-11T18:01:30.612077,12.0,-5.0,-157.0,28.0,23.0,-181.0,-30.0,-26.0,-123.0,-29.0,-4.0,-149.0,17.03,-28.48,-155.6,16.41,-0.05000000000000071,-165.67,-25.13,-39.59,-122.69,-44.47,-31.41,-148.89
2025-08-11T18:01:30.616287,31.0,20.0,-25.0,86.0,-28.0,-158.0,-72.0,-1.0,-127.0,-53.0,127.0,-128.0,36.03,-3.4800000000000004,-23.6,74.41,-51.05,-142.67,-67.13,-14.59,-126.69,-68.47,99.59,-127.89
2025-08-11T18:01:30.624157,-4.0,49.0,-58.0,2.0,31.0,-136.0,4.0,7.0,-140.0,-81.0,28.0,-114.0,1.0300000000000002,25.52,-56.6,-9.59,7.949999999999999,-120.67,8.870000000000001,-6.59,-139.69,-96.47,0.5899999999999999,-113.89
2025-08-11T18:01:30.628551,17.0,89.0,-138.0,107.0,-91.0,-116.0,-31.0,-29.0,-162.0,10.0,88.0,-54.0,22.03,65.52,-136.6,95.41,-114.05,-100.67,-26.13,-42.59,-161.69,-5.470000000000001,60.59,-53.89
2025-08-11T18:01:30.636448,-76.0,58.0,-132.0,32.0,21.0,-107.0,-79.0,-9.0,-80.0,-51.0,62.0,-167.0,-70.97,34.519999999999996,-130.6,20.41,-2.0500000000000007,-91.67,-74.13,-22.59,-79.69,-66.47,34.59,-166.89
2025-08-11T18:01:30.640991,-23.0,138.0,-214.0,30.0,-50.0,-88.0,-93.0,-26.0,-106.0,-27.0,-20.0,-166.0,-17.97,114.52,-212.6,18.41,-73.05,-72.67,-88.13,-39.59,-105.69,-42.47,-47.41,-165.89
2025-08-11T18:01:30.648857,43.0,64.0,-89.0,84.0,-17.0,-158.0,-88.0,32.0,-75.0,-45.0,14.0,-139.0,48.03,40.519999999999996,-87.6,72.41,-40.05,-142.67,-83.13,18.41,-74.69,-60.47,-13.41,-138.89
2025-08-11T18:01:30.653543,37.0,90.0,-218.0,29.0,-47.0,-132.0,-39.0,-7.0,-189.0,-59.0,68.0,-58.0,42.03,66.52,-216.6,17.41,-70.05,-116.67,-34.13,-20.59,-188.69,-74.47,40.59,-57.89
2025-08-11T18:01:30.661150,79.0,82.0,-89.0,33.0,68.0,-118.0,27.0,-1.0,-123.0,-26.0,26.0,-136.0,84.03,58.519999999999996,-87.6,21.41,44.95,-102.67,31.87,-14.59,-122.69,-41.47,-1.4100000000000001,-135.89
2025-08-11T18:01:30.668912,11.0,44.0,-119.0,-16.0,-77.0,-117.0,-22.0,-15.0,-142.0,-38.0,95.0,-123.0,16.03,20.52,-117.6,-27.59,-100.05,-101.67,-17.13,-28.59,-141.69,-53.47,67.59,-122.89
2025-08-11T18:01:30.673574,12.0,108.0,-173.0,48.0,49.0,-172.0,-57.0,-13.0,-118.0,-106.0,39.0,-108.0,17.03,84.52,-171.6,36.41,25.95,-156.67,-52.13,-26.59,-117.69,-121.47,11.59,-107.89
2025-08-11T18:01:30.681138,23.0,60.0,-223.0,145.0,2.0,-211.0,-29.0,-46.0,-75.0,7.0,17.0,-141.0,28.03,36.519999999999996,-221.6,133.41,-21.05,-195.67,-24.13,-59.59,-74.69,-8.47,-10.41,-140.89
2025-08-11T18:01:30.685670,56.0,74.0,-127.0,2.0,19.0,-128.0,-55.0,24.0,-158.0,-11.0,60.0,-89.0,61.03,50.519999999999996,-125.6,-9.59,-4.050000000000001,-112.67,-50.13,10.41,-157.69,-26.47,32.59,-88.89
2025-08-11T18:01:30.693568,82.0,92.0,-145.0,19.0,-47.0,-124.0,-53.0,-68.0,-120.0,-51.0,66.0,-97.0,87.03,68.52,-143.6,7.41,-70.05,-108.67,-48.13,-81.59,-119.69,-66.47,38.59,-96.89
2025-08-11T18:01:30.697908,57.0,56.0,-111.0,57.0,-85.0,-166.0,-92.0,-47.0,-150.0,-89.0,108.0,-14.0,62.03,32.519999999999996,-109.6,45.41,-108.05,-150.67,-87.13,-60.59,-149.69,-104.47,80.59,-13.89
2025-08-11T18:01:30.705952,-56.0,61.0,-102.0,56.0,-46.0,-134.0,39.0,14.0,-109.0,-28.0,88.0,-83.0,-50.97,37.519999999999996,-100.6,44.41,-69.05,-118.67,43.87,0.41000000000000014,-108.69,-43.47,60.59,-82.89
2025-08-11T18:01:30.710455,69.0,93.0,-104.0,39.0,49.0,-180.0,-102.0,-63.0,-146.0,-34.0,120.0,-99.0,74.03,69.52,-102.6,27.41,25.95,-164.67,-97.13,-76.59,-145.69,-49.47,92.59,-98.89
2025-08-11T18:01:30.718364,23.0,72.0,-170.0,91.0,-7.0,-86.0,-39.0,32.0,-128.0,-35.0,-17.0,-154.0,28.03,48.519999999999996,-168.6,79.41,-30.05,-70.67,-34.13,18.41,-127.69,-50.47,-44.41,-153.89
2025-08-11T18:01:30.722232,36.0,65.0,-122.0,15.0,23.0,-185.0,-65.0,-51.0,-129.0,-96.0,49.0,-145.0,41.03,41.519999999999996,-120.6,3.41,-0.05000000000000071,-169.67,-60.13,-64.59,-128.69,-111.47,21.59,-144.89
2025-08-11T18:01:30.730570,39.0,80.0,-112.0,47.0,-37.0,-170.0,-62.0,17.0,-120.0,-88.0,6.0,-110.0,44.03,56.519999999999996,-110.6,35.41,-60.05,-154.67,-57.13,3.41,-119.69,-103.47,-21.41,-109.89
2025-08-11T18:01:30.735041,48.0,59.0,-146.0,58.0,49.0,-154.0,-43.0,-56.0,-179.0,6.0,15.0,-83.0,53.03,35.519999999999996,-144.6,46.41,25.95,-138.67,-38.13,-69.59,-178.69,-9.47,-12.41,-82.89
2025-08-11T18:01:30.742870,-43.0,23.0,-91.0,81.0,-23.0,-96.0,-32.0,50.0,-94.0,-64.0,73.0,-156.0,-37.97,-0.4800000000000004,-89.6,69.41,-46.05,-80.67,-27.13,36.41,-93.69,-79.47,45.59,-155.89
2025-08-11T18:01:30.746844,68.0,127.0,-82.0,73.0,-38.0,-132.0,-50.0,-46.0,-146.0,3.0,81.0,-112.0,73.03,103.52,-80.6,61.41,-61.05,-116.67,-45.13,-59.59,-145.69,-12.47,53.59,-111.89
2025-08-11T18:01:30.754978,-1.0,62.0,-227.0,-25.0,-33.0,-140.0,-69.0,28.0,-127.0,29.0,112.0,-63.0,4.03,38.519999999999996,-225.6,-36.59,-56.05,-124.67,-64.13,14.41,-126.69,13.53,84.59,-62.89
2025-08-11T18:01:30.763075,96.0,76.0,-190.0,-17.0,12.0,-150.0,-70.0,-14.0,-201.0,-31.0,29.0,-142.0,101.03,52.519999999999996,-188.6,-28.59,-11.05,-134.67,-65.13,-27.59,-200.69,-46.47,1.5899999999999999,-141.89
2025-08-11T18:01:30.767454,88.0,87.0,-120.0,43.0,-18.0,-166.0,-16.0,-21.0,-144.0,-49.0,13.0,-54.0,93.03,63.519999999999996,-118.6,31.41,-41.05,-150.67,-11.129999999999999,-34.59,-143.69,-64.47,-14.41,-53.89
2025-08-11T18:01:30.775412,48.0,66.0,-126.0,62.0,52.0,-173.0,-88.0,-41.0,-154.0,-64.0,46.0,-164.0,53.03,42.519999999999996,-124.6,50.41,28.95,-157.67,-83.13,-54.59,-153.69,-79.47,18.59,-163.89
2025-08-11T18:01:30.779756,-3.0,41.0,-103.0,2.0,-68.0,-124.0,-43.0,-33.0,-98.0,-58.0,62.0,-147.0,2.0300000000000002,17.52,-101.6,-9.59,-91.05,-108.67,-38.13,-46.59,-97.69,-73.47,34.59,-146.89
2025-08-11T18:01:30.787720,24.0,91.0,-32.0,14.0,-31.0,-88.0,-97.0,37.0,-89.0,-170.0,-29.0,-122.0,29.03,67.52,-30.6,2.41,-54.05,-72.67,-92.13,23.41,-88.69,-185.47,-56.41,-121.89
2025-08-11T18:01:30.792691,17.0,8.0,-191.0,40.0,-48.0,-162.0,-36.0,-21.0,-108.0,-52.0,43.0,-132.0,22.03,-15.48,-189.6,28.41,-71.05,-146.67,-31.13,-34.59,-107.69,-67.47,15.59,-131.89
2025-08-11T18:01:30.800034,-6.0,160.0,-119.0,82.0,-58.0,-148.0,44.0,-1.0,-110.0,13.0,62.0,-101.0,-0.9699999999999998,136.52,-117.6,70.41,-81.05,-132.67,48.87,-14.59,-109.69,-2.4700000000000006,34.59,-100.89
2025-08-11T18:01:30.804654,87.0,83.0,-143.0,47.0,13.0,-163.0,-23.0,-72.0,-145.0,-15.0,113.0,-145.0,92.03,59.519999999999996,-141.6,35.41,-10.05,-147.67,-18.13,-85.59,-144.69,-30.47,85.59,-144.89
2025-08-11T18:01:30.812799,57.0,25.0,-62.0,14.0,-18.0,-190.0,-13.0,-97.0,-125.0,-37.0,100.0,-110.0,62.03,1.5199999999999996,-60.6,2.41,-41.05,-174.67,-8.129999999999999,-110.59,-124.69,-52.47,72.59,-109.89
2025-08-11T18:01:30.817504,-19.0,-32.0,-93.0,80.0,-48.0,-150.0,-90.0,-74.0,-90.0,10.0,140.0,-145.0,-13.969999999999999,-55.480000000000004,-91.6,68.41,-71.05,-134.67,-85.13,-87.59,-89.69,-5.470000000000001,112.59,-144.89
2025-08-11T18:01:30.824965,-8.0,91.0,-25.0,59.0,27.0,-106.0,-78.0,-45.0,-130.0,-36.0,52.0,-138.0,-2.9699999999999998,67.52,-23.6,47.41,3.9499999999999993,-90.67,-73.13,-58.59,-129.69,-51.47,24.59,-137.89
2025-08-11T18:01:30.829637,-15.0,87.0,-220.0,54.0,-5.0,-141.0,-30.0,-21.0,-164.0,-22.0,37.0,-111.0,-9.969999999999999,63.519999999999996,-218.6,42.41,-28.05,-125.67,-25.13,-34.59,-163.69,-37.47,9.59,-110.89
2025-08-11T18:01:30.837063,59.0,81.0,-96.0,81.0,-7.0,-132.0,-77.0,-33.0,-152.0,-13.0,17.0,-134.0,64.03,57.519999999999996,-94.6,69.41,-30.05,-116.67,-72.13,-46.59,-151.69,-28.47,-10.41,-133.89
2025-08-11T18:01:30.842095,6.0,34.0,-125.0,50.0,8.0,-182.0,-53.0,-24.0,-148.0,-98.0,90.0,-124.0,11.030000000000001,10.52,-123.6,38.41,-15.05,-166.67,-48.13,-37.59,-147.69,-113.47,62.59,-123.89
2025-08-11T18:01:30.849754,67.0,96.0,-71.0,43.0,-56.0,-125.0,-106.0,21.0,-121.0,-36.0,35.0,-141.0,72.03,72.52,-69.6,31.41,-79.05,-109.67,-101.13,7.41,-120.69,-51.47,7.59,-140.89
2025-08-11T18:01:30.857290,28.0,56.0,-151.0,101.0,24.0,-142.0,-17.0,-11.0,-122.0,-2.0,42.0,-154.0,33.03,32.519999999999996,-149.6,89.41,0.9499999999999993,-126.67,-12.129999999999999,-24.59,-121.69,-17.47,14.59,-153.89
2025-08-11T18:01:30.861436,57.0,89.0,-70.0,43.0,-54.0,-117.0,-19.0,20.0,-40.0,13.0,30.0,-66.0,62.03,65.52,-68.6,31.41,-77.05,-101.67,-14.129999999999999,6.41,-39.69,-2.4700000000000006,2.59,-65.89
2025-08-11T18:01:30.869535,25.0,52.0,-194.0,-4.0,37.0,-113.0,-44.0,57.0,-138.0,18.0,31.0,-91.0,30.03,28.52,-192.6,-15.59,13.95,-97.67,-39.13,43.41,-137.69,2.5299999999999994,3.59,-90.89
2025-08-11T18:01:30.874177,78.0,8.0,-189.0,54.0,40.0,-213.0,-4.0,40.0,-149.0,-37.0,2.0,-93.0,83.03,-15.48,-187.6,42.41,16.95,-197.67,0.8700000000000001,26.41,-148.69,-52.47,-25.41,-92.89
2025-08-11T18:01:30.881806,9.0,20.0,-170.0,36.0,-4.0,-157.0,-70.0,20.0,-111.0,-76.0,7.0,-92.0,14.030000000000001,-3.4800000000000004,-168.6,24.41,-27.05,-141.67,-65.13,6.41,-110.69,-91.47,-20.41,-91.89
2025-08-11T18:01:30.886479,37.0,40.0,-163.0,70.0,9.0,-117.0,-35.0,-37.0,-119.0,47.0,34.0,-103.0,42.03,16.52,-161.6,58.41,-14.05,-101.67,-30.13,-50.59,-118.69,31.53,6.59,-102.89
2025-08-11T18:01:30.894176,88.0,38.0,-130.0,-36.0,18.0,-144.0,-107.0,-62.0,-65.0,8.0,109.0,-178.0,93.03,14.52,-128.6,-47.59,-5.050000000000001,-128.67,-102.13,-75.59,-64.69,-7.470000000000001,81.59,-177.89
2025-08-11T18:01:30.898807,-25.0,103.0,-94.0,38.0,-41.0,-128.0,-76.0,-33.0,-126.0,9.0,84.0,-147.0,-19.97,79.52,-92.6,26.41,-64.05,-112.67,-71.13,-46.59,-125.69,-6.470000000000001,56.59,-146.89
2025-08-11T18:01:30.906615,22.0,28.0,-206.0,55.0,9.0,-129.0,-68.0,-47.0,-103.0,-24.0,101.0,-125.0,27.03,4.52,-204.6,43.41,-14.05,-113.67,-63.13,-60.59,-102.69,-39.47,73.59,-124.89
2025-08-11T18:01:30.910908,49.0,56.0,-90.0,-15.0,-29.0,-111.0,-80.0,-49.0,-69.0,-48.0,14.0,-62.0,54.03,32.519999999999996,-88.6,-26.59,-52.05,-95.67,-75.13,-62.59,-68.69,-63.47,-13.41,-61.89
2025-08-11T18:01:30.918807,60.0,17.0,-113.0,107.0,-41.0,-186.0,-18.0,0.0,-104.0,-5.0,79.0,-99.0,65.03,-6.48,-111.6,95.41,-64.05,-170.67,-13.129999999999999,-13.59,-103.69,-20.47,51.59,-98.89
2025-08-11T18:01:30.923021,-19.0,3.0,-116.0,65.0,63.0,-144.0,-48.0,-35.0,-129.0,-68.0,21.0,-139.0,-13.969999999999999,-20.48,-114.6,53.41,39.95,-128.67,-43.13,-48.59,-128.69,-83.47,-6.41,-138.89
2025-08-11T18:01:30.931186,-14.0,35.0,-136.0,48.0,27.0,-124.0,2.0,46.0,-133.0,-32.0,67.0,-150.0,-8.969999999999999,11.52,-134.6,36.41,3.9499999999999993,-108.67,6.87,32.41,-132.69,-47.47,39.59,-149.89
2025-08-11T18:01:30.935243,24.0,89.0,-82.0,42.0,44.0,-123.0,-113.0,-4.0,-57.0,10.0,3.0,-164.0,29.03,65.52,-80.6,30.41,20.95,-107.67,-108.13,-17.59,-56.69,-5.470000000000001,-24.41,-163.89
2025-08-11T18:01:30.943556,-16.0,57.0,-189.0,75.0,43.0,-140.0,-73.0,-56.0,-173.0,-42.0,96.0,-79.0,-10.969999999999999,33.519999999999996,-187.6,63.41,19.95,-124.67,-68.13,-69.59,-172.69,-57.47,68.59,-78.89
2025-08-11T18:01:30.947859,61.0,83.0,-154.0,73.0,8.0,-63.0,-115.0,-3.0,-143.0,-36.0,96.0,-109.0,66.03,59.519999999999996,-152.6,61.41,-15.05,-47.67,-110.13,-16.59,-142.69,-51.47,68.59,-108.89
2025-08-11T18:01:30.955826,5.0,41.0,-113.0,75.0,22.0,-97.0,-97.0,12.0,-193.0,6.0,139.0,-76.0,10.030000000000001,17.52,-111.6,63.41,-1.0500000000000007,-81.67,-92.13,-1.5899999999999999,-192.69,-9.47,111.59,-75.89
2025-08-11T18:01:30.960075,-14.0,84.0,-86.0,126.0,-43.0,-122.0,-41.0,-27.0,-69.0,-77.0,8.0,-197.0,-8.969999999999999,60.519999999999996,-84.6,114.41,-66.05,-106.67,-36.13,-40.59,-68.69,-92.47,-19.41,-196.89
2025-08-11T18:01:30.968298,9.0,51.0,-41.0,29.0,36.0,-66.0,-20.0,-62.0,-67.0,-77.0,57.0,-114.0,14.030000000000001,27.52,-39.6,17.41,12.95,-50.67,-15.129999999999999,-75.59,-66.69,-92.47,29.59,-113.89
2025-08-11T18:01:30.975998,25.0,76.0,-111.0,-12.0,43.0,-106.0,-45.0,50.0,-59.0,13.0,44.0,-116.0,30.03,52.519999999999996,-109.6,-23.59,19.95,-90.67,-40.13,36.41,-58.69,-2.4700000000000006,16.59,-115.89
2025-08-11T18:01:30.980972,12.0,105.0,-180.0,-27.0,-88.0,-115.0,-35.0,-18.0,-140.0,-32.0,4.0,-137.0,17.03,81.52,-178.6,-38.59,-111.05,-99.67,-30.13,-31.59,-139.69,-47.47,-23.41,-136.89
2025-08-11T18:01:30.988400,97.0,72.0,-99.0,11.0,-66.0,-109.0,-4.0,10.0,-104.0,-53.0,-8.0,-107.0,102.03,48.519999999999996,-97.6,-0.5899999999999999,-89.05,-93.67,0.8700000000000001,-3.59,-103.69,-68.47,-35.41,-106.89
2025-08-11T18:01:30.993024,69.0,10.0,-104.0,85.0,-4.0,-162.0,-45.0,-44.0,-152.0,-54.0,61.0,-81.0,74.03,-13.48,-102.6,73.41,-27.05,-146.67,-40.13,-57.59,-151.69,-69.47,33.59,-80.89
2025-08-11T18:01:31.000768,82.0,35.0,-181.0,41.0,-40.0,-93.0,-121.0,-8.0,-69.0,-131.0,37.0,-111.0,87.03,11.52,-179.6,29.41,-63.05,-77.67,-116.13,-21.59,-68.69,-146.47,9.59,-110.89
2025-08-11T18:01:31.005407,26.0,130.0,-117.0,38.0,5.0,-105.0,-30.0,53.0,-73.0,-25.0,67.0,-107.0,31.03,106.52,-115.6,26.41,-18.05,-89.67,-25.13,39.41,-72.69,-40.47,39.59,-106.89
2025-08-11T18:01:31.013465,41.0,123.0,-133.0,-48.0,-26.0,-166.0,-98.0,-17.0,-103.0,-15.0,69.0,-171.0,46.03,99.52,-131.6,-59.59,-49.05,-150.67,-93.13,-30.59,-102.69,-30.47,41.59,-170.89
2025-08-11T18:01:31.017818,-13.0,30.0,-128.0,11.0,19.0,-179.0,-49.0,-41.0,-137.0,24.0,73.0,-80.0,-7.97,6.52,-126.6,-0.5899999999999999,-4.050000000000001,-163.67,-44.13,-54.59,-136.69,8.53,45.59,-79.89
2025-08-11T18:01:31.025263,55.0,93.0,-203.0,34.0,12.0,-145.0,-85.0,-135.0,-97.0,-98.0,42.0,-94.0,60.03,69.52,-201.6,22.41,-11.05,-129.67,-80.13,-148.59,-96.69,-113.47,14.59,-93.89
2025-08-11T18:01:31.029982,41.0,65.0,-95.0,69.0,19.0,-108.0,-40.0,-17.0,-129.0,-74.0,77.0,-76.0,46.03,41.519999999999996,-93.6,57.41,-4.050000000000001,-92.67,-35.13,-30.59,-128.69,-89.47,49.59,-75.89
2025-08-11T18:01:31.037828,64.0,21.0,-144.0,7.0,-62.0,-126.0,-41.0,-16.0,-89.0,-86.0,73.0,-195.0,69.03,-2.4800000000000004,-142.6,-4.59,-85.05,-110.67,-36.13,-29.59,-88.69,-101.47,45.59,-194.89
2025-08-11T18:01:31.042200,30.0,71.0,-168.0,-18.0,24.0,-123.0,-41.0,-16.0,-136.0,-57.0,92.0,-95.0,35.03,47.519999999999996,-166.6,-29.59,0.9499999999999993,-107.67,-36.13,-29.59,-135.69,-72.47,64.59,-94.89
2025-08-11T18:01:31.049980,-9.0,108.0,-61.0,41.0,-61.0,-111.0,33.0,8.0,-178.0,-82.0,19.0,-129.0,-3.9699999999999998,84.52,-59.6,29.41,-84.05,-95.67,37.87,-5.59,-177.69,-97.47,-8.41,-128.89
2025-08-11T18:01:31.054962,19.0,73.0,-151.0,19.0,-28.0,-150.0,-24.0,-71.0,-146.0,-3.0,31.0,-161.0,24.03,49.519999999999996,-149.6,7.41,-51.05,-134.67,-19.13,-84.59,-145.69,-18.47,3.59,-160.89
2025-08-11T18:01:31.062604,47.0,67.0,-154.0,1.0,-35.0,-152.0,7.0,-19.0,-134.0,-38.0,61.0,-156.0,52.03,43.519999999999996,-152.6,-10.59,-58.05,-136.67,11.870000000000001,-32.59,-133.69,-53.47,33.59,-155.89
2025-08-11T18:01:31.070179,80.0,42.0,-171.0,90.0,-12.0,-175.0,-47.0,-31.0,-141.0,31.0,105.0,-143.0,85.03,18.52,-169.6,78.41,-35.05,-159.67,-42.13,-44.59,-140.69,15.53,77.59,-142.89
2025-08-11T18:01:31.074695,70.0,-1.0,-133.0,26.0,-69.0,-150.0,-53.0,37.0,-112.0,-33.0,45.0,-129.0,75.03,-24.48,-131.6,14.41,-92.05,-134.67,-48.13,23.41,-111.69,-48.47,17.59,-128.89
2025-08-11T18:01:31.079716,52.0,9.0,-83.0,75.0,4.0,-99.0,-1.0,-42.0,-65.0,-48.0,14.0,-138.0,57.03,-14.48,-81.6,63.41,-19.05,-83.67,3.87,-55.59,-64.69,-63.47,-13.41,-137.89
2025-08-11T18:01:31.086863,83.0,9.0,-96.0,70.0,-45.0,-124.0,-90.0,3.0,-105.0,4.0,87.0,-160.0,88.03,-14.48,-94.6,58.41,-68.05,-108.67,-85.13,-10.59,-104.69,-11.47,59.59,-159.89
2025-08-11T18:01:31.094923,64.0,103.0,-124.0,109.0,27.0,-171.0,-98.0,-35.0,-188.0,55.0,43.0,-175.0,69.03,79.52,-122.6,97.41,3.9499999999999993,-155.67,-93.13,-48.59,-187.69,39.53,15.59,-174.89
2025-08-11T18:01:31.099257,-56.0,84.0,-201.0,18.0,-8.0,-90.0,-59.0,-59.0,-89.0,30.0,82.0,-109.0,-50.97,60.519999999999996,-199.6,6.41,-31.05,-74.67,-54.13,-72.59,-88.69,14.53,54.59,-108.89
2025-08-11T18:01:31.107236,85.0,65.0,-153.0,60.0,49.0,-127.0,-45.0,-67.0,-129.0,-71.0,34.0,-66.0,90.03,41.519999999999996,-151.6,48.41,25.95,-111.67,-40.13,-80.59,-128.69,-86.47,6.59,-65.89
2025-08-11T18:01:31.111844,62.0,39.0,-167.0,15.0,61.0,-80.0,1.0,-27.0,-145.0,-65.0,-4.0,-129.0,67.03,15.52,-165.6,3.41,37.95,-64.67,5.87,-40.59,-144.69,-80.47,-31.41,-128.89
2025-08-11T18:01:31.119548,45.0,38.0,-164.0,53.0,-38.0,-94.0,-64.0,-8.0,-124.0,-10.0,60.0,-152.0,50.03,14.52,-162.6,41.41,-61.05,-78.67,-59.13,-21.59,-123.69,-25.47,32.59,-151.89
2025-08-11T18:01:31.124118,-8.0,68.0,-61.0,36.0,-19.0,-96.0,14.0,-30.0,-104.0,9.0,75.0,-112.0,-2.9699999999999998,44.519999999999996,-59.6,24.41,-42.05,-80.67,18.87,-43.59,-103.69,-6.470000000000001,47.59,-111.89
2025-08-11T18:01:31.131999,10.0,87.0,-128.0,17.0,14.0,-125.0,-32.0,-41.0,-114.0,-13.0,-14.0,-160.0,15.030000000000001,63.519999999999996,-126.6,5.41,-9.05,-109.67,-27.13,-54.59,-113.69,-28.47,-41.41,-159.89
2025-08-11T18:01:31.136008,53.0,50.0,-173.0,46.0,-61.0,-160.0,-34.0,-1.0,-126.0,-29.0,30.0,-120.0,58.03,26.52,-171.6,34.41,-84.05,-144.67,-29.13,-14.59,-125.69,-44.47,2.59,-119.89
2025-08-11T18:01:31.144460,15.0,88.0,-218.0,45.0,11.0,-144.0,-66.0,-33.0,-103.0,-106.0,-23.0,-75.0,20.03,64.52,-216.6,33.41,-12.05,-128.67,-61.13,-46.59,-102.69,-121.47,-50.41,-74.89
2025-08-11T18:01:31.148285,122.0,1.0,-60.0,69.0,9.0,-80.0,-42.0,-17.0,-97.0,-69.0,58.0,-146.0,127.03,-22.48,-58.6,57.41,-14.05,-64.67,-37.13,-30.59,-96.69,-84.47,30.59,-145.89
2025-08-11T18:01:31.156713,102.0,83.0,-74.0,52.0,0.0,-174.0,-40.0,17.0,-118.0,-59.0,48.0,-104.0,107.03,59.519999999999996,-72.6,40.41,-23.05,-158.67,-35.13,3.41,-117.69,-74.47,20.59,-103.89
2025-08-11T18:01:31.160939,-18.0,47.0,-115.0,21.0,-8.0,-124.0,-65.0,-11.0,-141.0,-30.0,93.0,-154.0,-12.969999999999999,23.52,-113.6,9.41,-31.05,-108.67,-60.13,-24.59,-140.69,-45.47,65.59,-153.89
2025-08-11T18:01:31.169015,16.0,96.0,-70.0,-10.0,8.0,-119.0,-9.0,-42.0,-108.0,-85.0,57.0,-154.0,21.03,72.52,-68.6,-21.59,-15.05,-103.67,-4.13,-55.59,-107.69,-100.47,29.59,-153.89
2025-08-11T18:01:31.173157,-13.0,91.0,-142.0,10.0,-5.0,-142.0,-11.0,-19.0,-95.0,-94.0,-14.0,-95.0,-7.97,67.52,-140.6,-1.5899999999999999,-28.05,-126.67,-6.13,-32.59,-94.69,-109.47,-41.41,-94.89
2025-08-11T18:01:31.181243,43.0,29.0,-114.0,128.0,-2.0,-67.0,-99.0,-34.0,-115.0,-44.0,41.0,-124.0,48.03,5.52,-112.6,116.41,-25.05,-51.67,-94.13,-47.59,-114.69,-59.47,13.59,-123.89
2025-08-11T18:01:31.185371,62.0,59.0,-145.0,31.0,-4.0,-200.0,-43.0,-4.0,-117.0,-80.0,56.0,-64.0,67.03,35.519999999999996,-143.6,19.41,-27.05,-184.67,-38.13,-17.59,-116.69,-95.47,28.59,-63.89
2025-08-11T18:01:31.193440,56.0,88.0,-77.0,85.0,72.0,-204.0,-81.0,97.0,-129.0,-136.0,56.0,-120.0,61.03,64.52,-75.6,73.41,48.95,-188.67,-76.13,83.41,-128.69,-151.47,28.59,-119.89
2025-08-11T18:01:31.201384,55.0,20.0,-109.0,-43.0,-1.0,-116.0,-114.0,-66.0,-138.0,-88.0,41.0,-158.0,60.03,-3.4800000000000004,-107.6,-54.59,-24.05,-100.67,-109.13,-79.59,-137.69,-103.47,13.59,-157.89
2025-08-11T18:01:31.205906,-55.0,117.0,-132.0,19.0,-29.0,-142.0,-15.0,-9.0,-107.0,-41.0,22.0,-148.0,-49.97,93.52,-130.6,7.41,-52.05,-126.67,-10.129999999999999,-22.59,-106.69,-56.47,-5.41,-147.89
2025-08-11T18:01:31.213545,-5.0,89.0,-105.0,96.0,52.0,-137.0,-16.0,7.0,-54.0,-22.0,86.0,-95.0,0.03000000000000025,65.52,-103.6,84.41,28.95,-121.67,-11.129999999999999,-6.59,-53.69,-37.47,58.59,-94.89
2025-08-11T18:01:31.218482,89.0,42.0,-139.0,105.0,-47.0,-167.0,-38.0,-15.0,-164.0,-59.0,0.0,-131.0,94.03,18.52,-137.6,93.41,-70.05,-151.67,-33.13,-28.59,-163.69,-74.47,-27.41,-130.89
2025-08-11T18:01:31.225857,49.0,-12.0,-189.0,25.0,-2.0,-125.0,1.0,-25.0,-98.0,-49.0,122.0,-80.0,54.03,-35.480000000000004,-187.6,13.41,-25.05,-109.67,5.87,-38.59,-97.69,-64.47,94.59,-79.89
2025-08-11T18:01:31.230687,83.0,41.0,-97.0,51.0,19.0,-114.0,-9.0,-37.0,-66.0,-40.0,117.0,-89.0,88.03,17.52,-95.6,39.41,-4.050000000000001,-98.67,-4.13,-50.59,-65.69,-55.47,89.59,-88.89
2025-08-11T18:01:31.238424,115.0,41.0,-138.0,25.0,-8.0,-34.0,-38.0,-22.0,-85.0,-105.0,84.0,-127.0,120.03,17.52,-136.6,13.41,-31.05,-18.67,-33.13,-35.59,-84.69,-120.47,56.59,-126.89
2025-08-11T18:01:31.242826,-33.0,88.0,-121.0,67.0,67.0,-213.0,-65.0,-26.0,-86.0,-30.0,3.0,-175.0,-27.97,64.52,-119.6,55.41,43.95,-197.67,-60.13,-39.59,-85.69,-45.47,-24.41,-174.89
2025-08-11T18:01:31.250403,34.0,31.0,-111.0,55.0,50.0,-136.0,-52.0,37.0,-79.0,12.0,68.0,-92.0,39.03,7.52,-109.6,43.41,26.95,-120.67,-47.13,23.41,-78.69,-3.4700000000000006,40.59,-91.89
2025-08-11T18:01:31.254882,52.0,116.0,-126.0,25.0,11.0,-153.0,4.0,41.0,-139.0,-56.0,45.0,-105.0,57.03,92.52,-124.6,13.41,-12.05,-137.67,8.870000000000001,27.41,-138.69,-71.47,17.59,-104.89
2025-08-11T18:01:31.262972,29.0,15.0,-134.0,43.0,81.0,-44.0,-53.0,-74.0,-90.0,-73.0,82.0,-71.0,34.03,-8.48,-132.6,31.41,57.95,-28.67,-48.13,-87.59,-89.69,-88.47,54.59,-70.89
2025-08-11T18:01:31.267088,96.0,-9.0,-132.0,20.0,-24.0,-159.0,-2.0,-27.0,-92.0,-25.0,92.0,-108.0,101.03,-32.480000000000004,-130.6,8.41,-47.05,-143.67,2.87,-40.59,-91.69,-40.47,64.59,-107.89
2025-08-11T18:01:31.275087,48.0,-32.0,-110.0,38.0,50.0,-119.0,-1.0,-57.0,-84.0,31.0,121.0,-155.0,53.03,-55.480000000000004,-108.6,26.41,26.95,-103.67,3.87,-70.59,-83.69,15.53,93.59,-154.89
2025-08-11T18:01:31.279884,53.0,99.0,-92.0,3.0,68.0,-122.0,-62.0,-29.0,-102.0,-20.0,14.0,-144.0,58.03,75.52,-90.6,-8.59,44.95,-106.67,-57.13,-42.59,-101.69,-35.47,-13.41,-143.89
2025-08-11T18:01:31.287999,7.0,10.0,-121.0,83.0,-39.0,-92.0,-31.0,-56.0,-109.0,-14.0,66.0,-93.0,12.030000000000001,-13.48,-119.6,71.41,-62.05,-76.67,-26.13,-69.59,-108.69,-29.47,38.59,-92.89
2025-08-11T18:01:31.291653,75.0,80.0,-112.0,62.0,-8.0,-133.0,-63.0,-75.0,-97.0,-97.0,41.0,-95.0,80.03,56.519999999999996,-110.6,50.41,-31.05,-117.67,-58.13,-88.59,-96.69,-112.47,13.59,-94.89
2025-08-11T18:01:31.299754,61.0,31.0,-108.0,50.0,64.0,-79.0,-25.0,55.0,-103.0,20.0,91.0,-72.0,66.03,7.52,-106.6,38.41,40.95,-63.67,-20.13,41.41,-102.69,4.529999999999999,63.59,-71.89
2025-08-11T18:01:31.304850,63.0,56.0,-76.0,53.0,3.0,-103.0,-24.0,-21.0,-112.0,-51.0,-30.0,-99.0,68.03,32.519999999999996,-74.6,41.41,-20.05,-87.67,-19.13,-34.59,-111.69,-66.47,-57.41,-98.89
2025-08-11T18:01:31.312286,-47.0,47.0,-67.0,18.0,29.0,-35.0,47.0,-4.0,-1.0,-37.0,8.0,-105.0,-41.97,23.52,-65.6,6.41,5.949999999999999,-19.67,51.87,-17.59,-0.69,-52.47,-19.41,-104.89
2025-08-11T18:01:31.317391,-23.0,15.0,-85.0,21.0,-19.0,-67.0,-26.0,-15.0,-67.0,47.0,91.0,-64.0,-17.97,-8.48,-83.6,9.41,-42.05,-51.67,-21.13,-28.59,-66.69,31.53,63.59,-63.89
2025-08-11T18:01:31.324475,7.0,22.0,-20.0,33.0,52.0,-125.0,-55.0,54.0,-118.0,-108.0,71.0,-82.0,12.030000000000001,-1.4800000000000004,-18.6,21.41,28.95,-109.67,-50.13,40.41,-117.69,-123.47,43.59,-81.89
2025-08-11T18:01:31.329617,-57.0,95.0,-88.0,63.0,67.0,-85.0,-25.0,33.0,-111.0,44.0,-24.0,-133.0,-51.97,71.52,-86.6,51.41,43.95,-69.67,-20.13,19.41,-110.69,28.53,-51.41,-132.89
2025-08-11T18:01:31.337133,36.0,103.0,-75.0,93.0,40.0,-128.0,5.0,-23.0,-96.0,-1.0,88.0,-122.0,41.03,79.52,-73.6,81.41,16.95,-112.67,9.870000000000001,-36.59,-95.69,-16.47,60.59,-121.89
2025-08-11T18:01:31.341610,8.0,12.0,-181.0,91.0,51.0,-75.0,-68.0,49.0,-42.0,-46.0,24.0,-75.0,13.030000000000001,-11.48,-179.6,79.41,27.95,-59.67,-63.13,35.41,-41.69,-61.47,-3.41,-74.89
2025-08-11T18:01:31.349171,30.0,15.0,-99.0,3.0,-21.0,-85.0,2.0,25.0,-60.0,-6.0,21.0,-81.0,35.03,-8.48,-97.6,-8.59,-44.05,-69.67,6.87,11.41,-59.69,-21.47,-6.41,-80.89
2025-08-11T18:01:31.353989,76.0,12.0,-57.0,3.0,25.0,-80.0,-30.0,-33.0,-93.0,-87.0,136.0,-85.0,81.03,-11.48,-55.6,-8.59,1.9499999999999993,-64.67,-25.13,-46.59,-92.69,-102.47,108.59,-84.89
2025-08-11T18:01:31.361094,-12.0,-28.0,-27.0,-1.0,12.0,-87.0,-73.0,18.0,-42.0,6.0,70.0,-118.0,-6.97,-51.480000000000004,-25.6,-12.59,-11.05,-71.67,-68.13,4.41,-41.69,-9.47,42.59,-117.89
2025-08-11T18:01:31.365863,38.0,-4.0,-152.0,35.0,58.0,-75.0,-3.0,-44.0,-45.0,21.0,28.0,-132.0,43.03,-27.48,-150.6,23.41,34.95,-59.67,1.87,-57.59,-44.69,5.529999999999999,0.5899999999999999,-131.89
2025-08-11T18:01:31.373667,-42.0,32.0,-46.0,27.0,75.0,-117.0,-33.0,20.0,-47.0,11.0,-44.0,-141.0,-36.97,8.52,-44.6,15.41,51.95,-101.67,-28.13,6.41,-46.69,-4.470000000000001,-71.41,-140.89
2025-08-11T18:01:31.378494,46.0,123.0,-137.0,11.0,30.0,-76.0,-65.0,72.0,-43.0,-22.0,8.0,-70.0,51.03,99.52,-135.6,-0.5899999999999999,6.949999999999999,-60.67,-60.13,58.41,-42.69,-37.47,-19.41,-69.89
2025-08-11T18:01:31.385919,62.0,104.0,-41.0,48.0,20.0,-105.0,-37.0,48.0,-50.0,-57.0,-13.0,-75.0,67.03,80.52,-39.6,36.41,-3.0500000000000007,-89.67,-32.13,34.41,-49.69,-72.47,-40.41,-74.89
2025-08-11T18:01:31.390786,54.0,-3.0,-111.0,28.0,45.0,-102.0,86.0,44.0,-52.0,-31.0,-5.0,-55.0,59.03,-26.48,-109.6,16.41,21.95,-86.67,90.87,30.41,-51.69,-46.47,-32.41,-54.89
2025-08-11T18:01:31.398061,14.0,1.0,-109.0,-25.0,32.0,-89.0,41.0,13.0,-66.0,-15.0,52.0,-56.0,19.03,-22.48,-107.6,-36.59,8.95,-73.67,45.87,-0.5899999999999999,-65.69,-30.47,24.59,-55.89
2025-08-11T18:01:31.402091,16.0,-14.0,-46.0,30.0,-1.0,-96.0,18.0,-6.0,-40.0,16.0,34.0,-68.0,21.03,-37.480000000000004,-44.6,18.41,-24.05,-80.67,22.87,-19.59,-39.69,0.5299999999999994,6.59,-67.89
2025-08-11T18:01:31.410399,105.0,-43.0,-99.0,24.0,5.0,-92.0,-36.0,-9.0,-34.0,39.0,94.0,-66.0,110.03,-66.48,-97.6,12.41,-18.05,-76.67,-31.13,-22.59,-33.69,23.53,66.59,-65.89
2025-08-11T18:01:31.414583,3.0,-63.0,-12.0,27.0,-6.0,-49.0,6.0,-37.0,-89.0,-21.0,91.0,-23.0,8.030000000000001,-86.48,-10.6,15.41,-29.05,-33.67,10.870000000000001,-50.59,-88.69,-36.47,63.59,-22.89
2025-08-11T18:01:31.422606,-53.0,-18.0,-55.0,-56.0,47.0,-46.0,-39.0,0.0,-97.0,8.0,16.0,-60.0,-47.97,-41.480000000000004,-53.6,-67.59,23.95,-30.67,-34.13,-13.59,-96.69,-7.470000000000001,-11.41,-59.89
2025-08-11T18:01:31.427261,56.0,21.0,-48.0,18.0,-6.0,-33.0,-2.0,15.0,-71.0,-45.0,77.0,-94.0,61.03,-2.4800000000000004,-46.6,6.41,-29.05,-17.67,2.87,1.4100000000000001,-70.69,-60.47,49.59,-93.89
2025-08-11T18:01:31.435006,-13.0,2.0,-102.0,5.0,37.0,-77.0,14.0,-36.0,-57.0,-5.0,83.0,-59.0,-7.97,-21.48,-100.6,-6.59,13.95,-61.67,18.87,-49.59,-56.69,-20.47,55.59,-58.89
2025-08-11T18:01:31.439317,-5.0,75.0,-51.0,27.0,11.0,-82.0,0.0,-7.0,5.0,27.0,-9.0,-113.0,0.03000000000000025,51.519999999999996,-49.6,15.41,-12.05,-66.67,4.87,-20.59,5.31,11.53,-36.41,-112.89
2025-08-11T18:01:31.447142,68.0,-16.0,-64.0,14.0,3.0,-42.0,-50.0,-54.0,-12.0,-17.0,92.0,-90.0,73.03,-39.480000000000004,-62.6,2.41,-20.05,-26.67,-45.13,-67.59,-11.69,-32.47,64.59,-89.89
2025-08-11T18:01:31.451257,59.0,62.0,-56.0,38.0,73.0,-95.0,-61.0,-6.0,-23.0,11.0,-10.0,-110.0,64.03,38.519999999999996,-54.6,26.41,49.95,-79.67,-56.13,-19.59,-22.69,-4.470000000000001,-37.41,-109.89
2025-08-11T18:01:31.459809,45.0,100.0,-39.0,70.0,17.0,-84.0,-45.0,55.0,-45.0,13.0,-11.0,-86.0,50.03,76.52,-37.6,58.41,-6.050000000000001,-68.67,-40.13,41.41,-44.69,-2.4700000000000006,-38.41,-85.89
2025-08-11T18:01:31.463536,-4.0,105.0,-94.0,-2.0,-14.0,-38.0,-58.0,-15.0,-72.0,-47.0,37.0,-59.0,1.0300000000000002,81.52,-92.6,-13.59,-37.05,-22.67,-53.13,-28.59,-71.69,-62.47,9.59,-58.89
2025-08-11T18:01:31.471609,16.0,74.0,-66.0,47.0,13.0,-99.0,7.0,77.0,-78.0,32.0,-5.0,-50.0,21.03,50.519999999999996,-64.6,35.41,-10.05,-83.67,11.870000000000001,63.41,-77.69,16.53,-32.41,-49.89
2025-08-11T18:01:31.476223,-27.0,129.0,0.0,-23.0,14.0,-26.0,-12.0,58.0,-88.0,-53.0,95.0,-63.0,-21.97,105.52,1.4,-34.59,-9.05,-10.67,-7.13,44.41,-87.69,-68.47,67.59,-62.89
2025-08-11T18:01:31.484053,38.0,65.0,-109.0,-53.0,-68.0,-85.0,-18.0,-10.0,-88.0,-70.0,55.0,-129.0,43.03,41.519999999999996,-107.6,-64.59,-91.05,-69.67,-13.129999999999999,-23.59,-87.69,-85.47,27.59,-128.89
2025-08-11T18:01:31.488474,17.0,18.0,-75.0,56.0,46.0,-84.0,10.0,29.0,-76.0,-7.0,83.0,-42.0,22.03,-5.48,-73.6,44.41,22.95,-68.67,14.870000000000001,15.41,-75.69,-22.47,55.59,-41.89
2025-08-11T18:01:31.496359,32.0,90.0,-88.0,49.0,17.0,-64.0,-73.0,29.0,-33.0,64.0,33.0,-55.0,37.03,66.52,-86.6,37.41,-6.050000000000001,-48.67,-68.13,15.41,-32.69,48.53,5.59,-54.89
2025-08-11T18:01:31.500878,43.0,-5.0,-30.0,75.0,-36.0,-116.0,-43.0,15.0,-26.0,25.0,-27.0,-56.0,48.03,-28.48,-28.6,63.41,-59.05,-100.67,-38.13,1.4100000000000001,-25.69,9.53,-54.41,-55.89
2025-08-11T18:01:31.508531,46.0,17.0,-39.0,2.0,9.0,-62.0,-6.0,39.0,-55.0,-1.0,13.0,-21.0,51.03,-6.48,-37.6,-9.59,-14.05,-46.67,-1.13,25.41,-54.69,-16.47,-14.41,-20.89
2025-08-11T18:01:31.513731,23.0,46.0,-83.0,-14.0,-21.0,-44.0,-1.0,105.0,-18.0,53.0,30.0,-59.0,28.03,22.52,-81.6,-25.59,-44.05,-28.67,3.87,91.41,-17.69,37.53,2.59,-58.89
2025-08-11T18:01:31.520936,45.0,51.0,24.0,-20.0,23.0,-63.0,-18.0,-27.0,-28.0,-52.0,3.0,-6.0,50.03,27.52,25.4,-31.59,-0.05000000000000071,-47.67,-13.129999999999999,-40.59,-27.69,-67.47,-24.41,-5.89
2025-08-11T18:01:31.525235,-19.0,15.0,24.0,26.0,28.0,-34.0,-67.0,63.0,-78.0,-33.0,97.0,-27.0,-13.969999999999999,-8.48,25.4,14.41,4.949999999999999,-18.67,-62.13,49.41,-77.69,-48.47,69.59,-26.89
2025-08-11T18:01:31.532994,-6.0,81.0,-32.0,-59.0,11.0,-45.0,-17.0,27.0,-44.0,-1.0,90.0,-53.0,-0.9699999999999998,57.519999999999996,-30.6,-70.59,-12.05,-29.67,-12.129999999999999,13.41,-43.69,-16.47,62.59,-52.89
2025-08-11T18:01:31.537639,-64.0,50.0,26.0,14.0,53.0,-29.0,-12.0,15.0,-41.0,-4.0,126.0,43.0,-58.97,26.52,27.4,2.41,29.95,-13.67,-7.13,1.4100000000000001,-40.69,-19.47,98.59,43.11
2025-08-11T18:01:31.545472,-6.0,37.0,-73.0,-9.0,-19.0,-71.0,-13.0,9.0,-33.0,21.0,39.0,-30.0,-0.9699999999999998,13.52,-71.6,-20.59,-42.05,-55.67,-8.129999999999999,-4.59,-32.69,5.529999999999999,11.59,-29.89
2025-08-11T18:01:31.549598,-45.0,19.0,9.0,47.0,9.0,-53.0,-64.0,30.0,21.0,28.0,-1.0,-71.0,-39.97,-4.48,10.4,35.41,-14.05,-37.67,-59.13,16.41,21.31,12.53,-28.41,-70.89
2025-08-11T18:01:31.553994,-94.0,22.0,-32.0,-5.0,74.0,-92.0,-4.0,-79.0,32.0,31.0,3.0,-62.0,-88.97,-1.4800000000000004,-30.6,-16.59,50.95,-76.67,0.8700000000000001,-92.59,32.31,15.53,-24.41,-61.89
2025-08-11T18:01:31.561960,-50.0,93.0,-36.0,8.0,53.0,-48.0,26.0,0.0,-5.0,-18.0,53.0,-21.0,-44.97,69.52,-34.6,-3.59,29.95,-32.67,30.87,-13.59,-4.69,-33.47,25.59,-20.89
2025-08-11T18:01:31.566264,-3.0,53.0,-23.0,-3.0,3.0,-88.0,31.0,45.0,-5.0,-51.0,23.0,-54.0,2.0300000000000002,29.52,-21.6,-14.59,-20.05,-72.67,35.87,31.41,-4.69,-66.47,-4.41,-53.89
2025-08-11T18:01:31.574290,1.0,92.0,-25.0,-16.0,23.0,-51.0,-43.0,35.0,-2.0,2.0,65.0,-102.0,6.03,68.52,-23.6,-27.59,-0.05000000000000071,-35.67,-38.13,21.41,-1.69,-13.47,37.59,-101.89
2025-08-11T18:01:31.579078,-5.0,69.0,43.0,30.0,8.0,-59.0,-18.0,59.0,-9.0,4.0,-24.0,-65.0,0.03000000000000025,45.519999999999996,44.4,18.41,-15.05,-43.67,-13.129999999999999,45.41,-8.69,-11.47,-51.41,-64.89
2025-08-11T18:01:31.586547,37.0,86.0,-80.0,-4.0,-41.0,-102.0,-75.0,53.0,-73.0,18.0,58.0,-73.0,42.03,62.519999999999996,-78.6,-15.59,-64.05,-86.67,-70.13,39.41,-72.69,2.5299999999999994,30.59,-72.89
2025-08-11T18:01:31.590638,11.0,81.0,-137.0,-43.0,43.0,-87.0,-70.0,10.0,-31.0,31.0,39.0,-63.0,16.03,57.519999999999996,-135.6,-54.59,19.95,-71.67,-65.13,-3.59,-30.69,15.53,11.59,-62.89
2025-08-11T18:01:31.598814,-40.0,69.0,2.0,34.0,100.0,-38.0,-8.0,29.0,-36.0,-9.0,39.0,-55.0,-34.97,45.519999999999996,3.4,22.41,76.95,-22.67,-3.13,15.41,-35.69,-24.47,11.59,-54.89
2025-08-11T18:01:31.602857,-5.0,64.0,-36.0,11.0,-17.0,-67.0,-27.0,9.0,-59.0,54.0,8.0,2.0,0.03000000000000025,40.519999999999996,-34.6,-0.5899999999999999,-40.05,-51.67,-22.13,-4.59,-58.69,38.53,-19.41,2.11
2025-08-11T18:01:31.611075,62.0,34.0,-78.0,-32.0,31.0,-62.0,-33.0,56.0,-88.0,-37.0,-51.0,-24.0,67.03,10.52,-76.6,-43.59,7.949999999999999,-46.67,-28.13,42.41,-87.69,-52.47,-78.41,-23.89
2025-08-11T18:01:31.615285,31.0,54.0,-32.0,-21.0,36.0,-35.0,-105.0,39.0,-23.0,-4.0,107.0,-33.0,36.03,30.52,-30.6,-32.59,12.95,-19.67,-100.13,25.41,-22.69,-19.47,79.59,-32.89
2025-08-11T18:01:31.623598,-55.0,58.0,-59.0,-41.0,-4.0,-100.0,-28.0,2.0,-48.0,-27.0,65.0,-58.0,-49.97,34.519999999999996,-57.6,-52.59,-27.05,-84.67,-23.13,-11.59,-47.69,-42.47,37.59,-57.89
2025-08-11T18:01:31.627878,-81.0,-23.0,-68.0,25.0,15.0,-36.0,22.0,41.0,-20.0,6.0,59.0,-12.0,-75.97,-46.480000000000004,-66.6,13.41,-8.05,-20.67,26.87,27.41,-19.69,-9.47,31.59,-11.89
2025-08-11T18:01:31.635644,18.0,-67.0,2.0,13.0,-28.0,-30.0,12.0,53.0,-68.0,46.0,64.0,-28.0,23.03,-90.48,3.4,1.4100000000000001,-51.05,-14.67,16.87,39.41,-67.69,30.53,36.59,-27.89
2025-08-11T18:01:31.640194,-64.0,-22.0,35.0,-10.0,46.0,1.0,-12.0,-10.0,-3.0,12.0,60.0,-49.0,-58.97,-45.480000000000004,36.4,-21.59,22.95,16.33,-7.13,-23.59,-2.69,-3.4700000000000006,32.59,-48.89
2025-08-11T18:01:31.647845,15.0,69.0,-30.0,24.0,14.0,-10.0,35.0,-23.0,-4.0,40.0,46.0,-49.0,20.03,45.519999999999996,-28.6,12.41,-9.05,5.33,39.87,-36.59,-3.69,24.53,18.59,-48.89
2025-08-11T18:01:31.652085,-17.0,90.0,-30.0,-29.0,-10.0,-44.0,14.0,77.0,-11.0,-17.0,3.0,-45.0,-11.969999999999999,66.52,-28.6,-40.59,-33.05,-28.67,18.87,63.41,-10.69,-32.47,-24.41,-44.89
2025-08-11T18:01:31.660112,3.0,73.0,-51.0,32.0,61.0,-58.0,-70.0,62.0,-47.0,-98.0,20.0,-64.0,8.030000000000001,49.519999999999996,-49.6,20.41,37.95,-42.67,-65.13,48.41,-46.69,-113.47,-7.41,-63.89
2025-08-11T18:01:31.664610,-2.0,-4.0,-94.0,-5.0,47.0,-6.0,-35.0,-46.0,-38.0,-26.0,13.0,1.0,3.0300000000000002,-27.48,-92.6,-16.59,23.95,9.33,-30.13,-59.59,-37.69,-41.47,-14.41,1.11
2025-08-11T18:01:31.672392,54.0,0.0,-85.0,-24.0,-26.0,-8.0,15.0,93.0,-47.0,1.0,-12.0,-82.0,59.03,-23.48,-83.6,-35.59,-49.05,7.33,19.87,79.41,-46.69,-14.47,-39.41,-81.89
2025-08-11T18:01:31.676567,103.0,14.0,-24.0,9.0,74.0,1.0,19.0,92.0,-79.0,-51.0,21.0,-45.0,108.03,-9.48,-22.6,-2.59,50.95,16.33,23.87,78.41,-78.69,-66.47,-6.41,-44.89
2025-08-11T18:01:31.684806,39.0,122.0,-57.0,-6.0,22.0,-30.0,51.0,72.0,25.0,-6.0,54.0,33.0,44.03,98.52,-55.6,-17.59,-1.0500000000000007,-14.67,55.87,58.41,25.31,-21.47,26.59,33.11
2025-08-11T18:01:31.689192,39.0,6.0,13.0,9.0,31.0,-25.0,-16.0,8.0,-83.0,22.0,73.0,10.0,44.03,-17.48,14.4,-2.59,7.949999999999999,-9.67,-11.129999999999999,-5.59,-82.69,6.529999999999999,45.59,10.11
2025-08-11T18:01:31.696832,2.0,31.0,-23.0,-11.0,61.0,-76.0,7.0,61.0,-31.0,10.0,51.0,-6.0,7.03,7.52,-21.6,-22.59,37.95,-60.67,11.870000000000001,47.41,-30.69,-5.470000000000001,23.59,-5.89
2025-08-11T18:01:31.701486,40.0,29.0,-58.0,21.0,-18.0,-81.0,52.0,66.0,-73.0,-31.0,104.0,-7.0,45.03,5.52,-56.6,9.41,-41.05,-65.67,56.87,52.41,-72.69,-46.47,76.59,-6.89
2025-08-11T18:01:31.709135,-14.0,-9.0,-19.0,-36.0,6.0,-36.0,-36.0,-66.0,-11.0,23.0,69.0,-75.0,-8.969999999999999,-32.480000000000004,-17.6,-47.59,-17.05,-20.67,-31.13,-79.59,-10.69,7.529999999999999,41.59,-74.89
2025-08-11T18:01:31.714287,28.0,25.0,-54.0,12.0,22.0,-38.0,-4.0,-21.0,-13.0,-58.0,114.0,-71.0,33.03,1.5199999999999996,-52.6,0.41000000000000014,-1.0500000000000007,-22.67,0.8700000000000001,-34.59,-12.69,-73.47,86.59,-70.89
2025-08-11T18:01:31.721431,-26.0,-3.0,-54.0,-1.0,31.0,-22.0,-52.0,17.0,23.0,67.0,40.0,10.0,-20.97,-26.48,-52.6,-12.59,7.949999999999999,-6.67,-47.13,3.41,23.31,51.53,12.59,10.11
2025-08-11T18:01:31.725725,-54.0,-6.0,56.0,-1.0,-9.0,-8.0,-52.0,97.0,8.0,4.0,21.0,-48.0,-48.97,-29.48,57.4,-12.59,-32.05,7.33,-47.13,83.41,8.31,-11.47,-6.41,-47.89
2025-08-11T18:01:31.730747,-30.0,-5.0,-2.0,68.0,-17.0,31.0,-46.0,77.0,3.0,20.0,41.0,-105.0,-24.97,-28.48,-0.6000000000000001,56.41,-40.05,46.33,-41.13,63.41,3.31,4.529999999999999,13.59,-104.89
2025-08-11T18:01:31.738353,-35.0,35.0,9.0,64.0,38.0,-70.0,-20.0,32.0,21.0,-43.0,14.0,-31.0,-29.97,11.52,10.4,52.41,14.95,-54.67,-15.129999999999999,18.41,21.31,-58.47,-13.41,-30.89
2025-08-11T18:01:31.742957,-64.0,-5.0,35.0,-31.0,69.0,-70.0,47.0,7.0,-26.0,-22.0,20.0,-64.0,-58.97,-28.48,36.4,-42.59,45.95,-54.67,51.87,-6.59,-25.69,-37.47,-7.41,-63.89
2025-08-11T18:01:31.750300,-24.0,83.0,-39.0,-6.0,60.0,-2.0,36.0,108.0,-53.0,20.0,51.0,-20.0,-18.97,59.519999999999996,-37.6,-17.59,36.95,13.33,40.87,94.41,-52.69,4.529999999999999,23.59,-19.89
2025-08-11T18:01:31.755207,20.0,82.0,-53.0,-59.0,14.0,-86.0,10.0,59.0,-64.0,-18.0,-32.0,31.0,25.03,58.519999999999996,-51.6,-70.59,-9.05,-70.67,14.870000000000001,45.41,-63.69,-33.47,-59.41,31.11
2025-08-11T18:01:31.762838,17.0,28.0,-25.0,7.0,69.0,-47.0,29.0,0.0,-15.0,-10.0,7.0,16.0,22.03,4.52,-23.6,-4.59,45.95,-31.67,33.87,-13.59,-14.69,-25.47,-20.41,16.11
2025-08-11T18:01:31.767107,-45.0,115.0,-36.0,38.0,53.0,-62.0,30.0,38.0,-16.0,-24.0,19.0,49.0,-39.97,91.52,-34.6,26.41,29.95,-46.67,34.87,24.41,-15.69,-39.47,-8.41,49.11
2025-08-11T18:01:31.774739,37.0,61.0,-74.0,-10.0,49.0,-30.0,-38.0,15.0,8.0,35.0,69.0,-36.0,42.03,37.519999999999996,-72.6,-21.59,25.95,-14.67,-33.13,1.4100000000000001,8.31,19.53,41.59,-35.89
2025-08-11T18:01:31.779283,23.0,39.0,-48.0,17.0,23.0,-51.0,33.0,5.0,-54.0,-34.0,26.0,35.0,28.03,15.52,-46.6,5.41,-0.05000000000000071,-35.67,37.87,-8.59,-53.69,-49.47,-1.4100000000000001,35.11
2025-08-11T18:01:31.787071,32.0,58.0,44.0,81.0,-1.0,-73.0,-39.0,2.0,-20.0,-32.0,2.0,-41.0,37.03,34.519999999999996,45.4,69.41,-24.05,-57.67,-34.13,-11.59,-19.69,-47.47,-25.41,-40.89
2025-08-11T18:01:31.792336,-5.0,54.0,-18.0,28.0,24.0,-29.0,0.0,-2.0,0.0,30.0,28.0,-80.0,0.03000000000000025,30.52,-16.6,16.41,0.9499999999999993,-13.67,4.87,-15.59,0.31,14.53,0.5899999999999999,-79.89
2025-08-11T18:01:31.799517,26.0,15.0,-83.0,-13.0,-17.0,-28.0,27.0,15.0,-26.0,-16.0,94.0,-102.0,31.03,-8.48,-81.6,-24.59,-40.05,-12.67,31.87,1.4100000000000001,-25.69,-31.47,66.59,-101.89
2025-08-11T18:01:31.803774,1.0,5.0,-22.0,56.0,51.0,-43.0,-14.0,-5.0,42.0,-29.0,55.0,-2.0,6.03,-18.48,-20.6,44.41,27.95,-27.67,-9.129999999999999,-18.59,42.31,-44.47,27.59,-1.89
2025-08-11T18:01:31.811597,53.0,-7.0,39.0,-2.0,3.0,-22.0,0.0,54.0,-51.0,-2.0,97.0,-30.0,58.03,-30.48,40.4,-13.59,-20.05,-6.67,4.87,40.41,-50.69,-17.47,69.59,-29.89
2025-08-11T18:01:31.815886,17.0,-33.0,-92.0,-27.0,-27.0,24.0,-60.0,-47.0,-10.0,5.0,67.0,-38.0,22.03,-56.480000000000004,-90.6,-38.59,-50.05,39.33,-55.13,-60.59,-9.69,-10.47,39.59,-37.89
2025-08-11T18:01:31.823811,64.0,70.0,20.0,-3.0,62.0,-37.0,-43.0,11.0,29.0,3.0,47.0,-7.0,69.03,46.519999999999996,21.4,-14.59,38.95,-21.67,-38.13,-2.59,29.31,-12.47,19.59,-6.89
2025-08-11T18:01:31.828487,6.0,-14.0,49.0,73.0,-29.0,-48.0,-74.0,-19.0,33.0,36.0,-22.0,-55.0,11.030000000000001,-37.480000000000004,50.4,61.41,-52.05,-32.67,-69.13,-32.59,33.31,20.53,-49.41,-54.89
2025-08-11T18:01:31.836379,12.0,-47.0,56.0,-24.0,48.0,-13.0,-39.0,-22.0,-27.0,48.0,48.0,-5.0,17.03,-70.48,57.4,-35.59,24.95,2.33,-34.13,-35.59,-26.69,32.53,20.59,-4.89
2025-08-11T18:01:31.840466,-18.0,47.0,-22.0,-32.0,69.0,-8.0,15.0,80.0,-62.0,24.0,25.0,5.0,-12.969999999999999,23.52,-20.6,-43.59,45.95,7.33,19.87,66.41,-61.69,8.53,-2.41,5.11
2025-08-11T18:01:31.848514,-51.0,60.0,24.0,61.0,30.0,-71.0,28.0,55.0,-40.0,-22.0,15.0,19.0,-45.97,36.519999999999996,25.4,49.41,6.949999999999999,-55.67,32.87,41.41,-39.69,-37.47,-12.41,19.11
2025-08-11T18:01:31.853035,-67.0,74.0,-92.0,25.0,8.0,-42.0,10.0,7.0,-43.0,-7.0,44.0,7.0,-61.97,50.519999999999996,-90.6,13.41,-15.05,-26.67,14.870000000000001,-6.59,-42.69,-22.47,16.59,7.11
2025-08-11T18:01:31.860929,-81.0,24.0,-36.0,-1.0,22.0,-67.0,-12.0,-7.0,-26.0,39.0,23.0,-14.0,-75.97,0.5199999999999996,-34.6,-12.59,-1.0500000000000007,-51.67,-7.13,-20.59,-25.69,23.53,-4.41,-13.89
2025-08-11T18:01:31.865122,-48.0,83.0,-42.0,-19.0,13.0,-97.0,-54.0,47.0,-35.0,-24.0,68.0,-1.0,-42.97,59.519999999999996,-40.6,-30.59,-10.05,-81.67,-49.13,33.41,-34.69,-39.47,40.59,-0.89
2025-08-11T18:01:31.873108,-41.0,37.0,28.0,-36.0,15.0,-45.0,5.0,-47.0,67.0,34.0,43.0,-53.0,-35.97,13.52,29.4,-47.59,-8.05,-29.67,9.870000000000001,-60.59,67.31,18.53,15.59,-52.89
2025-08-11T18:01:31.877238,-101.0,88.0,-69.0,57.0,-41.0,-82.0,-49.0,27.0,-28.0,-35.0,55.0,-53.0,-95.97,64.52,-67.6,45.41,-64.05,-66.67,-44.13,13.41,-27.69,-50.47,27.59,-52.89
2025-08-11T18:01:31.882080,-7.0,47.0,-9.0,68.0,56.0,-14.0,-33.0,5.0,2.0,29.0,5.0,-95.0,-1.9699999999999998,23.52,-7.6,56.41,32.95,1.33,-28.13,-8.59,2.31,13.53,-22.41,-94.89
2025-08-11T18:01:31.889480,34.0,139.0,-44.0,-43.0,-62.0,33.0,13.0,60.0,-30.0,-42.0,40.0,-69.0,39.03,115.52,-42.6,-54.59,-85.05,48.33,17.87,46.41,-29.69,-57.47,12.59,-68.89
2025-08-11T18:01:31.893839,21.0,0.0,-28.0,-2.0,29.0,19.0,-61.0,27.0,-71.0,33.0,59.0,1.0,26.03,-23.48,-26.6,-13.59,5.949999999999999,34.33,-56.13,13.41,-70.69,17.53,31.59,1.11
2025-08-11T18:01:31.901851,-3.0,18.0,-53.0,75.0,7.0,-35.0,-59.0,35.0,53.0,29.0,83.0,-2.0,2.0300000000000002,-5.48,-51.6,63.41,-16.05,-19.67,-54.13,21.41,53.31,13.53,55.59,-1.89
2025-08-11T18:01:31.906097,-17.0,-39.0,-64.0,-18.0,58.0,21.0,-41.0,1.0,-23.0,37.0,13.0,-51.0,-11.969999999999999,-62.480000000000004,-62.6,-29.59,34.95,36.33,-36.13,-12.59,-22.69,21.53,-14.41,-50.89
2025-08-11T18:01:31.914125,4.0,28.0,-35.0,-18.0,-16.0,20.0,0.0,67.0,51.0,45.0,4.0,-47.0,9.030000000000001,4.52,-33.6,-29.59,-39.05,35.33,4.87,53.41,51.31,29.53,-23.41,-46.89
2025-08-11T18:01:31.919234,-61.0,-37.0,-81.0,-27.0,8.0,-62.0,-28.0,59.0,-10.0,16.0,-3.0,-68.0,-55.97,-60.480000000000004,-79.6,-38.59,-15.05,-46.67,-23.13,45.41,-9.69,0.5299999999999994,-30.41,-67.89
2025-08-11T18:01:31.926685,-18.0,38.0,39.0,-4.0,73.0,-31.0,-26.0,56.0,-18.0,46.0,6.0,-9.0,-12.969999999999999,14.52,40.4,-15.59,49.95,-15.67,-21.13,42.41,-17.69,30.53,-21.41,-8.89
2025-08-11T18:01:31.931453,29.0,-10.0,-50.0,18.0,13.0,-24.0,10.0,39.0,-36.0,-47.0,73.0,-62.0,34.03,-33.480000000000004,-48.6,6.41,-10.05,-8.67,14.870000000000001,25.41,-35.69,-62.47,45.59,-61.89
2025-08-11T18:01:31.938977,45.0,16.0,-44.0,47.0,50.0,-22.0,-43.0,45.0,-53.0,-3.0,-39.0,4.0,50.03,-7.48,-42.6,35.41,26.95,-6.67,-38.13,31.41,-52.69,-18.47,-66.41,4.11
2025-08-11T18:01:31.943588,0.0,29.0,27.0,25.0,45.0,-20.0,32.0,35.0,-7.0,-48.0,-8.0,14.0,5.03,5.52,28.4,13.41,21.95,-4.67,36.87,21.41,-6.69,-63.47,-35.41,14.11
2025-08-11T18:01:31.950851,6.0,35.0,57.0,22.0,69.0,7.0,10.0,99.0,-19.0,-6.0,87.0,76.0,11.030000000000001,11.52,58.4,10.41,45.95,22.33,14.870000000000001,85.41,-18.69,-21.47,59.59,76.11
2025-08-11T18:01:31.955627,-27.0,28.0,32.0,52.0,14.0,-41.0,-34.0,37.0,-14.0,55.0,26.0,22.0,-21.97,4.52,33.4,40.41,-9.05,-25.67,-29.13,23.41,-13.69,39.53,-1.4100000000000001,22.11
2025-08-11T18:01:31.963212,-48.0,3.0,33.0,-8.0,27.0,-23.0,-2.0,-74.0,32.0,-12.0,24.0,-5.0,-42.97,-20.48,34.4,-19.59,3.9499999999999993,-7.67,2.87,-87.59,32.31,-27.47,-3.41,-4.89
2025-08-11T18:01:31.967453,-38.0,58.0,-4.0,34.0,23.0,0.0,26.0,-14.0,-66.0,-54.0,61.0,18.0,-32.97,34.519999999999996,-2.6,22.41,-0.05000000000000071,15.33,30.87,-27.59,-65.69,-69.47,33.59,18.11
2025-08-11T18:01:31.975535,-40.0,-40.0,51.0,57.0,36.0,-7.0,7.0,-4.0,-43.0,-15.0,50.0,26.0,-34.97,-63.480000000000004,52.4,45.41,12.95,8.33,11.870000000000001,-17.59,-42.69,-30.47,22.59,26.11
2025-08-11T18:01:31.979713,-73.0,28.0,-2.0,-2.0,8.0,-54.0,-51.0,-74.0,-5.0,-46.0,28.0,-20.0,-67.97,4.52,-0.6000000000000001,-13.59,-15.05,-38.67,-46.13,-87.59,-4.69,-61.47,0.5899999999999999,-19.89
2025-08-11T18:01:31.987826,3.0,68.0,-1.0,-10.0,66.0,-5.0,-3.0,-1.0,-76.0,-50.0,25.0,25.0,8.030000000000001,44.519999999999996,0.3999999999999999,-21.59,42.95,10.33,1.87,-14.59,-75.69,-65.47,-2.41,25.11
2025-08-11T18:01:31.991861,-28.0,59.0,47.0,4.0,90.0,-42.0,14.0,30.0,-74.0,10.0,-2.0,5.0,-22.97,35.519999999999996,48.4,-7.59,66.95,-26.67,18.87,16.41,-73.69,-5.470000000000001,-29.41,5.11
2025-08-11T18:01:31.999882,-11.0,29.0,48.0,29.0,32.0,27.0,32.0,-6.0,-26.0,8.0,51.0,-4.0,-5.97,5.52,49.4,17.41,8.95,42.33,36.87,-19.59,-25.69,-7.470000000000001,23.59,-3.89
2025-08-11T18:01:32.004462,7.0,64.0,43.0,6.0,69.0,-37.0,-48.0,28.0,-8.0,-35.0,113.0,38.0,12.030000000000001,40.519999999999996,44.4,-5.59,45.95,-21.67,-43.13,14.41,-7.69,-50.47,85.59,38.11
2025-08-11T18:01:32.012196,23.0,115.0,-18.0,-31.0,6.0,-40.0,8.0,-5.0,11.0,44.0,83.0,25.0,28.03,91.52,-16.6,-42.59,-17.05,-24.67,12.870000000000001,-18.59,11.31,28.53,55.59,25.11
2025-08-11T18:01:32.016768,50.0,43.0,10.0,-34.0,-5.0,-26.0,-2.0,14.0,11.0,18.0,16.0,-22.0,55.03,19.52,11.4,-45.59,-28.05,-10.67,2.87,0.41000000000000014,11.31,2.5299999999999994,-11.41,-21.89
2025-08-11T18:01:32.024456,1.0,-12.0,41.0,-57.0,32.0,-54.0,66.0,48.0,-31.0,73.0,54.0,58.0,6.03,-35.480000000000004,42.4,-68.59,8.95,-38.67,70.87,34.41,-30.69,57.53,26.59,58.11
2025-08-11T18:01:32.029136,-49.0,44.0,34.0,-25.0,51.0,2.0,-40.0,27.0,-38.0,0.0,30.0,-15.0,-43.97,20.52,35.4,-36.59,27.95,17.33,-35.13,13.41,-37.69,-15.47,2.59,-14.89
2025-08-11T18:01:32.033111,-15.0,9.0,46.0,-47.0,33.0,56.0,0.0,45.0,-32.0,6.0,32.0,39.0,-9.969999999999999,-14.48,47.4,-58.59,9.95,71.33,4.87,31.41,-31.69,-9.47,4.59,39.11
2025-08-11T18:01:32.041083,-108.0,62.0,52.0,44.0,53.0,-14.0,-23.0,37.0,5.0,49.0,-73.0,3.0,-102.97,38.519999999999996,53.4,32.41,29.95,1.33,-18.13,23.41,5.31,33.53,-100.41,3.11
2025-08-11T18:01:32.045467,5.0,69.0,-7.0,19.0,34.0,9.0,7.0,70.0,-26.0,21.0,13.0,-42.0,10.030000000000001,45.519999999999996,-5.6,7.41,10.95,24.33,11.870000000000001,56.41,-25.69,5.529999999999999,-14.41,-41.89
2025-08-11T18:01:32.053557,-45.0,84.0,21.0,13.0,-49.0,-82.0,62.0,3.0,-67.0,-44.0,6.0,15.0,-39.97,60.519999999999996,22.4,1.4100000000000001,-72.05,-66.67,66.87,-10.59,-66.69,-59.47,-21.41,15.11
2025-08-11T18:01:32.057869,10.0,54.0,-5.0,-15.0,19.0,-9.0,40.0,-24.0,-103.0,-10.0,42.0,-1.0,15.030000000000001,30.52,-3.6,-26.59,-4.050000000000001,6.33,44.87,-37.59,-102.69,-25.47,14.59,-0.89
2025-08-11T18:01:32.065527,20.0,41.0,1.0,44.0,22.0,-23.0,1.0,23.0,-46.0,23.0,27.0,5.0,25.03,17.52,2.4,32.41,-1.0500000000000007,-7.67,5.87,9.41,-45.69,7.529999999999999,-0.41000000000000014,5.11
2025-08-11T18:01:32.070022,17.0,67.0,33.0,4.0,43.0,33.0,-1.0,29.0,2.0,-13.0,31.0,11.0,22.03,43.519999999999996,34.4,-7.59,19.95,48.33,3.87,15.41,2.31,-28.47,3.59,11.11
2025-08-11T18:01:32.078052,-17.0,39.0,19.0,67.0,-25.0,-22.0,-3.0,62.0,12.0,20.0,87.0,-17.0,-11.969999999999999,15.52,20.4,55.41,-48.05,-6.67,1.87,48.41,12.31,4.529999999999999,59.59,-16.89
2025-08-11T18:01:32.082260,-104.0,85.0,-56.0,12.0,26.0,31.0,4.0,9.0,-13.0,-53.0,65.0,-31.0,-98.97,61.519999999999996,-54.6,0.41000000000000014,2.9499999999999993,46.33,8.870000000000001,-4.59,-12.69,-68.47,37.59,-30.89
2025-08-11T18:01:32.090258,53.0,118.0,-50.0,-14.0,90.0,-67.0,55.0,-59.0,-7.0,77.0,40.0,-62.0,58.03,94.52,-48.6,-25.59,66.95,-51.67,59.87,-72.59,-6.69,61.53,12.59,-61.89
2025-08-11T18:01:32.094698,16.0,-31.0,-10.0,-48.0,20.0,4.0,-8.0,-25.0,4.0,67.0,84.0,-67.0,21.03,-54.480000000000004,-8.6,-59.59,-3.0500000000000007,19.33,-3.13,-38.59,4.31,51.53,56.59,-66.89
2025-08-11T18:01:32.102501,-28.0,18.0,-39.0,-40.0,30.0,-52.0,-78.0,35.0,14.0,16.0,23.0,10.0,-22.97,-5.48,-37.6,-51.59,6.949999999999999,-36.67,-73.13,21.41,14.31,0.5299999999999994,-4.41,10.11
2025-08-11T18:01:32.106873,22.0,47.0,9.0,16.0,80.0,-55.0,-46.0,70.0,-59.0,79.0,-22.0,-35.0,27.03,23.52,10.4,4.41,56.95,-39.67,-41.13,56.41,-58.69,63.53,-49.41,-34.89
2025-08-11T18:01:32.114857,-58.0,60.0,-47.0,-36.0,13.0,-13.0,32.0,2.0,-15.0,34.0,43.0,45.0,-52.97,36.519999999999996,-45.6,-47.59,-10.05,2.33,36.87,-11.59,-14.69,18.53,15.59,45.11
2025-08-11T18:01:32.118890,-21.0,35.0,-6.0,-19.0,15.0,-83.0,31.0,-18.0,-27.0,-10.0,9.0,1.0,-15.969999999999999,11.52,-4.6,-30.59,-8.05,-67.67,35.87,-31.59,-26.69,-25.47,-18.41,1.11
2025-08-11T18:01:32.127211,-59.0,49.0,6.0,42.0,-17.0,3.0,84.0,33.0,23.0,-29.0,100.0,23.0,-53.97,25.52,7.4,30.41,-40.05,18.33,88.87,19.41,23.31,-44.47,72.59,23.11
2025-08-11T18:01:32.131226,-38.0,12.0,4.0,-7.0,52.0,-80.0,-23.0,28.0,60.0,-26.0,50.0,54.0,-32.97,-11.48,5.4,-18.59,28.95,-64.67,-18.13,14.41,60.31,-41.47,22.59,54.11
2025-08-11T18:01:32.139490,-88.0,110.0,-3.0,42.0,29.0,-18.0,-35.0,-1.0,8.0,-5.0,4.0,16.0,-82.97,86.52,-1.6,30.41,5.949999999999999,-2.67,-30.13,-14.59,8.31,-20.47,-23.41,16.11
2025-08-11T18:01:32.143768,-76.0,-8.0,-14.0,67.0,18.0,-15.0,1.0,-9.0,14.0,-49.0,23.0,37.0,-70.97,-31.48,-12.6,55.41,-5.050000000000001,0.33000000000000007,5.87,-22.59,14.31,-64.47,-4.41,37.11
2025-08-11T18:01:32.151523,64.0,81.0,-32.0,-3.0,54.0,-25.0,-3.0,7.0,-16.0,-7.0,101.0,-5.0,69.03,57.519999999999996,-30.6,-14.59,30.95,-9.67,1.87,-6.59,-15.69,-22.47,73.59,-4.89
2025-08-11T18:01:32.155786,-30.0,78.0,-63.0,0.0,13.0,-34.0,-28.0,19.0,47.0,45.0,52.0,49.0,-24.97,54.519999999999996,-61.6,-11.59,-10.05,-18.67,-23.13,5.41,47.31,29.53,24.59,49.11
2025-08-11T18:01:32.163757,-87.0,63.0,20.0,3.0,30.0,8.0,-22.0,11.0,8.0,58.0,50.0,24.0,-81.97,39.519999999999996,21.4,-8.59,6.949999999999999,23.33,-17.13,-2.59,8.31,42.53,22.59,24.11
2025-08-11T18:01:32.168136,-22.0,35.0,-87.0,-9.0,-37.0,67.0,-22.0,74.0,9.0,-12.0,39.0,50.0,-16.97,11.52,-85.6,-20.59,-60.05,82.33,-17.13,60.41,9.31,-27.47,11.59,50.11
2025-08-11T18:01:32.176191,-21.0,70.0,-33.0,24.0,-48.0,-12.0,17.0,34.0,-19.0,-23.0,35.0,-2.0,-15.969999999999999,46.519999999999996,-31.6,12.41,-71.05,3.33,21.87,20.41,-18.69,-38.47,7.59,-1.89
2025-08-11T18:01:32.180378,15.0,88.0,-8.0,4.0,64.0,-1.0,19.0,-16.0,30.0,-61.0,37.0,-23.0,20.03,64.52,-6.6,-7.59,40.95,14.33,23.87,-29.59,30.31,-76.47,9.59,-22.89
2025-08-11T18:01:32.188399,22.0,85.0,2.0,-3.0,36.0,-6.0,-3.0,-26.0,10.0,-24.0,30.0,13.0,27.03,61.519999999999996,3.4,-14.59,12.95,9.33,1.87,-39.59,10.31,-39.47,2.59,13.11
2025-08-11T18:01:32.193063,41.0,60.0,-6.0,-18.0,-3.0,-40.0,17.0,6.0,8.0,13.0,79.0,-53.0,46.03,36.519999999999996,-4.6,-29.59,-26.05,-24.67,21.87,-7.59,8.31,-2.4700000000000006,51.59,-52.89
2025-08-11T18:01:32.200731,33.0,109.0,-29.0,31.0,56.0,19.0,15.0,-36.0,-14.0,-31.0,-19.0,-29.0,38.03,85.52,-27.6,19.41,32.95,34.33,19.87,-49.59,-13.69,-46.47,-46.41,-28.89
2025-08-11T18:01:32.204959,-20.0,4.0,2.0,0.0,67.0,-8.0,-53.0,4.0,11.0,11.0,88.0,-8.0,-14.969999999999999,-19.48,3.4,-11.59,43.95,7.33,-48.13,-9.59,11.31,-4.470000000000001,60.59,-7.89
2025-08-11T18:01:32.210004,44.0,-8.0,12.0,-5.0,34.0,17.0,-44.0,38.0,37.0,117.0,52.0,31.0,49.03,-31.48,13.4,-16.59,10.95,32.33,-39.13,24.41,37.31,101.53,24.59,31.11
2025-08-11T18:01:32.217334,41.0,21.0,33.0,-51.0,37.0,-16.0,-9.0,25.0,-15.0,12.0,62.0,0.0,46.03,-2.4800000000000004,34.4,-62.59,13.95,-0.6699999999999999,-4.13,11.41,-14.69,-3.4700000000000006,34.59,0.11
2025-08-11T18:01:32.225197,44.0,52.0,-27.0,-66.0,37.0,39.0,-14.0,44.0,-105.0,28.0,-27.0,-29.0,49.03,28.52,-25.6,-77.59,13.95,54.33,-9.129999999999999,30.41,-104.69,12.53,-54.41,-28.89
2025-08-11T18:01:32.229936,-11.0,23.0,47.0,-7.0,85.0,-54.0,18.0,-22.0,0.0,-20.0,54.0,31.0,-5.97,-0.4800000000000004,48.4,-18.59,61.95,-38.67,22.87,-35.59,0.31,-35.47,26.59,31.11
2025-08-11T18:01:32.237454,-50.0,-32.0,-34.0,7.0,53.0,19.0,-11.0,-39.0,-17.0,-43.0,42.0,23.0,-44.97,-55.480000000000004,-32.6,-4.59,29.95,34.33,-6.13,-52.59,-16.69,-58.47,14.59,23.11
2025-08-11T18:01:32.242084,2.0,111.0,-69.0,-25.0,6.0,-64.0,-8.0,2.0,24.0,10.0,29.0,-34.0,7.03,87.52,-67.6,-36.59,-17.05,-48.67,-3.13,-11.59,24.31,-5.470000000000001,1.5899999999999999,-33.89
2025-08-11T18:01:32.246740,7.0,27.0,-11.0,50.0,39.0,-60.0,10.0,0.0,-16.0,-39.0,52.0,-49.0,12.030000000000001,3.5199999999999996,-9.6,38.41,15.95,-44.67,14.870000000000001,-13.59,-15.69,-54.47,24.59,-48.89
2025-08-11T18:01:32.254427,16.0,62.0,50.0,-41.0,54.0,20.0,-26.0,-6.0,55.0,90.0,52.0,19.0,21.03,38.519999999999996,51.4,-52.59,30.95,35.33,-21.13,-19.59,55.31,74.53,24.59,19.11
2025-08-11T18:01:32.259016,30.0,-3.0,-36.0,23.0,-8.0,68.0,-41.0,65.0,-39.0,-51.0,67.0,-4.0,35.03,-26.48,-34.6,11.41,-31.05,83.33,-36.13,51.41,-38.69,-66.47,39.59,-3.89
2025-08-11T18:01:32.266654,-8.0,42.0,-69.0,-37.0,38.0,42.0,-10.0,58.0,-9.0,18.0,105.0,64.0,-2.9699999999999998,18.52,-67.6,-48.59,14.95,57.33,-5.13,44.41,-8.69,2.5299999999999994,77.59,64.11
2025-08-11T18:01:32.271378,-32.0,23.0,-27.0,24.0,46.0,-56.0,33.0,7.0,-31.0,2.0,63.0,-37.0,-26.97,-0.4800000000000004,-25.6,12.41,22.95,-40.67,37.87,-6.59,-30.69,-13.47,35.59,-36.89
2025-08-11T18:01:32.278919,-40.0,22.0,-7.0,38.0,37.0,-27.0,72.0,-1.0,-54.0,-63.0,79.0,-57.0,-34.97,-1.4800000000000004,-5.6,26.41,13.95,-11.67,76.87,-14.59,-53.69,-78.47,51.59,-56.89
2025-08-11T18:01:32.283700,-18.0,88.0,-55.0,5.0,10.0,0.0,47.0,-51.0,15.0,-21.0,-22.0,-36.0,-12.969999999999999,64.52,-53.6,-6.59,-13.05,15.33,51.87,-64.59,15.31,-36.47,-49.41,-35.89
2025-08-11T18:01:32.291044,-2.0,88.0,-6.0,33.0,8.0,22.0,20.0,15.0,-22.0,-38.0,-2.0,50.0,3.0300000000000002,64.52,-4.6,21.41,-15.05,37.33,24.87,1.4100000000000001,-21.69,-53.47,-29.41,50.11
2025-08-11T18:01:32.295041,36.0,140.0,-43.0,-17.0,22.0,-37.0,-117.0,31.0,4.0,-15.0,42.0,-12.0,41.03,116.52,-41.6,-28.59,-1.0500000000000007,-21.67,-112.13,17.41,4.31,-30.47,14.59,-11.89
2025-08-11T18:01:32.303173,80.0,-52.0,-46.0,-2.0,3.0,41.0,-41.0,54.0,-2.0,30.0,35.0,-61.0,85.03,-75.48,-44.6,-13.59,-20.05,56.33,-36.13,40.41,-1.69,14.53,7.59,-60.89
2025-08-11T18:01:32.308470,38.0,24.0,-31.0,11.0,37.0,-19.0,18.0,26.0,80.0,-41.0,62.0,43.0,43.03,0.5199999999999996,-29.6,-0.5899999999999999,13.95,-3.67,22.87,12.41,80.31,-56.47,34.59,43.11
2025-08-11T18:01:32.315620,-25.0,47.0,22.0,49.0,-42.0,1.0,-43.0,21.0,6.0,-103.0,51.0,-15.0,-19.97,23.52,23.4,37.41,-65.05,16.33,-38.13,7.41,6.31,-118.47,23.59,-14.89
2025-08-11T18:01:32.320394,-1.0,72.0,-24.0,8.0,28.0,-5.0,44.0,31.0,-2.0,-22.0,17.0,52.0,4.03,48.519999999999996,-22.6,-3.59,4.949999999999999,10.33,48.87,17.41,-1.69,-37.47,-10.41,52.11
2025-08-11T18:01:32.328025,-43.0,-56.0,-10.0,-28.0,43.0,5.0,11.0,4.0,-13.0,-10.0,56.0,-16.0,-37.97,-79.48,-8.6,-39.59,19.95,20.33,15.870000000000001,-9.59,-12.69,-25.47,28.59,-15.89
2025-08-11T18:01:32.332311,-55.0,4.0,61.0,6.0,34.0,-26.0,-21.0,-2.0,-49.0,49.0,116.0,-11.0,-49.97,-19.48,62.4,-5.59,10.95,-10.67,-16.13,-15.59,-48.69,33.53,88.59,-10.89
2025-08-11T18:01:32.339909,-43.0,40.0,72.0,-8.0,-31.0,-65.0,-6.0,-1.0,7.0,4.0,77.0,-29.0,-37.97,16.52,73.4,-19.59,-54.05,-49.67,-1.13,-14.59,7.31,-11.47,49.59,-28.89
2025-08-11T18:01:32.344183,53.0,16.0,15.0,42.0,92.0,-13.0,68.0,33.0,-2.0,23.0,75.0,26.0,58.03,-7.48,16.4,30.41,68.95,2.33,72.87,19.41,-1.69,7.529999999999999,47.59,26.11
2025-08-11T18:01:32.352148,-1.0,18.0,48.0,20.0,5.0,-36.0,47.0,-51.0,54.0,17.0,30.0,-46.0,4.03,-5.48,49.4,8.41,-18.05,-20.67,51.87,-64.59,54.31,1.5299999999999994,2.59,-45.89
2025-08-11T18:01:32.356586,-8.0,89.0,53.0,8.0,-19.0,-36.0,23.0,23.0,-54.0,-31.0,25.0,-16.0,-2.9699999999999998,65.52,54.4,-3.59,-42.05,-20.67,27.87,9.41,-53.69,-46.47,-2.41,-15.89
2025-08-11T18:01:32.364462,-31.0,3.0,37.0,-4.0,-12.0,18.0,40.0,30.0,31.0,32.0,-41.0,-2.0,-25.97,-20.48,38.4,-15.59,-35.05,33.33,44.87,16.41,31.31,16.53,-68.41,-1.89
2025-08-11T18:01:32.368821,-68.0,25.0,20.0,11.0,23.0,-59.0,-17.0,83.0,56.0,20.0,74.0,37.0,-62.97,1.5199999999999996,21.4,-0.5899999999999999,-0.05000000000000071,-43.67,-12.129999999999999,69.41,56.31,4.529999999999999,46.59,37.11
2025-08-11T18:01:32.376715,-2.0,91.0,-16.0,27.0,57.0,-9.0,19.0,33.0,-46.0,32.0,57.0,-32.0,3.0300000000000002,67.52,-14.6,15.41,33.95,6.33,23.87,19.41,-45.69,16.53,29.59,-31.89
2025-08-11T18:01:32.381508,-39.0,15.0,-74.0,-77.0,16.0,-10.0,-16.0,22.0,-27.0,-15.0,-2.0,-15.0,-33.97,-8.48,-72.6,-88.59,-7.050000000000001,5.33,-11.129999999999999,8.41,-26.69,-30.47,-29.41,-14.89
2025-08-11T18:01:32.389179,-21.0,60.0,-85.0,-20.0,122.0,10.0,37.0,52.0,-4.0,36.0,50.0,-35.0,-15.969999999999999,36.519999999999996,-83.6,-31.59,98.95,25.33,41.87,38.41,-3.69,20.53,22.59,-34.89
2025-08-11T18:01:32.393519,31.0,34.0,-35.0,-1.0,45.0,-14.0,-8.0,-48.0,16.0,-12.0,1.0,-7.0,36.03,10.52,-33.6,-12.59,21.95,1.33,-3.13,-61.59,16.31,-27.47,-26.41,-6.89
2025-08-11T18:01:32.401477,-45.0,86.0,-37.0,-20.0,-9.0,-8.0,35.0,52.0,41.0,48.0,86.0,-43.0,-39.97,62.519999999999996,-35.6,-31.59,-32.05,7.33,39.87,38.41,41.31,32.53,58.59,-42.89
2025-08-11T18:01:32.405849,-3.0,68.0,-30.0,-18.0,16.0,-38.0,36.0,69.0,10.0,7.0,36.0,19.0,2.0300000000000002,44.519999999999996,-28.6,-29.59,-7.050000000000001,-22.67,40.87,55.41,10.31,-8.47,8.59,19.11
2025-08-11T18:01:32.409948,41.0,7.0,40.0,-30.0,18.0,0.0,69.0,20.0,34.0,-8.0,51.0,50.0,46.03,-16.48,41.4,-41.59,-5.050000000000001,15.33,73.87,6.41,34.31,-23.47,23.59,50.11
2025-08-11T18:01:32.417886,-99.0,34.0,47.0,-19.0,-58.0,-12.0,33.0,4.0,-33.0,-30.0,7.0,77.0,-93.97,10.52,48.4,-30.59,-81.05,3.33,37.87,-9.59,-32.69,-45.47,-20.41,77.11
2025-08-11T18:01:32.422176,41.0,86.0,43.0,-15.0,44.0,-18.0,-31.0,65.0,50.0,-11.0,-5.0,9.0,46.03,62.519999999999996,44.4,-26.59,20.95,-2.67,-26.13,51.41,50.31,-26.47,-32.41,9.11
2025-08-11T18:01:32.430321,76.0,86.0,-21.0,-20.0,69.0,-8.0,-32.0,68.0,-23.0,54.0,37.0,-67.0,81.03,62.519999999999996,-19.6,-31.59,45.95,7.33,-27.13,54.41,-22.69,38.53,9.59,-66.89
2025-08-11T18:01:32.434462,5.0,45.0,7.0,-80.0,6.0,-11.0,-44.0,-14.0,-4.0,33.0,-4.0,-35.0,10.030000000000001,21.52,8.4,-91.59,-17.05,4.33,-39.13,-27.59,-3.69,17.53,-31.41,-34.89
2025-08-11T18:01:32.442853,26.0,91.0,-49.0,25.0,11.0,2.0,-13.0,9.0,-46.0,-17.0,73.0,-42.0,31.03,67.52,-47.6,13.41,-12.05,17.33,-8.129999999999999,-4.59,-45.69,-32.47,45.59,-41.89
2025-08-11T18:01:32.447409,9.0,59.0,-73.0,21.0,42.0,-21.0,-35.0,62.0,65.0,1.0,58.0,2.0,14.030000000000001,35.519999999999996,-71.6,9.41,18.95,-5.67,-30.13,48.41,65.31,-14.47,30.59,2.11
2025-08-11T18:01:32.454725,-45.0,55.0,10.0,-39.0,110.0,-70.0,-47.0,-10.0,25.0,45.0,16.0,-27.0,-39.97,31.52,11.4,-50.59,86.95,-54.67,-42.13,-23.59,25.31,29.53,-11.41,-26.89
2025-08-11T18:01:32.459725,-40.0,70.0,5.0,-9.0,26.0,-61.0,20.0,76.0,26.0,21.0,36.0,38.0,-34.97,46.519999999999996,6.4,-20.59,2.9499999999999993,-45.67,24.87,62.41,26.31,5.529999999999999,8.59,38.11
2025-08-11T18:01:32.467172,20.0,84.0,13.0,18.0,7.0,20.0,44.0,10.0,63.0,21.0,26.0,-1.0,25.03,60.519999999999996,14.4,6.41,-16.05,35.33,48.87,-3.59,63.31,5.529999999999999,-1.4100000000000001,-0.89
2025-08-11T18:01:32.471365,7.0,54.0,62.0,86.0,12.0,-52.0,47.0,-24.0,1.0,-15.0,-39.0,24.0,12.030000000000001,30.52,63.4,74.41,-11.05,-36.67,51.87,-37.59,1.31,-30.47,-66.41,24.11
2025-08-11T18:01:32.479285,53.0,-31.0,-66.0,-12.0,20.0,-34.0,75.0,12.0,34.0,30.0,40.0,-30.0,58.03,-54.480000000000004,-64.6,-23.59,-3.0500000000000007,-18.67,79.87,-1.5899999999999999,34.31,14.53,12.59,-29.89
2025-08-11T18:01:32.483502,-47.0,76.0,-6.0,57.0,0.0,-1.0,51.0,5.0,53.0,10.0,1.0,5.0,-41.97,52.519999999999996,-4.6,45.41,-23.05,14.33,55.87,-8.59,53.31,-5.470000000000001,-26.41,5.11
2025-08-11T18:01:32.491701,27.0,-46.0,58.0,60.0,-1.0,-26.0,-18.0,67.0,-33.0,23.0,8.0,3.0,32.03,-69.48,59.4,48.41,-24.05,-10.67,-13.129999999999999,53.41,-32.69,7.529999999999999,-19.41,3.11
2025-08-11T18:01:32.496088,36.0,-33.0,49.0,10.0,-56.0,24.0,3.0,-26.0,-22.0,0.0,50.0,32.0,41.03,-56.480000000000004,50.4,-1.5899999999999999,-79.05,39.33,7.87,-39.59,-21.69,-15.47,22.59,32.11
2025-08-11T18:01:32.503829,37.0,31.0,12.0,45.0,-8.0,-40.0,26.0,23.0,3.0,86.0,-45.0,62.0,42.03,7.52,13.4,33.41,-31.05,-24.67,30.87,9.41,3.31,70.53,-72.41,62.11
2025-08-11T18:01:32.508293,-39.0,41.0,59.0,8.0,57.0,-81.0,34.0,15.0,-7.0,61.0,44.0,-40.0,-33.97,17.52,60.4,-3.59,33.95,-65.67,38.87,1.4100000000000001,-6.69,45.53,16.59,-39.89
2025-08-11T18:01:32.516164,82.0,-6.0,33.0,-15.0,78.0,13.0,-64.0,-13.0,-20.0,11.0,29.0,-14.0,87.03,-29.48,34.4,-26.59,54.95,28.33,-59.13,-26.59,-19.69,-4.470000000000001,1.5899999999999999,-13.89
2025-08-11T18:01:32.520881,-13.0,54.0,-9.0,-40.0,-45.0,-19.0,-18.0,0.0,-36.0,-35.0,-21.0,4.0,-7.97,30.52,-7.6,-51.59,-68.05,-3.67,-13.129999999999999,-13.59,-35.69,-50.47,-48.41,4.11
2025-08-11T18:01:32.528682,-15.0,-46.0,17.0,60.0,47.0,-51.0,-41.0,15.0,-56.0,-45.0,44.0,-31.0,-9.969999999999999,-69.48,18.4,48.41,23.95,-35.67,-36.13,1.4100000000000001,-55.69,-60.47,16.59,-30.89
2025-08-11T18:01:32.532923,-19.0,9.0,11.0,65.0,42.0,-72.0,28.0,-25.0,-71.0,11.0,48.0,20.0,-13.969999999999999,-14.48,12.4,53.41,18.95,-56.67,32.87,-38.59,-70.69,-4.470000000000001,20.59,20.11
2025-08-11T18:01:32.540650,-9.0,36.0,38.0,-27.0,-27.0,9.0,-12.0,53.0,-2.0,-32.0,46.0,2.0,-3.9699999999999998,12.52,39.4,-38.59,-50.05,24.33,-7.13,39.41,-1.69,-47.47,18.59,2.11
2025-08-11T18:01:32.544835,-40.0,74.0,-74.0,-51.0,113.0,-44.0,32.0,0.0,21.0,-9.0,80.0,-28.0,-34.97,50.519999999999996,-72.6,-62.59,89.95,-28.67,36.87,-13.59,21.31,-24.47,52.59,-27.89
2025-08-11T18:01:32.552970,33.0,58.0,-28.0,-33.0,74.0,-28.0,-9.0,-17.0,-31.0,28.0,44.0,34.0,38.03,34.519999999999996,-26.6,-44.59,50.95,-12.67,-4.13,-30.59,-30.69,12.53,16.59,34.11
2025-08-11T18:01:32.557568,-14.0,-3.0,-5.0,44.0,-27.0,32.0,-62.0,27.0,-5.0,-92.0,25.0,-28.0,-8.969999999999999,-26.48,-3.6,32.41,-50.05,47.33,-57.13,13.41,-4.69,-107.47,-2.41,-27.89
2025-08-11T18:01:32.561760,-45.0,33.0,8.0,-1.0,4.0,36.0,2.0,-52.0,28.0,-29.0,61.0,-23.0,-39.97,9.52,9.4,-12.59,-19.05,51.33,6.87,-65.59,28.31,-44.47,33.59,-22.89
2025-08-11T18:01:32.569448,0.0,108.0,-11.0,44.0,59.0,-11.0,-8.0,-42.0,30.0,-34.0,61.0,-7.0,5.03,84.52,-9.6,32.41,35.95,4.33,-3.13,-55.59,30.31,-49.47,33.59,-6.89
2025-08-11T18:01:32.573805,4.0,34.0,27.0,41.0,75.0,3.0,16.0,-7.0,25.0,21.0,23.0,-3.0,9.030000000000001,10.52,28.4,29.41,51.95,18.33,20.87,-20.59,25.31,5.529999999999999,-4.41,-2.89
2025-08-11T18:01:32.581876,21.0,31.0,28.0,-25.0,36.0,-44.0,-43.0,14.0,34.0,93.0,73.0,34.0,26.03,7.52,29.4,-36.59,12.95,-28.67,-38.13,0.41000000000000014,34.31,77.53,45.59,34.11
2025-08-11T18:01:32.586251,63.0,22.0,7.0,-75.0,32.0,47.0,-31.0,-16.0,4.0,19.0,43.0,-35.0,68.03,-1.4800000000000004,8.4,-86.59,8.95,62.33,-26.13,-29.59,4.31,3.5299999999999994,15.59,-34.89
2025-08-11T18:01:32.594132,4.0,79.0,-46.0,47.0,67.0,-35.0,-6.0,71.0,-10.0,68.0,-7.0,-1.0,9.030000000000001,55.519999999999996,-44.6,35.41,43.95,-19.67,-1.13,57.41,-9.69,52.53,-34.41,-0.89
2025-08-11T18:01:32.598413,15.0,-11.0,-48.0,-20.0,1.0,-11.0,-70.0,123.0,5.0,61.0,-24.0,33.0,20.03,-34.480000000000004,-46.6,-31.59,-22.05,4.33,-65.13,109.41,5.31,45.53,-51.41,33.11
2025-08-11T18:01:32.606485,15.0,-8.0,-2.0,-77.0,17.0,-37.0,-16.0,-22.0,-52.0,1.0,6.0,-1.0,20.03,-31.48,-0.6000000000000001,-88.59,-6.050000000000001,-21.67,-11.129999999999999,-35.59,-51.69,-14.47,-21.41,-0.89
2025-08-11T18:01:32.610744,-33.0,23.0,-11.0,-6.0,33.0,-47.0,-57.0,84.0,-11.0,28.0,-2.0,-57.0,-27.97,-0.4800000000000004,-9.6,-17.59,9.95,-31.67,-52.13,70.41,-10.69,12.53,-29.41,-56.89
2025-08-11T18:01:32.618583,-4.0,48.0,-1.0,31.0,60.0,29.0,-72.0,-43.0,15.0,5.0,41.0,10.0,1.0300000000000002,24.52,0.3999999999999999,19.41,36.95,44.33,-67.13,-56.59,15.31,-10.47,13.59,10.11
2025-08-11T18:01:32.622886,38.0,25.0,-33.0,33.0,2.0,-58.0,15.0,-27.0,-24.0,23.0,88.0,56.0,43.03,1.5199999999999996,-31.6,21.41,-21.05,-42.67,19.87,-40.59,-23.69,7.529999999999999,60.59,56.11
2025-08-11T18:01:32.630901,-20.0,-6.0,-28.0,16.0,3.0,24.0,-5.0,38.0,3.0,53.0,85.0,-1.0,-14.969999999999999,-29.48,-26.6,4.41,-20.05,39.33,-0.1299999999999999,24.41,3.31,37.53,57.59,-0.89
2025-08-11T18:01:32.635059,-44.0,44.0,41.0,-13.0,-43.0,6.0,-28.0,-28.0,-19.0,-12.0,83.0,15.0,-38.97,20.52,42.4,-24.59,-66.05,21.33,-23.13,-41.59,-18.69,-27.47,55.59,15.11
2025-08-11T18:01:32.643132,26.0,101.0,71.0,7.0,-5.0,-30.0,-27.0,23.0,30.0,-33.0,91.0,29.0,31.03,77.52,72.4,-4.59,-28.05,-14.67,-22.13,9.41,30.31,-48.47,63.59,29.11
2025-08-11T18:01:32.647267,-36.0,59.0,63.0,43.0,8.0,-8.0,-44.0,-94.0,22.0,56.0,81.0,14.0,-30.97,35.519999999999996,64.4,31.41,-15.05,7.33,-39.13,-107.59,22.31,40.53,53.59,14.11
2025-08-11T18:01:32.655472,-28.0,24.0,21.0,59.0,-51.0,-1.0,-26.0,60.0,93.0,7.0,2.0,-43.0,-22.97,0.5199999999999996,22.4,47.41,-74.05,14.33,-21.13,46.41,93.31,-8.47,-25.41,-42.89
2025-08-11T18:01:32.659947,-7.0,57.0,6.0,-13.0,21.0,-12.0,-32.0,29.0,-19.0,7.0,38.0,-31.0,-1.9699999999999998,33.519999999999996,7.4,-24.59,-2.0500000000000007,3.33,-27.13,15.41,-18.69,-8.47,10.59,-30.89
2025-08-11T18:01:32.667748,-26.0,53.0,64.0,84.0,22.0,-56.0,42.0,39.0,71.0,13.0,35.0,-54.0,-20.97,29.52,65.4,72.41,-1.0500000000000007,-40.67,46.87,25.41,71.31,-2.4700000000000006,7.59,-53.89
2025-08-11T18:01:32.671946,-46.0,25.0,-29.0,-1.0,18.0,-79.0,-2.0,-34.0,-16.0,15.0,28.0,-32.0,-40.97,1.5199999999999996,-27.6,-12.59,-5.050000000000001,-63.67,2.87,-47.59,-15.69,-0.47000000000000064,0.5899999999999999,-31.89
2025-08-11T18:01:32.679932,-11.0,124.0,-45.0,27.0,35.0,10.0,6.0,35.0,-11.0,48.0,37.0,-4.0,-5.97,100.52,-43.6,15.41,11.95,25.33,10.870000000000001,21.41,-10.69,32.53,9.59,-3.89
2025-08-11T18:01:32.684412,-2.0,6.0,-46.0,-23.0,25.0,6.0,-32.0,21.0,19.0,65.0,-8.0,75.0,3.0300000000000002,-17.48,-44.6,-34.59,1.9499999999999993,21.33,-27.13,7.41,19.31,49.53,-35.41,75.11
2025-08-11T18:01:32.688604,7.0,77.0,7.0,-11.0,59.0,19.0,6.0,67.0,16.0,-2.0,22.0,7.0,12.030000000000001,53.519999999999996,8.4,-22.59,35.95,34.33,10.870000000000001,53.41,16.31,-17.47,-5.41,7.11
2025-08-11T18:01:32.696471,52.0,41.0,-25.0,-71.0,31.0,-7.0,-8.0,16.0,35.0,14.0,78.0,10.0,57.03,17.52,-23.6,-82.59,7.949999999999999,8.33,-3.13,2.41,35.31,-1.4700000000000006,50.59,10.11
2025-08-11T18:01:32.704380,40.0,37.0,-88.0,-9.0,0.0,-30.0,-36.0,78.0,20.0,18.0,53.0,13.0,45.03,13.52,-86.6,-20.59,-23.05,-14.67,-31.13,64.41,20.31,2.5299999999999994,25.59,13.11
2025-08-11T18:01:32.708931,2.0,26.0,-14.0,-9.0,60.0,34.0,47.0,43.0,-21.0,-45.0,33.0,-51.0,7.03,2.5199999999999996,-12.6,-20.59,36.95,49.33,51.87,29.41,-20.69,-60.47,5.59,-50.89
2025-08-11T18:01:32.716671,24.0,62.0,-66.0,-15.0,44.0,-29.0,21.0,-7.0,-27.0,-23.0,66.0,-35.0,29.03,38.519999999999996,-64.6,-26.59,20.95,-13.67,25.87,-20.59,-26.69,-38.47,38.59,-34.89
2025-08-11T18:01:32.721215,11.0,127.0,40.0,41.0,70.0,-35.0,46.0,-6.0,36.0,13.0,38.0,-32.0,16.03,103.52,41.4,29.41,46.95,-19.67,50.87,-19.59,36.31,-2.4700000000000006,10.59,-31.89
2025-08-11T18:01:32.729048,-22.0,13.0,11.0,15.0,-19.0,-29.0,0.0,-2.0,50.0,-120.0,97.0,57.0,-16.97,-10.48,12.4,3.41,-42.05,-13.67,4.87,-15.59,50.31,-135.47,69.59,57.11
2025-08-11T18:01:32.733985,46.0,4.0,-7.0,39.0,18.0,-7.0,-40.0,18.0,-6.0,-1.0,-11.0,-27.0,51.03,-19.48,-5.6,27.41,-5.050000000000001,8.33,-35.13,4.41,-5.69,-16.47,-38.41,-26.89
2025-08-11T18:01:32.738210,23.0,-63.0,9.0,29.0,103.0,36.0,34.0,49.0,0.0,9.0,23.0,22.0,28.03,-86.48,10.4,17.41,79.95,51.33,38.87,35.41,0.31,-6.470000000000001,-4.41,22.11
2025-08-11T18:01:32.745543,58.0,53.0,70.0,-7.0,42.0,-34.0,-14.0,7.0,-12.0,26.0,39.0,-18.0,63.03,29.52,71.4,-18.59,18.95,-18.67,-9.129999999999999,-6.59,-11.69,10.53,11.59,-17.89
2025-08-11T18:01:32.750524,15.0,52.0,87.0,2.0,50.0,11.0,-7.0,-74.0,-54.0,-53.0,17.0,-25.0,20.03,28.52,88.4,-9.59,26.95,26.33,-2.13,-87.59,-53.69,-68.47,-10.41,-24.89
2025-08-11T18:01:32.758097,25.0,28.0,48.0,-80.0,41.0,-23.0,-54.0,-43.0,2.0,-40.0,-41.0,-10.0,30.03,4.52,49.4,-91.59,17.95,-7.67,-49.13,-56.59,2.31,-55.47,-68.41,-9.89
2025-08-11T18:01:32.762872,-10.0,-17.0,34.0,-23.0,15.0,19.0,13.0,-18.0,12.0,-64.0,37.0,10.0,-4.97,-40.480000000000004,35.4,-34.59,-8.05,34.33,17.87,-31.59,12.31,-79.47,9.59,10.11
2025-08-11T18:01:32.770518,33.0,58.0,17.0,34.0,41.0,-38.0,-45.0,24.0,3.0,36.0,-12.0,-21.0,38.03,34.519999999999996,18.4,22.41,17.95,-22.67,-40.13,10.41,3.31,20.53,-39.41,-20.89
2025-08-11T18:01:32.775093,-18.0,21.0,-3.0,-15.0,50.0,36.0,-27.0,-1.0,-26.0,-14.0,68.0,-17.0,-12.969999999999999,-2.4800000000000004,-1.6,-26.59,26.95,51.33,-22.13,-14.59,-25.69,-29.47,40.59,-16.89
2025-08-11T18:01:32.782534,-57.0,53.0,-42.0,2.0,56.0,-9.0,-21.0,-78.0,-1.0,-3.0,44.0,-32.0,-51.97,29.52,-40.6,-9.59,32.95,6.33,-16.13,-91.59,-0.69,-18.47,16.59,-31.89
2025-08-11T18:01:32.786847,-61.0,76.0,-36.0,-9.0,-48.0,-27.0,-2.0,31.0,13.0,0.0,52.0,-17.0,-55.97,52.519999999999996,-34.6,-20.59,-71.05,-11.67,2.87,17.41,13.31,-15.47,24.59,-16.89
2025-08-11T18:01:32.794733,-64.0,9.0,-3.0,17.0,126.0,-36.0,77.0,-11.0,30.0,75.0,68.0,4.0,-58.97,-14.48,-1.6,5.41,102.95,-20.67,81.87,-24.59,30.31,59.53,40.59,4.11
2025-08-11T18:01:32.799909,10.0,3.0,-59.0,68.0,-15.0,-28.0,-39.0,5.0,53.0,-40.0,21.0,-13.0,15.030000000000001,-20.48,-57.6,56.41,-38.05,-12.67,-34.13,-8.59,53.31,-55.47,-6.41,-12.89
2025-08-11T18:01:32.806853,-9.0,-2.0,-1.0,84.0,-8.0,5.0,-61.0,21.0,-8.0,-16.0,12.0,-2.0,-3.9699999999999998,-25.48,0.3999999999999999,72.41,-31.05,20.33,-56.13,7.41,-7.69,-31.47,-15.41,-1.89
2025-08-11T18:01:32.811606,-35.0,49.0,-49.0,-10.0,-30.0,-15.0,-25.0,-8.0,87.0,2.0,87.0,16.0,-29.97,25.52,-47.6,-21.59,-53.05,0.33000000000000007,-20.13,-21.59,87.31,-13.47,59.59,16.11
2025-08-11T18:01:32.819355,-22.0,87.0,-22.0,-14.0,16.0,-42.0,-39.0,21.0,-24.0,-60.0,11.0,60.0,-16.97,63.519999999999996,-20.6,-25.59,-7.050000000000001,-26.67,-34.13,7.41,-23.69,-75.47,-16.41,60.11
2025-08-11T18:01:32.823506,-45.0,27.0,-30.0,-49.0,91.0,-4.0,-67.0,-18.0,39.0,-43.0,94.0,5.0,-39.97,3.5199999999999996,-28.6,-60.59,67.95,11.33,-62.13,-31.59,39.31,-58.47,66.59,5.11
2025-08-11T18:01:32.831568,20.0,4.0,-4.0,1.0,66.0,-30.0,-80.0,51.0,-11.0,-21.0,29.0,2.0,25.03,-19.48,-2.6,-10.59,42.95,-14.67,-75.13,37.41,-10.69,-36.47,1.5899999999999999,2.11
2025-08-11T18:01:32.836014,17.0,-23.0,-6.0,54.0,81.0,36.0,-14.0,18.0,1.0,-28.0,61.0,-16.0,22.03,-46.480000000000004,-4.6,42.41,57.95,51.33,-9.129999999999999,4.41,1.31,-43.47,33.59,-15.89
2025-08-11T18:01:32.843696,69.0,-21.0,-23.0,-22.0,-16.0,3.0,-1.0,45.0,-45.0,-57.0,13.0,7.0,74.03,-44.480000000000004,-21.6,-33.59,-39.05,18.33,3.87,31.41,-44.69,-72.47,-14.41,7.11
2025-08-11T18:01:32.847951,9.0,1.0,-28.0,9.0,-2.0,-38.0,12.0,55.0,50.0,14.0,27.0,-17.0,14.030000000000001,-22.48,-26.6,-2.59,-25.05,-22.67,16.87,41.41,50.31,-1.4700000000000006,-0.41000000000000014,-16.89
2025-08-11T18:01:32.856230,-14.0,12.0,-29.0,-27.0,44.0,3.0,-77.0,53.0,9.0,0.0,39.0,19.0,-8.969999999999999,-11.48,-27.6,-38.59,20.95,18.33,-72.13,39.41,9.31,-15.47,11.59,19.11
