timestamp,x1,y1,z1,x2,y2,z2,x3,y3,z3,x4,y4,z4,x1_calib,y1_calib,z1_calib,x2_calib,y2_calib,z2_calib,x3_calib,y3_calib,z3_calib,x4_calib,y4_calib,z4_calib
2025-08-08T18:32:26.173099,-25.0,52.0,-81.0,4.0,-19.0,-25.0,6.0,35.0,-5.0,-54.0,44.0,-4.0,-45.32,37.19,-67.97,-9.78,-50.16,-20.240000000000002,5.74,18.35,-3.59,-45.31,8.439999999999998,-5.8100000000000005
2025-08-08T18:32:26.177322,9.0,42.0,-43.0,26.0,31.0,-34.0,-60.0,-6.0,31.0,-43.0,2.0,9.0,-11.32,27.189999999999998,-29.97,12.22,-0.16000000000000014,-29.240000000000002,-60.26,-22.65,32.41,-34.31,-33.56,7.1899999999999995
2025-08-08T18:32:26.185565,13.0,42.0,-49.0,-18.0,46.0,-21.0,-17.0,-35.0,-48.0,-46.0,50.0,5.0,-7.32,27.189999999999998,-35.97,-31.78,14.84,-16.240000000000002,-17.26,-51.65,-46.59,-37.31,14.439999999999998,3.19
2025-08-08T18:32:26.189732,20.0,-68.0,-39.0,1.0,13.0,-74.0,23.0,71.0,-20.0,-32.0,68.0,-58.0,-0.3200000000000003,-82.81,-25.97,-12.78,-18.16,-69.24,22.74,54.35,-18.59,-23.310000000000002,32.44,-59.81
2025-08-08T18:32:26.197774,-13.0,55.0,-15.0,36.0,1.0,-29.0,-37.0,35.0,-13.0,-8.0,74.0,27.0,-33.32,40.19,-1.9700000000000006,22.22,-30.16,-24.240000000000002,-37.26,18.35,-11.59,0.6899999999999995,38.44,25.19
2025-08-08T18:32:26.202053,60.0,-29.0,-12.0,53.0,-25.0,38.0,8.0,-13.0,15.0,8.0,43.0,23.0,39.68,-43.81,1.0299999999999994,39.22,-56.16,42.76,7.74,-29.65,16.41,16.689999999999998,7.439999999999998,21.19
2025-08-08T18:32:26.210019,34.0,13.0,3.0,0.0,49.0,-3.0,16.0,5.0,-27.0,26.0,16.0,-67.0,13.68,-1.8100000000000005,16.03,-13.78,17.84,1.7599999999999998,15.74,-11.649999999999999,-25.59,34.69,-19.560000000000002,-68.81
2025-08-08T18:32:26.214238,12.0,0.0,-87.0,40.0,25.0,73.0,28.0,26.0,-79.0,31.0,72.0,3.0,-8.32,-14.81,-73.97,26.22,-6.16,77.76,27.74,9.350000000000001,-77.59,39.69,36.44,1.19
2025-08-08T18:32:26.222175,35.0,-37.0,-77.0,9.0,54.0,3.0,12.0,39.0,-4.0,-29.0,-1.0,-78.0,14.68,-51.81,-63.97,-4.779999999999999,22.84,7.76,11.74,22.35,-2.59,-20.310000000000002,-36.56,-79.81
2025-08-08T18:32:26.226633,16.0,-29.0,11.0,1.0,118.0,-27.0,-8.0,54.0,-66.0,-18.0,20.0,-16.0,-4.32,-43.81,24.03,-12.78,86.84,-22.240000000000002,-8.26,37.35,-64.59,-9.31,-15.560000000000002,-17.81
2025-08-08T18:32:26.234872,47.0,-50.0,-52.0,4.0,44.0,-10.0,7.0,-25.0,-44.0,16.0,-31.0,-11.0,26.68,-64.81,-38.97,-9.78,12.84,-5.24,6.74,-41.65,-42.59,24.689999999999998,-66.56,-12.81
2025-08-08T18:32:26.239127,52.0,19.0,62.0,29.0,13.0,61.0,55.0,-36.0,71.0,34.0,19.0,47.0,31.68,4.1899999999999995,75.03,15.22,-18.16,65.76,54.74,-52.65,72.41,42.69,-16.560000000000002,45.19
2025-08-08T18:32:26.246707,34.0,29.0,0.0,90.0,39.0,18.0,-4.0,-20.0,70.0,-55.0,51.0,-32.0,13.68,14.19,13.03,76.22,7.84,22.759999999999998,-4.26,-36.65,71.41,-46.31,15.439999999999998,-33.81
2025-08-08T18:32:26.251353,42.0,13.0,-33.0,40.0,62.0,-37.0,-30.0,17.0,36.0,-99.0,100.0,34.0,21.68,-1.8100000000000005,-19.97,26.22,30.84,-32.24,-30.26,0.3500000000000014,37.41,-90.31,64.44,32.19
2025-08-08T18:32:26.259166,-40.0,-23.0,-55.0,-11.0,14.0,35.0,4.0,76.0,11.0,-33.0,64.0,-61.0,-60.32,-37.81,-41.97,-24.78,-17.16,39.76,3.74,59.35,12.41,-24.310000000000002,28.439999999999998,-62.81
2025-08-08T18:32:26.263548,-41.0,42.0,3.0,-49.0,21.0,-8.0,-20.0,29.0,26.0,-48.0,55.0,-7.0,-61.32,27.189999999999998,16.03,-62.78,-10.16,-3.24,-20.26,12.350000000000001,27.41,-39.31,19.439999999999998,-8.81
2025-08-08T18:32:26.271520,-54.0,-26.0,-1.0,-1.0,60.0,16.0,-3.0,86.0,10.0,14.0,42.0,-33.0,-74.32,-40.81,12.03,-14.78,28.84,20.759999999999998,-3.26,69.35,11.41,22.689999999999998,6.439999999999998,-34.81
2025-08-08T18:32:26.276036,-23.0,11.0,-28.0,-9.0,5.0,-19.0,-51.0,53.0,-5.0,33.0,19.0,35.0,-43.32,-3.8100000000000005,-14.97,-22.78,-26.16,-14.24,-51.26,36.35,-3.59,41.69,-16.560000000000002,33.19
2025-08-08T18:32:26.282477,-17.0,-4.0,-22.0,58.0,2.0,36.0,5.0,7.0,29.0,-24.0,16.0,-8.0,-37.32,-18.810000000000002,-8.97,44.22,-29.16,40.76,4.74,-9.649999999999999,30.41,-15.31,-19.560000000000002,-9.81
2025-08-08T18:32:26.289196,-2.0,28.0,82.0,5.0,36.0,-47.0,-28.0,20.0,-38.0,22.0,53.0,-54.0,-22.32,13.19,95.03,-8.78,4.84,-42.24,-28.26,3.3500000000000014,-36.59,30.689999999999998,17.439999999999998,-55.81
2025-08-08T18:32:26.294010,-1.0,4.0,20.0,-10.0,33.0,-22.0,-48.0,54.0,-40.0,32.0,40.0,-8.0,-21.32,-10.81,33.03,-23.78,1.8399999999999999,-17.240000000000002,-48.26,37.35,-38.59,40.69,4.439999999999998,-9.81
2025-08-08T18:32:26.301133,-7.0,3.0,-33.0,-77.0,12.0,25.0,-10.0,-14.0,-23.0,-42.0,42.0,24.0,-27.32,-11.81,-19.97,-90.78,-19.16,29.759999999999998,-10.26,-30.65,-21.59,-33.31,6.439999999999998,22.19
2025-08-08T18:32:26.305970,-52.0,35.0,7.0,23.0,-55.0,14.0,-27.0,-26.0,-16.0,30.0,8.0,15.0,-72.32,20.189999999999998,20.03,9.22,-86.16,18.759999999999998,-27.26,-42.65,-14.59,38.69,-27.560000000000002,13.19
2025-08-08T18:32:26.312951,-46.0,115.0,18.0,47.0,16.0,-24.0,34.0,10.0,1.0,-9.0,56.0,21.0,-66.32,100.19,31.03,33.22,-15.16,-19.240000000000002,33.74,-6.649999999999999,2.41,-0.3100000000000005,20.439999999999998,19.19
2025-08-08T18:32:26.316858,-17.0,48.0,-47.0,-1.0,12.0,0.0,12.0,-13.0,-21.0,92.0,17.0,2.0,-37.32,33.19,-33.97,-14.78,-19.16,4.76,11.74,-29.65,-19.59,100.69,-18.560000000000002,0.18999999999999995
2025-08-08T18:32:26.324980,60.0,1.0,-9.0,-25.0,48.0,8.0,-32.0,-43.0,6.0,-14.0,46.0,54.0,39.68,-13.81,4.029999999999999,-38.78,16.84,12.76,-32.26,-59.65,7.41,-5.3100000000000005,10.439999999999998,52.19
2025-08-08T18:32:26.328939,15.0,-53.0,-89.0,-13.0,-6.0,48.0,-13.0,54.0,-38.0,-75.0,42.0,28.0,-5.32,-67.81,-75.97,-26.78,-37.16,52.76,-13.26,37.35,-36.59,-66.31,6.439999999999998,26.19
2025-08-08T18:32:26.337017,-7.0,65.0,10.0,5.0,8.0,-19.0,-64.0,-12.0,66.0,-2.0,43.0,-16.0,-27.32,50.19,23.03,-8.78,-23.16,-14.24,-64.26,-28.65,67.41,6.6899999999999995,7.439999999999998,-17.81
2025-08-08T18:32:26.341317,28.0,34.0,-61.0,16.0,34.0,2.0,36.0,-38.0,-4.0,-67.0,36.0,-17.0,7.68,19.189999999999998,-47.97,2.2200000000000006,2.84,6.76,35.74,-54.65,-2.59,-58.31,0.4399999999999977,-18.81
2025-08-08T18:32:26.349254,22.0,54.0,-43.0,14.0,40.0,35.0,0.0,-20.0,0.0,16.0,-27.0,33.0,1.6799999999999997,39.19,-29.97,0.22000000000000064,8.84,39.76,-0.26,-36.65,1.41,24.689999999999998,-62.56,31.19
2025-08-08T18:32:26.353587,67.0,38.0,-31.0,57.0,46.0,-33.0,14.0,23.0,-10.0,19.0,9.0,3.0,46.68,23.189999999999998,-17.97,43.22,14.84,-28.240000000000002,13.74,6.350000000000001,-8.59,27.689999999999998,-26.560000000000002,1.19
2025-08-08T18:32:26.361620,-13.0,30.0,16.0,43.0,-41.0,-18.0,33.0,-38.0,-30.0,9.0,13.0,-54.0,-33.32,15.19,29.03,29.22,-72.16,-13.24,32.74,-54.65,-28.59,17.689999999999998,-22.560000000000002,-55.81
2025-08-08T18:32:26.365756,32.0,60.0,-14.0,18.0,13.0,56.0,16.0,24.0,-51.0,-1.0,97.0,-10.0,11.68,45.19,-0.9700000000000006,4.220000000000001,-18.16,60.76,15.74,7.350000000000001,-49.59,7.6899999999999995,61.44,-11.81
2025-08-08T18:32:26.373882,14.0,28.0,-32.0,-11.0,49.0,-1.0,5.0,-22.0,-11.0,-9.0,33.0,-4.0,-6.32,13.19,-18.97,-24.78,17.84,3.76,4.74,-38.65,-9.59,-0.3100000000000005,-2.5600000000000023,-5.8100000000000005
2025-08-08T18:32:26.378166,93.0,4.0,-69.0,-13.0,22.0,53.0,-38.0,12.0,50.0,16.0,106.0,-51.0,72.68,-10.81,-55.97,-26.78,-9.16,57.76,-38.26,-4.649999999999999,51.41,24.689999999999998,70.44,-52.81
2025-08-08T18:32:26.386194,69.0,2.0,39.0,29.0,-34.0,32.0,31.0,43.0,20.0,-41.0,57.0,-41.0,48.68,-12.81,52.03,15.22,-65.16,36.76,30.74,26.35,21.41,-32.31,21.439999999999998,-42.81
2025-08-08T18:32:26.390441,4.0,-72.0,-10.0,23.0,28.0,-6.0,36.0,1.0,-39.0,60.0,-20.0,-34.0,-16.32,-86.81,3.0299999999999994,9.22,-3.16,-1.2400000000000002,35.74,-15.649999999999999,-37.59,68.69,-55.56,-35.81
2025-08-08T18:32:26.398611,13.0,-30.0,-21.0,42.0,-10.0,-76.0,59.0,-44.0,-25.0,24.0,42.0,-2.0,-7.32,-44.81,-7.970000000000001,28.22,-41.16,-71.24,58.74,-60.65,-23.59,32.69,6.439999999999998,-3.81
2025-08-08T18:32:26.402928,-38.0,9.0,6.0,-9.0,68.0,-66.0,-31.0,-34.0,-53.0,2.0,55.0,-29.0,-58.32,-5.8100000000000005,19.03,-22.78,36.84,-61.24,-31.26,-50.65,-51.59,10.69,19.439999999999998,-30.81
2025-08-08T18:32:26.410740,-77.0,-48.0,-10.0,10.0,27.0,1.0,37.0,-11.0,-45.0,3.0,-17.0,-83.0,-97.32,-62.81,3.0299999999999994,-3.7799999999999994,-4.16,5.76,36.74,-27.65,-43.59,11.69,-52.56,-84.81
2025-08-08T18:32:26.415328,9.0,-60.0,49.0,24.0,136.0,-42.0,18.0,15.0,-53.0,45.0,56.0,-34.0,-11.32,-74.81,62.03,10.22,104.84,-37.24,17.74,-1.6499999999999986,-51.59,53.69,20.439999999999998,-35.81
2025-08-08T18:32:26.423026,-3.0,48.0,7.0,57.0,-28.0,-19.0,-39.0,-30.0,30.0,47.0,33.0,-29.0,-23.32,33.19,20.03,43.22,-59.16,-14.24,-39.26,-46.65,31.41,55.69,-2.5600000000000023,-30.81
2025-08-08T18:32:26.427470,6.0,64.0,-44.0,29.0,63.0,-17.0,-1.0,17.0,40.0,-24.0,15.0,-21.0,-14.32,49.19,-30.97,15.22,31.84,-12.24,-1.26,0.3500000000000014,41.41,-15.31,-20.560000000000002,-22.81
2025-08-08T18:32:26.431756,-21.0,80.0,-30.0,23.0,20.0,17.0,22.0,91.0,-50.0,14.0,8.0,5.0,-41.32,65.19,-16.97,9.22,-11.16,21.759999999999998,21.74,74.35,-48.59,22.689999999999998,-27.560000000000002,3.19
2025-08-08T18:32:26.440547,-42.0,96.0,10.0,-22.0,61.0,-19.0,-10.0,-29.0,-24.0,-7.0,61.0,8.0,-62.32,81.19,23.03,-35.78,29.84,-14.24,-10.26,-45.65,-22.59,1.6899999999999995,25.439999999999998,6.1899999999999995
2025-08-08T18:32:26.447736,51.0,85.0,-14.0,67.0,16.0,26.0,-9.0,40.0,-19.0,-46.0,28.0,-18.0,30.68,70.19,-0.9700000000000006,53.22,-15.16,30.759999999999998,-9.26,23.35,-17.59,-37.31,-7.560000000000002,-19.81
2025-08-08T18:32:26.452215,9.0,-1.0,-61.0,-5.0,58.0,-48.0,41.0,-45.0,16.0,-71.0,67.0,-4.0,-11.32,-15.81,-47.97,-18.78,26.84,-43.24,40.74,-61.65,17.41,-62.31,31.439999999999998,-5.8100000000000005
2025-08-08T18:32:26.459761,-26.0,66.0,-34.0,-11.0,111.0,-52.0,-22.0,13.0,-33.0,-95.0,-21.0,1.0,-46.32,51.19,-20.97,-24.78,79.84,-47.24,-22.26,-3.6499999999999986,-31.59,-86.31,-56.56,-0.81
2025-08-08T18:32:26.464275,82.0,-15.0,13.0,7.0,-39.0,-64.0,18.0,38.0,20.0,13.0,83.0,-28.0,61.68,-29.810000000000002,26.03,-6.779999999999999,-70.16,-59.24,17.74,21.35,21.41,21.689999999999998,47.44,-29.81
2025-08-08T18:32:26.471955,110.0,-59.0,-14.0,49.0,15.0,70.0,24.0,-20.0,11.0,-43.0,9.0,-42.0,89.68,-73.81,-0.9700000000000006,35.22,-16.16,74.76,23.74,-36.65,12.41,-34.31,-26.560000000000002,-43.81
2025-08-08T18:32:26.476258,36.0,-30.0,9.0,47.0,-29.0,-31.0,-10.0,5.0,-25.0,6.0,23.0,-76.0,15.68,-44.81,22.03,33.22,-60.16,-26.240000000000002,-10.26,-11.649999999999999,-23.59,14.69,-12.560000000000002,-77.81
2025-08-08T18:32:26.481053,58.0,-26.0,-45.0,12.0,38.0,26.0,-24.0,-23.0,11.0,-50.0,68.0,-9.0,37.68,-40.81,-31.97,-1.7799999999999994,6.84,30.759999999999998,-24.26,-39.65,12.41,-41.31,32.44,-10.81
2025-08-08T18:32:26.488489,-51.0,-15.0,14.0,17.0,60.0,6.0,-5.0,39.0,-10.0,-9.0,18.0,-1.0,-71.32,-29.810000000000002,27.03,3.2200000000000006,28.84,10.76,-5.26,22.35,-8.59,-0.3100000000000005,-17.560000000000002,-2.81
2025-08-08T18:32:26.492818,-29.0,32.0,28.0,7.0,44.0,4.0,21.0,61.0,-3.0,18.0,-35.0,67.0,-49.32,17.189999999999998,41.03,-6.779999999999999,12.84,8.76,20.74,44.35,-1.59,26.689999999999998,-70.56,65.19
2025-08-08T18:32:26.501168,56.0,-21.0,-32.0,28.0,53.0,-37.0,2.0,134.0,-50.0,46.0,57.0,26.0,35.68,-35.81,-18.97,14.22,21.84,-32.24,1.74,117.35,-48.59,54.69,21.439999999999998,24.19
2025-08-08T18:32:26.505785,43.0,85.0,17.0,-12.0,55.0,-25.0,-8.0,41.0,1.0,-57.0,57.0,73.0,22.68,70.19,30.03,-25.78,23.84,-20.240000000000002,-8.26,24.35,2.41,-48.31,21.439999999999998,71.19
2025-08-08T18:32:26.513483,-21.0,57.0,14.0,-19.0,48.0,-51.0,0.0,-6.0,23.0,-13.0,69.0,17.0,-41.32,42.19,27.03,-32.78,16.84,-46.24,-0.26,-22.65,24.41,-4.3100000000000005,33.44,15.19
2025-08-08T18:32:26.517291,14.0,99.0,-31.0,53.0,26.0,5.0,-6.0,99.0,-18.0,-39.0,119.0,33.0,-6.32,84.19,-17.97,39.22,-5.16,9.76,-6.26,82.35,-16.59,-30.310000000000002,83.44,31.19
2025-08-08T18:32:26.525378,97.0,105.0,-85.0,-36.0,30.0,-16.0,8.0,20.0,44.0,5.0,24.0,3.0,76.68,90.19,-71.97,-49.78,-1.1600000000000001,-11.24,7.74,3.3500000000000014,45.41,13.69,-11.560000000000002,1.19
2025-08-08T18:32:26.529510,48.0,122.0,-2.0,-28.0,65.0,-34.0,50.0,-19.0,9.0,-53.0,66.0,-30.0,27.68,107.19,11.03,-41.78,33.84,-29.240000000000002,49.74,-35.65,10.41,-44.31,30.439999999999998,-31.81
2025-08-08T18:32:26.537698,31.0,-45.0,-47.0,-28.0,52.0,10.0,59.0,32.0,18.0,-24.0,27.0,-42.0,10.68,-59.81,-33.97,-41.78,20.84,14.76,58.74,15.350000000000001,19.41,-15.31,-8.560000000000002,-43.81
2025-08-08T18:32:26.541885,16.0,51.0,50.0,52.0,57.0,49.0,0.0,52.0,20.0,52.0,50.0,-24.0,-4.32,36.19,63.03,38.22,25.84,53.76,-0.26,35.35,21.41,60.69,14.439999999999998,-25.81
2025-08-08T18:32:26.550034,-8.0,72.0,-67.0,-59.0,75.0,-20.0,-8.0,-15.0,33.0,17.0,3.0,25.0,-28.32,57.19,-53.97,-72.78,43.84,-15.24,-8.26,-31.65,34.41,25.689999999999998,-32.56,23.19
2025-08-08T18:32:26.554362,23.0,67.0,31.0,-24.0,13.0,14.0,-33.0,49.0,-7.0,26.0,43.0,3.0,2.6799999999999997,52.19,44.03,-37.78,-18.16,18.759999999999998,-33.26,32.35,-5.59,34.69,7.439999999999998,1.19
2025-08-08T18:32:26.562181,22.0,-73.0,-10.0,49.0,80.0,-49.0,0.0,-19.0,-47.0,-45.0,28.0,-26.0,1.6799999999999997,-87.81,3.0299999999999994,35.22,48.84,-44.24,-0.26,-35.65,-45.59,-36.31,-7.560000000000002,-27.81
2025-08-08T18:32:26.566502,67.0,110.0,-17.0,70.0,47.0,10.0,-36.0,-28.0,-16.0,-26.0,-4.0,15.0,46.68,95.19,-3.9700000000000006,56.22,15.84,14.76,-36.26,-44.65,-14.59,-17.310000000000002,-39.56,13.19
2025-08-08T18:32:26.574645,16.0,50.0,-20.0,45.0,36.0,48.0,-42.0,-13.0,-46.0,-35.0,-67.0,20.0,-4.32,35.19,-6.970000000000001,31.22,4.84,52.76,-42.26,-29.65,-44.59,-26.310000000000002,-102.56,18.19
2025-08-08T18:32:26.578950,26.0,23.0,-17.0,79.0,15.0,-18.0,11.0,-26.0,-19.0,13.0,-4.0,13.0,5.68,8.19,-3.9700000000000006,65.22,-16.16,-13.24,10.74,-42.65,-17.59,21.689999999999998,-39.56,11.19
2025-08-08T18:32:26.586877,27.0,87.0,-39.0,14.0,27.0,1.0,18.0,-14.0,45.0,-5.0,49.0,36.0,6.68,72.19,-25.97,0.22000000000000064,-4.16,5.76,17.74,-30.65,46.41,3.6899999999999995,13.439999999999998,34.19
2025-08-08T18:32:26.591246,-27.0,13.0,-68.0,21.0,2.0,-9.0,-37.0,-11.0,-30.0,-22.0,74.0,6.0,-47.32,-1.8100000000000005,-54.97,7.220000000000001,-29.16,-4.24,-37.26,-27.65,-28.59,-13.31,38.44,4.1899999999999995
2025-08-08T18:32:26.599177,17.0,22.0,-26.0,68.0,50.0,-3.0,20.0,68.0,-4.0,74.0,52.0,24.0,-3.3200000000000003,7.1899999999999995,-12.97,54.22,18.84,1.7599999999999998,19.74,51.35,-2.59,82.69,16.439999999999998,22.19
2025-08-08T18:32:26.603444,80.0,-1.0,-33.0,17.0,29.0,12.0,-10.0,-12.0,38.0,32.0,58.0,-4.0,59.68,-15.81,-19.97,3.2200000000000006,-2.16,16.759999999999998,-10.26,-28.65,39.41,40.69,22.439999999999998,-5.8100000000000005
2025-08-08T18:32:26.611471,42.0,-44.0,-64.0,-12.0,22.0,4.0,14.0,-27.0,24.0,-74.0,5.0,-33.0,21.68,-58.81,-50.97,-25.78,-9.16,8.76,13.74,-43.65,25.41,-65.31,-30.560000000000002,-34.81
2025-08-08T18:32:26.616411,-7.0,-3.0,30.0,-23.0,13.0,2.0,-10.0,22.0,-12.0,-47.0,20.0,15.0,-27.32,-17.810000000000002,43.03,-36.78,-18.16,6.76,-10.26,5.350000000000001,-10.59,-38.31,-15.560000000000002,13.19
2025-08-08T18:32:26.623875,53.0,-3.0,-31.0,9.0,-2.0,131.0,-8.0,18.0,-13.0,-2.0,6.0,8.0,32.68,-17.810000000000002,-17.97,-4.779999999999999,-33.16,135.76,-8.26,1.3500000000000014,-11.59,6.6899999999999995,-29.560000000000002,6.1899999999999995
2025-08-08T18:32:26.630056,-68.0,-24.0,-25.0,25.0,40.0,2.0,-28.0,-1.0,3.0,8.0,34.0,33.0,-88.32,-38.81,-11.97,11.22,8.84,6.76,-28.26,-17.65,4.41,16.689999999999998,-1.5600000000000023,31.19
2025-08-08T18:32:26.636133,-29.0,17.0,-85.0,38.0,23.0,-14.0,-23.0,33.0,-41.0,-6.0,37.0,27.0,-49.32,2.1899999999999995,-71.97,24.22,-8.16,-9.24,-23.26,16.35,-39.59,2.6899999999999995,1.4399999999999977,25.19
2025-08-08T18:32:26.641862,24.0,5.0,-61.0,35.0,22.0,-8.0,58.0,51.0,7.0,-72.0,-7.0,-15.0,3.6799999999999997,-9.81,-47.97,21.22,-9.16,-3.24,57.74,34.35,8.41,-63.31,-42.56,-16.81
2025-08-08T18:32:26.648005,26.0,66.0,-14.0,50.0,32.0,-51.0,-43.0,10.0,-64.0,8.0,17.0,45.0,5.68,51.19,-0.9700000000000006,36.22,0.8399999999999999,-46.24,-43.26,-6.649999999999999,-62.59,16.689999999999998,-18.560000000000002,43.19
2025-08-08T18:32:26.653879,48.0,-19.0,-32.0,53.0,73.0,17.0,42.0,51.0,-58.0,13.0,33.0,60.0,27.68,-33.81,-18.97,39.22,41.84,21.759999999999998,41.74,34.35,-56.59,21.689999999999998,-2.5600000000000023,58.19
2025-08-08T18:32:26.660405,-12.0,-38.0,-47.0,83.0,26.0,-45.0,33.0,107.0,-40.0,5.0,28.0,32.0,-32.32,-52.81,-33.97,69.22,-5.16,-40.24,32.74,90.35,-38.59,13.69,-7.560000000000002,30.19
2025-08-08T18:32:26.665586,-24.0,57.0,-33.0,33.0,54.0,5.0,35.0,-13.0,3.0,79.0,20.0,-12.0,-44.32,42.19,-19.97,19.22,22.84,9.76,34.74,-29.65,4.41,87.69,-15.560000000000002,-13.81
2025-08-08T18:32:26.669621,72.0,72.0,-44.0,-18.0,-41.0,43.0,92.0,-3.0,-33.0,61.0,7.0,103.0,51.68,57.19,-30.97,-31.78,-72.16,47.76,91.74,-19.65,-31.59,69.69,-28.560000000000002,101.19
2025-08-08T18:32:26.677711,-5.0,-5.0,-25.0,-14.0,78.0,30.0,-19.0,12.0,41.0,26.0,-75.0,4.0,-25.32,-19.810000000000002,-11.97,-27.78,46.84,34.76,-19.26,-4.649999999999999,42.41,34.69,-110.56,2.19
2025-08-08T18:32:26.681706,-9.0,-25.0,35.0,99.0,-23.0,22.0,50.0,-39.0,-31.0,6.0,28.0,24.0,-29.32,-39.81,48.03,85.22,-54.16,26.759999999999998,49.74,-55.65,-29.59,14.69,-7.560000000000002,22.19
2025-08-08T18:32:26.689330,45.0,-16.0,-35.0,5.0,19.0,-49.0,-29.0,-59.0,48.0,6.0,32.0,37.0,24.68,-30.810000000000002,-21.97,-8.78,-12.16,-44.24,-29.26,-75.65,49.41,14.69,-3.5600000000000023,35.19
2025-08-08T18:32:26.693756,38.0,1.0,-26.0,35.0,82.0,-69.0,19.0,18.0,0.0,-51.0,79.0,-41.0,17.68,-13.81,-12.97,21.22,50.84,-64.24,18.74,1.3500000000000014,1.41,-42.31,43.44,-42.81
2025-08-08T18:32:26.701587,-5.0,34.0,-18.0,-38.0,73.0,-45.0,-36.0,16.0,-19.0,14.0,84.0,12.0,-25.32,19.189999999999998,-4.970000000000001,-51.78,41.84,-40.24,-36.26,-0.6499999999999986,-17.59,22.689999999999998,48.44,10.19
2025-08-08T18:32:26.706479,46.0,-16.0,-2.0,81.0,60.0,-8.0,-45.0,-17.0,23.0,-92.0,4.0,-28.0,25.68,-30.810000000000002,11.03,67.22,28.84,-3.24,-45.26,-33.65,24.41,-83.31,-31.560000000000002,-29.81
2025-08-08T18:32:26.713799,14.0,-50.0,3.0,-24.0,76.0,6.0,-3.0,-23.0,18.0,19.0,91.0,6.0,-6.32,-64.81,16.03,-37.78,44.84,10.76,-3.26,-39.65,19.41,27.689999999999998,55.44,4.1899999999999995
2025-08-08T18:32:26.718504,-5.0,-2.0,-4.0,53.0,-10.0,-21.0,3.0,53.0,18.0,13.0,50.0,29.0,-25.32,-16.810000000000002,9.03,39.22,-41.16,-16.240000000000002,2.74,36.35,19.41,21.689999999999998,14.439999999999998,27.19
2025-08-08T18:32:26.726070,-43.0,6.0,-37.0,12.0,-13.0,56.0,16.0,45.0,-21.0,-32.0,8.0,-6.0,-63.32,-8.81,-23.97,-1.7799999999999994,-44.16,60.76,15.74,28.35,-19.59,-23.310000000000002,-27.560000000000002,-7.8100000000000005
2025-08-08T18:32:26.730378,2.0,19.0,-81.0,-1.0,1.0,32.0,-21.0,43.0,-9.0,-11.0,107.0,18.0,-18.32,4.1899999999999995,-67.97,-14.78,-30.16,36.76,-21.26,26.35,-7.59,-2.3100000000000005,71.44,16.19
2025-08-08T18:32:26.738305,-4.0,51.0,11.0,86.0,-9.0,-17.0,16.0,64.0,40.0,-57.0,109.0,-23.0,-24.32,36.19,24.03,72.22,-40.16,-12.24,15.74,47.35,41.41,-48.31,73.44,-24.81
2025-08-08T18:32:26.742761,-11.0,-10.0,-36.0,58.0,17.0,-10.0,23.0,24.0,-12.0,-22.0,52.0,-71.0,-31.32,-24.810000000000002,-22.97,44.22,-14.16,-5.24,22.74,7.350000000000001,-10.59,-13.31,16.439999999999998,-72.81
2025-08-08T18:32:26.750817,53.0,66.0,-56.0,-20.0,41.0,8.0,-15.0,-28.0,-35.0,29.0,118.0,-19.0,32.68,51.19,-42.97,-33.78,9.84,12.76,-15.26,-44.65,-33.59,37.69,82.44,-20.81
2025-08-08T18:32:26.755087,30.0,5.0,-100.0,-7.0,44.0,-10.0,39.0,-6.0,23.0,-7.0,60.0,-28.0,9.68,-9.81,-86.97,-20.78,12.84,-5.24,38.74,-22.65,24.41,1.6899999999999995,24.439999999999998,-29.81
2025-08-08T18:32:26.762909,57.0,-34.0,-81.0,71.0,7.0,-32.0,52.0,76.0,-7.0,34.0,71.0,1.0,36.68,-48.81,-67.97,57.22,-24.16,-27.240000000000002,51.74,59.35,-5.59,42.69,35.44,-0.81
2025-08-08T18:32:26.767332,26.0,-37.0,-94.0,42.0,-5.0,-45.0,40.0,22.0,-17.0,-4.0,28.0,74.0,5.68,-51.81,-80.97,28.22,-36.16,-40.24,39.74,5.350000000000001,-15.59,4.6899999999999995,-7.560000000000002,72.19
2025-08-08T18:32:26.775192,7.0,3.0,-69.0,93.0,49.0,26.0,12.0,83.0,37.0,36.0,-33.0,-21.0,-13.32,-11.81,-55.97,79.22,17.84,30.759999999999998,11.74,66.35,38.41,44.69,-68.56,-22.81
2025-08-08T18:32:26.779531,16.0,6.0,-41.0,74.0,33.0,-39.0,19.0,-37.0,5.0,44.0,20.0,-23.0,-4.32,-8.81,-27.97,60.22,1.8399999999999999,-34.24,18.74,-53.65,6.41,52.69,-15.560000000000002,-24.81
2025-08-08T18:32:26.787501,43.0,15.0,-4.0,20.0,-21.0,-40.0,-8.0,27.0,39.0,-6.0,-14.0,36.0,22.68,0.1899999999999995,9.03,6.220000000000001,-52.16,-35.24,-8.26,10.350000000000001,40.41,2.6899999999999995,-49.56,34.19
2025-08-08T18:32:26.792106,46.0,112.0,-65.0,-60.0,17.0,-36.0,-15.0,28.0,-13.0,1.0,-35.0,-22.0,25.68,97.19,-51.97,-73.78,-14.16,-31.240000000000002,-15.26,11.350000000000001,-11.59,9.69,-70.56,-23.81
2025-08-08T18:32:26.799918,-19.0,0.0,-11.0,-13.0,-19.0,-7.0,-52.0,-12.0,-7.0,8.0,-26.0,4.0,-39.32,-14.81,2.0299999999999994,-26.78,-50.16,-2.24,-52.26,-28.65,-5.59,16.689999999999998,-61.56,2.19
2025-08-08T18:32:26.804314,34.0,-32.0,-71.0,30.0,66.0,25.0,-28.0,74.0,18.0,-19.0,22.0,23.0,13.68,-46.81,-57.97,16.22,34.84,29.759999999999998,-28.26,57.35,19.41,-10.31,-13.560000000000002,21.19
2025-08-08T18:32:26.812086,89.0,-8.0,-25.0,38.0,27.0,3.0,-10.0,61.0,-13.0,-102.0,-10.0,2.0,68.68,-22.810000000000002,-11.97,24.22,-4.16,7.76,-10.26,44.35,-11.59,-93.31,-45.56,0.18999999999999995
2025-08-08T18:32:26.817593,24.0,-5.0,-5.0,4.0,0.0,9.0,35.0,-50.0,-33.0,-52.0,43.0,-75.0,3.6799999999999997,-19.810000000000002,8.03,-9.78,-31.16,13.76,34.74,-66.65,-31.59,-43.31,7.439999999999998,-76.81
2025-08-08T18:32:26.821960,67.0,-31.0,-101.0,91.0,20.0,7.0,23.0,-12.0,-50.0,-51.0,4.0,-5.0,46.68,-45.81,-87.97,77.22,-11.16,11.76,22.74,-28.65,-48.59,-42.31,-31.560000000000002,-6.8100000000000005
2025-08-08T18:32:26.829504,3.0,11.0,-60.0,89.0,17.0,18.0,12.0,72.0,6.0,-33.0,87.0,-28.0,-17.32,-3.8100000000000005,-46.97,75.22,-14.16,22.759999999999998,11.74,55.35,7.41,-24.310000000000002,51.44,-29.81
2025-08-08T18:32:26.836483,66.0,-1.0,-44.0,-25.0,-16.0,-31.0,-3.0,22.0,11.0,-49.0,-1.0,-17.0,45.68,-15.81,-30.97,-38.78,-47.16,-26.240000000000002,-3.26,5.350000000000001,12.41,-40.31,-36.56,-18.81
2025-08-08T18:32:26.841629,13.0,-36.0,-16.0,38.0,23.0,-9.0,-1.0,7.0,35.0,-57.0,57.0,-36.0,-7.32,-50.81,-2.9700000000000006,24.22,-8.16,-4.24,-1.26,-9.649999999999999,36.41,-48.31,21.439999999999998,-37.81
2025-08-08T18:32:26.845981,-23.0,-35.0,-73.0,-17.0,14.0,18.0,40.0,36.0,-22.0,-28.0,3.0,12.0,-43.32,-49.81,-59.97,-30.78,-17.16,22.759999999999998,39.74,19.35,-20.59,-19.310000000000002,-32.56,10.19
2025-08-08T18:32:26.853279,-16.0,-6.0,-30.0,2.0,72.0,-1.0,0.0,49.0,40.0,17.0,10.0,-53.0,-36.32,-20.810000000000002,-16.97,-11.78,40.84,3.76,-0.26,32.35,41.41,25.689999999999998,-25.560000000000002,-54.81
2025-08-08T18:32:26.857245,3.0,-25.0,-52.0,17.0,32.0,-19.0,20.0,59.0,38.0,-58.0,56.0,-14.0,-17.32,-39.81,-38.97,3.2200000000000006,0.8399999999999999,-14.24,19.74,42.35,39.41,-49.31,20.439999999999998,-15.81
2025-08-08T18:32:26.865749,-29.0,13.0,-11.0,75.0,76.0,7.0,-47.0,68.0,-30.0,8.0,32.0,-51.0,-49.32,-1.8100000000000005,2.0299999999999994,61.22,44.84,11.76,-47.26,51.35,-28.59,16.689999999999998,-3.5600000000000023,-52.81
2025-08-08T18:32:26.870005,-32.0,-53.0,55.0,-96.0,0.0,-18.0,30.0,23.0,74.0,-26.0,-19.0,-28.0,-52.32,-67.81,68.03,-109.78,-31.16,-13.24,29.74,6.350000000000001,75.41,-17.310000000000002,-54.56,-29.81
2025-08-08T18:32:26.877657,53.0,78.0,17.0,-30.0,10.0,-32.0,-17.0,53.0,-16.0,-17.0,8.0,-69.0,32.68,63.19,30.03,-43.78,-21.16,-27.240000000000002,-17.26,36.35,-14.59,-8.31,-27.560000000000002,-70.81
2025-08-08T18:32:26.882002,5.0,38.0,-9.0,50.0,-3.0,75.0,-43.0,48.0,-10.0,13.0,-69.0,12.0,-15.32,23.189999999999998,4.029999999999999,36.22,-34.16,79.76,-43.26,31.35,-8.59,21.689999999999998,-104.56,10.19
2025-08-08T18:32:26.890043,0.0,12.0,-58.0,-7.0,41.0,-11.0,10.0,95.0,-31.0,-13.0,77.0,12.0,-20.32,-2.8100000000000005,-44.97,-20.78,9.84,-6.24,9.74,78.35,-29.59,-4.3100000000000005,41.44,10.19
2025-08-08T18:32:26.894272,112.0,35.0,-54.0,72.0,21.0,10.0,89.0,31.0,-32.0,-8.0,72.0,-32.0,91.68,20.189999999999998,-40.97,58.22,-10.16,14.76,88.74,14.350000000000001,-30.59,0.6899999999999995,36.44,-33.81
2025-08-08T18:32:26.902351,-29.0,31.0,22.0,66.0,24.0,-46.0,39.0,-35.0,-19.0,-12.0,64.0,-43.0,-49.32,16.189999999999998,35.03,52.22,-7.16,-41.24,38.74,-51.65,-17.59,-3.3100000000000005,28.439999999999998,-44.81
2025-08-08T18:32:26.906529,-47.0,89.0,-18.0,9.0,-32.0,-1.0,36.0,-33.0,-20.0,-61.0,12.0,0.0,-67.32,74.19,-4.970000000000001,-4.779999999999999,-63.16,3.76,35.74,-49.65,-18.59,-52.31,-23.560000000000002,-1.81
2025-08-08T18:32:26.914576,44.0,123.0,-31.0,46.0,50.0,-31.0,30.0,6.0,13.0,-66.0,16.0,-19.0,23.68,108.19,-17.97,32.22,18.84,-26.240000000000002,29.74,-10.649999999999999,14.41,-57.31,-19.560000000000002,-20.81
2025-08-08T18:32:26.918897,17.0,72.0,-1.0,13.0,101.0,7.0,-46.0,-25.0,-73.0,-44.0,16.0,2.0,-3.3200000000000003,57.19,12.03,-0.7799999999999994,69.84,11.76,-46.26,-41.65,-71.59,-35.31,-19.560000000000002,0.18999999999999995
2025-08-08T18:32:26.927057,20.0,17.0,-5.0,-115.0,83.0,16.0,-26.0,24.0,-1.0,-47.0,90.0,-46.0,-0.3200000000000003,2.1899999999999995,8.03,-128.78,51.84,20.759999999999998,-26.26,7.350000000000001,0.4099999999999999,-38.31,54.44,-47.81
2025-08-08T18:32:26.931218,14.0,1.0,-9.0,26.0,15.0,1.0,28.0,74.0,6.0,-5.0,-6.0,-28.0,-6.32,-13.81,4.029999999999999,12.22,-16.16,5.76,27.74,57.35,7.41,3.6899999999999995,-41.56,-29.81
2025-08-08T18:32:26.939191,54.0,-9.0,-75.0,9.0,-60.0,37.0,-19.0,42.0,-39.0,-54.0,61.0,-23.0,33.68,-23.810000000000002,-61.97,-4.779999999999999,-91.16,41.76,-19.26,25.35,-37.59,-45.31,25.439999999999998,-24.81
2025-08-08T18:32:26.943618,-11.0,42.0,-31.0,55.0,60.0,-6.0,18.0,6.0,10.0,15.0,84.0,-4.0,-31.32,27.189999999999998,-17.97,41.22,28.84,-1.2400000000000002,17.74,-10.649999999999999,11.41,23.689999999999998,48.44,-5.8100000000000005
2025-08-08T18:32:26.951342,20.0,45.0,0.0,58.0,24.0,10.0,-30.0,-2.0,3.0,-13.0,63.0,-75.0,-0.3200000000000003,30.189999999999998,13.03,44.22,-7.16,14.76,-30.26,-18.65,4.41,-4.3100000000000005,27.439999999999998,-76.81
2025-08-08T18:32:26.956249,5.0,120.0,-19.0,22.0,36.0,-26.0,-37.0,23.0,-9.0,-67.0,-31.0,-41.0,-15.32,105.19,-5.970000000000001,8.22,4.84,-21.240000000000002,-37.26,6.350000000000001,-7.59,-58.31,-66.56,-42.81
2025-08-08T18:32:26.963865,20.0,29.0,-46.0,63.0,16.0,-11.0,51.0,61.0,-77.0,-22.0,28.0,-18.0,-0.3200000000000003,14.19,-32.97,49.22,-15.16,-6.24,50.74,44.35,-75.59,-13.31,-7.560000000000002,-19.81
2025-08-08T18:32:26.968635,90.0,5.0,49.0,-22.0,40.0,-16.0,8.0,46.0,-1.0,-21.0,51.0,24.0,69.68,-9.81,62.03,-35.78,8.84,-11.24,7.74,29.35,0.4099999999999999,-12.31,15.439999999999998,22.19
2025-08-08T18:32:26.976090,66.0,-9.0,1.0,-33.0,29.0,6.0,79.0,22.0,12.0,-9.0,52.0,-10.0,45.68,-23.810000000000002,14.03,-46.78,-2.16,10.76,78.74,5.350000000000001,13.41,-0.3100000000000005,16.439999999999998,-11.81
2025-08-08T18:32:26.980891,60.0,5.0,8.0,13.0,40.0,-24.0,66.0,28.0,-41.0,14.0,92.0,5.0,39.68,-9.81,21.03,-0.7799999999999994,8.84,-19.240000000000002,65.74,11.350000000000001,-39.59,22.689999999999998,56.44,3.19
2025-08-08T18:32:26.988035,75.0,27.0,-30.0,41.0,120.0,-13.0,66.0,-5.0,-58.0,-56.0,16.0,72.0,54.68,12.19,-16.97,27.22,88.84,-8.24,65.74,-21.65,-56.59,-47.31,-19.560000000000002,70.19
2025-08-08T18:32:26.993394,-40.0,25.0,-16.0,62.0,11.0,16.0,7.0,44.0,-18.0,-13.0,-41.0,5.0,-60.32,10.19,-2.9700000000000006,48.22,-20.16,20.759999999999998,6.74,27.35,-16.59,-4.3100000000000005,-76.56,3.19
2025-08-08T18:32:27.000265,39.0,-21.0,45.0,27.0,81.0,-42.0,-6.0,-44.0,3.0,-74.0,78.0,52.0,18.68,-35.81,58.03,13.22,49.84,-37.24,-6.26,-60.65,4.41,-65.31,42.44,50.19
2025-08-08T18:32:27.005396,24.0,-35.0,-37.0,-39.0,-5.0,-43.0,57.0,-22.0,13.0,7.0,9.0,20.0,3.6799999999999997,-49.81,-23.97,-52.78,-36.16,-38.24,56.74,-38.65,14.41,15.69,-26.560000000000002,18.19
2025-08-08T18:32:27.009486,8.0,-14.0,-97.0,56.0,94.0,-30.0,17.0,-3.0,1.0,-86.0,9.0,-64.0,-12.32,-28.810000000000002,-83.97,42.22,62.84,-25.240000000000002,16.74,-19.65,2.41,-77.31,-26.560000000000002,-65.81
2025-08-08T18:32:27.017464,98.0,1.0,7.0,31.0,73.0,-36.0,16.0,-26.0,0.0,-42.0,66.0,-4.0,77.68,-13.81,20.03,17.22,41.84,-31.240000000000002,15.74,-42.65,1.41,-33.31,30.439999999999998,-5.8100000000000005
2025-08-08T18:32:27.021999,86.0,93.0,-50.0,23.0,-42.0,-15.0,-62.0,27.0,-11.0,-27.0,39.0,-47.0,65.68,78.19,-36.97,9.22,-73.16,-10.24,-62.26,10.350000000000001,-9.59,-18.310000000000002,3.4399999999999977,-48.81
2025-08-08T18:32:27.029626,3.0,24.0,-21.0,-88.0,55.0,-21.0,-38.0,48.0,6.0,16.0,31.0,-12.0,-17.32,9.19,-7.970000000000001,-101.78,23.84,-16.240000000000002,-38.26,31.35,7.41,24.689999999999998,-4.560000000000002,-13.81
2025-08-08T18:32:27.033915,-30.0,-12.0,-32.0,20.0,22.0,35.0,7.0,8.0,-37.0,-68.0,55.0,13.0,-50.32,-26.810000000000002,-18.97,6.220000000000001,-9.16,39.76,6.74,-8.649999999999999,-35.59,-59.31,19.439999999999998,11.19
2025-08-08T18:32:27.041695,-13.0,-28.0,-61.0,26.0,36.0,-42.0,-15.0,41.0,-65.0,-25.0,-53.0,-21.0,-33.32,-42.81,-47.97,12.22,4.84,-37.24,-15.26,24.35,-63.59,-16.310000000000002,-88.56,-22.81
2025-08-08T18:32:27.046440,65.0,-2.0,-104.0,28.0,66.0,-23.0,88.0,7.0,-4.0,38.0,-37.0,-12.0,44.68,-16.810000000000002,-90.97,14.22,34.84,-18.240000000000002,87.74,-9.649999999999999,-2.59,46.69,-72.56,-13.81
2025-08-08T18:32:27.054060,34.0,17.0,-8.0,61.0,11.0,-35.0,24.0,47.0,12.0,-10.0,24.0,-28.0,13.68,2.1899999999999995,5.029999999999999,47.22,-20.16,-30.240000000000002,23.74,30.35,13.41,-1.3100000000000005,-11.560000000000002,-29.81
2025-08-08T18:32:27.058964,-59.0,102.0,-42.0,9.0,16.0,43.0,26.0,-39.0,-24.0,-75.0,40.0,6.0,-79.32,87.19,-28.97,-4.779999999999999,-15.16,47.76,25.74,-55.65,-22.59,-66.31,4.439999999999998,4.1899999999999995
2025-08-08T18:32:27.066234,-63.0,29.0,10.0,1.0,46.0,-52.0,-39.0,-1.0,-11.0,-58.0,118.0,12.0,-83.32,14.19,23.03,-12.78,14.84,-47.24,-39.26,-17.65,-9.59,-49.31,82.44,10.19
2025-08-08T18:32:27.071011,86.0,15.0,-76.0,0.0,95.0,-1.0,7.0,107.0,-11.0,-34.0,15.0,-11.0,65.68,0.1899999999999995,-62.97,-13.78,63.84,3.76,6.74,90.35,-9.59,-25.310000000000002,-20.560000000000002,-12.81
2025-08-08T18:32:27.078460,60.0,24.0,-87.0,57.0,10.0,20.0,-34.0,37.0,10.0,-29.0,45.0,-33.0,39.68,9.19,-73.97,43.22,-21.16,24.759999999999998,-34.26,20.35,11.41,-20.310000000000002,9.439999999999998,-34.81
2025-08-08T18:32:27.084720,40.0,33.0,1.0,40.0,57.0,41.0,-74.0,-7.0,-20.0,-2.0,64.0,-39.0,19.68,18.189999999999998,14.03,26.22,25.84,45.76,-74.26,-23.65,-18.59,6.6899999999999995,28.439999999999998,-40.81
2025-08-08T18:32:27.090812,61.0,-49.0,-57.0,60.0,59.0,3.0,-67.0,25.0,6.0,27.0,20.0,-70.0,40.68,-63.81,-43.97,46.22,27.84,7.76,-67.26,8.350000000000001,7.41,35.69,-15.560000000000002,-71.81
2025-08-08T18:32:27.095295,25.0,36.0,-40.0,45.0,-10.0,-13.0,6.0,-13.0,-52.0,18.0,21.0,-67.0,4.68,21.189999999999998,-26.97,31.22,-41.16,-8.24,5.74,-29.65,-50.59,26.689999999999998,-14.560000000000002,-68.81
2025-08-08T18:32:27.103247,36.0,17.0,24.0,29.0,58.0,20.0,-75.0,-12.0,4.0,-25.0,75.0,-58.0,15.68,2.1899999999999995,37.03,15.22,26.84,24.759999999999998,-75.26,-28.65,5.41,-16.310000000000002,39.44,-59.81
2025-08-08T18:32:27.107501,40.0,13.0,-8.0,-3.0,33.0,-21.0,6.0,18.0,4.0,30.0,62.0,-97.0,19.68,-1.8100000000000005,5.029999999999999,-16.78,1.8399999999999999,-16.240000000000002,5.74,1.3500000000000014,5.41,38.69,26.439999999999998,-98.81
2025-08-08T18:32:27.115279,-13.0,14.0,-26.0,-4.0,-11.0,-42.0,-3.0,8.0,-41.0,75.0,50.0,-56.0,-33.32,-0.8100000000000005,-12.97,-17.78,-42.16,-37.24,-3.26,-8.649999999999999,-39.59,83.69,14.439999999999998,-57.81
2025-08-08T18:32:27.119717,0.0,17.0,-3.0,42.0,61.0,-30.0,21.0,-35.0,-13.0,-34.0,19.0,-66.0,-20.32,2.1899999999999995,10.03,28.22,29.84,-25.240000000000002,20.74,-51.65,-11.59,-25.310000000000002,-16.560000000000002,-67.81
2025-08-08T18:32:27.127679,25.0,-18.0,-30.0,9.0,70.0,-34.0,8.0,-16.0,24.0,-3.0,-53.0,-9.0,4.68,-32.81,-16.97,-4.779999999999999,38.84,-29.240000000000002,7.74,-32.65,25.41,5.6899999999999995,-88.56,-10.81
2025-08-08T18:32:27.132106,15.0,7.0,-59.0,-1.0,77.0,6.0,-27.0,-5.0,1.0,-17.0,45.0,22.0,-5.32,-7.8100000000000005,-45.97,-14.78,45.84,10.76,-27.26,-21.65,2.41,-8.31,9.439999999999998,20.19
2025-08-08T18:32:27.139863,-46.0,24.0,58.0,48.0,41.0,-4.0,8.0,87.0,-83.0,-36.0,21.0,-32.0,-66.32,9.19,71.03,34.22,9.84,0.7599999999999998,7.74,70.35,-81.59,-27.310000000000002,-14.560000000000002,-33.81
2025-08-08T18:32:27.144347,-43.0,13.0,-27.0,12.0,16.0,-34.0,-20.0,26.0,-50.0,10.0,50.0,-42.0,-63.32,-1.8100000000000005,-13.97,-1.7799999999999994,-15.16,-29.240000000000002,-20.26,9.350000000000001,-48.59,18.689999999999998,14.439999999999998,-43.81
2025-08-08T18:32:27.152266,-21.0,63.0,-33.0,-21.0,7.0,33.0,-20.0,-16.0,-19.0,-18.0,-6.0,-38.0,-41.32,48.19,-19.97,-34.78,-24.16,37.76,-20.26,-32.65,-17.59,-9.31,-41.56,-39.81
2025-08-08T18:32:27.156531,-20.0,12.0,-113.0,22.0,82.0,-57.0,58.0,17.0,-25.0,-96.0,29.0,-22.0,-40.32,-2.8100000000000005,-99.97,8.22,50.84,-52.24,57.74,0.3500000000000014,-23.59,-87.31,-6.560000000000002,-23.81
2025-08-08T18:32:27.164321,49.0,94.0,-64.0,6.0,49.0,-33.0,10.0,-2.0,-57.0,-32.0,57.0,20.0,28.68,79.19,-50.97,-7.779999999999999,17.84,-28.240000000000002,9.74,-18.65,-55.59,-23.310000000000002,21.439999999999998,18.19
2025-08-08T18:32:27.168878,34.0,41.0,-79.0,-22.0,69.0,39.0,14.0,-31.0,5.0,-5.0,109.0,-16.0,13.68,26.189999999999998,-65.97,-35.78,37.84,43.76,13.74,-47.65,6.41,3.6899999999999995,73.44,-17.81
2025-08-08T18:32:27.176793,81.0,-19.0,-85.0,43.0,75.0,0.0,4.0,-52.0,-22.0,-7.0,47.0,-10.0,60.68,-33.81,-71.97,29.22,43.84,4.76,3.74,-68.65,-20.59,1.6899999999999995,11.439999999999998,-11.81
2025-08-08T18:32:27.182435,7.0,-1.0,-30.0,20.0,23.0,40.0,-1.0,8.0,-41.0,-101.0,84.0,33.0,-13.32,-15.81,-16.97,6.220000000000001,-8.16,44.76,-1.26,-8.649999999999999,-39.59,-92.31,48.44,31.19
2025-08-08T18:32:27.190148,83.0,54.0,-39.0,4.0,44.0,7.0,10.0,36.0,-56.0,-70.0,42.0,-34.0,62.68,39.19,-25.97,-9.78,12.84,11.76,9.74,19.35,-54.59,-61.31,6.439999999999998,-35.81
2025-08-08T18:32:27.198896,23.0,83.0,-34.0,-18.0,15.0,28.0,-19.0,37.0,-40.0,22.0,45.0,2.0,2.6799999999999997,68.19,-20.97,-31.78,-16.16,32.76,-19.26,20.35,-38.59,30.689999999999998,9.439999999999998,0.18999999999999995
2025-08-08T18:32:27.206597,26.0,48.0,-132.0,-26.0,78.0,-30.0,-6.0,64.0,-42.0,-11.0,34.0,-121.0,5.68,33.19,-118.97,-39.78,46.84,-25.240000000000002,-6.26,47.35,-40.59,-2.3100000000000005,-1.5600000000000023,-122.81
2025-08-08T18:32:27.210805,41.0,10.0,-1.0,74.0,21.0,2.0,23.0,31.0,-61.0,34.0,41.0,-42.0,20.68,-4.8100000000000005,12.03,60.22,-10.16,6.76,22.74,14.350000000000001,-59.59,42.69,5.439999999999998,-43.81
2025-08-08T18:32:27.214549,3.0,-20.0,-28.0,3.0,62.0,-52.0,16.0,-29.0,-61.0,43.0,18.0,-25.0,-17.32,-34.81,-14.97,-10.78,30.84,-47.24,15.74,-45.65,-59.59,51.69,-17.560000000000002,-26.81
2025-08-08T18:32:27.217837,44.0,-17.0,-15.0,54.0,45.0,-91.0,9.0,82.0,-40.0,-14.0,-3.0,-72.0,23.68,-31.810000000000002,-1.9700000000000006,40.22,13.84,-86.24,8.74,65.35,-38.59,-5.3100000000000005,-38.56,-73.81
2025-08-08T18:32:27.222271,55.0,15.0,-91.0,-77.0,61.0,-66.0,29.0,-58.0,-46.0,33.0,63.0,-36.0,34.68,0.1899999999999995,-77.97,-90.78,29.84,-61.24,28.74,-74.65,-44.59,41.69,27.439999999999998,-37.81
2025-08-08T18:32:27.229909,6.0,-3.0,-8.0,6.0,43.0,-17.0,-38.0,3.0,-10.0,-39.0,30.0,-2.0,-14.32,-17.810000000000002,5.029999999999999,-7.779999999999999,11.84,-12.24,-38.26,-13.649999999999999,-8.59,-30.310000000000002,-5.560000000000002,-3.81
2025-08-08T18:32:27.234065,63.0,31.0,-54.0,15.0,65.0,-97.0,-20.0,-17.0,-80.0,47.0,85.0,-2.0,42.68,16.189999999999998,-40.97,1.2200000000000006,33.84,-92.24,-20.26,-33.65,-78.59,55.69,49.44,-3.81
2025-08-08T18:32:27.242113,65.0,3.0,-44.0,13.0,54.0,-1.0,-34.0,-19.0,-30.0,10.0,130.0,-77.0,44.68,-11.81,-30.97,-0.7799999999999994,22.84,3.76,-34.26,-35.65,-28.59,18.689999999999998,94.44,-78.81
2025-08-08T18:32:27.246243,51.0,-25.0,55.0,51.0,65.0,-51.0,33.0,8.0,-51.0,-20.0,54.0,6.0,30.68,-39.81,68.03,37.22,33.84,-46.24,32.74,-8.649999999999999,-49.59,-11.31,18.439999999999998,4.1899999999999995
2025-08-08T18:32:27.254504,-1.0,-15.0,-26.0,76.0,41.0,-70.0,-17.0,21.0,-93.0,-6.0,11.0,-32.0,-21.32,-29.810000000000002,-12.97,62.22,9.84,-65.24,-17.26,4.350000000000001,-91.59,2.6899999999999995,-24.560000000000002,-33.81
2025-08-08T18:32:27.258713,-2.0,-7.0,-120.0,100.0,17.0,-39.0,39.0,65.0,-43.0,-71.0,-11.0,-23.0,-22.32,-21.810000000000002,-106.97,86.22,-14.16,-34.24,38.74,48.35,-41.59,-62.31,-46.56,-24.81
2025-08-08T18:32:27.266772,-6.0,-33.0,-73.0,43.0,-23.0,-15.0,25.0,12.0,-26.0,-82.0,56.0,-11.0,-26.32,-47.81,-59.97,29.22,-54.16,-10.24,24.74,-4.649999999999999,-24.59,-73.31,20.439999999999998,-12.81
2025-08-08T18:32:27.271004,66.0,-19.0,-26.0,-27.0,30.0,-35.0,66.0,7.0,-62.0,-24.0,31.0,-54.0,45.68,-33.81,-12.97,-40.78,-1.1600000000000001,-30.240000000000002,65.74,-9.649999999999999,-60.59,-15.31,-4.560000000000002,-55.81
2025-08-08T18:32:27.279089,11.0,47.0,-31.0,59.0,69.0,-9.0,-1.0,72.0,-51.0,-33.0,21.0,-53.0,-9.32,32.19,-17.97,45.22,37.84,-4.24,-1.26,55.35,-49.59,-24.310000000000002,-14.560000000000002,-54.81
2025-08-08T18:32:27.283346,42.0,81.0,-11.0,15.0,53.0,-20.0,56.0,8.0,-82.0,33.0,113.0,-36.0,21.68,66.19,2.0299999999999994,1.2200000000000006,21.84,-15.24,55.74,-8.649999999999999,-80.59,41.69,77.44,-37.81
2025-08-08T18:32:27.291242,42.0,8.0,-58.0,-26.0,46.0,-51.0,16.0,28.0,-27.0,-26.0,24.0,-24.0,21.68,-6.8100000000000005,-44.97,-39.78,14.84,-46.24,15.74,11.350000000000001,-25.59,-17.310000000000002,-11.560000000000002,-25.81
2025-08-08T18:32:27.295757,-59.0,77.0,-120.0,116.0,50.0,-76.0,-29.0,-54.0,-25.0,-26.0,-3.0,-46.0,-79.32,62.19,-106.97,102.22,18.84,-71.24,-29.26,-70.65,-23.59,-17.310000000000002,-38.56,-47.81
2025-08-08T18:32:27.303674,77.0,4.0,-108.0,-23.0,37.0,-41.0,1.0,31.0,-9.0,35.0,106.0,-17.0,56.68,-10.81,-94.97,-36.78,5.84,-36.24,0.74,14.350000000000001,-7.59,43.69,70.44,-18.81
2025-08-08T18:32:27.308300,-15.0,32.0,-13.0,40.0,53.0,-37.0,-79.0,18.0,-29.0,-59.0,20.0,-21.0,-35.32,17.189999999999998,0.02999999999999936,26.22,21.84,-32.24,-79.26,1.3500000000000014,-27.59,-50.31,-15.560000000000002,-22.81
2025-08-08T18:32:27.316220,72.0,1.0,-96.0,-16.0,123.0,-21.0,-5.0,-4.0,-44.0,-70.0,127.0,-49.0,51.68,-13.81,-82.97,-29.78,91.84,-16.240000000000002,-5.26,-20.65,-42.59,-61.31,91.44,-50.81
2025-08-08T18:32:27.321338,61.0,58.0,-77.0,-10.0,52.0,-40.0,15.0,-48.0,-64.0,-32.0,67.0,-28.0,40.68,43.19,-63.97,-23.78,20.84,-35.24,14.74,-64.65,-62.59,-23.310000000000002,31.439999999999998,-29.81
2025-08-08T18:32:27.329072,144.0,45.0,-77.0,64.0,36.0,20.0,-60.0,8.0,-20.0,20.0,25.0,-34.0,123.68,30.189999999999998,-63.97,50.22,4.84,24.759999999999998,-60.26,-8.649999999999999,-18.59,28.689999999999998,-10.560000000000002,-35.81
2025-08-08T18:32:27.333056,-8.0,17.0,-46.0,44.0,28.0,-35.0,-14.0,-7.0,3.0,-72.0,55.0,-44.0,-28.32,2.1899999999999995,-32.97,30.22,-3.16,-30.240000000000002,-14.26,-23.65,4.41,-63.31,19.439999999999998,-45.81
2025-08-08T18:32:27.341810,9.0,0.0,-68.0,22.0,31.0,-68.0,16.0,-13.0,-50.0,-16.0,31.0,-76.0,-11.32,-14.81,-54.97,8.22,-0.16000000000000014,-63.24,15.74,-29.65,-48.59,-7.3100000000000005,-4.560000000000002,-77.81
2025-08-08T18:32:27.349448,0.0,52.0,-51.0,-2.0,21.0,-88.0,24.0,-58.0,-65.0,-36.0,33.0,-10.0,-20.32,37.19,-37.97,-15.78,-10.16,-83.24,23.74,-74.65,-63.59,-27.310000000000002,-2.5600000000000023,-11.81
2025-08-08T18:32:27.358063,30.0,28.0,-75.0,10.0,18.0,-54.0,-14.0,-31.0,-20.0,40.0,90.0,-58.0,9.68,13.19,-61.97,-3.7799999999999994,-13.16,-49.24,-14.26,-47.65,-18.59,48.69,54.44,-59.81
2025-08-08T18:32:27.362617,15.0,48.0,-3.0,31.0,44.0,-19.0,60.0,15.0,-61.0,-9.0,57.0,-13.0,-5.32,33.19,10.03,17.22,12.84,-14.24,59.74,-1.6499999999999986,-59.59,-0.3100000000000005,21.439999999999998,-14.81
2025-08-08T18:32:27.365307,20.0,-31.0,-30.0,76.0,35.0,-57.0,-73.0,28.0,-52.0,-29.0,79.0,-28.0,-0.3200000000000003,-45.81,-16.97,62.22,3.84,-52.24,-73.26,11.350000000000001,-50.59,-20.310000000000002,43.44,-29.81
2025-08-08T18:32:27.369384,-47.0,63.0,-49.0,50.0,19.0,-41.0,-12.0,-38.0,-18.0,-51.0,25.0,4.0,-67.32,48.19,-35.97,36.22,-12.16,-36.24,-12.26,-54.65,-16.59,-42.31,-10.560000000000002,2.19
2025-08-08T18:32:27.377230,-4.0,169.0,-112.0,9.0,31.0,17.0,-82.0,56.0,-53.0,-16.0,65.0,21.0,-24.32,154.19,-98.97,-4.779999999999999,-0.16000000000000014,21.759999999999998,-82.26,39.35,-51.59,-7.3100000000000005,29.439999999999998,19.19
2025-08-08T18:32:27.382460,14.0,8.0,-71.0,56.0,43.0,9.0,-40.0,11.0,-30.0,-4.0,16.0,-47.0,-6.32,-6.8100000000000005,-57.97,42.22,11.84,13.76,-40.26,-5.649999999999999,-28.59,4.6899999999999995,-19.560000000000002,-48.81
2025-08-08T18:32:27.389542,6.0,88.0,-138.0,44.0,28.0,-38.0,-31.0,-18.0,-82.0,23.0,95.0,-121.0,-14.32,73.19,-124.97,30.22,-3.16,-33.24,-31.26,-34.65,-80.59,31.689999999999998,59.44,-122.81
2025-08-08T18:32:27.394720,33.0,74.0,-97.0,83.0,2.0,-115.0,69.0,-5.0,-31.0,13.0,62.0,-89.0,12.68,59.19,-83.97,69.22,-29.16,-110.24,68.74,-21.65,-29.59,21.689999999999998,26.439999999999998,-90.81
2025-08-08T18:32:27.401801,39.0,1.0,-150.0,23.0,5.0,-102.0,-14.0,40.0,-72.0,-17.0,49.0,-65.0,18.68,-13.81,-136.97,9.22,-26.16,-97.24,-14.26,23.35,-70.59,-8.31,13.439999999999998,-66.81
2025-08-08T18:32:27.406339,97.0,35.0,-76.0,1.0,2.0,-35.0,-11.0,47.0,-24.0,36.0,5.0,-55.0,76.68,20.189999999999998,-62.97,-12.78,-29.16,-30.240000000000002,-11.26,30.35,-22.59,44.69,-30.560000000000002,-56.81
2025-08-08T18:32:27.414207,39.0,-48.0,-135.0,58.0,31.0,-21.0,-46.0,109.0,-65.0,35.0,8.0,-26.0,18.68,-62.81,-121.97,44.22,-0.16000000000000014,-16.240000000000002,-46.26,92.35,-63.59,43.69,-27.560000000000002,-27.81
2025-08-08T18:32:27.418681,27.0,81.0,-55.0,-23.0,39.0,-20.0,-30.0,35.0,-41.0,-22.0,21.0,-22.0,6.68,66.19,-41.97,-36.78,7.84,-15.24,-30.26,18.35,-39.59,-13.31,-14.560000000000002,-23.81
2025-08-08T18:32:27.426464,72.0,77.0,-35.0,18.0,87.0,-7.0,26.0,27.0,39.0,-67.0,76.0,-13.0,51.68,62.19,-21.97,4.220000000000001,55.84,-2.24,25.74,10.350000000000001,40.41,-58.31,40.44,-14.81
2025-08-08T18:32:27.430842,43.0,39.0,-99.0,81.0,27.0,-64.0,11.0,84.0,-88.0,-33.0,34.0,-24.0,22.68,24.189999999999998,-85.97,67.22,-4.16,-59.24,10.74,67.35,-86.59,-24.310000000000002,-1.5600000000000023,-25.81
2025-08-08T18:32:27.438824,28.0,67.0,-93.0,64.0,20.0,-66.0,-8.0,9.0,-86.0,-108.0,83.0,-57.0,7.68,52.19,-79.97,50.22,-11.16,-61.24,-8.26,-7.649999999999999,-84.59,-99.31,47.44,-58.81
2025-08-08T18:32:27.443066,34.0,33.0,-54.0,46.0,-44.0,-86.0,19.0,-34.0,-123.0,28.0,45.0,-96.0,13.68,18.189999999999998,-40.97,32.22,-75.16,-81.24,18.74,-50.65,-121.59,36.69,9.439999999999998,-97.81
2025-08-08T18:32:27.451173,140.0,35.0,-99.0,0.0,1.0,-60.0,-21.0,8.0,-69.0,-51.0,100.0,-113.0,119.68,20.189999999999998,-85.97,-13.78,-30.16,-55.24,-21.26,-8.649999999999999,-67.59,-42.31,64.44,-114.81
2025-08-08T18:32:27.455247,35.0,82.0,-83.0,29.0,47.0,-76.0,-33.0,-32.0,-38.0,-9.0,-14.0,-58.0,14.68,67.19,-69.97,15.22,15.84,-71.24,-33.26,-48.65,-36.59,-0.3100000000000005,-49.56,-59.81
2025-08-08T18:32:27.463329,71.0,-28.0,3.0,110.0,-18.0,-71.0,-30.0,50.0,-60.0,-76.0,-3.0,-17.0,50.68,-42.81,16.03,96.22,-49.16,-66.24,-30.26,33.35,-58.59,-67.31,-38.56,-18.81
2025-08-08T18:32:27.467862,97.0,-28.0,-116.0,47.0,49.0,-53.0,-35.0,-11.0,-74.0,22.0,53.0,-33.0,76.68,-42.81,-102.97,33.22,17.84,-48.24,-35.26,-27.65,-72.59,30.689999999999998,17.439999999999998,-34.81
2025-08-08T18:32:27.475788,25.0,109.0,-54.0,-34.0,26.0,-76.0,-64.0,-48.0,-90.0,13.0,93.0,-84.0,4.68,94.19,-40.97,-47.78,-5.16,-71.24,-64.26,-64.65,-88.59,21.689999999999998,57.44,-85.81
2025-08-08T18:32:27.480202,-25.0,37.0,-79.0,41.0,6.0,-66.0,-56.0,74.0,-76.0,-73.0,56.0,-104.0,-45.32,22.189999999999998,-65.97,27.22,-25.16,-61.24,-56.26,57.35,-74.59,-64.31,20.439999999999998,-105.81
2025-08-08T18:32:27.487999,28.0,20.0,-91.0,66.0,49.0,-70.0,-28.0,28.0,-72.0,-16.0,30.0,-92.0,7.68,5.1899999999999995,-77.97,52.22,17.84,-65.24,-28.26,11.350000000000001,-70.59,-7.3100000000000005,-5.560000000000002,-93.81
2025-08-08T18:32:27.492866,148.0,80.0,-94.0,27.0,0.0,-89.0,-15.0,-53.0,-47.0,-37.0,51.0,-103.0,127.68,65.19,-80.97,13.22,-31.16,-84.24,-15.26,-69.65,-45.59,-28.310000000000002,15.439999999999998,-104.81
2025-08-08T18:32:27.501011,28.0,10.0,-157.0,51.0,58.0,-40.0,-48.0,59.0,-45.0,-92.0,7.0,-84.0,7.68,-4.8100000000000005,-143.97,37.22,26.84,-35.24,-48.26,42.35,-43.59,-83.31,-28.560000000000002,-85.81
2025-08-08T18:32:27.510559,38.0,-6.0,-55.0,87.0,44.0,-44.0,-96.0,12.0,-58.0,-25.0,73.0,-75.0,17.68,-20.810000000000002,-41.97,73.22,12.84,-39.24,-96.26,-4.649999999999999,-56.59,-16.310000000000002,37.44,-76.81
2025-08-08T18:32:27.518850,82.0,1.0,-63.0,-45.0,48.0,-125.0,-30.0,25.0,-61.0,-34.0,86.0,-53.0,61.68,-13.81,-49.97,-58.78,16.84,-120.24,-30.26,8.350000000000001,-59.59,-25.310000000000002,50.44,-54.81
2025-08-08T18:32:27.524312,-25.0,54.0,-120.0,-34.0,102.0,-55.0,-63.0,38.0,-87.0,-43.0,83.0,-162.0,-45.32,39.19,-106.97,-47.78,70.84,-50.24,-63.26,21.35,-85.59,-34.31,47.44,-163.81
2025-08-08T18:32:27.528587,-12.0,28.0,-68.0,-21.0,36.0,-36.0,-35.0,-68.0,-52.0,-26.0,58.0,-119.0,-32.32,13.19,-54.97,-34.78,4.84,-31.240000000000002,-35.26,-84.65,-50.59,-17.310000000000002,22.439999999999998,-120.81
2025-08-08T18:32:27.532246,-6.0,64.0,-87.0,18.0,26.0,-69.0,29.0,-34.0,-37.0,-22.0,76.0,-131.0,-26.32,49.19,-73.97,4.220000000000001,-5.16,-64.24,28.74,-50.65,-35.59,-13.31,40.44,-132.81
2025-08-08T18:32:27.537006,30.0,35.0,-123.0,-6.0,50.0,-134.0,-15.0,-18.0,-7.0,10.0,100.0,-51.0,9.68,20.189999999999998,-109.97,-19.78,18.84,-129.24,-15.26,-34.65,-5.59,18.689999999999998,64.44,-52.81
2025-08-08T18:32:27.541346,20.0,113.0,-75.0,62.0,-15.0,-100.0,-26.0,22.0,-100.0,-6.0,3.0,-2.0,-0.3200000000000003,98.19,-61.97,48.22,-46.16,-95.24,-26.26,5.350000000000001,-98.59,2.6899999999999995,-32.56,-3.81
2025-08-08T18:32:27.549343,18.0,88.0,-81.0,57.0,7.0,-66.0,-33.0,-48.0,-77.0,-13.0,49.0,-50.0,-2.3200000000000003,73.19,-67.97,43.22,-24.16,-61.24,-33.26,-64.65,-75.59,-4.3100000000000005,13.439999999999998,-51.81
2025-08-08T18:32:27.553596,119.0,-8.0,-82.0,4.0,-8.0,-80.0,-4.0,8.0,-30.0,-71.0,59.0,-162.0,98.68,-22.810000000000002,-68.97,-9.78,-39.16,-75.24,-4.26,-8.649999999999999,-28.59,-62.31,23.439999999999998,-163.81
2025-08-08T18:32:27.561621,73.0,-23.0,-42.0,13.0,7.0,-126.0,-4.0,-61.0,-73.0,-65.0,102.0,-109.0,52.68,-37.81,-28.97,-0.7799999999999994,-24.16,-121.24,-4.26,-77.65,-71.59,-56.31,66.44,-110.81
2025-08-08T18:32:27.565859,17.0,22.0,-48.0,27.0,11.0,-113.0,-36.0,-29.0,-41.0,-53.0,45.0,-76.0,-3.3200000000000003,7.1899999999999995,-34.97,13.22,-20.16,-108.24,-36.26,-45.65,-39.59,-44.31,9.439999999999998,-77.81
2025-08-08T18:32:27.573854,-26.0,24.0,-102.0,39.0,0.0,-79.0,-46.0,-9.0,-13.0,36.0,40.0,-58.0,-46.32,9.19,-88.97,25.22,-31.16,-74.24,-46.26,-25.65,-11.59,44.69,4.439999999999998,-59.81
2025-08-08T18:32:27.578145,15.0,112.0,-138.0,42.0,-15.0,-136.0,-7.0,-25.0,-87.0,26.0,39.0,-118.0,-5.32,97.19,-124.97,28.22,-46.16,-131.24,-7.26,-41.65,-85.59,34.69,3.4399999999999977,-119.81
2025-08-08T18:32:27.586117,49.0,43.0,-118.0,12.0,34.0,-157.0,-72.0,-80.0,-118.0,-48.0,15.0,-53.0,28.68,28.189999999999998,-104.97,-1.7799999999999994,2.84,-152.24,-72.26,-96.65,-116.59,-39.31,-20.560000000000002,-54.81
2025-08-08T18:32:27.590592,39.0,101.0,-45.0,19.0,-39.0,-16.0,-45.0,38.0,-101.0,-32.0,3.0,-64.0,18.68,86.19,-31.97,5.220000000000001,-70.16,-11.24,-45.26,21.35,-99.59,-23.310000000000002,-32.56,-65.81
2025-08-08T18:32:27.598604,16.0,-29.0,-126.0,120.0,1.0,-70.0,-7.0,-29.0,-160.0,26.0,137.0,-90.0,-4.32,-43.81,-112.97,106.22,-30.16,-65.24,-7.26,-45.65,-158.59,34.69,101.44,-91.81
2025-08-08T18:32:27.602980,34.0,29.0,-99.0,0.0,96.0,-141.0,12.0,-2.0,-43.0,-57.0,31.0,-85.0,13.68,14.19,-85.97,-13.78,64.84,-136.24,11.74,-18.65,-41.59,-48.31,-4.560000000000002,-86.81
2025-08-08T18:32:27.610914,76.0,54.0,-60.0,7.0,17.0,-127.0,-24.0,-112.0,-89.0,-69.0,44.0,-113.0,55.68,39.19,-46.97,-6.779999999999999,-14.16,-122.24,-24.26,-128.65,-87.59,-60.31,8.439999999999998,-114.81
2025-08-08T18:32:27.615453,46.0,49.0,-65.0,83.0,67.0,-105.0,-5.0,-36.0,-107.0,-49.0,85.0,-178.0,25.68,34.19,-51.97,69.22,35.84,-100.24,-5.26,-52.65,-105.59,-40.31,49.44,-179.81
2025-08-08T18:32:27.623385,70.0,89.0,-95.0,28.0,-22.0,-44.0,-17.0,7.0,-91.0,-37.0,97.0,-124.0,49.68,74.19,-81.97,14.22,-53.16,-39.24,-17.26,-9.649999999999999,-89.59,-28.310000000000002,61.44,-125.81
2025-08-08T18:32:27.628100,105.0,65.0,-148.0,99.0,-19.0,-98.0,-80.0,18.0,-142.0,-5.0,50.0,-73.0,84.68,50.19,-134.97,85.22,-50.16,-93.24,-80.26,1.3500000000000014,-140.59,3.6899999999999995,14.439999999999998,-74.81
2025-08-08T18:32:27.637457,59.0,-8.0,-192.0,13.0,18.0,-95.0,46.0,60.0,-79.0,-85.0,-7.0,-154.0,38.68,-22.810000000000002,-178.97,-0.7799999999999994,-13.16,-90.24,45.74,43.35,-77.59,-76.31,-42.56,-155.81
2025-08-08T18:32:27.646928,25.0,37.0,-241.0,33.0,-66.0,-56.0,-34.0,7.0,-104.0,-70.0,83.0,-94.0,4.68,22.189999999999998,-227.97,19.22,-97.16,-51.24,-34.26,-9.649999999999999,-102.59,-61.31,47.44,-95.81
2025-08-08T18:32:27.656781,135.0,23.0,-75.0,86.0,15.0,-140.0,-102.0,-8.0,-105.0,-52.0,80.0,-175.0,114.68,8.19,-61.97,72.22,-16.16,-135.24,-102.26,-24.65,-103.59,-43.31,44.44,-176.81
2025-08-08T18:32:27.664095,42.0,62.0,-134.0,72.0,12.0,-141.0,-72.0,-31.0,-109.0,-88.0,98.0,-95.0,21.68,47.19,-120.97,58.22,-19.16,-136.24,-72.26,-47.65,-107.59,-79.31,62.44,-96.81
2025-08-08T18:32:27.667753,38.0,35.0,-100.0,-3.0,-13.0,-108.0,-142.0,53.0,-120.0,-21.0,32.0,-200.0,17.68,20.189999999999998,-86.97,-16.78,-44.16,-103.24,-142.26,36.35,-118.59,-12.31,-3.5600000000000023,-201.81
2025-08-08T18:32:27.670930,54.0,71.0,-206.0,26.0,-33.0,-109.0,-66.0,11.0,-141.0,-30.0,47.0,-75.0,33.68,56.19,-192.97,12.22,-64.16,-104.24,-66.26,-5.649999999999999,-139.59,-21.310000000000002,11.439999999999998,-76.81
2025-08-08T18:32:27.673152,34.0,29.0,-159.0,11.0,-8.0,-105.0,-64.0,47.0,-117.0,-98.0,20.0,-118.0,13.68,14.19,-145.97,-2.7799999999999994,-39.16,-100.24,-64.26,30.35,-115.59,-89.31,-15.560000000000002,-119.81
2025-08-08T18:32:27.676660,73.0,3.0,-121.0,54.0,57.0,-129.0,0.0,18.0,-156.0,-92.0,14.0,-49.0,52.68,-11.81,-107.97,40.22,25.84,-124.24,-0.26,1.3500000000000014,-154.59,-83.31,-21.560000000000002,-50.81
2025-08-08T18:32:27.684593,33.0,-24.0,-100.0,23.0,-70.0,-158.0,-84.0,-67.0,-100.0,-66.0,13.0,-114.0,12.68,-38.81,-86.97,9.22,-101.16,-153.24,-84.26,-83.65,-98.59,-57.31,-22.560000000000002,-115.81
2025-08-08T18:32:27.692759,-25.0,-21.0,-83.0,68.0,45.0,-63.0,-39.0,-34.0,-128.0,-73.0,69.0,-93.0,-45.32,-35.81,-69.97,54.22,13.84,-58.24,-39.26,-50.65,-126.59,-64.31,33.44,-94.81
2025-08-08T18:32:27.696958,-13.0,61.0,-128.0,16.0,-79.0,-148.0,24.0,49.0,-124.0,-45.0,49.0,-67.0,-33.32,46.19,-114.97,2.2200000000000006,-110.16,-143.24,23.74,32.35,-122.59,-36.31,13.439999999999998,-68.81
2025-08-08T18:32:27.705007,15.0,64.0,-205.0,72.0,-31.0,-107.0,-53.0,-43.0,-129.0,-131.0,53.0,-103.0,-5.32,49.19,-191.97,58.22,-62.16,-102.24,-53.26,-59.65,-127.59,-122.31,17.439999999999998,-104.81
2025-08-08T18:32:27.710124,27.0,-22.0,-128.0,96.0,51.0,-202.0,-4.0,-61.0,-102.0,-137.0,35.0,-138.0,6.68,-36.81,-114.97,82.22,19.84,-197.24,-4.26,-77.65,-100.59,-128.31,-0.5600000000000023,-139.81
2025-08-08T18:32:27.717135,84.0,0.0,-143.0,40.0,-1.0,-138.0,-65.0,35.0,-72.0,-74.0,56.0,-172.0,63.68,-14.81,-129.97,26.22,-32.16,-133.24,-65.26,18.35,-70.59,-65.31,20.439999999999998,-173.81
2025-08-08T18:32:27.721702,13.0,-8.0,-98.0,55.0,8.0,-74.0,9.0,79.0,-137.0,-34.0,30.0,-93.0,-7.32,-22.810000000000002,-84.97,41.22,-23.16,-69.24,8.74,62.35,-135.59,-25.310000000000002,-5.560000000000002,-94.81
2025-08-08T18:32:27.729723,57.0,10.0,-117.0,51.0,-19.0,-111.0,-103.0,-33.0,-41.0,-13.0,62.0,-126.0,36.68,-4.8100000000000005,-103.97,37.22,-50.16,-106.24,-103.26,-49.65,-39.59,-4.3100000000000005,26.439999999999998,-127.81
2025-08-08T18:32:27.734057,28.0,59.0,-146.0,11.0,6.0,-87.0,-71.0,73.0,-150.0,-52.0,81.0,-74.0,7.68,44.19,-132.97,-2.7799999999999994,-25.16,-82.24,-71.26,56.35,-148.59,-43.31,45.44,-75.81
2025-08-08T18:32:27.741984,40.0,82.0,-229.0,18.0,23.0,-43.0,-65.0,-39.0,-120.0,-54.0,21.0,-70.0,19.68,67.19,-215.97,4.220000000000001,-8.16,-38.24,-65.26,-55.65,-118.59,-45.31,-14.560000000000002,-71.81
2025-08-08T18:32:27.746210,22.0,16.0,-148.0,27.0,-45.0,-72.0,-102.0,56.0,-114.0,-107.0,107.0,-140.0,1.6799999999999997,1.1899999999999995,-134.97,13.22,-76.16,-67.24,-102.26,39.35,-112.59,-98.31,71.44,-141.81
2025-08-08T18:32:27.754153,50.0,36.0,-88.0,53.0,-25.0,-83.0,3.0,-16.0,-74.0,-42.0,124.0,-137.0,29.68,21.189999999999998,-74.97,39.22,-56.16,-78.24,2.74,-32.65,-72.59,-33.31,88.44,-138.81
2025-08-08T18:32:27.758397,45.0,15.0,-148.0,83.0,-75.0,-105.0,-73.0,19.0,-61.0,4.0,67.0,-126.0,24.68,0.1899999999999995,-134.97,69.22,-106.16,-100.24,-73.26,2.3500000000000014,-59.59,12.69,31.439999999999998,-127.81
2025-08-08T18:32:27.766576,8.0,97.0,-169.0,38.0,-9.0,-93.0,-20.0,13.0,-113.0,-65.0,67.0,-175.0,-12.32,82.19,-155.97,24.22,-40.16,-88.24,-20.26,-3.6499999999999986,-111.59,-56.31,31.439999999999998,-176.81
2025-08-08T18:32:27.770581,14.0,62.0,-173.0,80.0,22.0,-83.0,42.0,-86.0,-48.0,-48.0,66.0,-88.0,-6.32,47.19,-159.97,66.22,-9.16,-78.24,41.74,-102.65,-46.59,-39.31,30.439999999999998,-89.81
2025-08-08T18:32:27.778835,71.0,42.0,-222.0,76.0,47.0,-155.0,4.0,-51.0,-96.0,-47.0,70.0,-103.0,50.68,27.189999999999998,-208.97,62.22,15.84,-150.24,3.74,-67.65,-94.59,-38.31,34.44,-104.81
2025-08-08T18:32:27.782924,103.0,35.0,-120.0,49.0,65.0,-103.0,-1.0,-23.0,-76.0,-2.0,84.0,-123.0,82.68,20.189999999999998,-106.97,35.22,33.84,-98.24,-1.26,-39.65,-74.59,6.6899999999999995,48.44,-124.81
2025-08-08T18:32:27.791239,61.0,5.0,-102.0,103.0,-22.0,-129.0,-51.0,-48.0,-25.0,-24.0,94.0,-131.0,40.68,-9.81,-88.97,89.22,-53.16,-124.24,-51.26,-64.65,-23.59,-15.31,58.44,-132.81
2025-08-08T18:32:27.799103,50.0,-3.0,-141.0,17.0,2.0,-90.0,-110.0,-7.0,-92.0,-55.0,38.0,-159.0,29.68,-17.810000000000002,-127.97,3.2200000000000006,-29.16,-85.24,-110.26,-23.65,-90.59,-46.31,2.4399999999999977,-160.81
2025-08-08T18:32:27.803603,4.0,126.0,-86.0,38.0,-68.0,-107.0,-36.0,14.0,-76.0,-46.0,-13.0,-156.0,-16.32,111.19,-72.97,24.22,-99.16,-102.24,-36.26,-2.6499999999999986,-74.59,-37.31,-48.56,-157.81
2025-08-08T18:32:27.811527,10.0,87.0,-198.0,38.0,-3.0,-83.0,1.0,-21.0,-101.0,-65.0,17.0,-81.0,-10.32,72.19,-184.97,24.22,-34.16,-78.24,0.74,-37.65,-99.59,-56.31,-18.560000000000002,-82.81
2025-08-08T18:32:27.816320,82.0,22.0,-174.0,15.0,2.0,-103.0,-54.0,-68.0,-152.0,-83.0,-5.0,-109.0,61.68,7.1899999999999995,-160.97,1.2200000000000006,-29.16,-98.24,-54.26,-84.65,-150.59,-74.31,-40.56,-110.81
2025-08-08T18:32:27.824267,25.0,-13.0,-129.0,42.0,78.0,-117.0,-97.0,-21.0,-102.0,-50.0,96.0,-106.0,4.68,-27.810000000000002,-115.97,28.22,46.84,-112.24,-97.26,-37.65,-100.59,-41.31,60.44,-107.81
2025-08-08T18:32:27.829044,18.0,20.0,-76.0,63.0,43.0,-126.0,-10.0,19.0,-171.0,-12.0,26.0,-199.0,-2.3200000000000003,5.1899999999999995,-62.97,49.22,11.84,-121.24,-10.26,2.3500000000000014,-169.59,-3.3100000000000005,-9.560000000000002,-200.81
2025-08-08T18:32:27.836904,-27.0,40.0,-115.0,77.0,-35.0,-68.0,-14.0,-80.0,-62.0,-22.0,76.0,-110.0,-47.32,25.189999999999998,-101.97,63.22,-66.16,-63.24,-14.26,-96.65,-60.59,-13.31,40.44,-111.81
2025-08-08T18:32:27.842379,90.0,-12.0,-60.0,39.0,18.0,-74.0,-59.0,18.0,-142.0,27.0,59.0,-125.0,69.68,-26.810000000000002,-46.97,25.22,-13.16,-69.24,-59.26,1.3500000000000014,-140.59,35.69,23.439999999999998,-126.81
2025-08-08T18:32:27.848767,32.0,73.0,-148.0,-32.0,-40.0,-100.0,-4.0,6.0,-102.0,-77.0,53.0,-86.0,11.68,58.19,-134.97,-45.78,-71.16,-95.24,-4.26,-10.649999999999999,-100.59,-68.31,17.439999999999998,-87.81
2025-08-08T18:32:27.853024,28.0,84.0,-254.0,37.0,27.0,-173.0,0.0,-22.0,-62.0,-31.0,44.0,-121.0,7.68,69.19,-240.97,23.22,-4.16,-168.24,-0.26,-38.65,-60.59,-22.310000000000002,8.439999999999998,-122.81
2025-08-08T18:32:27.861591,-25.0,40.0,-187.0,0.0,4.0,-105.0,-120.0,12.0,-134.0,-145.0,42.0,-128.0,-45.32,25.189999999999998,-173.97,-13.78,-27.16,-100.24,-120.26,-4.649999999999999,-132.59,-136.31,6.439999999999998,-129.81
2025-08-08T18:32:27.865847,18.0,7.0,-71.0,63.0,1.0,-133.0,-24.0,-22.0,-120.0,-85.0,51.0,-73.0,-2.3200000000000003,-7.8100000000000005,-57.97,49.22,-30.16,-128.24,-24.26,-38.65,-118.59,-76.31,15.439999999999998,-74.81
2025-08-08T18:32:27.873232,61.0,52.0,-157.0,10.0,-30.0,-36.0,-33.0,-50.0,-70.0,-71.0,25.0,-129.0,40.68,37.19,-143.97,-3.7799999999999994,-61.16,-31.240000000000002,-33.26,-66.65,-68.59,-62.31,-10.560000000000002,-130.81
2025-08-08T18:32:27.877976,-6.0,63.0,-102.0,3.0,20.0,-185.0,-60.0,31.0,-103.0,-40.0,24.0,-153.0,-26.32,48.19,-88.97,-10.78,-11.16,-180.24,-60.26,14.350000000000001,-101.59,-31.310000000000002,-11.560000000000002,-154.81
2025-08-08T18:32:27.887326,53.0,123.0,-196.0,52.0,-94.0,-138.0,-37.0,-3.0,-70.0,2.0,30.0,-157.0,32.68,108.19,-182.97,38.22,-125.16,-133.24,-37.26,-19.65,-68.59,10.69,-5.560000000000002,-158.81
2025-08-08T18:32:27.894276,-6.0,23.0,-232.0,18.0,40.0,-129.0,35.0,-37.0,-131.0,8.0,-21.0,-137.0,-26.32,8.19,-218.97,4.220000000000001,8.84,-124.24,34.74,-53.65,-129.59,16.689999999999998,-56.56,-138.81
2025-08-08T18:32:27.898025,39.0,16.0,-146.0,12.0,-9.0,-95.0,-66.0,-19.0,-89.0,-24.0,28.0,-127.0,18.68,1.1899999999999995,-132.97,-1.7799999999999994,-40.16,-90.24,-66.26,-35.65,-87.59,-15.31,-7.560000000000002,-128.81
2025-08-08T18:32:27.901792,57.0,59.0,-145.0,30.0,5.0,-66.0,-5.0,-21.0,-91.0,-76.0,115.0,-88.0,36.68,44.19,-131.97,16.22,-26.16,-61.24,-5.26,-37.65,-89.59,-67.31,79.44,-89.81
2025-08-08T18:32:27.910043,85.0,78.0,-143.0,82.0,-50.0,-139.0,-43.0,12.0,-85.0,-85.0,-6.0,-106.0,64.68,63.19,-129.97,68.22,-81.16,-134.24,-43.26,-4.649999999999999,-83.59,-76.31,-41.56,-107.81
2025-08-08T18:32:27.914388,-10.0,54.0,-144.0,-20.0,15.0,-126.0,-28.0,10.0,-147.0,-61.0,53.0,-119.0,-30.32,39.19,-130.97,-33.78,-16.16,-121.24,-28.26,-6.649999999999999,-145.59,-52.31,17.439999999999998,-120.81
2025-08-08T18:32:27.922256,55.0,101.0,-133.0,75.0,-26.0,-89.0,32.0,-30.0,-120.0,1.0,60.0,-89.0,34.68,86.19,-119.97,61.22,-57.16,-84.24,31.74,-46.65,-118.59,9.69,24.439999999999998,-90.81
2025-08-08T18:32:27.926363,82.0,57.0,-172.0,40.0,22.0,-126.0,-9.0,-9.0,-51.0,-61.0,57.0,-85.0,61.68,42.19,-158.97,26.22,-9.16,-121.24,-9.26,-25.65,-49.59,-52.31,21.439999999999998,-86.81
2025-08-08T18:32:27.934891,62.0,54.0,-159.0,128.0,22.0,-78.0,-60.0,-45.0,-104.0,-39.0,54.0,-46.0,41.68,39.19,-145.97,114.22,-9.16,-73.24,-60.26,-61.65,-102.59,-30.310000000000002,18.439999999999998,-47.81
2025-08-08T18:32:27.938608,62.0,31.0,-93.0,62.0,-16.0,-118.0,-46.0,2.0,-86.0,-97.0,73.0,-134.0,41.68,16.189999999999998,-79.97,48.22,-47.16,-113.24,-46.26,-14.649999999999999,-84.59,-88.31,37.44,-135.81
2025-08-08T18:32:27.946686,96.0,-21.0,-78.0,54.0,23.0,-107.0,-34.0,26.0,-124.0,18.0,78.0,-44.0,75.68,-35.81,-64.97,40.22,-8.16,-102.24,-34.26,9.350000000000001,-122.59,26.689999999999998,42.44,-45.81
2025-08-08T18:32:27.954637,23.0,130.0,-77.0,-1.0,23.0,-106.0,24.0,-1.0,-158.0,10.0,47.0,-125.0,2.6799999999999997,115.19,-63.97,-14.78,-8.16,-101.24,23.74,-17.65,-156.59,18.689999999999998,11.439999999999998,-126.81
2025-08-08T18:32:27.959139,-20.0,81.0,-184.0,33.0,52.0,-144.0,-6.0,-54.0,-116.0,-74.0,-7.0,-151.0,-40.32,66.19,-170.97,19.22,20.84,-139.24,-6.26,-70.65,-114.59,-65.31,-42.56,-152.81
2025-08-08T18:32:27.967126,31.0,112.0,-186.0,99.0,-11.0,-167.0,15.0,-66.0,-108.0,18.0,27.0,-108.0,10.68,97.19,-172.97,85.22,-42.16,-162.24,14.74,-82.65,-106.59,26.689999999999998,-8.560000000000002,-109.81
2025-08-08T18:32:27.971448,54.0,7.0,-137.0,29.0,23.0,-68.0,-75.0,28.0,-64.0,-97.0,108.0,-100.0,33.68,-7.8100000000000005,-123.97,15.22,-8.16,-63.24,-75.26,11.350000000000001,-62.59,-88.31,72.44,-101.81
2025-08-08T18:32:27.979385,13.0,38.0,-132.0,70.0,-29.0,-115.0,-108.0,60.0,-123.0,-65.0,85.0,-94.0,-7.32,23.189999999999998,-118.97,56.22,-60.16,-110.24,-108.26,43.35,-121.59,-56.31,49.44,-95.81
2025-08-08T18:32:27.983744,61.0,25.0,-115.0,41.0,-40.0,-92.0,9.0,7.0,-143.0,-5.0,54.0,-94.0,40.68,10.19,-101.97,27.22,-71.16,-87.24,8.74,-9.649999999999999,-141.59,3.6899999999999995,18.439999999999998,-95.81
2025-08-08T18:32:27.991742,10.0,2.0,-166.0,41.0,2.0,-117.0,23.0,4.0,-108.0,-65.0,103.0,-121.0,-10.32,-12.81,-152.97,27.22,-29.16,-112.24,22.74,-12.649999999999999,-106.59,-56.31,67.44,-122.81
2025-08-08T18:32:27.996142,42.0,79.0,-136.0,119.0,-28.0,-184.0,-34.0,-24.0,-135.0,-70.0,-4.0,-116.0,21.68,64.19,-122.97,105.22,-59.16,-179.24,-34.26,-40.65,-133.59,-61.31,-39.56,-117.81
2025-08-08T18:32:28.004140,134.0,34.0,-140.0,43.0,-45.0,-99.0,-23.0,-69.0,-72.0,-101.0,28.0,-84.0,113.68,19.189999999999998,-126.97,29.22,-76.16,-94.24,-23.26,-85.65,-70.59,-92.31,-7.560000000000002,-85.81
2025-08-08T18:32:28.008684,41.0,60.0,-192.0,56.0,25.0,-104.0,-48.0,10.0,-114.0,-96.0,73.0,-123.0,20.68,45.19,-178.97,42.22,-6.16,-99.24,-48.26,-6.649999999999999,-112.59,-87.31,37.44,-124.81
2025-08-08T18:32:28.016484,72.0,36.0,-158.0,20.0,-35.0,-160.0,-57.0,-91.0,-64.0,-41.0,185.0,-118.0,51.68,21.189999999999998,-144.97,6.220000000000001,-66.16,-155.24,-57.26,-107.65,-62.59,-32.31,149.44,-119.81
2025-08-08T18:32:28.020963,13.0,19.0,-137.0,60.0,-2.0,-178.0,-68.0,-31.0,-148.0,6.0,27.0,-145.0,-7.32,4.1899999999999995,-123.97,46.22,-33.16,-173.24,-68.26,-47.65,-146.59,14.69,-8.560000000000002,-146.81
2025-08-08T18:32:28.028615,-4.0,42.0,-171.0,-5.0,-25.0,-187.0,33.0,-73.0,-104.0,-68.0,71.0,-69.0,-24.32,27.189999999999998,-157.97,-18.78,-56.16,-182.24,32.74,-89.65,-102.59,-59.31,35.44,-70.81
2025-08-08T18:32:28.033061,43.0,34.0,-233.0,49.0,20.0,-121.0,10.0,-44.0,-154.0,-20.0,56.0,-96.0,22.68,19.189999999999998,-219.97,35.22,-11.16,-116.24,9.74,-60.65,-152.59,-11.31,20.439999999999998,-97.81
2025-08-08T18:32:28.041063,151.0,72.0,-152.0,12.0,8.0,-118.0,32.0,-11.0,-83.0,-103.0,63.0,-144.0,130.68,57.19,-138.97,-1.7799999999999994,-23.16,-113.24,31.74,-27.65,-81.59,-94.31,27.439999999999998,-145.81
2025-08-08T18:32:28.049014,105.0,24.0,-196.0,86.0,27.0,-108.0,-88.0,-3.0,-23.0,-72.0,9.0,-115.0,84.68,9.19,-182.97,72.22,-4.16,-103.24,-88.26,-19.65,-21.59,-63.31,-26.560000000000002,-116.81
2025-08-08T18:32:28.053221,-8.0,27.0,-108.0,17.0,3.0,-145.0,-72.0,5.0,-66.0,-67.0,26.0,-105.0,-28.32,12.19,-94.97,3.2200000000000006,-28.16,-140.24,-72.26,-11.649999999999999,-64.59,-58.31,-9.560000000000002,-106.81
2025-08-08T18:32:28.061380,-4.0,43.0,-124.0,105.0,-17.0,-155.0,-26.0,-30.0,-152.0,-56.0,-3.0,-115.0,-24.32,28.189999999999998,-110.97,91.22,-48.16,-150.24,-26.26,-46.65,-150.59,-47.31,-38.56,-116.81
2025-08-08T18:32:28.065628,-60.0,47.0,-67.0,59.0,13.0,-151.0,-17.0,14.0,-87.0,-54.0,48.0,-112.0,-80.32,32.19,-53.97,45.22,-18.16,-146.24,-17.26,-2.6499999999999986,-85.59,-45.31,12.439999999999998,-113.81
2025-08-08T18:32:28.073587,10.0,68.0,-166.0,45.0,-67.0,-115.0,44.0,-38.0,-142.0,-35.0,59.0,-96.0,-10.32,53.19,-152.97,31.22,-98.16,-110.24,43.74,-54.65,-140.59,-26.310000000000002,23.439999999999998,-97.81
2025-08-08T18:32:28.077984,119.0,41.0,-163.0,56.0,-16.0,-109.0,39.0,-29.0,-102.0,-146.0,85.0,-131.0,98.68,26.189999999999998,-149.97,42.22,-47.16,-104.24,38.74,-45.65,-100.59,-137.31,49.44,-132.81
2025-08-08T18:32:28.086131,45.0,61.0,-131.0,-22.0,39.0,-123.0,-31.0,8.0,-136.0,-18.0,62.0,-130.0,24.68,46.19,-117.97,-35.78,7.84,-118.24,-31.26,-8.649999999999999,-134.59,-9.31,26.439999999999998,-131.81
2025-08-08T18:32:28.090425,35.0,48.0,-91.0,115.0,57.0,-78.0,10.0,-23.0,-94.0,-29.0,130.0,-180.0,14.68,33.19,-77.97,101.22,25.84,-73.24,9.74,-39.65,-92.59,-20.310000000000002,94.44,-181.81
2025-08-08T18:32:28.098500,16.0,98.0,-90.0,86.0,-21.0,-34.0,-45.0,-52.0,-139.0,-32.0,37.0,-172.0,-4.32,83.19,-76.97,72.22,-52.16,-29.240000000000002,-45.26,-68.65,-137.59,-23.310000000000002,1.4399999999999977,-173.81
2025-08-08T18:32:28.102779,4.0,141.0,-135.0,70.0,-68.0,-175.0,-14.0,9.0,-100.0,-28.0,64.0,-78.0,-16.32,126.19,-121.97,56.22,-99.16,-170.24,-14.26,-7.649999999999999,-98.59,-19.310000000000002,28.439999999999998,-79.81
2025-08-08T18:32:28.110810,13.0,68.0,-131.0,108.0,-20.0,-125.0,-22.0,-6.0,-70.0,-62.0,14.0,-51.0,-7.32,53.19,-117.97,94.22,-51.16,-120.24,-22.26,-22.65,-68.59,-53.31,-21.560000000000002,-52.81
2025-08-08T18:32:28.115223,46.0,15.0,-150.0,23.0,-44.0,-59.0,-58.0,15.0,-90.0,-21.0,109.0,-93.0,25.68,0.1899999999999995,-136.97,9.22,-75.16,-54.24,-58.26,-1.6499999999999986,-88.59,-12.31,73.44,-94.81
2025-08-08T18:32:28.123187,107.0,102.0,-163.0,105.0,25.0,-100.0,-93.0,-18.0,-105.0,-30.0,111.0,-161.0,86.68,87.19,-149.97,91.22,-6.16,-95.24,-93.26,-34.65,-103.59,-21.310000000000002,75.44,-162.81
2025-08-08T18:32:28.127796,34.0,32.0,-155.0,40.0,36.0,-76.0,-46.0,13.0,-146.0,-36.0,31.0,-147.0,13.68,17.189999999999998,-141.97,26.22,4.84,-71.24,-46.26,-3.6499999999999986,-144.59,-27.310000000000002,-4.560000000000002,-148.81
2025-08-08T18:32:28.135892,-14.0,48.0,-148.0,7.0,-9.0,-104.0,-11.0,-65.0,-55.0,1.0,82.0,-22.0,-34.32,33.19,-134.97,-6.779999999999999,-40.16,-99.24,-11.26,-81.65,-53.59,9.69,46.44,-23.81
2025-08-08T18:32:28.139853,46.0,53.0,-200.0,15.0,1.0,-198.0,-47.0,-49.0,-155.0,-16.0,10.0,-104.0,25.68,38.19,-186.97,1.2200000000000006,-30.16,-193.24,-47.26,-65.65,-153.59,-7.3100000000000005,-25.560000000000002,-105.81
2025-08-08T18:32:28.147472,26.0,65.0,-152.0,60.0,11.0,-174.0,69.0,66.0,-130.0,-59.0,120.0,-100.0,5.68,50.19,-138.97,46.22,-20.16,-169.24,68.74,49.35,-128.59,-50.31,84.44,-101.81
2025-08-08T18:32:28.155688,95.0,93.0,-143.0,57.0,-43.0,-128.0,-82.0,-24.0,-113.0,-74.0,136.0,-111.0,74.68,78.19,-129.97,43.22,-74.16,-123.24,-82.26,-40.65,-111.59,-65.31,100.44,-112.81
2025-08-08T18:32:28.160076,37.0,79.0,-127.0,57.0,-59.0,-108.0,-56.0,32.0,-69.0,-23.0,57.0,-140.0,16.68,64.19,-113.97,43.22,-90.16,-103.24,-56.26,15.350000000000001,-67.59,-14.31,21.439999999999998,-141.81
2025-08-08T18:32:28.168091,-63.0,78.0,-144.0,-10.0,-8.0,-133.0,-40.0,-40.0,-100.0,-50.0,118.0,-79.0,-83.32,63.19,-130.97,-23.78,-39.16,-128.24,-40.26,-56.65,-98.59,-41.31,82.44,-80.81
2025-08-08T18:32:28.172369,41.0,111.0,-162.0,13.0,3.0,-161.0,-21.0,8.0,-93.0,-95.0,32.0,-129.0,20.68,96.19,-148.97,-0.7799999999999994,-28.16,-156.24,-21.26,-8.649999999999999,-91.59,-86.31,-3.5600000000000023,-130.81
2025-08-08T18:32:28.180247,17.0,24.0,-196.0,134.0,14.0,-134.0,26.0,4.0,-118.0,-60.0,96.0,-73.0,-3.3200000000000003,9.19,-182.97,120.22,-17.16,-129.24,25.74,-12.649999999999999,-116.59,-51.31,60.44,-74.81
2025-08-08T18:32:28.184709,74.0,-16.0,-140.0,94.0,-30.0,-128.0,-40.0,2.0,-100.0,-18.0,84.0,-151.0,53.68,-30.810000000000002,-126.97,80.22,-61.16,-123.24,-40.26,-14.649999999999999,-98.59,-9.31,48.44,-152.81
2025-08-08T18:32:28.192687,23.0,-43.0,-110.0,67.0,12.0,-146.0,-28.0,52.0,-106.0,-47.0,33.0,-94.0,2.6799999999999997,-57.81,-96.97,53.22,-19.16,-141.24,-28.26,35.35,-104.59,-38.31,-2.5600000000000023,-95.81
2025-08-08T18:32:28.196951,46.0,63.0,-94.0,42.0,6.0,-168.0,-57.0,33.0,-142.0,-46.0,75.0,-134.0,25.68,48.19,-80.97,28.22,-25.16,-163.24,-57.26,16.35,-140.59,-37.31,39.44,-135.81
2025-08-08T18:32:28.204829,49.0,27.0,-131.0,34.0,-4.0,-90.0,-12.0,25.0,-71.0,-60.0,57.0,-67.0,28.68,12.19,-117.97,20.22,-35.16,-85.24,-12.26,8.350000000000001,-69.59,-51.31,21.439999999999998,-68.81
2025-08-08T18:32:28.209423,86.0,121.0,-201.0,13.0,-52.0,-112.0,-71.0,-8.0,-84.0,-108.0,112.0,-68.0,65.68,106.19,-187.97,-0.7799999999999994,-83.16,-107.24,-71.26,-24.65,-82.59,-99.31,76.44,-69.81
2025-08-08T18:32:28.218482,71.0,5.0,-140.0,118.0,68.0,-102.0,-52.0,-13.0,-38.0,-51.0,94.0,-178.0,50.68,-9.81,-126.97,104.22,36.84,-97.24,-52.26,-29.65,-36.59,-42.31,58.44,-179.81
2025-08-08T18:32:28.221560,44.0,23.0,-180.0,71.0,-47.0,-102.0,-65.0,-81.0,-138.0,-88.0,71.0,-161.0,23.68,8.19,-166.97,57.22,-78.16,-97.24,-65.26,-97.65,-136.59,-79.31,35.44,-162.81
2025-08-08T18:32:28.231170,21.0,14.0,-134.0,54.0,-20.0,-139.0,-50.0,36.0,-122.0,-41.0,84.0,-139.0,0.6799999999999997,-0.8100000000000005,-120.97,40.22,-51.16,-134.24,-50.26,19.35,-120.59,-32.31,48.44,-140.81
2025-08-08T18:32:28.237329,57.0,184.0,-85.0,110.0,10.0,-111.0,-78.0,-51.0,-162.0,-79.0,61.0,-166.0,36.68,169.19,-71.97,96.22,-21.16,-106.24,-78.26,-67.65,-160.59,-70.31,25.439999999999998,-167.81
2025-08-08T18:32:28.241603,10.0,74.0,-203.0,58.0,85.0,-130.0,-5.0,-44.0,-136.0,-2.0,58.0,-146.0,-10.32,59.19,-189.97,44.22,53.84,-125.24,-5.26,-60.65,-134.59,6.6899999999999995,22.439999999999998,-147.81
2025-08-08T18:32:28.249673,111.0,112.0,-133.0,18.0,34.0,-147.0,-25.0,1.0,-63.0,-88.0,71.0,-46.0,90.68,97.19,-119.97,4.220000000000001,2.84,-142.24,-25.26,-15.649999999999999,-61.59,-79.31,35.44,-47.81
2025-08-08T18:32:28.254117,51.0,17.0,-129.0,87.0,-44.0,-141.0,-26.0,-69.0,-87.0,29.0,80.0,-105.0,30.68,2.1899999999999995,-115.97,73.22,-75.16,-136.24,-26.26,-85.65,-85.59,37.69,44.44,-106.81
2025-08-08T18:32:28.262047,66.0,23.0,-132.0,31.0,40.0,-154.0,-42.0,7.0,-112.0,-108.0,20.0,-99.0,45.68,8.19,-118.97,17.22,8.84,-149.24,-42.26,-9.649999999999999,-110.59,-99.31,-15.560000000000002,-100.81
2025-08-08T18:32:28.266247,12.0,-62.0,-148.0,64.0,-4.0,-125.0,-36.0,32.0,-161.0,17.0,75.0,-140.0,-8.32,-76.81,-134.97,50.22,-35.16,-120.24,-36.26,15.350000000000001,-159.59,25.689999999999998,39.44,-141.81
2025-08-08T18:32:28.274195,63.0,35.0,-121.0,49.0,-3.0,-105.0,-42.0,-5.0,-77.0,-91.0,11.0,-112.0,42.68,20.189999999999998,-107.97,35.22,-34.16,-100.24,-42.26,-21.65,-75.59,-82.31,-24.560000000000002,-113.81
2025-08-08T18:32:28.278687,36.0,49.0,-105.0,92.0,-32.0,-136.0,-53.0,5.0,-114.0,-26.0,70.0,-72.0,15.68,34.19,-91.97,78.22,-63.16,-131.24,-53.26,-11.649999999999999,-112.59,-17.310000000000002,34.44,-73.81
2025-08-08T18:32:28.286783,50.0,44.0,-132.0,71.0,10.0,-113.0,-63.0,-14.0,-90.0,-88.0,127.0,-161.0,29.68,29.189999999999998,-118.97,57.22,-21.16,-108.24,-63.26,-30.65,-88.59,-79.31,91.44,-162.81
2025-08-08T18:32:28.291118,4.0,-10.0,-99.0,90.0,1.0,-122.0,-37.0,-7.0,-172.0,-73.0,36.0,-168.0,-16.32,-24.810000000000002,-85.97,76.22,-30.16,-117.24,-37.26,-23.65,-170.59,-64.31,0.4399999999999977,-169.81
2025-08-08T18:32:28.299178,58.0,26.0,-60.0,57.0,-47.0,-157.0,-62.0,-8.0,-119.0,-93.0,44.0,-113.0,37.68,11.19,-46.97,43.22,-78.16,-152.24,-62.26,-24.65,-117.59,-84.31,8.439999999999998,-114.81
2025-08-08T18:32:28.303648,19.0,51.0,-119.0,26.0,22.0,-116.0,-70.0,17.0,-130.0,-65.0,86.0,-102.0,-1.3200000000000003,36.19,-105.97,12.22,-9.16,-111.24,-70.26,0.3500000000000014,-128.59,-56.31,50.44,-103.81
2025-08-08T18:32:28.311991,40.0,71.0,-135.0,102.0,-6.0,-101.0,-50.0,-46.0,-84.0,-29.0,68.0,-127.0,19.68,56.19,-121.97,88.22,-37.16,-96.24,-50.26,-62.65,-82.59,-20.310000000000002,32.44,-128.81
2025-08-08T18:32:28.316154,19.0,2.0,-132.0,91.0,42.0,-106.0,-17.0,-51.0,-93.0,-62.0,76.0,-71.0,-1.3200000000000003,-12.81,-118.97,77.22,10.84,-101.24,-17.26,-67.65,-91.59,-53.31,40.44,-72.81
2025-08-08T18:32:28.325034,89.0,68.0,-152.0,84.0,-1.0,-137.0,-54.0,32.0,-103.0,-78.0,102.0,-133.0,68.68,53.19,-138.97,70.22,-32.16,-132.24,-54.26,15.350000000000001,-101.59,-69.31,66.44,-134.81
2025-08-08T18:32:28.335303,87.0,44.0,-185.0,10.0,82.0,-111.0,-62.0,12.0,-135.0,-15.0,90.0,-167.0,66.68,29.189999999999998,-171.97,-3.7799999999999994,50.84,-106.24,-62.26,-4.649999999999999,-133.59,-6.3100000000000005,54.44,-168.81
2025-08-08T18:32:28.340716,111.0,14.0,-151.0,48.0,-33.0,-130.0,1.0,-71.0,-105.0,13.0,39.0,-172.0,90.68,-0.8100000000000005,-137.97,34.22,-64.16,-125.24,0.74,-87.65,-103.59,21.689999999999998,3.4399999999999977,-173.81
2025-08-08T18:32:28.344172,84.0,65.0,-79.0,130.0,-24.0,-88.0,-11.0,-63.0,-142.0,-73.0,57.0,-127.0,63.68,50.19,-65.97,116.22,-55.16,-83.24,-11.26,-79.65,-140.59,-64.31,21.439999999999998,-128.81
2025-08-08T18:32:28.348440,53.0,77.0,-171.0,132.0,42.0,-113.0,15.0,-14.0,-108.0,-33.0,35.0,-180.0,32.68,62.19,-157.97,118.22,10.84,-108.24,14.74,-30.65,-106.59,-24.310000000000002,-0.5600000000000023,-181.81
2025-08-08T18:32:28.356289,115.0,47.0,-210.0,15.0,0.0,-84.0,-44.0,-66.0,-163.0,-66.0,81.0,-144.0,94.68,32.19,-196.97,1.2200000000000006,-31.16,-79.24,-44.26,-82.65,-161.59,-57.31,45.44,-145.81
2025-08-08T18:32:28.360743,112.0,30.0,-157.0,46.0,-31.0,-147.0,-115.0,-7.0,-109.0,41.0,118.0,-235.0,91.68,15.19,-143.97,32.22,-62.16,-142.24,-115.26,-23.65,-107.59,49.69,82.44,-236.81
2025-08-08T18:32:28.369060,124.0,-5.0,-133.0,121.0,22.0,-109.0,36.0,-18.0,-107.0,-75.0,93.0,-161.0,103.68,-19.810000000000002,-119.97,107.22,-9.16,-104.24,35.74,-34.65,-105.59,-66.31,57.44,-162.81
2025-08-08T18:32:28.372994,118.0,56.0,-111.0,63.0,-72.0,-67.0,5.0,-16.0,-162.0,-85.0,28.0,-187.0,97.68,41.19,-97.97,49.22,-103.16,-62.24,4.74,-32.65,-160.59,-76.31,-7.560000000000002,-188.81
2025-08-08T18:32:28.381193,78.0,17.0,-246.0,107.0,-36.0,-82.0,73.0,-31.0,-179.0,-31.0,89.0,-195.0,57.68,2.1899999999999995,-232.97,93.22,-67.16,-77.24,72.74,-47.65,-177.59,-22.310000000000002,53.44,-196.81
2025-08-08T18:32:28.385637,207.0,134.0,-188.0,104.0,15.0,-69.0,13.0,-34.0,-122.0,2.0,53.0,-137.0,186.68,119.19,-174.97,90.22,-16.16,-64.24,12.74,-50.65,-120.59,10.69,17.439999999999998,-138.81
2025-08-08T18:32:28.393466,115.0,3.0,-230.0,141.0,-21.0,-81.0,14.0,-115.0,-174.0,8.0,81.0,-278.0,94.68,-11.81,-216.97,127.22,-52.16,-76.24,13.74,-131.65,-172.59,16.689999999999998,45.44,-279.81
2025-08-08T18:32:28.401198,225.0,10.0,-197.0,192.0,-63.0,-78.0,7.0,-78.0,-197.0,-50.0,55.0,-236.0,204.68,-4.8100000000000005,-183.97,178.22,-94.16,-73.24,6.74,-94.65,-195.59,-41.31,19.439999999999998,-237.81
2025-08-08T18:32:28.405874,167.0,-65.0,-100.0,141.0,-139.0,-161.0,60.0,-107.0,-131.0,-51.0,47.0,-321.0,146.68,-79.81,-86.97,127.22,-170.16,-156.24,59.74,-123.65,-129.59,-42.31,11.439999999999998,-322.81
2025-08-08T18:32:28.413804,211.0,-5.0,-187.0,212.0,-69.0,-74.0,52.0,-143.0,-193.0,1.0,55.0,-322.0,190.68,-19.810000000000002,-173.97,198.22,-100.16,-69.24,51.74,-159.65,-191.59,9.69,19.439999999999998,-323.81
2025-08-08T18:32:28.418230,319.0,27.0,-235.0,269.0,-87.0,-134.0,55.0,-101.0,-222.0,39.0,56.0,-308.0,298.68,12.19,-221.97,255.22,-118.16,-129.24,54.74,-117.65,-220.59,47.69,20.439999999999998,-309.81
2025-08-08T18:32:28.426144,289.0,-19.0,-209.0,255.0,-111.0,-125.0,67.0,-187.0,-238.0,-18.0,31.0,-307.0,268.68,-33.81,-195.97,241.22,-142.16,-120.24,66.74,-203.65,-236.59,-9.31,-4.560000000000002,-308.81
2025-08-08T18:32:28.430496,279.0,-5.0,-213.0,277.0,-106.0,-124.0,57.0,-181.0,-290.0,22.0,49.0,-407.0,258.68,-19.810000000000002,-199.97,263.22,-137.16,-119.24,56.74,-197.65,-288.59,30.689999999999998,13.439999999999998,-408.81
2025-08-08T18:32:28.438582,295.0,-34.0,-279.0,269.0,-164.0,-137.0,94.0,-205.0,-350.0,-58.0,-27.0,-460.0,274.68,-48.81,-265.97,255.22,-195.16,-132.24,93.74,-221.65,-348.59,-49.31,-62.56,-461.81
2025-08-08T18:32:28.446472,457.0,-75.0,-322.0,339.0,-190.0,-152.0,99.0,-349.0,-308.0,-59.0,24.0,-454.0,436.68,-89.81,-308.97,325.22,-221.16,-147.24,98.74,-365.65,-306.59,-50.31,-11.560000000000002,-455.81
2025-08-08T18:32:28.450840,404.0,-29.0,-340.0,324.0,-163.0,-122.0,24.0,-327.0,-257.0,39.0,31.0,-474.0,383.68,-43.81,-326.97,310.22,-194.16,-117.24,23.74,-343.65,-255.59,47.69,-4.560000000000002,-475.81
2025-08-08T18:32:28.459015,411.0,16.0,-309.0,371.0,-207.0,-139.0,58.0,-298.0,-319.0,-35.0,15.0,-506.0,390.68,1.1899999999999995,-295.97,357.22,-238.16,-134.24,57.74,-314.65,-317.59,-26.310000000000002,-20.560000000000002,-507.81
2025-08-08T18:32:28.463536,429.0,-43.0,-295.0,389.0,-193.0,-162.0,82.0,-387.0,-308.0,-78.0,33.0,-483.0,408.68,-57.81,-281.97,375.22,-224.16,-157.24,81.74,-403.65,-306.59,-69.31,-2.5600000000000023,-484.81
2025-08-08T18:32:28.471179,488.0,-69.0,-373.0,385.0,-258.0,-147.0,119.0,-344.0,-348.0,-45.0,64.0,-582.0,467.68,-83.81,-359.97,371.22,-289.16,-142.24,118.74,-360.65,-346.59,-36.31,28.439999999999998,-583.81
2025-08-08T18:32:28.479585,445.0,-46.0,-425.0,359.0,-242.0,-191.0,101.0,-264.0,-377.0,17.0,30.0,-570.0,424.68,-60.81,-411.97,345.22,-273.16,-186.24,100.74,-280.65,-375.59,25.689999999999998,-5.560000000000002,-571.81
2025-08-08T18:32:28.483953,564.0,-84.0,-346.0,397.0,-247.0,-136.0,62.0,-359.0,-298.0,10.0,62.0,-613.0,543.68,-98.81,-332.97,383.22,-278.16,-131.24,61.74,-375.65,-296.59,18.689999999999998,26.439999999999998,-614.81
2025-08-08T18:32:28.491686,529.0,-64.0,-287.0,326.0,-358.0,-143.0,37.0,-405.0,-301.0,23.0,60.0,-548.0,508.68,-78.81,-273.97,312.22,-389.16,-138.24,36.74,-421.65,-299.59,31.689999999999998,24.439999999999998,-549.81
2025-08-08T18:32:28.496190,474.0,-85.0,-368.0,359.0,-158.0,-184.0,129.0,-410.0,-397.0,74.0,41.0,-520.0,453.68,-99.81,-354.97,345.22,-189.16,-179.24,128.74,-426.65,-395.59,82.69,5.439999999999998,-521.81
2025-08-08T18:32:28.503799,453.0,1.0,-379.0,368.0,-302.0,-165.0,43.0,-343.0,-413.0,-31.0,83.0,-555.0,432.68,-13.81,-365.97,354.22,-333.16,-160.24,42.74,-359.65,-411.59,-22.310000000000002,47.44,-556.81
2025-08-08T18:32:28.511941,504.0,-19.0,-385.0,400.0,-288.0,-168.0,37.0,-380.0,-354.0,26.0,73.0,-532.0,483.68,-33.81,-371.97,386.22,-319.16,-163.24,36.74,-396.65,-352.59,34.69,37.44,-533.81
2025-08-08T18:32:28.516311,485.0,-52.0,-359.0,372.0,-203.0,-202.0,82.0,-389.0,-357.0,-75.0,74.0,-488.0,464.68,-66.81,-345.97,358.22,-234.16,-197.24,81.74,-405.65,-355.59,-66.31,38.44,-489.81
2025-08-08T18:32:28.524409,465.0,-48.0,-359.0,427.0,-266.0,-201.0,-5.0,-430.0,-312.0,-60.0,99.0,-535.0,444.68,-62.81,-345.97,413.22,-297.16,-196.24,-5.26,-446.65,-310.59,-51.31,63.44,-536.81
2025-08-08T18:32:28.528731,469.0,-46.0,-361.0,370.0,-208.0,-139.0,140.0,-362.0,-272.0,16.0,41.0,-599.0,448.68,-60.81,-347.97,356.22,-239.16,-134.24,139.74,-378.65,-270.59,24.689999999999998,5.439999999999998,-600.81
2025-08-08T18:32:28.536652,527.0,33.0,-417.0,437.0,-229.0,-188.0,92.0,-362.0,-328.0,-7.0,9.0,-517.0,506.68,18.189999999999998,-403.97,423.22,-260.16,-183.24,91.74,-378.65,-326.59,1.6899999999999995,-26.560000000000002,-518.81
2025-08-08T18:32:28.544740,538.0,-69.0,-356.0,388.0,-325.0,-127.0,125.0,-404.0,-343.0,-18.0,75.0,-542.0,517.68,-83.81,-342.97,374.22,-356.16,-122.24,124.74,-420.65,-341.59,-9.31,39.44,-543.81
2025-08-08T18:32:28.549207,568.0,-35.0,-375.0,422.0,-300.0,-188.0,-1.0,-394.0,-398.0,42.0,37.0,-627.0,547.68,-49.81,-361.97,408.22,-331.16,-183.24,-1.26,-410.65,-396.59,50.69,1.4399999999999977,-628.81
2025-08-08T18:32:28.557188,510.0,-41.0,-385.0,425.0,-263.0,-179.0,90.0,-362.0,-366.0,56.0,21.0,-591.0,489.68,-55.81,-371.97,411.22,-294.16,-174.24,89.74,-378.65,-364.59,64.69,-14.560000000000002,-592.81
2025-08-08T18:32:28.561449,555.0,-32.0,-362.0,361.0,-272.0,-137.0,10.0,-392.0,-306.0,-6.0,9.0,-514.0,534.68,-46.81,-348.97,347.22,-303.16,-132.24,9.74,-408.65,-304.59,2.6899999999999995,-26.560000000000002,-515.81
2025-08-08T18:32:28.569478,494.0,-10.0,-343.0,400.0,-269.0,-136.0,42.0,-409.0,-380.0,-40.0,97.0,-619.0,473.68,-24.810000000000002,-329.97,386.22,-300.16,-131.24,41.74,-425.65,-378.59,-31.310000000000002,61.44,-620.81
2025-08-08T18:32:28.577320,584.0,3.0,-383.0,416.0,-288.0,-177.0,100.0,-457.0,-361.0,-1.0,14.0,-541.0,563.68,-11.81,-369.97,402.22,-319.16,-172.24,99.74,-473.65,-359.59,7.6899999999999995,-21.560000000000002,-542.81
2025-08-08T18:32:28.581870,485.0,-78.0,-357.0,377.0,-228.0,-188.0,45.0,-454.0,-341.0,-65.0,17.0,-535.0,464.68,-92.81,-343.97,363.22,-259.16,-183.24,44.74,-470.65,-339.59,-56.31,-18.560000000000002,-536.81
2025-08-08T18:32:28.589902,421.0,41.0,-274.0,384.0,-287.0,-177.0,89.0,-376.0,-366.0,-18.0,90.0,-578.0,400.68,26.189999999999998,-260.97,370.22,-318.16,-172.24,88.74,-392.65,-364.59,-9.31,54.44,-579.81
2025-08-08T18:32:28.594336,504.0,13.0,-330.0,435.0,-241.0,-161.0,144.0,-383.0,-357.0,0.0,-22.0,-544.0,483.68,-1.8100000000000005,-316.97,421.22,-272.16,-156.24,143.74,-399.65,-355.59,8.69,-57.56,-545.81
2025-08-08T18:32:28.602224,571.0,-87.0,-329.0,441.0,-284.0,-190.0,102.0,-436.0,-354.0,13.0,46.0,-585.0,550.68,-101.81,-315.97,427.22,-315.16,-185.24,101.74,-452.65,-352.59,21.689999999999998,10.439999999999998,-586.81
2025-08-08T18:32:28.610124,465.0,37.0,-323.0,423.0,-295.0,-169.0,70.0,-423.0,-358.0,-48.0,81.0,-594.0,444.68,22.189999999999998,-309.97,409.22,-326.16,-164.24,69.74,-439.65,-356.59,-39.31,45.44,-595.81
2025-08-08T18:32:28.616415,558.0,-58.0,-420.0,416.0,-275.0,-152.0,104.0,-414.0,-373.0,-2.0,-12.0,-561.0,537.68,-72.81,-406.97,402.22,-306.16,-147.24,103.74,-430.65,-371.59,6.6899999999999995,-47.56,-562.81
2025-08-08T18:32:28.622492,499.0,-34.0,-352.0,357.0,-185.0,-91.0,43.0,-436.0,-384.0,-9.0,71.0,-565.0,478.68,-48.81,-338.97,343.22,-216.16,-86.24,42.74,-452.65,-382.59,-0.3100000000000005,35.44,-566.81
2025-08-08T18:32:28.627008,522.0,-85.0,-366.0,448.0,-288.0,-198.0,123.0,-406.0,-393.0,52.0,48.0,-594.0,501.68,-99.81,-352.97,434.22,-319.16,-193.24,122.74,-422.65,-391.59,60.69,12.439999999999998,-595.81
2025-08-08T18:32:28.636462,571.0,61.0,-407.0,354.0,-275.0,-193.0,4.0,-409.0,-364.0,28.0,29.0,-625.0,550.68,46.19,-393.97,340.22,-306.16,-188.24,3.74,-425.65,-362.59,36.69,-6.560000000000002,-626.81
2025-08-08T18:32:28.642961,497.0,-18.0,-350.0,404.0,-236.0,-143.0,55.0,-451.0,-354.0,-76.0,56.0,-604.0,476.68,-32.81,-336.97,390.22,-267.16,-138.24,54.74,-467.65,-352.59,-67.31,20.439999999999998,-605.81
2025-08-08T18:32:28.647508,468.0,1.0,-358.0,434.0,-271.0,-113.0,64.0,-448.0,-332.0,36.0,50.0,-564.0,447.68,-13.81,-344.97,420.22,-302.16,-108.24,63.74,-464.65,-330.59,44.69,14.439999999999998,-565.81
2025-08-08T18:32:28.655151,482.0,-13.0,-406.0,361.0,-282.0,-166.0,11.0,-437.0,-387.0,9.0,26.0,-571.0,461.68,-27.810000000000002,-392.97,347.22,-313.16,-161.24,10.74,-453.65,-385.59,17.689999999999998,-9.560000000000002,-572.81
2025-08-08T18:32:28.659423,463.0,-37.0,-378.0,410.0,-270.0,-164.0,84.0,-531.0,-395.0,-15.0,40.0,-563.0,442.68,-51.81,-364.97,396.22,-301.16,-159.24,83.74,-547.65,-393.59,-6.3100000000000005,4.439999999999998,-564.81
2025-08-08T18:32:28.667520,433.0,0.0,-357.0,414.0,-302.0,-114.0,76.0,-374.0,-375.0,-4.0,-13.0,-595.0,412.68,-14.81,-343.97,400.22,-333.16,-109.24,75.74,-390.65,-373.59,4.6899999999999995,-48.56,-596.81
2025-08-08T18:32:28.671824,542.0,2.0,-414.0,430.0,-246.0,-202.0,114.0,-440.0,-334.0,26.0,72.0,-647.0,521.68,-12.81,-400.97,416.22,-277.16,-197.24,113.74,-456.65,-332.59,34.69,36.44,-648.81
2025-08-08T18:32:28.679819,474.0,-30.0,-413.0,387.0,-203.0,-182.0,32.0,-367.0,-367.0,-30.0,25.0,-548.0,453.68,-44.81,-399.97,373.22,-234.16,-177.24,31.74,-383.65,-365.59,-21.310000000000002,-10.560000000000002,-549.81
2025-08-08T18:32:28.687927,500.0,-95.0,-346.0,403.0,-236.0,-129.0,85.0,-386.0,-407.0,-99.0,5.0,-605.0,479.68,-109.81,-332.97,389.22,-267.16,-124.24,84.74,-402.65,-405.59,-90.31,-30.560000000000002,-606.81
2025-08-08T18:32:28.692096,498.0,-10.0,-302.0,317.0,-287.0,-217.0,31.0,-387.0,-393.0,4.0,17.0,-582.0,477.68,-24.810000000000002,-288.97,303.22,-318.16,-212.24,30.74,-403.65,-391.59,12.69,-18.560000000000002,-583.81
2025-08-08T18:32:28.700211,487.0,-60.0,-391.0,387.0,-289.0,-197.0,28.0,-409.0,-304.0,-31.0,27.0,-609.0,466.68,-74.81,-377.97,373.22,-320.16,-192.24,27.74,-425.65,-302.59,-22.310000000000002,-8.560000000000002,-610.81
2025-08-08T18:32:28.704552,508.0,-76.0,-390.0,376.0,-240.0,-149.0,79.0,-394.0,-374.0,-53.0,76.0,-599.0,487.68,-90.81,-376.97,362.22,-271.16,-144.24,78.74,-410.65,-372.59,-44.31,40.44,-600.81
2025-08-08T18:32:28.712521,568.0,13.0,-394.0,388.0,-276.0,-171.0,-50.0,-383.0,-359.0,-21.0,-17.0,-604.0,547.68,-1.8100000000000005,-380.97,374.22,-307.16,-166.24,-50.26,-399.65,-357.59,-12.31,-52.56,-605.81
2025-08-08T18:32:28.720666,512.0,-54.0,-359.0,396.0,-235.0,-177.0,74.0,-419.0,-413.0,-23.0,39.0,-635.0,491.68,-68.81,-345.97,382.22,-266.16,-172.24,73.74,-435.65,-411.59,-14.31,3.4399999999999977,-636.81
2025-08-08T18:32:28.724945,509.0,9.0,-294.0,399.0,-261.0,-138.0,99.0,-345.0,-355.0,-52.0,101.0,-569.0,488.68,-5.8100000000000005,-280.97,385.22,-292.16,-133.24,98.74,-361.65,-353.59,-43.31,65.44,-570.81
2025-08-08T18:32:28.733038,573.0,59.0,-361.0,413.0,-242.0,-162.0,98.0,-500.0,-419.0,114.0,-4.0,-530.0,552.68,44.19,-347.97,399.22,-273.16,-157.24,97.74,-516.65,-417.59,122.69,-39.56,-531.81
2025-08-08T18:32:28.737216,550.0,-86.0,-437.0,357.0,-299.0,-132.0,84.0,-412.0,-307.0,16.0,49.0,-574.0,529.68,-100.81,-423.97,343.22,-330.16,-127.24,83.74,-428.65,-305.59,24.689999999999998,13.439999999999998,-575.81
2025-08-08T18:32:28.745237,405.0,-22.0,-312.0,386.0,-242.0,-154.0,120.0,-390.0,-413.0,34.0,53.0,-597.0,384.68,-36.81,-298.97,372.22,-273.16,-149.24,119.74,-406.65,-411.59,42.69,17.439999999999998,-598.81
2025-08-08T18:32:28.753458,519.0,-14.0,-358.0,341.0,-248.0,-179.0,136.0,-510.0,-329.0,23.0,-13.0,-614.0,498.68,-28.810000000000002,-344.97,327.22,-279.16,-174.24,135.74,-526.65,-327.59,31.689999999999998,-48.56,-615.81
2025-08-08T18:32:28.757845,628.0,-65.0,-377.0,339.0,-265.0,-128.0,76.0,-426.0,-301.0,-29.0,8.0,-545.0,607.68,-79.81,-363.97,325.22,-296.16,-123.24,75.74,-442.65,-299.59,-20.310000000000002,-27.560000000000002,-546.81
2025-08-08T18:32:28.765981,497.0,-44.0,-315.0,340.0,-257.0,-202.0,54.0,-375.0,-368.0,-63.0,63.0,-645.0,476.68,-58.81,-301.97,326.22,-288.16,-197.24,53.74,-391.65,-366.59,-54.31,27.439999999999998,-646.81
2025-08-08T18:32:28.770258,480.0,41.0,-365.0,372.0,-313.0,-167.0,92.0,-464.0,-367.0,32.0,95.0,-598.0,459.68,26.189999999999998,-351.97,358.22,-344.16,-162.24,91.74,-480.65,-365.59,40.69,59.44,-599.81
2025-08-08T18:32:28.778134,558.0,-30.0,-326.0,347.0,-280.0,-115.0,85.0,-397.0,-390.0,-30.0,5.0,-582.0,537.68,-44.81,-312.97,333.22,-311.16,-110.24,84.74,-413.65,-388.59,-21.310000000000002,-30.560000000000002,-583.81
2025-08-08T18:32:28.786141,484.0,-101.0,-309.0,426.0,-248.0,-142.0,70.0,-418.0,-375.0,-39.0,22.0,-593.0,463.68,-115.81,-295.97,412.22,-279.16,-137.24,69.74,-434.65,-373.59,-30.310000000000002,-13.560000000000002,-594.81
2025-08-08T18:32:28.790525,532.0,-5.0,-359.0,403.0,-291.0,-160.0,164.0,-432.0,-357.0,30.0,61.0,-615.0,511.68,-19.810000000000002,-345.97,389.22,-322.16,-155.24,163.74,-448.65,-355.59,38.69,25.439999999999998,-616.81
2025-08-08T18:32:28.798590,575.0,-54.0,-377.0,396.0,-317.0,-162.0,15.0,-420.0,-371.0,-65.0,-26.0,-558.0,554.68,-68.81,-363.97,382.22,-348.16,-157.24,14.74,-436.65,-369.59,-56.31,-61.56,-559.81
2025-08-08T18:32:28.802816,522.0,-64.0,-340.0,384.0,-283.0,-188.0,93.0,-384.0,-384.0,17.0,37.0,-635.0,501.68,-78.81,-326.97,370.22,-314.16,-183.24,92.74,-400.65,-382.59,25.689999999999998,1.4399999999999977,-636.81
2025-08-08T18:32:28.810987,461.0,-51.0,-411.0,413.0,-254.0,-186.0,70.0,-408.0,-413.0,13.0,45.0,-602.0,440.68,-65.81,-397.97,399.22,-285.16,-181.24,69.74,-424.65,-411.59,21.689999999999998,9.439999999999998,-603.81
2025-08-08T18:32:28.818902,570.0,-73.0,-362.0,380.0,-282.0,-148.0,40.0,-442.0,-371.0,-21.0,64.0,-635.0,549.68,-87.81,-348.97,366.22,-313.16,-143.24,39.74,-458.65,-369.59,-12.31,28.439999999999998,-636.81
2025-08-08T18:32:28.823354,543.0,-34.0,-381.0,368.0,-330.0,-145.0,91.0,-414.0,-371.0,-35.0,75.0,-611.0,522.68,-48.81,-367.97,354.22,-361.16,-140.24,90.74,-430.65,-369.59,-26.310000000000002,39.44,-612.81
2025-08-08T18:32:28.831459,550.0,-11.0,-328.0,382.0,-268.0,-154.0,49.0,-450.0,-331.0,35.0,36.0,-623.0,529.68,-25.810000000000002,-314.97,368.22,-299.16,-149.24,48.74,-466.65,-329.59,43.69,0.4399999999999977,-624.81
2025-08-08T18:32:28.835919,605.0,-60.0,-386.0,383.0,-299.0,-191.0,53.0,-457.0,-350.0,38.0,17.0,-512.0,584.68,-74.81,-372.97,369.22,-330.16,-186.24,52.74,-473.65,-348.59,46.69,-18.560000000000002,-513.81
2025-08-08T18:32:28.843915,498.0,-77.0,-365.0,474.0,-287.0,-173.0,85.0,-422.0,-359.0,-50.0,47.0,-599.0,477.68,-91.81,-351.97,460.22,-318.16,-168.24,84.74,-438.65,-357.59,-41.31,11.439999999999998,-600.81
2025-08-08T18:32:28.850055,509.0,-45.0,-373.0,355.0,-217.0,-152.0,34.0,-431.0,-446.0,-3.0,58.0,-584.0,488.68,-59.81,-359.97,341.22,-248.16,-147.24,33.74,-447.65,-444.59,5.6899999999999995,22.439999999999998,-585.81
2025-08-08T18:32:28.856317,556.0,27.0,-393.0,424.0,-265.0,-195.0,40.0,-404.0,-374.0,-63.0,20.0,-584.0,535.68,12.19,-379.97,410.22,-296.16,-190.24,39.74,-420.65,-372.59,-54.31,-15.560000000000002,-585.81
2025-08-08T18:32:28.864176,548.0,-2.0,-374.0,380.0,-339.0,-143.0,78.0,-458.0,-357.0,-42.0,90.0,-600.0,527.68,-16.810000000000002,-360.97,366.22,-370.16,-138.24,77.74,-474.65,-355.59,-33.31,54.44,-601.81
2025-08-08T18:32:28.868641,455.0,-108.0,-371.0,389.0,-271.0,-164.0,43.0,-382.0,-360.0,16.0,35.0,-589.0,434.68,-122.81,-357.97,375.22,-302.16,-159.24,42.74,-398.65,-358.59,24.689999999999998,-0.5600000000000023,-590.81
2025-08-08T18:32:28.876578,552.0,-24.0,-340.0,378.0,-301.0,-154.0,87.0,-379.0,-328.0,-18.0,22.0,-587.0,531.68,-38.81,-326.97,364.22,-332.16,-149.24,86.74,-395.65,-326.59,-9.31,-13.560000000000002,-588.81
2025-08-08T18:32:28.883851,510.0,-60.0,-373.0,355.0,-229.0,-189.0,50.0,-393.0,-360.0,-72.0,60.0,-580.0,489.68,-74.81,-359.97,341.22,-260.16,-184.24,49.74,-409.65,-358.59,-63.31,24.439999999999998,-581.81
2025-08-08T18:32:28.888980,491.0,-74.0,-420.0,392.0,-261.0,-197.0,126.0,-389.0,-334.0,34.0,22.0,-583.0,470.68,-88.81,-406.97,378.22,-292.16,-192.24,125.74,-405.65,-332.59,42.69,-13.560000000000002,-584.81
2025-08-08T18:32:28.896918,582.0,-99.0,-430.0,404.0,-245.0,-168.0,113.0,-433.0,-371.0,45.0,46.0,-566.0,561.68,-113.81,-416.97,390.22,-276.16,-163.24,112.74,-449.65,-369.59,53.69,10.439999999999998,-567.81
2025-08-08T18:32:28.901545,502.0,-3.0,-399.0,400.0,-259.0,-123.0,-45.0,-408.0,-386.0,-82.0,52.0,-592.0,481.68,-17.810000000000002,-385.97,386.22,-290.16,-118.24,-45.26,-424.65,-384.59,-73.31,16.439999999999998,-593.81
2025-08-08T18:32:28.909294,481.0,-32.0,-390.0,411.0,-296.0,-178.0,51.0,-400.0,-359.0,43.0,128.0,-543.0,460.68,-46.81,-376.97,397.22,-327.16,-173.24,50.74,-416.65,-357.59,51.69,92.44,-544.81
2025-08-08T18:32:28.915544,574.0,-78.0,-392.0,412.0,-280.0,-167.0,12.0,-395.0,-326.0,-7.0,64.0,-582.0,553.68,-92.81,-378.97,398.22,-311.16,-162.24,11.74,-411.65,-324.59,1.6899999999999995,28.439999999999998,-583.81
2025-08-08T18:32:28.921819,422.0,-138.0,-363.0,419.0,-209.0,-162.0,55.0,-427.0,-328.0,-77.0,26.0,-603.0,401.68,-152.81,-349.97,405.22,-240.16,-157.24,54.74,-443.65,-326.59,-68.31,-9.560000000000002,-604.81
2025-08-08T18:32:28.929844,539.0,-74.0,-409.0,454.0,-248.0,-104.0,117.0,-386.0,-342.0,-55.0,111.0,-593.0,518.68,-88.81,-395.97,440.22,-279.16,-99.24,116.74,-402.65,-340.59,-46.31,75.44,-594.81
2025-08-08T18:32:28.935194,580.0,-55.0,-316.0,423.0,-277.0,-140.0,142.0,-402.0,-378.0,-1.0,30.0,-572.0,559.68,-69.81,-302.97,409.22,-308.16,-135.24,141.74,-418.65,-376.59,7.6899999999999995,-5.560000000000002,-573.81
2025-08-08T18:32:28.942227,489.0,10.0,-348.0,415.0,-235.0,-140.0,123.0,-383.0,-336.0,-45.0,46.0,-633.0,468.68,-4.8100000000000005,-334.97,401.22,-266.16,-135.24,122.74,-399.65,-334.59,-36.31,10.439999999999998,-634.81
2025-08-08T18:32:28.948395,541.0,-81.0,-391.0,392.0,-194.0,-108.0,101.0,-423.0,-356.0,6.0,70.0,-610.0,520.68,-95.81,-377.97,378.22,-225.16,-103.24,100.74,-439.65,-354.59,14.69,34.44,-611.81
2025-08-08T18:32:28.954563,548.0,-95.0,-302.0,366.0,-283.0,-145.0,2.0,-433.0,-357.0,-88.0,101.0,-570.0,527.68,-109.81,-288.97,352.22,-314.16,-140.24,1.74,-449.65,-355.59,-79.31,65.44,-571.81
2025-08-08T18:32:28.962515,585.0,-23.0,-334.0,366.0,-280.0,-118.0,79.0,-435.0,-388.0,-87.0,18.0,-632.0,564.68,-37.81,-320.97,352.22,-311.16,-113.24,78.74,-451.65,-386.59,-78.31,-17.560000000000002,-633.81
2025-08-08T18:32:28.967246,554.0,-35.0,-444.0,427.0,-270.0,-131.0,29.0,-353.0,-325.0,-16.0,21.0,-590.0,533.68,-49.81,-430.97,413.22,-301.16,-126.24,28.74,-369.65,-323.59,-7.3100000000000005,-14.560000000000002,-591.81
2025-08-08T18:32:28.975079,560.0,-14.0,-263.0,401.0,-298.0,-147.0,66.0,-355.0,-358.0,30.0,43.0,-599.0,539.68,-28.810000000000002,-249.97,387.22,-329.16,-142.24,65.74,-371.65,-356.59,38.69,7.439999999999998,-600.81
2025-08-08T18:32:28.979469,512.0,12.0,-428.0,428.0,-231.0,-157.0,47.0,-426.0,-442.0,-8.0,50.0,-587.0,491.68,-2.8100000000000005,-414.97,414.22,-262.16,-152.24,46.74,-442.65,-440.59,0.6899999999999995,14.439999999999998,-588.81
2025-08-08T18:32:28.987533,565.0,12.0,-423.0,395.0,-211.0,-189.0,29.0,-447.0,-282.0,-44.0,26.0,-637.0,544.68,-2.8100000000000005,-409.97,381.22,-242.16,-184.24,28.74,-463.65,-280.59,-35.31,-9.560000000000002,-638.81
2025-08-08T18:32:28.995078,500.0,-48.0,-336.0,429.0,-276.0,-115.0,59.0,-371.0,-348.0,8.0,-27.0,-569.0,479.68,-62.81,-322.97,415.22,-307.16,-110.24,58.74,-387.65,-346.59,16.689999999999998,-62.56,-570.81
2025-08-08T18:32:28.999773,547.0,-85.0,-323.0,448.0,-287.0,-151.0,18.0,-400.0,-338.0,-30.0,54.0,-579.0,526.68,-99.81,-309.97,434.22,-318.16,-146.24,17.74,-416.65,-336.59,-21.310000000000002,18.439999999999998,-580.81
2025-08-08T18:32:29.007651,512.0,3.0,-346.0,390.0,-245.0,-139.0,67.0,-445.0,-378.0,8.0,-14.0,-587.0,491.68,-11.81,-332.97,376.22,-276.16,-134.24,66.74,-461.65,-376.59,16.689999999999998,-49.56,-588.81
2025-08-08T18:32:29.012183,554.0,-27.0,-424.0,457.0,-267.0,-144.0,105.0,-370.0,-399.0,-37.0,34.0,-531.0,533.68,-41.81,-410.97,443.22,-298.16,-139.24,104.74,-386.65,-397.59,-28.310000000000002,-1.5600000000000023,-532.81
2025-08-08T18:32:29.023275,530.0,-67.0,-362.0,350.0,-259.0,-189.0,90.0,-420.0,-390.0,-24.0,70.0,-569.0,509.68,-81.81,-348.97,336.22,-290.16,-184.24,89.74,-436.65,-388.59,-15.31,34.44,-570.81
2025-08-08T18:32:29.028386,499.0,-19.0,-372.0,394.0,-316.0,-131.0,6.0,-336.0,-349.0,32.0,50.0,-604.0,478.68,-33.81,-358.97,380.22,-347.16,-126.24,5.74,-352.65,-347.59,40.69,14.439999999999998,-605.81
2025-08-08T18:32:29.032482,557.0,-78.0,-345.0,364.0,-288.0,-149.0,83.0,-376.0,-324.0,-63.0,23.0,-607.0,536.68,-92.81,-331.97,350.22,-319.16,-144.24,82.74,-392.65,-322.59,-54.31,-12.560000000000002,-608.81
2025-08-08T18:32:29.040195,557.0,-18.0,-361.0,384.0,-313.0,-185.0,141.0,-442.0,-339.0,-44.0,2.0,-591.0,536.68,-32.81,-347.97,370.22,-344.16,-180.24,140.74,-458.65,-337.59,-35.31,-33.56,-592.81
2025-08-08T18:32:29.044723,475.0,-38.0,-366.0,354.0,-293.0,-135.0,61.0,-434.0,-378.0,62.0,71.0,-677.0,454.68,-52.81,-352.97,340.22,-324.16,-130.24,60.74,-450.65,-376.59,70.69,35.44,-678.81
2025-08-08T18:32:29.052684,521.0,-77.0,-400.0,492.0,-262.0,-145.0,105.0,-386.0,-365.0,-16.0,73.0,-607.0,500.68,-91.81,-386.97,478.22,-293.16,-140.24,104.74,-402.65,-363.59,-7.3100000000000005,37.44,-608.81
2025-08-08T18:32:29.060643,486.0,-26.0,-395.0,435.0,-294.0,-226.0,76.0,-369.0,-298.0,-59.0,53.0,-570.0,465.68,-40.81,-381.97,421.22,-325.16,-221.24,75.74,-385.65,-296.59,-50.31,17.439999999999998,-571.81
2025-08-08T18:32:29.065347,528.0,6.0,-330.0,408.0,-305.0,-180.0,109.0,-448.0,-371.0,-51.0,69.0,-635.0,507.68,-8.81,-316.97,394.22,-336.16,-175.24,108.74,-464.65,-369.59,-42.31,33.44,-636.81
2025-08-08T18:32:29.073193,533.0,-18.0,-376.0,362.0,-263.0,-128.0,105.0,-417.0,-370.0,-5.0,-25.0,-559.0,512.68,-32.81,-362.97,348.22,-294.16,-123.24,104.74,-433.65,-368.59,3.6899999999999995,-60.56,-560.81
2025-08-08T18:32:29.077473,539.0,-63.0,-383.0,389.0,-329.0,-164.0,66.0,-421.0,-365.0,-68.0,115.0,-605.0,518.68,-77.81,-369.97,375.22,-360.16,-159.24,65.74,-437.65,-363.59,-59.31,79.44,-606.81
2025-08-08T18:32:29.085398,531.0,-56.0,-362.0,389.0,-282.0,-155.0,117.0,-377.0,-398.0,11.0,71.0,-599.0,510.68,-70.81,-348.97,375.22,-313.16,-150.24,116.74,-393.65,-396.59,19.689999999999998,35.44,-600.81
2025-08-08T18:32:29.092896,589.0,-48.0,-390.0,401.0,-299.0,-185.0,93.0,-395.0,-374.0,8.0,-6.0,-569.0,568.68,-62.81,-376.97,387.22,-330.16,-180.24,92.74,-411.65,-372.59,16.689999999999998,-41.56,-570.81
2025-08-08T18:32:29.098036,589.0,-20.0,-354.0,417.0,-259.0,-150.0,79.0,-411.0,-377.0,-43.0,83.0,-567.0,568.68,-34.81,-340.97,403.22,-290.16,-145.24,78.74,-427.65,-375.59,-34.31,47.44,-568.81
2025-08-08T18:32:29.106020,487.0,-34.0,-405.0,445.0,-239.0,-164.0,109.0,-347.0,-360.0,-11.0,22.0,-587.0,466.68,-48.81,-391.97,431.22,-270.16,-159.24,108.74,-363.65,-358.59,-2.3100000000000005,-13.560000000000002,-588.81
2025-08-08T18:32:29.110409,537.0,-52.0,-402.0,378.0,-268.0,-168.0,82.0,-466.0,-401.0,6.0,7.0,-597.0,516.68,-66.81,-388.97,364.22,-299.16,-163.24,81.74,-482.65,-399.59,14.69,-28.560000000000002,-598.81
2025-08-08T18:32:29.118270,550.0,-103.0,-348.0,385.0,-354.0,-174.0,37.0,-430.0,-385.0,27.0,127.0,-567.0,529.68,-117.81,-334.97,371.22,-385.16,-169.24,36.74,-446.65,-383.59,35.69,91.44,-568.81
2025-08-08T18:32:29.126127,495.0,-35.0,-359.0,384.0,-262.0,-207.0,110.0,-353.0,-348.0,-53.0,44.0,-644.0,474.68,-49.81,-345.97,370.22,-293.16,-202.24,109.74,-369.65,-346.59,-44.31,8.439999999999998,-645.81
2025-08-08T18:32:29.130697,609.0,-26.0,-372.0,356.0,-333.0,-172.0,146.0,-372.0,-347.0,10.0,29.0,-603.0,588.68,-40.81,-358.97,342.22,-364.16,-167.24,145.74,-388.65,-345.59,18.689999999999998,-6.560000000000002,-604.81
2025-08-08T18:32:29.138578,549.0,-61.0,-331.0,390.0,-301.0,-166.0,135.0,-419.0,-347.0,-30.0,61.0,-574.0,528.68,-75.81,-317.97,376.22,-332.16,-161.24,134.74,-435.65,-345.59,-21.310000000000002,25.439999999999998,-575.81
2025-08-08T18:32:29.143281,496.0,-19.0,-415.0,467.0,-292.0,-185.0,60.0,-407.0,-366.0,-12.0,0.0,-563.0,475.68,-33.81,-401.97,453.22,-323.16,-180.24,59.74,-423.65,-364.59,-3.3100000000000005,-35.56,-564.81
2025-08-08T18:32:29.151012,523.0,14.0,-428.0,351.0,-259.0,-152.0,29.0,-389.0,-389.0,13.0,67.0,-605.0,502.68,-0.8100000000000005,-414.97,337.22,-290.16,-147.24,28.74,-405.65,-387.59,21.689999999999998,31.439999999999998,-606.81
2025-08-08T18:32:29.159055,556.0,-66.0,-344.0,447.0,-277.0,-120.0,-2.0,-443.0,-316.0,-80.0,51.0,-547.0,535.68,-80.81,-330.97,433.22,-308.16,-115.24,-2.26,-459.65,-314.59,-71.31,15.439999999999998,-548.81
2025-08-08T18:32:29.163525,455.0,-90.0,-338.0,323.0,-251.0,-191.0,82.0,-383.0,-258.0,-45.0,-2.0,-589.0,434.68,-104.81,-324.97,309.22,-282.16,-186.24,81.74,-399.65,-256.59,-36.31,-37.56,-590.81
2025-08-08T18:32:29.171470,490.0,-45.0,-347.0,344.0,-246.0,-153.0,92.0,-351.0,-363.0,3.0,3.0,-509.0,469.68,-59.81,-333.97,330.22,-277.16,-148.24,91.74,-367.65,-361.59,11.69,-32.56,-510.81
2025-08-08T18:32:29.175781,469.0,-23.0,-334.0,402.0,-268.0,-137.0,10.0,-318.0,-303.0,12.0,80.0,-555.0,448.68,-37.81,-320.97,388.22,-299.16,-132.24,9.74,-334.65,-301.59,20.689999999999998,44.44,-556.81
2025-08-08T18:32:29.183839,407.0,-4.0,-325.0,390.0,-226.0,-181.0,85.0,-324.0,-390.0,41.0,4.0,-555.0,386.68,-18.810000000000002,-311.97,376.22,-257.16,-176.24,84.74,-340.65,-388.59,49.69,-31.560000000000002,-556.81
2025-08-08T18:32:29.189244,429.0,2.0,-332.0,359.0,-256.0,-161.0,75.0,-274.0,-323.0,-8.0,30.0,-475.0,408.68,-12.81,-318.97,345.22,-287.16,-156.24,74.74,-290.65,-321.59,0.6899999999999995,-5.560000000000002,-476.81
2025-08-08T18:32:29.196374,445.0,-50.0,-287.0,285.0,-196.0,-177.0,55.0,-284.0,-189.0,1.0,56.0,-464.0,424.68,-64.81,-273.97,271.22,-227.16,-172.24,54.74,-300.65,-187.59,9.69,20.439999999999998,-465.81
2025-08-08T18:32:29.204091,317.0,-62.0,-218.0,267.0,-118.0,-116.0,20.0,-252.0,-221.0,6.0,10.0,-425.0,296.68,-76.81,-204.97,253.22,-149.16,-111.24,19.74,-268.65,-219.59,14.69,-25.560000000000002,-426.81
2025-08-08T18:32:29.208358,274.0,-105.0,-235.0,252.0,-180.0,-108.0,-17.0,-195.0,-260.0,-1.0,7.0,-357.0,253.68,-119.81,-221.97,238.22,-211.16,-103.24,-17.26,-211.65,-258.59,7.6899999999999995,-28.560000000000002,-358.81
2025-08-08T18:32:29.216397,272.0,-62.0,-252.0,188.0,-150.0,-101.0,40.0,-189.0,-243.0,-42.0,40.0,-326.0,251.68,-76.81,-238.97,174.22,-181.16,-96.24,39.74,-205.65,-241.59,-33.31,4.439999999999998,-327.81
2025-08-08T18:32:29.220727,256.0,-35.0,-248.0,233.0,-126.0,-46.0,30.0,-173.0,-175.0,7.0,-6.0,-337.0,235.68,-49.81,-234.97,219.22,-157.16,-41.24,29.74,-189.65,-173.59,15.69,-41.56,-338.81
2025-08-08T18:32:29.229019,213.0,47.0,-130.0,191.0,-90.0,-123.0,42.0,-206.0,-233.0,32.0,27.0,-243.0,192.68,32.19,-116.97,177.22,-121.16,-118.24,41.74,-222.65,-231.59,40.69,-8.560000000000002,-244.81
2025-08-08T18:32:29.236042,241.0,13.0,-206.0,160.0,-42.0,-93.0,51.0,-98.0,-214.0,16.0,38.0,-206.0,220.68,-1.8100000000000005,-192.97,146.22,-73.16,-88.24,50.74,-114.65,-212.59,24.689999999999998,2.4399999999999977,-207.81
2025-08-08T18:32:29.241231,191.0,-5.0,-208.0,132.0,-59.0,-123.0,63.0,-187.0,-135.0,-66.0,54.0,-231.0,170.68,-19.810000000000002,-194.97,118.22,-90.16,-118.24,62.74,-203.65,-133.59,-57.31,18.439999999999998,-232.81
2025-08-08T18:32:29.248958,186.0,-11.0,-223.0,136.0,-60.0,-55.0,64.0,-177.0,-244.0,24.0,34.0,-293.0,165.68,-25.810000000000002,-209.97,122.22,-91.16,-50.24,63.74,-193.65,-242.59,32.69,-1.5600000000000023,-294.81
2025-08-08T18:32:29.253462,217.0,-59.0,-124.0,128.0,-72.0,-108.0,-22.0,-194.0,-209.0,-41.0,80.0,-190.0,196.68,-73.81,-110.97,114.22,-103.16,-103.24,-22.26,-210.65,-207.59,-32.31,44.44,-191.81
2025-08-08T18:32:29.261504,158.0,-9.0,-161.0,121.0,-74.0,-152.0,68.0,-122.0,-214.0,-57.0,-20.0,-260.0,137.68,-23.810000000000002,-147.97,107.22,-105.16,-147.24,67.74,-138.65,-212.59,-48.31,-55.56,-261.81
2025-08-08T18:32:29.265842,162.0,7.0,-194.0,165.0,-28.0,-65.0,-23.0,-162.0,-134.0,-24.0,97.0,-279.0,141.68,-7.8100000000000005,-180.97,151.22,-59.16,-60.24,-23.26,-178.65,-132.59,-15.31,61.44,-280.81
2025-08-08T18:32:29.273797,85.0,36.0,-183.0,107.0,-59.0,-106.0,-29.0,-111.0,-184.0,42.0,25.0,-157.0,64.68,21.189999999999998,-169.97,93.22,-90.16,-101.24,-29.26,-127.65,-182.59,50.69,-10.560000000000002,-158.81
2025-08-08T18:32:29.278290,171.0,13.0,-155.0,118.0,-36.0,-99.0,31.0,-93.0,-212.0,-56.0,-5.0,-228.0,150.68,-1.8100000000000005,-141.97,104.22,-67.16,-94.24,30.74,-109.65,-210.59,-47.31,-40.56,-229.81
2025-08-08T18:32:29.286187,178.0,-52.0,-109.0,135.0,36.0,-70.0,-21.0,-92.0,-62.0,-57.0,12.0,-192.0,157.68,-66.81,-95.97,121.22,4.84,-65.24,-21.26,-108.65,-60.59,-48.31,-23.560000000000002,-193.81
2025-08-08T18:32:29.290576,137.0,-50.0,-146.0,12.0,-52.0,-130.0,3.0,-45.0,-165.0,-64.0,90.0,-175.0,116.68,-64.81,-132.97,-1.7799999999999994,-83.16,-125.24,2.74,-61.65,-163.59,-55.31,54.44,-176.81
2025-08-08T18:32:29.298426,146.0,-60.0,-125.0,47.0,-2.0,-93.0,3.0,-50.0,-131.0,-14.0,105.0,-211.0,125.68,-74.81,-111.97,33.22,-33.16,-88.24,2.74,-66.65,-129.59,-5.3100000000000005,69.44,-212.81
2025-08-08T18:32:29.304426,99.0,53.0,-84.0,44.0,-30.0,-113.0,56.0,-53.0,-118.0,-15.0,29.0,-166.0,78.68,38.19,-70.97,30.22,-61.16,-108.24,55.74,-69.65,-116.59,-6.3100000000000005,-6.560000000000002,-167.81
2025-08-08T18:32:29.310674,61.0,44.0,-129.0,90.0,19.0,-61.0,-47.0,-77.0,-117.0,-74.0,39.0,-109.0,40.68,29.189999999999998,-115.97,76.22,-12.16,-56.24,-47.26,-93.65,-115.59,-65.31,3.4399999999999977,-110.81
2025-08-08T18:32:29.318700,113.0,6.0,-139.0,109.0,4.0,-68.0,6.0,-76.0,-145.0,-79.0,182.0,-88.0,92.68,-8.81,-125.97,95.22,-27.16,-63.24,5.74,-92.65,-143.59,-70.31,146.44,-89.81
2025-08-08T18:32:29.323246,95.0,81.0,-207.0,42.0,-35.0,-76.0,0.0,-57.0,-95.0,-118.0,45.0,-129.0,74.68,66.19,-193.97,28.22,-66.16,-71.24,-0.26,-73.65,-93.59,-109.31,9.439999999999998,-130.81
2025-08-08T18:32:29.331363,90.0,84.0,-147.0,87.0,-47.0,-178.0,-19.0,5.0,-111.0,-60.0,8.0,-162.0,69.68,69.19,-133.97,73.22,-78.16,-173.24,-19.26,-11.649999999999999,-109.59,-51.31,-27.560000000000002,-163.81
2025-08-08T18:32:29.336892,70.0,10.0,-127.0,63.0,-16.0,-128.0,-71.0,-54.0,-80.0,-64.0,108.0,-182.0,49.68,-4.8100000000000005,-113.97,49.22,-47.16,-123.24,-71.26,-70.65,-78.59,-55.31,72.44,-183.81
2025-08-08T18:32:29.343785,40.0,45.0,-118.0,52.0,45.0,-65.0,-6.0,-46.0,-114.0,-58.0,39.0,-152.0,19.68,30.189999999999998,-104.97,38.22,13.84,-60.24,-6.26,-62.65,-112.59,-49.31,3.4399999999999977,-153.81
2025-08-08T18:32:29.349841,76.0,45.0,-158.0,23.0,3.0,-145.0,28.0,-64.0,-97.0,-47.0,104.0,-165.0,55.68,30.189999999999998,-144.97,9.22,-28.16,-140.24,27.74,-80.65,-95.59,-38.31,68.44,-166.81
2025-08-08T18:32:29.356354,-5.0,18.0,-129.0,40.0,-27.0,-122.0,-26.0,-101.0,-35.0,-25.0,79.0,-97.0,-25.32,3.1899999999999995,-115.97,26.22,-58.16,-117.24,-26.26,-117.65,-33.59,-16.310000000000002,43.44,-98.81
2025-08-08T18:32:29.360264,108.0,51.0,-173.0,48.0,-45.0,-168.0,0.0,-8.0,-90.0,-38.0,32.0,-125.0,87.68,36.19,-159.97,34.22,-76.16,-163.24,-0.26,-24.65,-88.59,-29.310000000000002,-3.5600000000000023,-126.81
2025-08-08T18:32:29.368821,150.0,36.0,-136.0,56.0,6.0,-124.0,-28.0,-84.0,-192.0,-51.0,90.0,-161.0,129.68,21.189999999999998,-122.97,42.22,-25.16,-119.24,-28.26,-100.65,-190.59,-42.31,54.44,-162.81
2025-08-08T18:32:29.372321,109.0,-13.0,-173.0,25.0,-35.0,-100.0,-79.0,-70.0,-124.0,-29.0,89.0,-191.0,88.68,-27.810000000000002,-159.97,11.22,-66.16,-95.24,-79.26,-86.65,-122.59,-20.310000000000002,53.44,-192.81
2025-08-08T18:32:29.380490,39.0,23.0,-104.0,107.0,-61.0,-105.0,23.0,-42.0,-55.0,-76.0,87.0,-112.0,18.68,8.19,-90.97,93.22,-92.16,-100.24,22.74,-58.65,-53.59,-67.31,51.44,-113.81
2025-08-08T18:32:29.384552,87.0,99.0,-178.0,8.0,-43.0,-167.0,-50.0,-7.0,-67.0,-40.0,41.0,-72.0,66.68,84.19,-164.97,-5.779999999999999,-74.16,-162.24,-50.26,-23.65,-65.59,-31.310000000000002,5.439999999999998,-73.81
2025-08-08T18:32:29.392792,49.0,34.0,-143.0,8.0,-33.0,-127.0,-32.0,12.0,-58.0,-63.0,87.0,-158.0,28.68,19.189999999999998,-129.97,-5.779999999999999,-64.16,-122.24,-32.26,-4.649999999999999,-56.59,-54.31,51.44,-159.81
2025-08-08T18:32:29.396924,34.0,16.0,-131.0,44.0,0.0,-103.0,-56.0,10.0,-190.0,-45.0,84.0,-200.0,13.68,1.1899999999999995,-117.97,30.22,-31.16,-98.24,-56.26,-6.649999999999999,-188.59,-36.31,48.44,-201.81
2025-08-08T18:32:29.404830,73.0,13.0,-144.0,47.0,-5.0,-160.0,24.0,-62.0,-72.0,-13.0,15.0,-207.0,52.68,-1.8100000000000005,-130.97,33.22,-36.16,-155.24,23.74,-78.65,-70.59,-4.3100000000000005,-20.560000000000002,-208.81
2025-08-08T18:32:29.412791,41.0,64.0,-153.0,89.0,-4.0,-98.0,-63.0,-23.0,-191.0,-32.0,63.0,-113.0,20.68,49.19,-139.97,75.22,-35.16,-93.24,-63.26,-39.65,-189.59,-23.310000000000002,27.439999999999998,-114.81
2025-08-08T18:32:29.417134,65.0,22.0,-146.0,84.0,17.0,-91.0,-61.0,-47.0,-86.0,22.0,8.0,-102.0,44.68,7.1899999999999995,-132.97,70.22,-14.16,-86.24,-61.26,-63.65,-84.59,30.689999999999998,-27.560000000000002,-103.81
2025-08-08T18:32:29.425185,48.0,21.0,-148.0,96.0,34.0,-108.0,3.0,-51.0,-65.0,-53.0,44.0,-148.0,27.68,6.1899999999999995,-134.97,82.22,2.84,-103.24,2.74,-67.65,-63.59,-44.31,8.439999999999998,-149.81
2025-08-08T18:32:29.429433,45.0,89.0,-145.0,75.0,41.0,-128.0,-5.0,35.0,-83.0,-55.0,86.0,-118.0,24.68,74.19,-131.97,61.22,9.84,-123.24,-5.26,18.35,-81.59,-46.31,50.44,-119.81
2025-08-08T18:32:29.437438,83.0,-7.0,-132.0,45.0,25.0,-81.0,-28.0,-42.0,-72.0,22.0,35.0,-170.0,62.68,-21.810000000000002,-118.97,31.22,-6.16,-76.24,-28.26,-58.65,-70.59,30.689999999999998,-0.5600000000000023,-171.81
2025-08-08T18:32:29.441875,98.0,30.0,-156.0,63.0,-24.0,-153.0,-7.0,-26.0,-100.0,-88.0,65.0,-181.0,77.68,15.19,-142.97,49.22,-55.16,-148.24,-7.26,-42.65,-98.59,-79.31,29.439999999999998,-182.81
2025-08-08T18:32:29.449765,24.0,43.0,-139.0,56.0,-10.0,-112.0,-8.0,-48.0,-130.0,-81.0,34.0,-219.0,3.6799999999999997,28.189999999999998,-125.97,42.22,-41.16,-107.24,-8.26,-64.65,-128.59,-72.31,-1.5600000000000023,-220.81
2025-08-08T18:32:29.454482,34.0,33.0,-143.0,19.0,8.0,-125.0,-41.0,-17.0,-110.0,-80.0,71.0,-113.0,13.68,18.189999999999998,-129.97,5.220000000000001,-23.16,-120.24,-41.26,-33.65,-108.59,-71.31,35.44,-114.81
2025-08-08T18:32:29.462221,49.0,114.0,-94.0,44.0,15.0,-117.0,-58.0,-30.0,-103.0,-93.0,44.0,-122.0,28.68,99.19,-80.97,30.22,-16.16,-112.24,-58.26,-46.65,-101.59,-84.31,8.439999999999998,-123.81
2025-08-08T18:32:29.466503,78.0,126.0,-144.0,-13.0,-57.0,-44.0,-87.0,-40.0,-68.0,-102.0,47.0,-135.0,57.68,111.19,-130.97,-26.78,-88.16,-39.24,-87.26,-56.65,-66.59,-93.31,11.439999999999998,-136.81
2025-08-08T18:32:29.474422,73.0,4.0,-140.0,61.0,-36.0,-182.0,-11.0,11.0,-52.0,-80.0,68.0,-136.0,52.68,-10.81,-126.97,47.22,-67.16,-177.24,-11.26,-5.649999999999999,-50.59,-71.31,32.44,-137.81
2025-08-08T18:32:29.478754,114.0,14.0,-161.0,72.0,-20.0,-114.0,-34.0,-56.0,-108.0,-39.0,93.0,-97.0,93.68,-0.8100000000000005,-147.97,58.22,-51.16,-109.24,-34.26,-72.65,-106.59,-30.310000000000002,57.44,-98.81
2025-08-08T18:32:29.486849,46.0,54.0,-148.0,46.0,41.0,-145.0,-14.0,-86.0,-91.0,15.0,52.0,-145.0,25.68,39.19,-134.97,32.22,9.84,-140.24,-14.26,-102.65,-89.59,23.689999999999998,16.439999999999998,-146.81
2025-08-08T18:32:29.491234,55.0,49.0,-163.0,46.0,11.0,-114.0,-60.0,-48.0,-162.0,-36.0,57.0,-42.0,34.68,34.19,-149.97,32.22,-20.16,-109.24,-60.26,-64.65,-160.59,-27.310000000000002,21.439999999999998,-43.81
2025-08-08T18:32:29.499414,45.0,98.0,-105.0,44.0,25.0,-62.0,-63.0,-10.0,-104.0,-88.0,34.0,-145.0,24.68,83.19,-91.97,30.22,-6.16,-57.24,-63.26,-26.65,-102.59,-79.31,-1.5600000000000023,-146.81
2025-08-08T18:32:29.508202,26.0,56.0,-113.0,22.0,-3.0,-117.0,-97.0,-62.0,-46.0,-57.0,86.0,-102.0,5.68,41.19,-99.97,8.22,-34.16,-112.24,-97.26,-78.65,-44.59,-48.31,50.44,-103.81
2025-08-08T18:32:29.515488,51.0,-15.0,-208.0,29.0,-73.0,-96.0,40.0,-44.0,-202.0,-55.0,95.0,-185.0,30.68,-29.810000000000002,-194.97,15.22,-104.16,-91.24,39.74,-60.65,-200.59,-46.31,59.44,-186.81
2025-08-08T18:32:29.520261,122.0,-19.0,-151.0,10.0,-39.0,-92.0,-30.0,59.0,-147.0,-32.0,38.0,-146.0,101.68,-33.81,-137.97,-3.7799999999999994,-70.16,-87.24,-30.26,42.35,-145.59,-23.310000000000002,2.4399999999999977,-147.81
2025-08-08T18:32:29.525542,63.0,-11.0,-127.0,60.0,-26.0,-98.0,85.0,-16.0,-117.0,23.0,53.0,-113.0,42.68,-25.810000000000002,-113.97,46.22,-57.16,-93.24,84.74,-32.65,-115.59,31.689999999999998,17.439999999999998,-114.81
2025-08-08T18:32:29.531863,13.0,41.0,-125.0,110.0,0.0,-136.0,-2.0,-69.0,-48.0,-8.0,58.0,-32.0,-7.32,26.189999999999998,-111.97,96.22,-31.16,-131.24,-2.26,-85.65,-46.59,0.6899999999999995,22.439999999999998,-33.81
2025-08-08T18:32:29.537570,41.0,21.0,-190.0,51.0,86.0,-102.0,-41.0,-26.0,-91.0,-68.0,85.0,-78.0,20.68,6.1899999999999995,-176.97,37.22,54.84,-97.24,-41.26,-42.65,-89.59,-59.31,49.44,-79.81
2025-08-08T18:32:29.545044,98.0,89.0,-157.0,8.0,-41.0,-87.0,-27.0,-46.0,-129.0,-78.0,57.0,-108.0,77.68,74.19,-143.97,-5.779999999999999,-72.16,-82.24,-27.26,-62.65,-127.59,-69.31,21.439999999999998,-109.81
2025-08-08T18:32:29.548318,171.0,14.0,-207.0,8.0,-4.0,-82.0,-16.0,-44.0,-131.0,-50.0,51.0,-131.0,150.68,-0.8100000000000005,-193.97,-5.779999999999999,-35.16,-77.24,-16.26,-60.65,-129.59,-41.31,15.439999999999998,-132.81
2025-08-08T18:32:29.556245,96.0,27.0,-123.0,36.0,-36.0,-139.0,14.0,21.0,-69.0,-103.0,49.0,-124.0,75.68,12.19,-109.97,22.22,-67.16,-134.24,13.74,4.350000000000001,-67.59,-94.31,13.439999999999998,-125.81
2025-08-08T18:32:29.560433,55.0,94.0,-93.0,19.0,30.0,-73.0,-67.0,-59.0,-87.0,16.0,39.0,-64.0,34.68,79.19,-79.97,5.220000000000001,-1.1600000000000001,-68.24,-67.26,-75.65,-85.59,24.689999999999998,3.4399999999999977,-65.81
2025-08-08T18:32:29.568583,46.0,34.0,-129.0,20.0,37.0,-103.0,-15.0,-55.0,-86.0,-82.0,11.0,-65.0,25.68,19.189999999999998,-115.97,6.220000000000001,5.84,-98.24,-15.26,-71.65,-84.59,-73.31,-24.560000000000002,-66.81
2025-08-08T18:32:29.572944,-6.0,103.0,-176.0,47.0,19.0,-147.0,-89.0,-33.0,-161.0,-76.0,79.0,-133.0,-26.32,88.19,-162.97,33.22,-12.16,-142.24,-89.26,-49.65,-159.59,-67.31,43.44,-134.81
2025-08-08T18:32:29.581057,43.0,-5.0,-161.0,72.0,32.0,-140.0,-48.0,-66.0,-187.0,-91.0,35.0,-140.0,22.68,-19.810000000000002,-147.97,58.22,0.8399999999999999,-135.24,-48.26,-82.65,-185.59,-82.31,-0.5600000000000023,-141.81
2025-08-08T18:32:29.585315,137.0,50.0,-183.0,83.0,-19.0,-172.0,-29.0,-4.0,-180.0,46.0,54.0,-160.0,116.68,35.19,-169.97,69.22,-50.16,-167.24,-29.26,-20.65,-178.59,54.69,18.439999999999998,-161.81
2025-08-08T18:32:29.593270,-22.0,34.0,-112.0,58.0,64.0,-135.0,1.0,-32.0,-99.0,-88.0,81.0,-137.0,-42.32,19.189999999999998,-98.97,44.22,32.84,-130.24,0.74,-48.65,-97.59,-79.31,45.44,-138.81
2025-08-08T18:32:29.597479,-1.0,21.0,-126.0,19.0,-40.0,-109.0,-87.0,-37.0,-115.0,-79.0,4.0,-115.0,-21.32,6.1899999999999995,-112.97,5.220000000000001,-71.16,-104.24,-87.26,-53.65,-113.59,-70.31,-31.560000000000002,-116.81
2025-08-08T18:32:29.605630,0.0,64.0,-238.0,89.0,-29.0,-119.0,-85.0,-22.0,-91.0,-57.0,67.0,-108.0,-20.32,49.19,-224.97,75.22,-60.16,-114.24,-85.26,-38.65,-89.59,-48.31,31.439999999999998,-109.81
2025-08-08T18:32:29.609654,88.0,76.0,-130.0,73.0,7.0,-151.0,-51.0,4.0,-75.0,-38.0,110.0,-164.0,67.68,61.19,-116.97,59.22,-24.16,-146.24,-51.26,-12.649999999999999,-73.59,-29.310000000000002,74.44,-165.81
2025-08-08T18:32:29.617968,59.0,111.0,-180.0,61.0,8.0,-143.0,39.0,-37.0,-138.0,-17.0,25.0,-117.0,38.68,96.19,-166.97,47.22,-23.16,-138.24,38.74,-53.65,-136.59,-8.31,-10.560000000000002,-118.81
2025-08-08T18:32:29.621949,40.0,47.0,-181.0,44.0,-87.0,-210.0,49.0,-86.0,-92.0,7.0,15.0,-205.0,19.68,32.19,-167.97,30.22,-118.16,-205.24,48.74,-102.65,-90.59,15.69,-20.560000000000002,-206.81
2025-08-08T18:32:29.630142,101.0,72.0,-117.0,-44.0,-11.0,-100.0,-42.0,-13.0,-113.0,-76.0,68.0,-132.0,80.68,57.19,-103.97,-57.78,-42.16,-95.24,-42.26,-29.65,-111.59,-67.31,32.44,-133.81
2025-08-08T18:32:29.638228,73.0,56.0,-89.0,15.0,9.0,-138.0,-52.0,-58.0,-100.0,-31.0,24.0,-125.0,52.68,41.19,-75.97,1.2200000000000006,-22.16,-133.24,-52.26,-74.65,-98.59,-22.310000000000002,-11.560000000000002,-126.81
2025-08-08T18:32:29.642490,-2.0,89.0,-185.0,4.0,-34.0,-144.0,-47.0,-36.0,-137.0,-58.0,23.0,-101.0,-22.32,74.19,-171.97,-9.78,-65.16,-139.24,-47.26,-52.65,-135.59,-49.31,-12.560000000000002,-102.81
2025-08-08T18:32:29.650574,148.0,64.0,-248.0,27.0,-1.0,-102.0,-78.0,-28.0,-115.0,-57.0,71.0,-140.0,127.68,49.19,-234.97,13.22,-32.16,-97.24,-78.26,-44.65,-113.59,-48.31,35.44,-141.81
2025-08-08T18:32:29.654967,100.0,6.0,-183.0,11.0,-10.0,-114.0,-79.0,-28.0,-84.0,-32.0,71.0,-177.0,79.68,-8.81,-169.97,-2.7799999999999994,-41.16,-109.24,-79.26,-44.65,-82.59,-23.310000000000002,35.44,-178.81
2025-08-08T18:32:29.662948,116.0,8.0,-127.0,25.0,1.0,-62.0,-5.0,-26.0,-120.0,-36.0,80.0,-93.0,95.68,-6.8100000000000005,-113.97,11.22,-30.16,-57.24,-5.26,-42.65,-118.59,-27.310000000000002,44.44,-94.81
2025-08-08T18:32:29.667300,5.0,-2.0,-160.0,74.0,-38.0,-107.0,-38.0,-46.0,-111.0,-26.0,115.0,-128.0,-15.32,-16.810000000000002,-146.97,60.22,-69.16,-102.24,-38.26,-62.65,-109.59,-17.310000000000002,79.44,-129.81
2025-08-08T18:32:29.675228,24.0,107.0,-95.0,59.0,13.0,-154.0,11.0,2.0,-129.0,-76.0,55.0,-37.0,3.6799999999999997,92.19,-81.97,45.22,-18.16,-149.24,10.74,-14.649999999999999,-127.59,-67.31,19.439999999999998,-38.81
2025-08-08T18:32:29.679821,29.0,63.0,-183.0,82.0,-51.0,-131.0,-56.0,25.0,-128.0,-83.0,0.0,-110.0,8.68,48.19,-169.97,68.22,-82.16,-126.24,-56.26,8.350000000000001,-126.59,-74.31,-35.56,-111.81
2025-08-08T18:32:29.687616,55.0,91.0,-180.0,48.0,-3.0,-118.0,-11.0,6.0,-99.0,-82.0,104.0,-117.0,34.68,76.19,-166.97,34.22,-34.16,-113.24,-11.26,-10.649999999999999,-97.59,-73.31,68.44,-118.81
2025-08-08T18:32:29.692448,54.0,36.0,-115.0,25.0,9.0,-60.0,-33.0,-54.0,-72.0,-17.0,131.0,-140.0,33.68,21.189999999999998,-101.97,11.22,-22.16,-55.24,-33.26,-70.65,-70.59,-8.31,95.44,-141.81
2025-08-08T18:32:29.699872,53.0,45.0,-135.0,69.0,-25.0,-135.0,1.0,-53.0,-84.0,-18.0,99.0,-157.0,32.68,30.189999999999998,-121.97,55.22,-56.16,-130.24,0.74,-69.65,-82.59,-9.31,63.44,-158.81
2025-08-08T18:32:29.704979,22.0,16.0,-77.0,57.0,-34.0,-127.0,-78.0,-37.0,-105.0,-10.0,20.0,-152.0,1.6799999999999997,1.1899999999999995,-63.97,43.22,-65.16,-122.24,-78.26,-53.65,-103.59,-1.3100000000000005,-15.560000000000002,-153.81
2025-08-08T18:32:29.712247,57.0,71.0,-166.0,-29.0,-74.0,-101.0,-88.0,-8.0,-140.0,-53.0,31.0,-144.0,36.68,56.19,-152.97,-42.78,-105.16,-96.24,-88.26,-24.65,-138.59,-44.31,-4.560000000000002,-145.81
2025-08-08T18:32:29.718521,99.0,116.0,-156.0,59.0,-59.0,-89.0,-23.0,-66.0,-111.0,-65.0,56.0,-184.0,78.68,101.19,-142.97,45.22,-90.16,-84.24,-23.26,-82.65,-109.59,-56.31,20.439999999999998,-185.81
2025-08-08T18:32:29.724618,61.0,59.0,-142.0,62.0,58.0,-105.0,-31.0,2.0,-84.0,3.0,55.0,-119.0,40.68,44.19,-128.97,48.22,26.84,-100.24,-31.26,-14.649999999999999,-82.59,11.69,19.439999999999998,-120.81
2025-08-08T18:32:29.732294,77.0,77.0,-143.0,58.0,7.0,-156.0,-29.0,-67.0,-110.0,-60.0,36.0,-141.0,56.68,62.19,-129.97,44.22,-24.16,-151.24,-29.26,-83.65,-108.59,-51.31,0.4399999999999977,-142.81
2025-08-08T18:32:29.736806,87.0,15.0,-95.0,48.0,-33.0,-140.0,-101.0,-28.0,-151.0,-48.0,8.0,-49.0,66.68,0.1899999999999995,-81.97,34.22,-64.16,-135.24,-101.26,-44.65,-149.59,-39.31,-27.560000000000002,-50.81
2025-08-08T18:32:29.744737,33.0,116.0,-101.0,36.0,1.0,-165.0,12.0,-60.0,-139.0,-20.0,36.0,-122.0,12.68,101.19,-87.97,22.22,-30.16,-160.24,11.74,-76.65,-137.59,-11.31,0.4399999999999977,-123.81
2025-08-08T18:32:29.749301,2.0,101.0,-131.0,68.0,-47.0,-127.0,-39.0,-57.0,-143.0,-26.0,39.0,-122.0,-18.32,86.19,-117.97,54.22,-78.16,-122.24,-39.26,-73.65,-141.59,-17.310000000000002,3.4399999999999977,-123.81
2025-08-08T18:32:29.757216,15.0,94.0,-130.0,25.0,21.0,-106.0,-2.0,-10.0,-102.0,-33.0,84.0,-70.0,-5.32,79.19,-116.97,11.22,-10.16,-101.24,-2.26,-26.65,-100.59,-24.310000000000002,48.44,-71.81
2025-08-08T18:32:29.761390,96.0,74.0,-150.0,85.0,-4.0,-87.0,-25.0,-56.0,-142.0,-70.0,59.0,-188.0,75.68,59.19,-136.97,71.22,-35.16,-82.24,-25.26,-72.65,-140.59,-61.31,23.439999999999998,-189.81
2025-08-08T18:32:29.769390,142.0,16.0,-101.0,95.0,-24.0,-113.0,-49.0,-74.0,-142.0,-39.0,69.0,-150.0,121.68,1.1899999999999995,-87.97,81.22,-55.16,-108.24,-49.26,-90.65,-140.59,-30.310000000000002,33.44,-151.81
2025-08-08T18:32:29.773930,111.0,81.0,-70.0,15.0,3.0,-83.0,-57.0,-40.0,-103.0,-26.0,61.0,-155.0,90.68,66.19,-56.97,1.2200000000000006,-28.16,-78.24,-57.26,-56.65,-101.59,-17.310000000000002,25.439999999999998,-156.81
2025-08-08T18:32:29.781804,-27.0,69.0,-146.0,-24.0,-20.0,-87.0,53.0,-7.0,-48.0,-104.0,-17.0,-210.0,-47.32,54.19,-132.97,-37.78,-51.16,-82.24,52.74,-23.65,-46.59,-95.31,-52.56,-211.81
2025-08-08T18:32:29.786084,44.0,68.0,-113.0,29.0,43.0,-119.0,-32.0,-35.0,-130.0,-66.0,94.0,-121.0,23.68,53.19,-99.97,15.22,11.84,-114.24,-32.26,-51.65,-128.59,-57.31,58.44,-122.81
2025-08-08T18:32:29.794213,42.0,107.0,-180.0,73.0,41.0,-186.0,-11.0,-46.0,-125.0,-57.0,98.0,-140.0,21.68,92.19,-166.97,59.22,9.84,-181.24,-11.26,-62.65,-123.59,-48.31,62.44,-141.81
2025-08-08T18:32:29.798495,34.0,70.0,-177.0,78.0,13.0,-128.0,-16.0,41.0,-77.0,-33.0,62.0,-153.0,13.68,55.19,-163.97,64.22,-18.16,-123.24,-16.26,24.35,-75.59,-24.310000000000002,26.439999999999998,-154.81
2025-08-08T18:32:29.806387,124.0,28.0,-44.0,95.0,52.0,-91.0,-46.0,16.0,-127.0,-104.0,57.0,-138.0,103.68,13.19,-30.97,81.22,20.84,-86.24,-46.26,-0.6499999999999986,-125.59,-95.31,21.439999999999998,-139.81
2025-08-08T18:32:29.812275,-14.0,33.0,-79.0,40.0,-30.0,-182.0,10.0,-20.0,-142.0,-50.0,80.0,-100.0,-34.32,18.189999999999998,-65.97,26.22,-61.16,-177.24,9.74,-36.65,-140.59,-41.31,44.44,-101.81
2025-08-08T18:32:29.818640,60.0,52.0,-127.0,-17.0,2.0,-90.0,-29.0,-40.0,-107.0,-80.0,103.0,-86.0,39.68,37.19,-113.97,-30.78,-29.16,-85.24,-29.26,-56.65,-105.59,-71.31,67.44,-87.81
2025-08-08T18:32:29.826717,-54.0,55.0,-168.0,71.0,23.0,-166.0,-79.0,-115.0,-57.0,-37.0,77.0,-113.0,-74.32,40.19,-154.97,57.22,-8.16,-161.24,-79.26,-131.65,-55.59,-28.310000000000002,41.44,-114.81
2025-08-08T18:32:29.831187,96.0,93.0,-121.0,77.0,23.0,-159.0,-61.0,-11.0,-49.0,-24.0,59.0,-166.0,75.68,78.19,-107.97,63.22,-8.16,-154.24,-61.26,-27.65,-47.59,-15.31,23.439999999999998,-167.81
2025-08-08T18:32:29.838916,42.0,76.0,-155.0,24.0,0.0,-125.0,-34.0,-50.0,-80.0,-63.0,92.0,-99.0,21.68,61.19,-141.97,10.22,-31.16,-120.24,-34.26,-66.65,-78.59,-54.31,56.44,-100.81
2025-08-08T18:32:29.843386,59.0,78.0,-126.0,66.0,22.0,-80.0,-13.0,-22.0,-159.0,-25.0,-14.0,-89.0,38.68,63.19,-112.97,52.22,-9.16,-75.24,-13.26,-38.65,-157.59,-16.310000000000002,-49.56,-90.81
2025-08-08T18:32:29.851236,44.0,58.0,-176.0,91.0,-9.0,-136.0,-39.0,-12.0,-95.0,3.0,48.0,-92.0,23.68,43.19,-162.97,77.22,-40.16,-131.24,-39.26,-28.65,-93.59,11.69,12.439999999999998,-93.81
2025-08-08T18:32:29.855639,-19.0,59.0,-117.0,11.0,4.0,-107.0,17.0,-51.0,-128.0,-25.0,65.0,-101.0,-39.32,44.19,-103.97,-2.7799999999999994,-27.16,-102.24,16.74,-67.65,-126.59,-16.310000000000002,29.439999999999998,-102.81
2025-08-08T18:32:29.863625,71.0,60.0,-173.0,63.0,7.0,-117.0,10.0,-76.0,-46.0,-109.0,59.0,-118.0,50.68,45.19,-159.97,49.22,-24.16,-112.24,9.74,-92.65,-44.59,-100.31,23.439999999999998,-119.81
2025-08-08T18:32:29.868056,14.0,63.0,-190.0,38.0,-61.0,-148.0,3.0,-36.0,-104.0,-2.0,80.0,-169.0,-6.32,48.19,-176.97,24.22,-92.16,-143.24,2.74,-52.65,-102.59,6.6899999999999995,44.44,-170.81
2025-08-08T18:32:29.875758,78.0,49.0,-208.0,69.0,-4.0,-108.0,-30.0,-103.0,-86.0,-27.0,72.0,-107.0,57.68,34.19,-194.97,55.22,-35.16,-103.24,-30.26,-119.65,-84.59,-18.310000000000002,36.44,-108.81
2025-08-08T18:32:29.880373,78.0,-1.0,-126.0,40.0,12.0,-137.0,-68.0,-62.0,-133.0,-25.0,89.0,-154.0,57.68,-15.81,-112.97,26.22,-19.16,-132.24,-68.26,-78.65,-131.59,-16.310000000000002,53.44,-155.81
2025-08-08T18:32:29.888090,16.0,54.0,-122.0,5.0,-89.0,-69.0,-1.0,-1.0,-139.0,-90.0,31.0,-190.0,-4.32,39.19,-108.97,-8.78,-120.16,-64.24,-1.26,-17.65,-137.59,-81.31,-4.560000000000002,-191.81
2025-08-08T18:32:29.892656,31.0,-21.0,-121.0,75.0,39.0,-121.0,-62.0,-51.0,-141.0,-89.0,64.0,-157.0,10.68,-35.81,-107.97,61.22,7.84,-116.24,-62.26,-67.65,-139.59,-80.31,28.439999999999998,-158.81
2025-08-08T18:32:29.900412,-6.0,35.0,-202.0,3.0,31.0,-127.0,-46.0,-29.0,-141.0,-52.0,46.0,-157.0,-26.32,20.189999999999998,-188.97,-10.78,-0.16000000000000014,-122.24,-46.26,-45.65,-139.59,-43.31,10.439999999999998,-158.81
2025-08-08T18:32:29.905011,17.0,37.0,-133.0,55.0,-59.0,-148.0,-47.0,-86.0,-74.0,-22.0,111.0,-111.0,-3.3200000000000003,22.189999999999998,-119.97,41.22,-90.16,-143.24,-47.26,-102.65,-72.59,-13.31,75.44,-112.81
2025-08-08T18:32:29.912720,50.0,-9.0,-71.0,113.0,12.0,-210.0,-41.0,-25.0,-59.0,-52.0,65.0,-164.0,29.68,-23.810000000000002,-57.97,99.22,-19.16,-205.24,-41.26,-41.65,-57.59,-43.31,29.439999999999998,-165.81
2025-08-08T18:32:29.916995,135.0,56.0,-90.0,41.0,-51.0,-138.0,-4.0,7.0,-139.0,-46.0,64.0,-80.0,114.68,41.19,-76.97,27.22,-82.16,-133.24,-4.26,-9.649999999999999,-137.59,-37.31,28.439999999999998,-81.81
2025-08-08T18:32:29.925041,37.0,39.0,-142.0,-5.0,-9.0,-157.0,31.0,-15.0,-88.0,-21.0,83.0,-100.0,16.68,24.189999999999998,-128.97,-18.78,-40.16,-152.24,30.74,-31.65,-86.59,-12.31,47.44,-101.81
2025-08-08T18:32:29.933019,31.0,20.0,-124.0,53.0,-33.0,-164.0,-32.0,-4.0,-135.0,-81.0,39.0,-85.0,10.68,5.1899999999999995,-110.97,39.22,-64.16,-159.24,-32.26,-20.65,-133.59,-72.31,3.4399999999999977,-86.81
2025-08-08T18:32:29.937362,24.0,44.0,-199.0,103.0,48.0,-100.0,-33.0,-87.0,-102.0,-65.0,110.0,-187.0,3.6799999999999997,29.189999999999998,-185.97,89.22,16.84,-95.24,-33.26,-103.65,-100.59,-56.31,74.44,-188.81
2025-08-08T18:32:29.945437,66.0,22.0,-170.0,73.0,-44.0,-81.0,-103.0,-3.0,-76.0,-21.0,47.0,-139.0,45.68,7.1899999999999995,-156.97,59.22,-75.16,-76.24,-103.26,-19.65,-74.59,-12.31,11.439999999999998,-140.81
2025-08-08T18:32:29.950000,132.0,73.0,-138.0,81.0,-10.0,-144.0,-52.0,87.0,-144.0,-79.0,52.0,-136.0,111.68,58.19,-124.97,67.22,-41.16,-139.24,-52.26,70.35,-142.59,-70.31,16.439999999999998,-137.81
2025-08-08T18:32:29.957757,16.0,21.0,-99.0,36.0,19.0,-84.0,10.0,-8.0,-105.0,-43.0,133.0,-147.0,-4.32,6.1899999999999995,-85.97,22.22,-12.16,-79.24,9.74,-24.65,-103.59,-34.31,97.44,-148.81
2025-08-08T18:32:29.962236,6.0,38.0,-175.0,-4.0,11.0,-139.0,-71.0,-43.0,-106.0,-72.0,51.0,-148.0,-14.32,23.189999999999998,-161.97,-17.78,-20.16,-134.24,-71.26,-59.65,-104.59,-63.31,15.439999999999998,-149.81
2025-08-08T18:32:29.970183,13.0,48.0,-180.0,61.0,-42.0,-76.0,-62.0,24.0,-83.0,-30.0,154.0,-130.0,-7.32,33.19,-166.97,47.22,-73.16,-71.24,-62.26,7.350000000000001,-81.59,-21.310000000000002,118.44,-131.81
2025-08-08T18:32:29.974446,65.0,62.0,-115.0,117.0,-12.0,-152.0,-29.0,-44.0,-90.0,-43.0,57.0,-174.0,44.68,47.19,-101.97,103.22,-43.16,-147.24,-29.26,-60.65,-88.59,-34.31,21.439999999999998,-175.81
2025-08-08T18:32:29.982401,137.0,-28.0,-122.0,14.0,12.0,-119.0,-103.0,1.0,-140.0,-1.0,75.0,-82.0,116.68,-42.81,-108.97,0.22000000000000064,-19.16,-114.24,-103.26,-15.649999999999999,-138.59,7.6899999999999995,39.44,-83.81
2025-08-08T18:32:29.986801,-31.0,32.0,-77.0,56.0,-61.0,-110.0,-28.0,-2.0,-130.0,-57.0,93.0,-118.0,-51.32,17.189999999999998,-63.97,42.22,-92.16,-105.24,-28.26,-18.65,-128.59,-48.31,57.44,-119.81
2025-08-08T18:32:29.994824,45.0,23.0,-97.0,-19.0,4.0,-103.0,-42.0,-103.0,-158.0,-21.0,31.0,-42.0,24.68,8.19,-83.97,-32.78,-27.16,-98.24,-42.26,-119.65,-156.59,-12.31,-4.560000000000002,-43.81
2025-08-08T18:32:29.999199,9.0,72.0,-112.0,12.0,-62.0,-105.0,-15.0,-47.0,-108.0,-99.0,104.0,-148.0,-11.32,57.19,-98.97,-1.7799999999999994,-93.16,-100.24,-15.26,-63.65,-106.59,-90.31,68.44,-149.81
2025-08-08T18:32:30.007042,33.0,58.0,-136.0,46.0,40.0,-87.0,-33.0,-11.0,-13.0,-2.0,-8.0,-110.0,12.68,43.19,-122.97,32.22,8.84,-82.24,-33.26,-27.65,-11.59,6.6899999999999995,-43.56,-111.81
2025-08-08T18:32:30.011436,126.0,97.0,-160.0,-44.0,34.0,-126.0,-2.0,27.0,-95.0,-10.0,-6.0,-126.0,105.68,82.19,-146.97,-57.78,2.84,-121.24,-2.26,10.350000000000001,-93.59,-1.3100000000000005,-41.56,-127.81
2025-08-08T18:32:30.019257,77.0,-6.0,-167.0,36.0,17.0,-47.0,-78.0,-52.0,-52.0,32.0,83.0,-54.0,56.68,-20.810000000000002,-153.97,22.22,-14.16,-42.24,-78.26,-68.65,-50.59,40.69,47.44,-55.81
2025-08-08T18:32:30.023619,72.0,31.0,-129.0,-17.0,-5.0,-117.0,46.0,-46.0,-94.0,-43.0,75.0,-108.0,51.68,16.189999999999998,-115.97,-30.78,-36.16,-112.24,45.74,-62.65,-92.59,-34.31,39.44,-109.81
2025-08-08T18:32:30.031689,37.0,34.0,-50.0,84.0,28.0,-86.0,39.0,-17.0,-54.0,-107.0,43.0,-140.0,16.68,19.189999999999998,-36.97,70.22,-3.16,-81.24,38.74,-33.65,-52.59,-98.31,7.439999999999998,-141.81
2025-08-08T18:32:30.036720,46.0,60.0,-138.0,-10.0,23.0,-78.0,-27.0,-7.0,-34.0,-61.0,31.0,-127.0,25.68,45.19,-124.97,-23.78,-8.16,-73.24,-27.26,-23.65,-32.59,-52.31,-4.560000000000002,-128.81
2025-08-08T18:32:30.044110,27.0,74.0,-146.0,-1.0,-24.0,-84.0,-66.0,-13.0,-125.0,-25.0,54.0,-96.0,6.68,59.19,-132.97,-14.78,-55.16,-79.24,-66.26,-29.65,-123.59,-16.310000000000002,18.439999999999998,-97.81
2025-08-08T18:32:30.048229,19.0,97.0,-85.0,29.0,21.0,-150.0,-48.0,-42.0,-56.0,-72.0,13.0,-79.0,-1.3200000000000003,82.19,-71.97,15.22,-10.16,-145.24,-48.26,-58.65,-54.59,-63.31,-22.560000000000002,-80.81
2025-08-08T18:32:30.056306,31.0,46.0,-164.0,22.0,-35.0,-122.0,-99.0,-36.0,-27.0,-16.0,35.0,-15.0,10.68,31.189999999999998,-150.97,8.22,-66.16,-117.24,-99.26,-52.65,-25.59,-7.3100000000000005,-0.5600000000000023,-16.81
2025-08-08T18:32:30.064182,12.0,57.0,-121.0,50.0,44.0,-82.0,-56.0,-25.0,-106.0,-55.0,97.0,-19.0,-8.32,42.19,-107.97,36.22,12.84,-77.24,-56.26,-41.65,-104.59,-46.31,61.44,-20.81
2025-08-08T18:32:30.068466,70.0,-5.0,-68.0,34.0,51.0,-96.0,48.0,-29.0,-105.0,-51.0,93.0,-68.0,49.68,-19.810000000000002,-54.97,20.22,19.84,-91.24,47.74,-45.65,-103.59,-42.31,57.44,-69.81
2025-08-08T18:32:30.076366,50.0,-34.0,-111.0,27.0,42.0,-109.0,19.0,16.0,-104.0,-90.0,51.0,-121.0,29.68,-48.81,-97.97,13.22,10.84,-104.24,18.74,-0.6499999999999986,-102.59,-81.31,15.439999999999998,-122.81
2025-08-08T18:32:30.080827,-21.0,64.0,-87.0,-3.0,-32.0,-157.0,-11.0,0.0,-111.0,5.0,68.0,-64.0,-41.32,49.19,-73.97,-16.78,-63.16,-152.24,-11.26,-16.65,-109.59,13.69,32.44,-65.81
2025-08-08T18:32:30.085248,17.0,62.0,-83.0,37.0,40.0,-56.0,-88.0,42.0,-62.0,9.0,58.0,-46.0,-3.3200000000000003,47.19,-69.97,23.22,8.84,-51.24,-88.26,25.35,-60.59,17.689999999999998,22.439999999999998,-47.81
2025-08-08T18:32:30.092977,2.0,39.0,-148.0,58.0,55.0,-90.0,-59.0,-13.0,-93.0,13.0,-16.0,-70.0,-18.32,24.189999999999998,-134.97,44.22,23.84,-85.24,-59.26,-29.65,-91.59,21.689999999999998,-51.56,-71.81
2025-08-08T18:32:30.098809,68.0,42.0,-133.0,15.0,57.0,-78.0,-7.0,10.0,-73.0,-21.0,95.0,-13.0,47.68,27.189999999999998,-119.97,1.2200000000000006,25.84,-73.24,-7.26,-6.649999999999999,-71.59,-12.31,59.44,-14.81
2025-08-08T18:32:30.105519,26.0,51.0,-142.0,49.0,40.0,-126.0,-60.0,-8.0,-77.0,-99.0,45.0,-77.0,5.68,36.19,-128.97,35.22,8.84,-121.24,-60.26,-24.65,-75.59,-90.31,9.439999999999998,-78.81
2025-08-08T18:32:30.113213,61.0,96.0,-79.0,31.0,31.0,-40.0,-3.0,-10.0,-108.0,-50.0,76.0,-50.0,40.68,81.19,-65.97,17.22,-0.16000000000000014,-35.24,-3.26,-26.65,-106.59,-41.31,40.44,-51.81
2025-08-08T18:32:30.117730,16.0,60.0,-63.0,-1.0,11.0,-45.0,-25.0,-20.0,-1.0,-38.0,63.0,-71.0,-4.32,45.19,-49.97,-14.78,-20.16,-40.24,-25.26,-36.65,0.4099999999999999,-29.310000000000002,27.439999999999998,-72.81
2025-08-08T18:32:30.125460,-39.0,-41.0,-77.0,36.0,42.0,-142.0,-22.0,35.0,-64.0,-33.0,117.0,-156.0,-59.32,-55.81,-63.97,22.22,10.84,-137.24,-22.26,18.35,-62.59,-24.310000000000002,81.44,-157.81
2025-08-08T18:32:30.130090,39.0,58.0,-76.0,42.0,22.0,-57.0,40.0,78.0,-77.0,-15.0,119.0,-42.0,18.68,43.19,-62.97,28.22,-9.16,-52.24,39.74,61.35,-75.59,-6.3100000000000005,83.44,-43.81
2025-08-08T18:32:30.137815,-63.0,-34.0,-106.0,47.0,41.0,-101.0,34.0,-23.0,-47.0,0.0,51.0,-152.0,-83.32,-48.81,-92.97,33.22,9.84,-96.24,33.74,-39.65,-45.59,8.69,15.439999999999998,-153.81
2025-08-08T18:32:30.142171,63.0,86.0,-78.0,33.0,25.0,-71.0,-26.0,42.0,-94.0,-70.0,62.0,-6.0,42.68,71.19,-64.97,19.22,-6.16,-66.24,-26.26,25.35,-92.59,-61.31,26.439999999999998,-7.8100000000000005
2025-08-08T18:32:30.150070,49.0,49.0,-135.0,-5.0,-1.0,-67.0,-19.0,39.0,-110.0,-54.0,62.0,-46.0,28.68,34.19,-121.97,-18.78,-32.16,-62.24,-19.26,22.35,-108.59,-45.31,26.439999999999998,-47.81
2025-08-08T18:32:30.154564,48.0,-3.0,-101.0,14.0,-4.0,-10.0,-46.0,-33.0,-60.0,-68.0,65.0,-34.0,27.68,-17.810000000000002,-87.97,0.22000000000000064,-35.16,-5.24,-46.26,-49.65,-58.59,-59.31,29.439999999999998,-35.81
2025-08-08T18:32:30.162301,14.0,16.0,-114.0,101.0,2.0,-77.0,-9.0,-25.0,-93.0,-7.0,139.0,-30.0,-6.32,1.1899999999999995,-100.97,87.22,-29.16,-72.24,-9.26,-41.65,-91.59,1.6899999999999995,103.44,-31.81
2025-08-08T18:32:30.166828,45.0,31.0,-92.0,-8.0,49.0,-77.0,-44.0,23.0,-14.0,-67.0,42.0,-69.0,24.68,16.189999999999998,-78.97,-21.78,17.84,-72.24,-44.26,6.350000000000001,-12.59,-58.31,6.439999999999998,-70.81
2025-08-08T18:32:30.174619,20.0,75.0,-67.0,-51.0,62.0,-30.0,-67.0,-24.0,-41.0,-71.0,54.0,-119.0,-0.3200000000000003,60.19,-53.97,-64.78,30.84,-25.240000000000002,-67.26,-40.65,-39.59,-62.31,18.439999999999998,-120.81
2025-08-08T18:32:30.179018,50.0,-17.0,-69.0,-7.0,42.0,-56.0,-34.0,-11.0,-85.0,33.0,-2.0,-89.0,29.68,-31.810000000000002,-55.97,-20.78,10.84,-51.24,-34.26,-27.65,-83.59,41.69,-37.56,-90.81
2025-08-08T18:32:30.183379,-17.0,91.0,-35.0,67.0,-1.0,-71.0,21.0,3.0,-51.0,22.0,105.0,-128.0,-37.32,76.19,-21.97,53.22,-32.16,-66.24,20.74,-13.649999999999999,-49.59,30.689999999999998,69.44,-129.81
2025-08-08T18:32:30.191320,-11.0,20.0,-90.0,41.0,-20.0,-105.0,24.0,-9.0,-71.0,-31.0,16.0,-68.0,-31.32,5.1899999999999995,-76.97,27.22,-51.16,-100.24,23.74,-25.65,-69.59,-22.310000000000002,-19.560000000000002,-69.81
2025-08-08T18:32:30.199159,48.0,63.0,-71.0,55.0,8.0,-20.0,-22.0,-31.0,-135.0,-35.0,51.0,-46.0,27.68,48.19,-57.97,41.22,-23.16,-15.24,-22.26,-47.65,-133.59,-26.310000000000002,15.439999999999998,-47.81
2025-08-08T18:32:30.203620,48.0,-4.0,-128.0,1.0,10.0,-65.0,-17.0,-19.0,-41.0,-85.0,29.0,-70.0,27.68,-18.810000000000002,-114.97,-12.78,-21.16,-60.24,-17.26,-35.65,-39.59,-76.31,-6.560000000000002,-71.81
2025-08-08T18:32:30.208173,40.0,25.0,-66.0,31.0,92.0,-8.0,20.0,41.0,-43.0,-55.0,24.0,-23.0,19.68,10.19,-52.97,17.22,60.84,-3.24,19.74,24.35,-41.59,-46.31,-11.560000000000002,-24.81
2025-08-08T18:32:30.215795,51.0,29.0,-89.0,59.0,64.0,-50.0,18.0,-3.0,-65.0,-28.0,153.0,-87.0,30.68,14.19,-75.97,45.22,32.84,-45.24,17.74,-19.65,-63.59,-19.310000000000002,117.44,-88.81
2025-08-08T18:32:30.220456,7.0,25.0,-95.0,-13.0,-55.0,-63.0,-93.0,-49.0,-34.0,-50.0,51.0,-70.0,-13.32,10.19,-81.97,-26.78,-86.16,-58.24,-93.26,-65.65,-32.59,-41.31,15.439999999999998,-71.81
2025-08-08T18:32:30.228136,43.0,106.0,-99.0,37.0,43.0,-21.0,-17.0,49.0,-42.0,-33.0,34.0,-78.0,22.68,91.19,-85.97,23.22,11.84,-16.240000000000002,-17.26,32.35,-40.59,-24.310000000000002,-1.5600000000000023,-79.81
2025-08-08T18:32:30.232609,78.0,17.0,-32.0,66.0,-26.0,-52.0,-29.0,20.0,-100.0,0.0,64.0,-21.0,57.68,2.1899999999999995,-18.97,52.22,-57.16,-47.24,-29.26,3.3500000000000014,-98.59,8.69,28.439999999999998,-22.81
2025-08-08T18:32:30.240296,21.0,-23.0,-53.0,27.0,48.0,-97.0,-5.0,-58.0,-26.0,-45.0,30.0,-93.0,0.6799999999999997,-37.81,-39.97,13.22,16.84,-92.24,-5.26,-74.65,-24.59,-36.31,-5.560000000000002,-94.81
2025-08-08T18:32:30.245031,20.0,21.0,-2.0,-8.0,61.0,-44.0,45.0,16.0,-103.0,15.0,30.0,-53.0,-0.3200000000000003,6.1899999999999995,11.03,-21.78,29.84,-39.24,44.74,-0.6499999999999986,-101.59,23.689999999999998,-5.560000000000002,-54.81
2025-08-08T18:32:30.252666,9.0,8.0,-38.0,39.0,21.0,-79.0,10.0,-25.0,-125.0,-18.0,26.0,-52.0,-11.32,-6.8100000000000005,-24.97,25.22,-10.16,-74.24,9.74,-41.65,-123.59,-9.31,-9.560000000000002,-53.81
2025-08-08T18:32:30.257294,-1.0,65.0,-57.0,23.0,51.0,-98.0,5.0,-17.0,-65.0,21.0,46.0,16.0,-21.32,50.19,-43.97,9.22,19.84,-93.24,4.74,-33.65,-63.59,29.689999999999998,10.439999999999998,14.19
2025-08-08T18:32:30.265099,58.0,78.0,-34.0,-7.0,80.0,-53.0,1.0,65.0,-94.0,-51.0,-37.0,-4.0,37.68,63.19,-20.97,-20.78,48.84,-48.24,0.74,48.35,-92.59,-42.31,-72.56,-5.8100000000000005
2025-08-08T18:32:30.269336,56.0,-15.0,-27.0,15.0,6.0,-46.0,-107.0,19.0,-68.0,35.0,-31.0,-92.0,35.68,-29.810000000000002,-13.97,1.2200000000000006,-25.16,-41.24,-107.26,2.3500000000000014,-66.59,43.69,-66.56,-93.81
2025-08-08T18:32:30.277300,15.0,83.0,-77.0,6.0,59.0,-56.0,31.0,27.0,-45.0,-37.0,-8.0,-46.0,-5.32,68.19,-63.97,-7.779999999999999,27.84,-51.24,30.74,10.350000000000001,-43.59,-28.310000000000002,-43.56,-47.81
2025-08-08T18:32:30.281488,39.0,45.0,-76.0,-32.0,97.0,-45.0,24.0,-10.0,-36.0,-64.0,43.0,-47.0,18.68,30.189999999999998,-62.97,-45.78,65.84,-40.24,23.74,-26.65,-34.59,-55.31,7.439999999999998,-48.81
2025-08-08T18:32:30.289547,-34.0,59.0,-104.0,44.0,109.0,-19.0,-9.0,24.0,-35.0,-16.0,61.0,9.0,-54.32,44.19,-90.97,30.22,77.84,-14.24,-9.26,7.350000000000001,-33.59,-7.3100000000000005,25.439999999999998,7.1899999999999995
2025-08-08T18:32:30.293849,19.0,55.0,-92.0,-5.0,-5.0,-48.0,-34.0,50.0,-11.0,-6.0,94.0,15.0,-1.3200000000000003,40.19,-78.97,-18.78,-36.16,-43.24,-34.26,33.35,-9.59,2.6899999999999995,58.44,13.19
2025-08-08T18:32:30.301771,114.0,8.0,-82.0,7.0,26.0,-23.0,-47.0,20.0,4.0,-26.0,44.0,-20.0,93.68,-6.8100000000000005,-68.97,-6.779999999999999,-5.16,-18.240000000000002,-47.26,3.3500000000000014,5.41,-17.310000000000002,8.439999999999998,-21.81
2025-08-08T18:32:30.306149,28.0,76.0,-91.0,55.0,-15.0,-39.0,-69.0,77.0,-41.0,-12.0,51.0,-36.0,7.68,61.19,-77.97,41.22,-46.16,-34.24,-69.26,60.35,-39.59,-3.3100000000000005,15.439999999999998,-37.81
2025-08-08T18:32:30.314064,18.0,-9.0,-93.0,30.0,66.0,-36.0,8.0,-27.0,-37.0,8.0,45.0,-49.0,-2.3200000000000003,-23.810000000000002,-79.97,16.22,34.84,-31.240000000000002,7.74,-43.65,-35.59,16.689999999999998,9.439999999999998,-50.81
2025-08-08T18:32:30.318289,48.0,-23.0,-57.0,-15.0,37.0,-123.0,-2.0,-3.0,-57.0,-92.0,43.0,-23.0,27.68,-37.81,-43.97,-28.78,5.84,-118.24,-2.26,-19.65,-55.59,-83.31,7.439999999999998,-24.81
2025-08-08T18:32:30.326169,-13.0,-15.0,-157.0,27.0,11.0,-61.0,23.0,48.0,-63.0,31.0,45.0,8.0,-33.32,-29.810000000000002,-143.97,13.22,-20.16,-56.24,22.74,31.35,-61.59,39.69,9.439999999999998,6.1899999999999995
2025-08-08T18:32:30.330728,18.0,97.0,-26.0,41.0,29.0,-54.0,22.0,-23.0,-45.0,-8.0,52.0,-98.0,-2.3200000000000003,82.19,-12.97,27.22,-2.16,-49.24,21.74,-39.65,-43.59,0.6899999999999995,16.439999999999998,-99.81
2025-08-08T18:32:30.338480,20.0,63.0,-47.0,21.0,63.0,-13.0,56.0,-58.0,0.0,24.0,116.0,-64.0,-0.3200000000000003,48.19,-33.97,7.220000000000001,31.84,-8.24,55.74,-74.65,1.41,32.69,80.44,-65.81
2025-08-08T18:32:30.342829,-5.0,-16.0,-30.0,0.0,70.0,-15.0,18.0,30.0,34.0,22.0,47.0,9.0,-25.32,-30.810000000000002,-16.97,-13.78,38.84,-10.24,17.74,13.350000000000001,35.41,30.689999999999998,11.439999999999998,7.1899999999999995
2025-08-08T18:32:30.350831,44.0,53.0,-14.0,70.0,31.0,-13.0,-26.0,-23.0,-52.0,5.0,77.0,7.0,23.68,38.19,-0.9700000000000006,56.22,-0.16000000000000014,-8.24,-26.26,-39.65,-50.59,13.69,41.44,5.1899999999999995
2025-08-08T18:32:30.355268,35.0,98.0,-26.0,3.0,-21.0,-58.0,-45.0,-26.0,-50.0,-10.0,54.0,39.0,14.68,83.19,-12.97,-10.78,-52.16,-53.24,-45.26,-42.65,-48.59,-1.3100000000000005,18.439999999999998,37.19
2025-08-08T18:32:30.363159,-2.0,31.0,-74.0,-26.0,-26.0,-42.0,-44.0,5.0,2.0,-13.0,66.0,4.0,-22.32,16.189999999999998,-60.97,-39.78,-57.16,-37.24,-44.26,-11.649999999999999,3.41,-4.3100000000000005,30.439999999999998,2.19
2025-08-08T18:32:30.367406,-13.0,-63.0,-64.0,-27.0,28.0,-52.0,-6.0,69.0,-63.0,5.0,114.0,-35.0,-33.32,-77.81,-50.97,-40.78,-3.16,-47.24,-6.26,52.35,-61.59,13.69,78.44,-36.81
2025-08-08T18:32:30.375438,-44.0,48.0,-113.0,55.0,52.0,-33.0,-94.0,12.0,-51.0,-25.0,-5.0,-27.0,-64.32,33.19,-99.97,41.22,20.84,-28.240000000000002,-94.26,-4.649999999999999,-49.59,-16.310000000000002,-40.56,-28.81
2025-08-08T18:32:30.379752,-23.0,74.0,-59.0,-12.0,16.0,-61.0,-3.0,94.0,-67.0,-39.0,20.0,-42.0,-43.32,59.19,-45.97,-25.78,-15.16,-56.24,-3.26,77.35,-65.59,-30.310000000000002,-15.560000000000002,-43.81
2025-08-08T18:32:30.387811,22.0,33.0,-58.0,-34.0,25.0,-9.0,-25.0,-12.0,-74.0,37.0,87.0,-87.0,1.6799999999999997,18.189999999999998,-44.97,-47.78,-6.16,-4.24,-25.26,-28.65,-72.59,45.69,51.44,-88.81
2025-08-08T18:32:30.391960,-21.0,24.0,-65.0,85.0,37.0,-44.0,25.0,-3.0,-21.0,9.0,35.0,-65.0,-41.32,9.19,-51.97,71.22,5.84,-39.24,24.74,-19.65,-19.59,17.689999999999998,-0.5600000000000023,-66.81
2025-08-08T18:32:30.396417,17.0,68.0,-2.0,-60.0,76.0,-10.0,40.0,-8.0,-7.0,-21.0,30.0,-7.0,-3.3200000000000003,53.19,11.03,-73.78,44.84,-5.24,39.74,-24.65,-5.59,-12.31,-5.560000000000002,-8.81
2025-08-08T18:32:30.404187,67.0,-14.0,38.0,62.0,83.0,-44.0,-85.0,-39.0,7.0,-22.0,44.0,-13.0,46.68,-28.810000000000002,51.03,48.22,51.84,-39.24,-85.26,-55.65,8.41,-13.31,8.439999999999998,-14.81
2025-08-08T18:32:30.408840,34.0,21.0,-68.0,50.0,-8.0,-102.0,11.0,-43.0,-59.0,41.0,5.0,-65.0,13.68,6.1899999999999995,-54.97,36.22,-39.16,-97.24,10.74,-59.65,-57.59,49.69,-30.560000000000002,-66.81
2025-08-08T18:32:30.416422,109.0,-27.0,-77.0,60.0,59.0,20.0,10.0,-93.0,-5.0,-35.0,-36.0,-57.0,88.68,-41.81,-63.97,46.22,27.84,24.759999999999998,9.74,-109.65,-3.59,-26.310000000000002,-71.56,-58.81
2025-08-08T18:32:30.421143,35.0,33.0,-64.0,75.0,-37.0,-8.0,-9.0,24.0,-25.0,89.0,101.0,14.0,14.68,18.189999999999998,-50.97,61.22,-68.16,-3.24,-9.26,7.350000000000001,-23.59,97.69,65.44,12.19
2025-08-08T18:32:30.428927,14.0,45.0,-43.0,33.0,80.0,-21.0,-29.0,-85.0,-36.0,-10.0,44.0,29.0,-6.32,30.189999999999998,-29.97,19.22,48.84,-16.240000000000002,-29.26,-101.65,-34.59,-1.3100000000000005,8.439999999999998,27.19
2025-08-08T18:32:30.432962,40.0,43.0,-103.0,38.0,17.0,-1.0,20.0,48.0,-92.0,-59.0,65.0,57.0,19.68,28.189999999999998,-89.97,24.22,-14.16,3.76,19.74,31.35,-90.59,-50.31,29.439999999999998,55.19
2025-08-08T18:32:30.441216,30.0,49.0,-17.0,47.0,55.0,-58.0,-30.0,-48.0,-39.0,-27.0,9.0,-24.0,9.68,34.19,-3.9700000000000006,33.22,23.84,-53.24,-30.26,-64.65,-37.59,-18.310000000000002,-26.560000000000002,-25.81
2025-08-08T18:32:30.445252,-6.0,31.0,-7.0,31.0,87.0,-33.0,7.0,14.0,-10.0,-3.0,38.0,-48.0,-26.32,16.189999999999998,6.029999999999999,17.22,55.84,-28.240000000000002,6.74,-2.6499999999999986,-8.59,5.6899999999999995,2.4399999999999977,-49.81
2025-08-08T18:32:30.453415,0.0,-38.0,-17.0,-3.0,14.0,-51.0,-9.0,-27.0,10.0,-31.0,82.0,-82.0,-20.32,-52.81,-3.9700000000000006,-16.78,-17.16,-46.24,-9.26,-43.65,11.41,-22.310000000000002,46.44,-83.81
2025-08-08T18:32:30.457498,-5.0,61.0,18.0,-60.0,65.0,2.0,41.0,82.0,64.0,-86.0,76.0,2.0,-25.32,46.19,31.03,-73.78,33.84,6.76,40.74,65.35,65.41,-77.31,40.44,0.18999999999999995
2025-08-08T18:32:30.465507,9.0,22.0,-26.0,23.0,65.0,-1.0,-5.0,-29.0,-31.0,-19.0,111.0,-27.0,-11.32,7.1899999999999995,-12.97,9.22,33.84,3.76,-5.26,-45.65,-29.59,-10.31,75.44,-28.81
2025-08-08T18:32:30.469775,62.0,44.0,-23.0,7.0,62.0,11.0,-22.0,-28.0,-60.0,-52.0,97.0,-20.0,41.68,29.189999999999998,-9.97,-6.779999999999999,30.84,15.76,-22.26,-44.65,-58.59,-43.31,61.44,-21.81
2025-08-08T18:32:30.478042,-37.0,23.0,-26.0,37.0,-23.0,-57.0,-74.0,53.0,-32.0,20.0,-13.0,13.0,-57.32,8.19,-12.97,23.22,-54.16,-52.24,-74.26,36.35,-30.59,28.689999999999998,-48.56,11.19
2025-08-08T18:32:30.482120,-36.0,47.0,-44.0,75.0,6.0,-10.0,-76.0,73.0,-26.0,33.0,3.0,-51.0,-56.32,32.19,-30.97,61.22,-25.16,-5.24,-76.26,56.35,-24.59,41.69,-32.56,-52.81
2025-08-08T18:32:30.490109,-42.0,110.0,-9.0,1.0,75.0,-10.0,4.0,2.0,25.0,-52.0,44.0,-35.0,-62.32,95.19,4.029999999999999,-12.78,43.84,-5.24,3.74,-14.649999999999999,26.41,-43.31,8.439999999999998,-36.81
2025-08-08T18:32:30.494540,-33.0,68.0,-73.0,42.0,-2.0,23.0,8.0,-40.0,-21.0,-34.0,3.0,45.0,-53.32,53.19,-59.97,28.22,-33.16,27.759999999999998,7.74,-56.65,-19.59,-25.310000000000002,-32.56,43.19
2025-08-08T18:32:30.502525,4.0,74.0,-73.0,35.0,-24.0,12.0,-6.0,-17.0,-97.0,-62.0,70.0,0.0,-16.32,59.19,-59.97,21.22,-55.16,16.759999999999998,-6.26,-33.65,-95.59,-53.31,34.44,-1.81
2025-08-08T18:32:30.506816,51.0,59.0,7.0,-26.0,38.0,-2.0,-14.0,30.0,-11.0,-38.0,9.0,47.0,30.68,44.19,20.03,-39.78,6.84,2.76,-14.26,13.350000000000001,-9.59,-29.310000000000002,-26.560000000000002,45.19
2025-08-08T18:32:30.514861,5.0,63.0,-20.0,3.0,9.0,-42.0,-30.0,57.0,-43.0,24.0,75.0,-38.0,-15.32,48.19,-6.970000000000001,-10.78,-22.16,-37.24,-30.26,40.35,-41.59,32.69,39.44,-39.81
2025-08-08T18:32:30.519304,14.0,40.0,-101.0,31.0,44.0,-20.0,-22.0,-29.0,-7.0,-5.0,-8.0,41.0,-6.32,25.189999999999998,-87.97,17.22,12.84,-15.24,-22.26,-45.65,-5.59,3.6899999999999995,-43.56,39.19
2025-08-08T18:32:30.527323,109.0,11.0,-59.0,-4.0,68.0,25.0,-7.0,60.0,-27.0,24.0,-8.0,-45.0,88.68,-3.8100000000000005,-45.97,-17.78,36.84,29.759999999999998,-7.26,43.35,-25.59,32.69,-43.56,-46.81
2025-08-08T18:32:30.531613,-16.0,44.0,-29.0,13.0,-13.0,3.0,-44.0,38.0,-51.0,-41.0,69.0,-4.0,-36.32,29.189999999999998,-15.97,-0.7799999999999994,-44.16,7.76,-44.26,21.35,-49.59,-32.31,33.44,-5.8100000000000005
2025-08-08T18:32:30.539862,-39.0,172.0,-53.0,47.0,53.0,43.0,26.0,-10.0,-43.0,-78.0,12.0,-57.0,-59.32,157.19,-39.97,33.22,21.84,47.76,25.74,-26.65,-41.59,-69.31,-23.560000000000002,-58.81
2025-08-08T18:32:30.543999,-11.0,39.0,-109.0,22.0,42.0,-56.0,-27.0,8.0,8.0,30.0,29.0,-26.0,-31.32,24.189999999999998,-95.97,8.22,10.84,-51.24,-27.26,-8.649999999999999,9.41,38.69,-6.560000000000002,-27.81
2025-08-08T18:32:30.553005,61.0,26.0,-30.0,-51.0,83.0,-67.0,-23.0,-7.0,-9.0,-119.0,71.0,2.0,40.68,11.19,-16.97,-64.78,51.84,-62.24,-23.26,-23.65,-7.59,-110.31,35.44,0.18999999999999995
2025-08-08T18:32:30.562565,17.0,52.0,-111.0,56.0,-1.0,-40.0,-42.0,-88.0,-39.0,-4.0,27.0,-35.0,-3.3200000000000003,37.19,-97.97,42.22,-32.16,-35.24,-42.26,-104.65,-37.59,4.6899999999999995,-8.560000000000002,-36.81
2025-08-08T18:32:30.570923,49.0,80.0,-90.0,21.0,64.0,-33.0,-16.0,42.0,-65.0,47.0,-22.0,1.0,28.68,65.19,-76.97,7.220000000000001,32.84,-28.240000000000002,-16.26,25.35,-63.59,55.69,-57.56,-0.81
2025-08-08T18:32:30.575909,50.0,3.0,-97.0,38.0,20.0,0.0,-13.0,30.0,-42.0,-11.0,26.0,-10.0,29.68,-11.81,-83.97,24.22,-11.16,4.76,-13.26,13.350000000000001,-40.59,-2.3100000000000005,-9.560000000000002,-11.81
2025-08-08T18:32:30.580052,38.0,108.0,-24.0,55.0,34.0,-83.0,-3.0,-5.0,8.0,-6.0,94.0,-72.0,17.68,93.19,-10.97,41.22,2.84,-78.24,-3.26,-21.65,9.41,2.6899999999999995,58.44,-73.81
2025-08-08T18:32:30.583165,84.0,20.0,-92.0,18.0,59.0,-27.0,-19.0,10.0,-20.0,51.0,5.0,-56.0,63.68,5.1899999999999995,-78.97,4.220000000000001,27.84,-22.240000000000002,-19.26,-6.649999999999999,-18.59,59.69,-30.560000000000002,-57.81
2025-08-08T18:32:30.588294,70.0,83.0,-73.0,-20.0,85.0,-17.0,1.0,78.0,48.0,-50.0,41.0,-39.0,49.68,68.19,-59.97,-33.78,53.84,-12.24,0.74,61.35,49.41,-41.31,5.439999999999998,-40.81
2025-08-08T18:32:30.592703,43.0,11.0,-90.0,-10.0,33.0,-72.0,-51.0,-23.0,19.0,-33.0,28.0,-20.0,22.68,-3.8100000000000005,-76.97,-23.78,1.8399999999999999,-67.24,-51.26,-39.65,20.41,-24.310000000000002,-7.560000000000002,-21.81
2025-08-08T18:32:30.596826,14.0,53.0,-9.0,37.0,95.0,-4.0,-3.0,-8.0,-23.0,-11.0,75.0,12.0,-6.32,38.19,4.029999999999999,23.22,63.84,0.7599999999999998,-3.26,-24.65,-21.59,-2.3100000000000005,39.44,10.19
2025-08-08T18:32:30.605047,50.0,90.0,-65.0,47.0,58.0,-16.0,-22.0,49.0,-1.0,-3.0,126.0,-29.0,29.68,75.19,-51.97,33.22,26.84,-11.24,-22.26,32.35,0.4099999999999999,5.6899999999999995,90.44,-30.81
2025-08-08T18:32:30.608996,11.0,8.0,-14.0,-28.0,-21.0,24.0,25.0,6.0,-29.0,-67.0,53.0,-17.0,-9.32,-6.8100000000000005,-0.9700000000000006,-41.78,-52.16,28.759999999999998,24.74,-10.649999999999999,-27.59,-58.31,17.439999999999998,-18.81
2025-08-08T18:32:30.617185,44.0,12.0,-67.0,-60.0,-7.0,-46.0,-4.0,8.0,-12.0,-20.0,21.0,12.0,23.68,-2.8100000000000005,-53.97,-73.78,-38.16,-41.24,-4.26,-8.649999999999999,-10.59,-11.31,-14.560000000000002,10.19
2025-08-08T18:32:30.621259,72.0,50.0,-39.0,42.0,80.0,-24.0,14.0,-7.0,-17.0,-31.0,43.0,65.0,51.68,35.19,-25.97,28.22,48.84,-19.240000000000002,13.74,-23.65,-15.59,-22.310000000000002,7.439999999999998,63.19
2025-08-08T18:32:30.629492,28.0,-10.0,-75.0,35.0,25.0,0.0,12.0,5.0,18.0,-13.0,32.0,60.0,7.68,-24.810000000000002,-61.97,21.22,-6.16,4.76,11.74,-11.649999999999999,19.41,-4.3100000000000005,-3.5600000000000023,58.19
2025-08-08T18:32:30.633582,22.0,-10.0,-36.0,22.0,-8.0,-61.0,-2.0,63.0,-50.0,-5.0,121.0,18.0,1.6799999999999997,-24.810000000000002,-22.97,8.22,-39.16,-56.24,-2.26,46.35,-48.59,3.6899999999999995,85.44,16.19
2025-08-08T18:32:30.641822,38.0,66.0,-52.0,58.0,14.0,-22.0,3.0,3.0,-54.0,12.0,45.0,-11.0,17.68,51.19,-38.97,44.22,-17.16,-17.240000000000002,2.74,-13.649999999999999,-52.59,20.689999999999998,9.439999999999998,-12.81
2025-08-08T18:32:30.646111,11.0,14.0,-75.0,-26.0,47.0,7.0,34.0,35.0,-23.0,-55.0,48.0,-49.0,-9.32,-0.8100000000000005,-61.97,-39.78,15.84,11.76,33.74,18.35,-21.59,-46.31,12.439999999999998,-50.81
2025-08-08T18:32:30.654000,75.0,6.0,-54.0,2.0,88.0,-22.0,9.0,-2.0,-58.0,-12.0,99.0,15.0,54.68,-8.81,-40.97,-11.78,56.84,-17.240000000000002,8.74,-18.65,-56.59,-3.3100000000000005,63.44,13.19
2025-08-08T18:32:30.658341,74.0,63.0,-21.0,-39.0,19.0,-64.0,2.0,25.0,-33.0,3.0,43.0,-22.0,53.68,48.19,-7.970000000000001,-52.78,-12.16,-59.24,1.74,8.350000000000001,-31.59,11.69,7.439999999999998,-23.81
2025-08-08T18:32:30.666385,-31.0,80.0,-34.0,48.0,5.0,25.0,31.0,-42.0,-67.0,-63.0,84.0,34.0,-51.32,65.19,-20.97,34.22,-26.16,29.759999999999998,30.74,-58.65,-65.59,-54.31,48.44,32.19
2025-08-08T18:32:30.670696,49.0,-12.0,-106.0,12.0,-54.0,-27.0,-37.0,-6.0,-35.0,-69.0,55.0,63.0,28.68,-26.810000000000002,-92.97,-1.7799999999999994,-85.16,-22.240000000000002,-37.26,-22.65,-33.59,-60.31,19.439999999999998,61.19
2025-08-08T18:32:30.678589,31.0,9.0,-24.0,27.0,22.0,26.0,18.0,-52.0,-3.0,-82.0,85.0,-2.0,10.68,-5.8100000000000005,-10.97,13.22,-9.16,30.759999999999998,17.74,-68.65,-1.59,-73.31,49.44,-3.81
2025-08-08T18:32:30.683055,44.0,-5.0,-31.0,64.0,27.0,-10.0,-37.0,39.0,-5.0,13.0,55.0,32.0,23.68,-19.810000000000002,-17.97,50.22,-4.16,-5.24,-37.26,22.35,-3.59,21.689999999999998,19.439999999999998,30.19
2025-08-08T18:32:30.690896,43.0,39.0,-9.0,1.0,-6.0,1.0,17.0,24.0,7.0,7.0,82.0,-77.0,22.68,24.189999999999998,4.029999999999999,-12.78,-37.16,5.76,16.74,7.350000000000001,8.41,15.69,46.44,-78.81
2025-08-08T18:32:30.695400,-23.0,29.0,-49.0,24.0,39.0,-14.0,43.0,37.0,-21.0,-42.0,35.0,-86.0,-43.32,14.19,-35.97,10.22,7.84,-9.24,42.74,20.35,-19.59,-33.31,-0.5600000000000023,-87.81
2025-08-08T18:32:30.703385,-38.0,-10.0,-51.0,-7.0,25.0,-10.0,-82.0,-53.0,-24.0,-14.0,22.0,-44.0,-58.32,-24.810000000000002,-37.97,-20.78,-6.16,-5.24,-82.26,-69.65,-22.59,-5.3100000000000005,-13.560000000000002,-45.81
2025-08-08T18:32:30.707930,-16.0,37.0,-62.0,-27.0,16.0,-60.0,-37.0,38.0,-24.0,-6.0,-22.0,18.0,-36.32,22.189999999999998,-48.97,-40.78,-15.16,-55.24,-37.26,21.35,-22.59,2.6899999999999995,-57.56,16.19
2025-08-08T18:32:30.715536,66.0,87.0,-63.0,23.0,23.0,-13.0,-4.0,6.0,-61.0,13.0,53.0,-50.0,45.68,72.19,-49.97,9.22,-8.16,-8.24,-4.26,-10.649999999999999,-59.59,21.689999999999998,17.439999999999998,-51.81
2025-08-08T18:32:30.720184,7.0,56.0,-10.0,-22.0,13.0,1.0,-60.0,-28.0,35.0,47.0,43.0,-47.0,-13.32,41.19,3.0299999999999994,-35.78,-18.16,5.76,-60.26,-44.65,36.41,55.69,7.439999999999998,-48.81
2025-08-08T18:32:30.727799,-13.0,72.0,6.0,-3.0,77.0,37.0,-23.0,-16.0,-20.0,-34.0,5.0,31.0,-33.32,57.19,19.03,-16.78,45.84,41.76,-23.26,-32.65,-18.59,-25.310000000000002,-30.560000000000002,29.19
2025-08-08T18:32:30.732359,-2.0,39.0,16.0,21.0,39.0,-75.0,67.0,51.0,-99.0,-29.0,36.0,27.0,-22.32,24.189999999999998,29.03,7.220000000000001,7.84,-70.24,66.74,34.35,-97.59,-20.310000000000002,0.4399999999999977,25.19
2025-08-08T18:32:30.740129,-12.0,75.0,-105.0,2.0,31.0,-46.0,20.0,17.0,-26.0,7.0,-32.0,-32.0,-32.32,60.19,-91.97,-11.78,-0.16000000000000014,-41.24,19.74,0.3500000000000014,-24.59,15.69,-67.56,-33.81
2025-08-08T18:32:30.744605,59.0,31.0,-24.0,41.0,25.0,1.0,4.0,67.0,5.0,-68.0,10.0,10.0,38.68,16.189999999999998,-10.97,27.22,-6.16,5.76,3.74,50.35,6.41,-59.31,-25.560000000000002,8.19
2025-08-08T18:32:30.750077,9.0,46.0,-32.0,9.0,76.0,-64.0,-71.0,-9.0,-52.0,45.0,76.0,40.0,-11.32,31.189999999999998,-18.97,-4.779999999999999,44.84,-59.24,-71.26,-25.65,-50.59,53.69,40.44,38.19
2025-08-08T18:32:30.756507,-18.0,53.0,-83.0,-21.0,52.0,-1.0,-14.0,-46.0,-32.0,-1.0,64.0,28.0,-38.32,38.19,-69.97,-34.78,20.84,3.76,-14.26,-62.65,-30.59,7.6899999999999995,28.439999999999998,26.19
2025-08-08T18:32:30.761467,-33.0,22.0,2.0,15.0,22.0,-32.0,-14.0,18.0,-10.0,-24.0,45.0,-6.0,-53.32,7.1899999999999995,15.03,1.2200000000000006,-9.16,-27.240000000000002,-14.26,1.3500000000000014,-8.59,-15.31,9.439999999999998,-7.8100000000000005
2025-08-08T18:32:30.768999,12.0,35.0,-2.0,-1.0,55.0,27.0,33.0,30.0,-44.0,-32.0,27.0,-25.0,-8.32,20.189999999999998,11.03,-14.78,23.84,31.759999999999998,32.74,13.350000000000001,-42.59,-23.310000000000002,-8.560000000000002,-26.81
2025-08-08T18:32:30.773031,-1.0,-14.0,0.0,37.0,61.0,15.0,1.0,-45.0,36.0,-12.0,11.0,22.0,-21.32,-28.810000000000002,13.03,23.22,29.84,19.759999999999998,0.74,-61.65,37.41,-3.3100000000000005,-24.560000000000002,20.19
2025-08-08T18:32:30.781074,10.0,-6.0,-13.0,0.0,-8.0,-44.0,2.0,62.0,-50.0,-29.0,-12.0,-27.0,-10.32,-20.810000000000002,0.02999999999999936,-13.78,-39.16,-39.24,1.74,45.35,-48.59,-20.310000000000002,-47.56,-28.81
2025-08-08T18:32:30.785352,-31.0,57.0,9.0,10.0,-12.0,5.0,-5.0,-25.0,21.0,4.0,107.0,55.0,-51.32,42.19,22.03,-3.7799999999999994,-43.16,9.76,-5.26,-41.65,22.41,12.69,71.44,53.19
2025-08-08T18:32:30.793320,-31.0,57.0,-69.0,-32.0,26.0,-4.0,-51.0,-11.0,-8.0,24.0,-1.0,6.0,-51.32,42.19,-55.97,-45.78,-5.16,0.7599999999999998,-51.26,-27.65,-6.59,32.69,-36.56,4.1899999999999995
2025-08-08T18:32:30.797708,-33.0,3.0,-24.0,8.0,-7.0,-33.0,12.0,-31.0,-30.0,-56.0,28.0,10.0,-53.32,-11.81,-10.97,-5.779999999999999,-38.16,-28.240000000000002,11.74,-47.65,-28.59,-47.31,-7.560000000000002,8.19
2025-08-08T18:32:30.805511,13.0,18.0,5.0,62.0,140.0,-21.0,19.0,-17.0,19.0,-108.0,48.0,33.0,-7.32,3.1899999999999995,18.03,48.22,108.84,-16.240000000000002,18.74,-33.65,20.41,-99.31,12.439999999999998,31.19
2025-08-08T18:32:30.809999,-13.0,63.0,-42.0,3.0,5.0,-21.0,-41.0,16.0,2.0,9.0,43.0,4.0,-33.32,48.19,-28.97,-10.78,-26.16,-16.240000000000002,-41.26,-0.6499999999999986,3.41,17.689999999999998,7.439999999999998,2.19
2025-08-08T18:32:30.817893,16.0,49.0,-75.0,-25.0,38.0,5.0,-4.0,67.0,21.0,-49.0,24.0,-14.0,-4.32,34.19,-61.97,-38.78,6.84,9.76,-4.26,50.35,22.41,-40.31,-11.560000000000002,-15.81
2025-08-08T18:32:30.822281,9.0,35.0,2.0,-19.0,35.0,-21.0,38.0,58.0,23.0,-21.0,62.0,19.0,-11.32,20.189999999999998,15.03,-32.78,3.84,-16.240000000000002,37.74,41.35,24.41,-12.31,26.439999999999998,17.19
2025-08-08T18:32:30.830039,20.0,-23.0,22.0,-37.0,80.0,45.0,35.0,12.0,0.0,-56.0,47.0,-5.0,-0.3200000000000003,-37.81,35.03,-50.78,48.84,49.76,34.74,-4.649999999999999,1.41,-47.31,11.439999999999998,-6.8100000000000005
2025-08-08T18:32:30.835039,25.0,9.0,0.0,62.0,26.0,-20.0,-33.0,35.0,-45.0,-32.0,91.0,-55.0,4.68,-5.8100000000000005,13.03,48.22,-5.16,-15.24,-33.26,18.35,-43.59,-23.310000000000002,55.44,-56.81
2025-08-08T18:32:30.842487,53.0,54.0,-36.0,-44.0,41.0,0.0,0.0,18.0,-27.0,-6.0,67.0,4.0,32.68,39.19,-22.97,-57.78,9.84,4.76,-0.26,1.3500000000000014,-25.59,2.6899999999999995,31.439999999999998,2.19
2025-08-08T18:32:30.847028,22.0,50.0,-32.0,-68.0,16.0,25.0,-74.0,18.0,-1.0,14.0,69.0,51.0,1.6799999999999997,35.19,-18.97,-81.78,-15.16,29.759999999999998,-74.26,1.3500000000000014,0.4099999999999999,22.689999999999998,33.44,49.19
2025-08-08T18:32:30.854913,17.0,117.0,-31.0,-17.0,21.0,-40.0,-4.0,38.0,-14.0,-19.0,72.0,-4.0,-3.3200000000000003,102.19,-17.97,-30.78,-10.16,-35.24,-4.26,21.35,-12.59,-10.31,36.44,-5.8100000000000005
2025-08-08T18:32:30.859257,5.0,7.0,-21.0,40.0,97.0,-60.0,41.0,-5.0,-71.0,-37.0,13.0,45.0,-15.32,-7.8100000000000005,-7.970000000000001,26.22,65.84,-55.24,40.74,-21.65,-69.59,-28.310000000000002,-22.560000000000002,43.19
2025-08-08T18:32:30.867002,37.0,14.0,7.0,-22.0,-11.0,-10.0,42.0,23.0,-41.0,2.0,64.0,-13.0,16.68,-0.8100000000000005,20.03,-35.78,-42.16,-5.24,41.74,6.350000000000001,-39.59,10.69,28.439999999999998,-14.81
2025-08-08T18:32:30.871491,-23.0,32.0,26.0,40.0,-26.0,-43.0,34.0,13.0,-11.0,-7.0,82.0,58.0,-43.32,17.189999999999998,39.03,26.22,-57.16,-38.24,33.74,-3.6499999999999986,-9.59,1.6899999999999995,46.44,56.19
2025-08-08T18:32:30.879278,52.0,19.0,-40.0,52.0,28.0,-25.0,-63.0,-2.0,41.0,-36.0,15.0,-15.0,31.68,4.1899999999999995,-26.97,38.22,-3.16,-20.240000000000002,-63.26,-18.65,42.41,-27.310000000000002,-20.560000000000002,-16.81
2025-08-08T18:32:30.883708,13.0,68.0,-57.0,4.0,8.0,-31.0,-6.0,56.0,7.0,-30.0,71.0,3.0,-7.32,53.19,-43.97,-9.78,-23.16,-26.240000000000002,-6.26,39.35,8.41,-21.310000000000002,35.44,1.19
2025-08-08T18:32:30.891452,-2.0,58.0,5.0,8.0,-20.0,-17.0,40.0,-40.0,-73.0,-61.0,56.0,-73.0,-22.32,43.19,18.03,-5.779999999999999,-51.16,-12.24,39.74,-56.65,-71.59,-52.31,20.439999999999998,-74.81
2025-08-08T18:32:30.895762,-33.0,71.0,-76.0,0.0,14.0,-11.0,28.0,52.0,-7.0,45.0,-35.0,-17.0,-53.32,56.19,-62.97,-13.78,-17.16,-6.24,27.74,35.35,-5.59,53.69,-70.56,-18.81
2025-08-08T18:32:30.900001,-27.0,27.0,123.0,81.0,48.0,-3.0,-2.0,-30.0,30.0,-67.0,47.0,-45.0,-47.32,12.19,136.03,67.22,16.84,1.7599999999999998,-2.26,-46.65,31.41,-58.31,11.439999999999998,-46.81
2025-08-08T18:32:30.908262,11.0,85.0,-36.0,-11.0,-42.0,32.0,15.0,23.0,15.0,-11.0,39.0,-1.0,-9.32,70.19,-22.97,-24.78,-73.16,36.76,14.74,6.350000000000001,16.41,-2.3100000000000005,3.4399999999999977,-2.81
2025-08-08T18:32:30.916002,11.0,28.0,-146.0,-75.0,25.0,-42.0,-19.0,36.0,-67.0,14.0,41.0,21.0,-9.32,13.19,-132.97,-88.78,-6.16,-37.24,-19.26,19.35,-65.59,22.689999999999998,5.439999999999998,19.19
2025-08-08T18:32:30.920271,66.0,20.0,-25.0,62.0,56.0,47.0,46.0,60.0,-65.0,47.0,5.0,23.0,45.68,5.1899999999999995,-11.97,48.22,24.84,51.76,45.74,43.35,-63.59,55.69,-30.560000000000002,21.19
2025-08-08T18:32:30.924597,51.0,32.0,-8.0,-16.0,38.0,-20.0,35.0,-5.0,7.0,-5.0,73.0,-39.0,30.68,17.189999999999998,5.029999999999999,-29.78,6.84,-15.24,34.74,-21.65,8.41,3.6899999999999995,37.44,-40.81
2025-08-08T18:32:30.932616,51.0,-31.0,-77.0,24.0,42.0,-30.0,27.0,-10.0,2.0,-17.0,-8.0,23.0,30.68,-45.81,-63.97,10.22,10.84,-25.240000000000002,26.74,-26.65,3.41,-8.31,-43.56,21.19
2025-08-08T18:32:30.936961,35.0,62.0,-6.0,-11.0,69.0,-9.0,70.0,-76.0,-3.0,31.0,22.0,14.0,14.68,47.19,7.029999999999999,-24.78,37.84,-4.24,69.74,-92.65,-1.59,39.69,-13.560000000000002,12.19
2025-08-08T18:32:30.945058,0.0,37.0,-58.0,-24.0,-23.0,18.0,-25.0,42.0,-74.0,-41.0,15.0,3.0,-20.32,22.189999999999998,-44.97,-37.78,-54.16,22.759999999999998,-25.26,25.35,-72.59,-32.31,-20.560000000000002,1.19
2025-08-08T18:32:30.949294,47.0,32.0,16.0,16.0,-26.0,-67.0,13.0,-10.0,23.0,18.0,25.0,-45.0,26.68,17.189999999999998,29.03,2.2200000000000006,-57.16,-62.24,12.74,-26.65,24.41,26.689999999999998,-10.560000000000002,-46.81
2025-08-08T18:32:30.957214,70.0,119.0,-42.0,19.0,60.0,8.0,8.0,40.0,62.0,14.0,94.0,17.0,49.68,104.19,-28.97,5.220000000000001,28.84,12.76,7.74,23.35,63.41,22.689999999999998,58.44,15.19
2025-08-08T18:32:30.961576,-4.0,40.0,-76.0,-37.0,56.0,-18.0,-29.0,25.0,55.0,-11.0,6.0,29.0,-24.32,25.189999999999998,-62.97,-50.78,24.84,-13.24,-29.26,8.350000000000001,56.41,-2.3100000000000005,-29.560000000000002,27.19
2025-08-08T18:32:30.969424,48.0,95.0,-49.0,21.0,62.0,35.0,82.0,-17.0,8.0,32.0,15.0,23.0,27.68,80.19,-35.97,7.220000000000001,30.84,39.76,81.74,-33.65,9.41,40.69,-20.560000000000002,21.19
2025-08-08T18:32:30.974020,53.0,-67.0,-82.0,-41.0,74.0,-49.0,20.0,-13.0,5.0,-41.0,-1.0,53.0,32.68,-81.81,-68.97,-54.78,42.84,-44.24,19.74,-29.65,6.41,-32.31,-36.56,51.19
2025-08-08T18:32:30.981716,111.0,30.0,-24.0,-4.0,76.0,-26.0,-11.0,37.0,-25.0,-31.0,38.0,20.0,90.68,15.19,-10.97,-17.78,44.84,-21.240000000000002,-11.26,20.35,-23.59,-22.310000000000002,2.4399999999999977,18.19
2025-08-08T18:32:30.986179,50.0,19.0,2.0,31.0,30.0,16.0,-61.0,32.0,34.0,-21.0,-10.0,32.0,29.68,4.1899999999999995,15.03,17.22,-1.1600000000000001,20.759999999999998,-61.26,15.350000000000001,35.41,-12.31,-45.56,30.19
2025-08-08T18:32:30.994128,-55.0,-35.0,16.0,-55.0,35.0,-11.0,-14.0,13.0,44.0,-59.0,93.0,-48.0,-75.32,-49.81,29.03,-68.78,3.84,-6.24,-14.26,-3.6499999999999986,45.41,-50.31,57.44,-49.81
2025-08-08T18:32:30.998478,-62.0,50.0,18.0,46.0,-4.0,32.0,-32.0,99.0,-47.0,21.0,45.0,-2.0,-82.32,35.19,31.03,32.22,-35.16,36.76,-32.26,82.35,-45.59,29.689999999999998,9.439999999999998,-3.81
2025-08-08T18:32:31.006333,-47.0,55.0,-40.0,35.0,99.0,-52.0,-7.0,8.0,-64.0,-26.0,45.0,-17.0,-67.32,40.19,-26.97,21.22,67.84,-47.24,-7.26,-8.649999999999999,-62.59,-17.310000000000002,9.439999999999998,-18.81
2025-08-08T18:32:31.010752,33.0,85.0,-50.0,0.0,50.0,-6.0,51.0,-30.0,-44.0,16.0,-50.0,28.0,12.68,70.19,-36.97,-13.78,18.84,-1.2400000000000002,50.74,-46.65,-42.59,24.689999999999998,-85.56,26.19
2025-08-08T18:32:31.018677,79.0,56.0,-7.0,122.0,6.0,5.0,26.0,34.0,42.0,-3.0,32.0,52.0,58.68,41.19,6.029999999999999,108.22,-25.16,9.76,25.74,17.35,43.41,5.6899999999999995,-3.5600000000000023,50.19
2025-08-08T18:32:31.023076,1.0,17.0,-75.0,42.0,92.0,-18.0,58.0,-82.0,27.0,19.0,46.0,33.0,-19.32,2.1899999999999995,-61.97,28.22,60.84,-13.24,57.74,-98.65,28.41,27.689999999999998,10.439999999999998,31.19
2025-08-08T18:32:31.030993,-20.0,96.0,-30.0,60.0,51.0,12.0,62.0,-24.0,31.0,-50.0,1.0,23.0,-40.32,81.19,-16.97,46.22,19.84,16.759999999999998,61.74,-40.65,32.41,-41.31,-34.56,21.19
2025-08-08T18:32:31.037178,17.0,62.0,-56.0,53.0,-38.0,-4.0,-15.0,52.0,35.0,-35.0,14.0,-35.0,-3.3200000000000003,47.19,-42.97,39.22,-69.16,0.7599999999999998,-15.26,35.35,36.41,-26.310000000000002,-21.560000000000002,-36.81
2025-08-08T18:32:31.043745,14.0,-42.0,-30.0,-16.0,10.0,52.0,-28.0,7.0,-11.0,-43.0,17.0,27.0,-6.32,-56.81,-16.97,-29.78,-21.16,56.76,-28.26,-9.649999999999999,-9.59,-34.31,-18.560000000000002,25.19
2025-08-08T18:32:31.047738,-23.0,-22.0,8.0,40.0,55.0,23.0,64.0,5.0,-69.0,6.0,16.0,26.0,-43.32,-36.81,21.03,26.22,23.84,27.759999999999998,63.74,-11.649999999999999,-67.59,14.69,-19.560000000000002,24.19
2025-08-08T18:32:31.055664,0.0,29.0,-28.0,-10.0,-21.0,-47.0,58.0,-34.0,-45.0,-44.0,43.0,-4.0,-20.32,14.19,-14.97,-23.78,-52.16,-42.24,57.74,-50.65,-43.59,-35.31,7.439999999999998,-5.8100000000000005
2025-08-08T18:32:31.060156,7.0,10.0,-36.0,18.0,62.0,0.0,-14.0,-20.0,3.0,51.0,14.0,26.0,-13.32,-4.8100000000000005,-22.97,4.220000000000001,30.84,4.76,-14.26,-36.65,4.41,59.69,-21.560000000000002,24.19
2025-08-08T18:32:31.067775,11.0,-9.0,25.0,-11.0,44.0,-20.0,-20.0,85.0,-10.0,53.0,18.0,5.0,-9.32,-23.810000000000002,38.03,-24.78,12.84,-15.24,-20.26,68.35,-8.59,61.69,-17.560000000000002,3.19
2025-08-08T18:32:31.072558,35.0,-3.0,9.0,-21.0,86.0,-19.0,-15.0,28.0,4.0,33.0,-50.0,59.0,14.68,-17.810000000000002,22.03,-34.78,54.84,-14.24,-15.26,11.350000000000001,5.41,41.69,-85.56,57.19
2025-08-08T18:32:31.080121,-28.0,91.0,-10.0,18.0,51.0,-50.0,43.0,8.0,35.0,-26.0,8.0,-93.0,-48.32,76.19,3.0299999999999994,4.220000000000001,19.84,-45.24,42.74,-8.649999999999999,36.41,-17.310000000000002,-27.560000000000002,-94.81
2025-08-08T18:32:31.084627,-25.0,-5.0,37.0,-36.0,5.0,-15.0,-9.0,1.0,-29.0,17.0,-44.0,7.0,-45.32,-19.810000000000002,50.03,-49.78,-26.16,-10.24,-9.26,-15.649999999999999,-27.59,25.689999999999998,-79.56,5.1899999999999995
2025-08-08T18:32:31.090279,-23.0,16.0,-9.0,-9.0,-7.0,34.0,-5.0,57.0,3.0,11.0,8.0,-23.0,-43.32,1.1899999999999995,4.029999999999999,-22.78,-38.16,38.76,-5.26,40.35,4.41,19.689999999999998,-27.560000000000002,-24.81
2025-08-08T18:32:31.096781,106.0,0.0,-32.0,27.0,37.0,-54.0,3.0,-57.0,-46.0,-33.0,15.0,0.0,85.68,-14.81,-18.97,13.22,5.84,-49.24,2.74,-73.65,-44.59,-24.310000000000002,-20.560000000000002,-1.81
2025-08-08T18:32:31.102881,42.0,-20.0,26.0,20.0,58.0,70.0,-5.0,-78.0,-8.0,19.0,35.0,20.0,21.68,-34.81,39.03,6.220000000000001,26.84,74.76,-5.26,-94.65,-6.59,27.689999999999998,-0.5600000000000023,18.19
2025-08-08T18:32:31.109426,30.0,-39.0,16.0,-37.0,26.0,9.0,23.0,-6.0,-31.0,1.0,39.0,-4.0,9.68,-53.81,29.03,-50.78,-5.16,13.76,22.74,-22.65,-29.59,9.69,3.4399999999999977,-5.8100000000000005
2025-08-08T18:32:31.114832,49.0,-4.0,-4.0,40.0,35.0,-38.0,5.0,93.0,46.0,-2.0,-6.0,9.0,28.68,-18.810000000000002,9.03,26.22,3.84,-33.24,4.74,76.35,47.41,6.6899999999999995,-41.56,7.1899999999999995
2025-08-08T18:32:31.121798,-24.0,36.0,-57.0,84.0,10.0,7.0,30.0,52.0,-5.0,-30.0,19.0,-24.0,-44.32,21.189999999999998,-43.97,70.22,-21.16,11.76,29.74,35.35,-3.59,-21.310000000000002,-16.560000000000002,-25.81
2025-08-08T18:32:31.127030,28.0,-74.0,46.0,-67.0,-39.0,3.0,19.0,-58.0,47.0,48.0,35.0,22.0,7.68,-88.81,59.03,-80.78,-70.16,7.76,18.74,-74.65,48.41,56.69,-0.5600000000000023,20.19
2025-08-08T18:32:31.133348,47.0,-14.0,22.0,50.0,33.0,-17.0,4.0,-29.0,7.0,-49.0,31.0,-32.0,26.68,-28.810000000000002,35.03,36.22,1.8399999999999999,-12.24,3.74,-45.65,8.41,-40.31,-4.560000000000002,-33.81
2025-08-08T18:32:31.138115,63.0,10.0,52.0,28.0,-14.0,9.0,-3.0,44.0,25.0,-88.0,1.0,40.0,42.68,-4.8100000000000005,65.03,14.22,-45.16,13.76,-3.26,27.35,26.41,-79.31,-34.56,38.19
2025-08-08T18:32:31.146384,-18.0,-70.0,-63.0,49.0,-25.0,-65.0,28.0,79.0,1.0,36.0,87.0,17.0,-38.32,-84.81,-49.97,35.22,-56.16,-60.24,27.74,62.35,2.41,44.69,51.44,15.19
2025-08-08T18:32:31.149890,13.0,37.0,4.0,-24.0,12.0,48.0,6.0,10.0,12.0,-37.0,29.0,17.0,-7.32,22.189999999999998,17.03,-37.78,-19.16,52.76,5.74,-6.649999999999999,13.41,-28.310000000000002,-6.560000000000002,15.19
2025-08-08T18:32:31.157742,-6.0,58.0,14.0,34.0,67.0,20.0,-51.0,2.0,-11.0,-64.0,-1.0,0.0,-26.32,43.19,27.03,20.22,35.84,24.759999999999998,-51.26,-14.649999999999999,-9.59,-55.31,-36.56,-1.81
2025-08-08T18:32:31.162339,-54.0,10.0,-42.0,91.0,12.0,-71.0,-16.0,84.0,-22.0,-76.0,32.0,-29.0,-74.32,-4.8100000000000005,-28.97,77.22,-19.16,-66.24,-16.26,67.35,-20.59,-67.31,-3.5600000000000023,-30.81
2025-08-08T18:32:31.170068,57.0,14.0,7.0,-49.0,-27.0,3.0,20.0,30.0,-39.0,-51.0,58.0,28.0,36.68,-0.8100000000000005,20.03,-62.78,-58.16,7.76,19.74,13.350000000000001,-37.59,-42.31,22.439999999999998,26.19
2025-08-08T18:32:31.174450,14.0,115.0,-4.0,14.0,56.0,7.0,-40.0,11.0,-7.0,-11.0,142.0,33.0,-6.32,100.19,9.03,0.22000000000000064,24.84,11.76,-40.26,-5.649999999999999,-5.59,-2.3100000000000005,106.44,31.19
2025-08-08T18:32:31.182501,24.0,-23.0,-19.0,27.0,-32.0,-21.0,-47.0,-62.0,7.0,-20.0,18.0,-8.0,3.6799999999999997,-37.81,-5.970000000000001,13.22,-63.16,-16.240000000000002,-47.26,-78.65,8.41,-11.31,-17.560000000000002,-9.81
2025-08-08T18:32:31.186962,19.0,-8.0,-49.0,-13.0,73.0,72.0,-10.0,-11.0,8.0,25.0,-19.0,-13.0,-1.3200000000000003,-22.810000000000002,-35.97,-26.78,41.84,76.76,-10.26,-27.65,9.41,33.69,-54.56,-14.81
2025-08-08T18:32:31.194811,0.0,-2.0,-23.0,4.0,34.0,-37.0,-41.0,-27.0,54.0,2.0,12.0,9.0,-20.32,-16.810000000000002,-9.97,-9.78,2.84,-32.24,-41.26,-43.65,55.41,10.69,-23.560000000000002,7.1899999999999995
2025-08-08T18:32:31.199192,12.0,-32.0,-55.0,-34.0,48.0,5.0,49.0,10.0,31.0,-7.0,33.0,-13.0,-8.32,-46.81,-41.97,-47.78,16.84,9.76,48.74,-6.649999999999999,32.41,1.6899999999999995,-2.5600000000000023,-14.81
2025-08-08T18:32:31.207029,-15.0,29.0,-75.0,6.0,30.0,-55.0,22.0,-17.0,33.0,26.0,68.0,24.0,-35.32,14.19,-61.97,-7.779999999999999,-1.1600000000000001,-50.24,21.74,-33.65,34.41,34.69,32.44,22.19
2025-08-08T18:32:31.211543,10.0,30.0,-24.0,34.0,-28.0,-46.0,-51.0,52.0,69.0,-19.0,28.0,51.0,-10.32,15.19,-10.97,20.22,-59.16,-41.24,-51.26,35.35,70.41,-10.31,-7.560000000000002,49.19
2025-08-08T18:32:31.219262,87.0,84.0,-13.0,49.0,13.0,21.0,-13.0,-25.0,-1.0,-26.0,14.0,-1.0,66.68,69.19,0.02999999999999936,35.22,-18.16,25.759999999999998,-13.26,-41.65,0.4099999999999999,-17.310000000000002,-21.560000000000002,-2.81
2025-08-08T18:32:31.223680,20.0,12.0,-75.0,-6.0,79.0,-22.0,34.0,93.0,-75.0,-19.0,48.0,-4.0,-0.3200000000000003,-2.8100000000000005,-61.97,-19.78,47.84,-17.240000000000002,33.74,76.35,-73.59,-10.31,12.439999999999998,-5.8100000000000005
2025-08-08T18:32:31.231469,65.0,47.0,-66.0,33.0,23.0,-5.0,9.0,49.0,35.0,-69.0,55.0,-29.0,44.68,32.19,-52.97,19.22,-8.16,-0.2400000000000002,8.74,32.35,36.41,-60.31,19.439999999999998,-30.81
2025-08-08T18:32:31.235786,73.0,29.0,-55.0,23.0,53.0,0.0,57.0,5.0,-23.0,2.0,114.0,59.0,52.68,14.19,-41.97,9.22,21.84,4.76,56.74,-11.649999999999999,-21.59,10.69,78.44,57.19
2025-08-08T18:32:31.243890,41.0,52.0,-53.0,-50.0,22.0,-15.0,75.0,41.0,54.0,28.0,38.0,-36.0,20.68,37.19,-39.97,-63.78,-9.16,-10.24,74.74,24.35,55.41,36.69,2.4399999999999977,-37.81
2025-08-08T18:32:31.248282,37.0,-9.0,36.0,46.0,-8.0,-10.0,55.0,12.0,-16.0,14.0,75.0,-23.0,16.68,-23.810000000000002,49.03,32.22,-39.16,-5.24,54.74,-4.649999999999999,-14.59,22.689999999999998,39.44,-24.81
2025-08-08T18:32:31.256056,58.0,5.0,-90.0,41.0,42.0,34.0,-65.0,-24.0,33.0,-78.0,30.0,-22.0,37.68,-9.81,-76.97,27.22,10.84,38.76,-65.26,-40.65,34.41,-69.31,-5.560000000000002,-23.81
2025-08-08T18:32:31.260472,78.0,-7.0,-65.0,7.0,39.0,-21.0,-40.0,20.0,81.0,47.0,22.0,-45.0,57.68,-21.810000000000002,-51.97,-6.779999999999999,7.84,-16.240000000000002,-40.26,3.3500000000000014,82.41,55.69,-13.560000000000002,-46.81
2025-08-08T18:32:31.265842,27.0,64.0,-56.0,46.0,-11.0,-10.0,20.0,13.0,-8.0,-6.0,33.0,35.0,6.68,49.19,-42.97,32.22,-42.16,-5.24,19.74,-3.6499999999999986,-6.59,2.6899999999999995,-2.5600000000000023,33.19
2025-08-08T18:32:31.272725,20.0,-67.0,-16.0,44.0,13.0,24.0,-84.0,-3.0,24.0,-27.0,39.0,-14.0,-0.3200000000000003,-81.81,-2.9700000000000006,30.22,-18.16,28.759999999999998,-84.26,-19.65,25.41,-18.310000000000002,3.4399999999999977,-15.81
2025-08-08T18:32:31.278211,-23.0,38.0,-9.0,22.0,-10.0,27.0,36.0,54.0,-44.0,-3.0,-5.0,-12.0,-43.32,23.189999999999998,4.029999999999999,8.22,-41.16,31.759999999999998,35.74,37.35,-42.59,5.6899999999999995,-40.56,-13.81
2025-08-08T18:32:31.285158,52.0,4.0,-14.0,77.0,-12.0,32.0,61.0,120.0,-51.0,35.0,19.0,26.0,31.68,-10.81,-0.9700000000000006,63.22,-43.16,36.76,60.74,103.35,-49.59,43.69,-16.560000000000002,24.19
2025-08-08T18:32:31.289243,66.0,22.0,-8.0,49.0,57.0,30.0,34.0,-2.0,13.0,-53.0,-71.0,38.0,45.68,7.1899999999999995,5.029999999999999,35.22,25.84,34.76,33.74,-18.65,14.41,-44.31,-106.56,36.19
2025-08-08T18:32:31.297233,-55.0,37.0,60.0,35.0,30.0,-54.0,-26.0,17.0,-48.0,-58.0,26.0,79.0,-75.32,22.189999999999998,73.03,21.22,-1.1600000000000001,-49.24,-26.26,0.3500000000000014,-46.59,-49.31,-9.560000000000002,77.19
2025-08-08T18:32:31.301402,-41.0,63.0,-19.0,14.0,2.0,-51.0,-39.0,23.0,63.0,11.0,75.0,-8.0,-61.32,48.19,-5.970000000000001,0.22000000000000064,-29.16,-46.24,-39.26,6.350000000000001,64.41,19.689999999999998,39.44,-9.81
2025-08-08T18:32:31.309528,18.0,35.0,-13.0,14.0,16.0,-50.0,-7.0,-32.0,5.0,-94.0,48.0,-10.0,-2.3200000000000003,20.189999999999998,0.02999999999999936,0.22000000000000064,-15.16,-45.24,-7.26,-48.65,6.41,-85.31,12.439999999999998,-11.81
2025-08-08T18:32:31.314039,12.0,-24.0,14.0,12.0,14.0,-62.0,-20.0,27.0,-22.0,-39.0,5.0,6.0,-8.32,-38.81,27.03,-1.7799999999999994,-17.16,-57.24,-20.26,10.350000000000001,-20.59,-30.310000000000002,-30.560000000000002,4.1899999999999995
2025-08-08T18:32:31.321651,-23.0,31.0,-25.0,-31.0,3.0,0.0,34.0,-42.0,68.0,-55.0,123.0,-22.0,-43.32,16.189999999999998,-11.97,-44.78,-28.16,4.76,33.74,-58.65,69.41,-46.31,87.44,-23.81
2025-08-08T18:32:31.325953,23.0,2.0,-29.0,29.0,-27.0,31.0,-42.0,45.0,33.0,17.0,19.0,-9.0,2.6799999999999997,-12.81,-15.97,15.22,-58.16,35.76,-42.26,28.35,34.41,25.689999999999998,-16.560000000000002,-10.81
2025-08-08T18:32:31.334004,-48.0,9.0,-48.0,12.0,22.0,-22.0,-2.0,53.0,-12.0,-23.0,97.0,5.0,-68.32,-5.8100000000000005,-34.97,-1.7799999999999994,-9.16,-17.240000000000002,-2.26,36.35,-10.59,-14.31,61.44,3.19
2025-08-08T18:32:31.338367,-45.0,14.0,-68.0,50.0,60.0,11.0,-41.0,33.0,10.0,66.0,72.0,17.0,-65.32,-0.8100000000000005,-54.97,36.22,28.84,15.76,-41.26,16.35,11.41,74.69,36.44,15.19
2025-08-08T18:32:31.346207,23.0,41.0,-56.0,29.0,72.0,-23.0,-38.0,-18.0,-26.0,22.0,51.0,-22.0,2.6799999999999997,26.189999999999998,-42.97,15.22,40.84,-18.240000000000002,-38.26,-34.65,-24.59,30.689999999999998,15.439999999999998,-23.81
2025-08-08T18:32:31.350885,37.0,125.0,-38.0,-6.0,2.0,-13.0,-36.0,44.0,-60.0,24.0,24.0,-68.0,16.68,110.19,-24.97,-19.78,-29.16,-8.24,-36.26,27.35,-58.59,32.69,-11.560000000000002,-69.81
2025-08-08T18:32:31.358664,3.0,55.0,52.0,56.0,9.0,-11.0,23.0,76.0,-26.0,-2.0,33.0,45.0,-17.32,40.19,65.03,42.22,-22.16,-6.24,22.74,59.35,-24.59,6.6899999999999995,-2.5600000000000023,43.19
2025-08-08T18:32:31.363170,8.0,-38.0,-106.0,37.0,17.0,74.0,23.0,-85.0,-23.0,-1.0,8.0,-7.0,-12.32,-52.81,-92.97,23.22,-14.16,78.76,22.74,-101.65,-21.59,7.6899999999999995,-27.560000000000002,-8.81
2025-08-08T18:32:31.370698,71.0,25.0,-24.0,7.0,60.0,6.0,-4.0,7.0,-8.0,-27.0,54.0,6.0,50.68,10.19,-10.97,-6.779999999999999,28.84,10.76,-4.26,-9.649999999999999,-6.59,-18.310000000000002,18.439999999999998,4.1899999999999995
2025-08-08T18:32:31.375373,34.0,41.0,-80.0,33.0,59.0,-3.0,3.0,-12.0,3.0,-27.0,72.0,3.0,13.68,26.189999999999998,-66.97,19.22,27.84,1.7599999999999998,2.74,-28.65,4.41,-18.310000000000002,36.44,1.19
2025-08-08T18:32:31.382977,15.0,75.0,-78.0,33.0,43.0,-3.0,-4.0,28.0,23.0,38.0,41.0,44.0,-5.32,60.19,-64.97,19.22,11.84,1.7599999999999998,-4.26,11.350000000000001,24.41,46.69,5.439999999999998,42.19
2025-08-08T18:32:31.387462,55.0,83.0,-71.0,2.0,38.0,-23.0,34.0,-16.0,-31.0,58.0,43.0,-13.0,34.68,68.19,-57.97,-11.78,6.84,-18.240000000000002,33.74,-32.65,-29.59,66.69,7.439999999999998,-14.81
2025-08-08T18:32:31.395478,46.0,41.0,28.0,13.0,34.0,-29.0,32.0,-35.0,-34.0,-1.0,20.0,-24.0,25.68,26.189999999999998,41.03,-0.7799999999999994,2.84,-24.240000000000002,31.74,-51.65,-32.59,7.6899999999999995,-15.560000000000002,-25.81
2025-08-08T18:32:31.399747,29.0,83.0,-35.0,118.0,17.0,22.0,40.0,11.0,-33.0,-73.0,7.0,65.0,8.68,68.19,-21.97,104.22,-14.16,26.759999999999998,39.74,-5.649999999999999,-31.59,-64.31,-28.560000000000002,63.19
2025-08-08T18:32:31.407762,49.0,38.0,11.0,-9.0,-25.0,-11.0,-59.0,-58.0,19.0,-19.0,68.0,-59.0,28.68,23.189999999999998,24.03,-22.78,-56.16,-6.24,-59.26,-74.65,20.41,-10.31,32.44,-60.81
2025-08-08T18:32:31.412240,12.0,-17.0,-17.0,25.0,63.0,28.0,-34.0,45.0,-26.0,16.0,-48.0,-13.0,-8.32,-31.810000000000002,-3.9700000000000006,11.22,31.84,32.76,-34.26,28.35,-24.59,24.689999999999998,-83.56,-14.81
2025-08-08T18:32:31.420125,9.0,16.0,11.0,45.0,-1.0,-52.0,26.0,-19.0,-35.0,30.0,8.0,-46.0,-11.32,1.1899999999999995,24.03,31.22,-32.16,-47.24,25.74,-35.65,-33.59,38.69,-27.560000000000002,-47.81
2025-08-08T18:32:31.424749,-49.0,60.0,-16.0,-31.0,56.0,-8.0,-54.0,-17.0,-12.0,-41.0,42.0,-5.0,-69.32,45.19,-2.9700000000000006,-44.78,24.84,-3.24,-54.26,-33.65,-10.59,-32.31,6.439999999999998,-6.8100000000000005
2025-08-08T18:32:31.432550,10.0,78.0,-18.0,-11.0,53.0,-41.0,-36.0,-2.0,-47.0,-6.0,-12.0,12.0,-10.32,63.19,-4.970000000000001,-24.78,21.84,-36.24,-36.26,-18.65,-45.59,2.6899999999999995,-47.56,10.19
2025-08-08T18:32:31.437634,24.0,97.0,-28.0,60.0,35.0,-26.0,15.0,68.0,-31.0,-1.0,15.0,9.0,3.6799999999999997,82.19,-14.97,46.22,3.84,-21.240000000000002,14.74,51.35,-29.59,7.6899999999999995,-20.560000000000002,7.1899999999999995
2025-08-08T18:32:31.444844,65.0,127.0,-21.0,-44.0,-31.0,-56.0,-8.0,-10.0,-42.0,3.0,32.0,-2.0,44.68,112.19,-7.970000000000001,-57.78,-62.16,-51.24,-8.26,-26.65,-40.59,11.69,-3.5600000000000023,-3.81
2025-08-08T18:32:31.449227,19.0,-32.0,-76.0,22.0,37.0,16.0,42.0,-28.0,55.0,-4.0,46.0,-32.0,-1.3200000000000003,-46.81,-62.97,8.22,5.84,20.759999999999998,41.74,-44.65,56.41,4.6899999999999995,10.439999999999998,-33.81
2025-08-08T18:32:31.457322,18.0,-30.0,-20.0,-24.0,33.0,-24.0,-17.0,12.0,25.0,-29.0,-31.0,-5.0,-2.3200000000000003,-44.81,-6.970000000000001,-37.78,1.8399999999999999,-19.240000000000002,-17.26,-4.649999999999999,26.41,-20.310000000000002,-66.56,-6.8100000000000005
2025-08-08T18:32:31.461410,51.0,-45.0,-74.0,24.0,24.0,-2.0,-42.0,-57.0,9.0,-51.0,130.0,-69.0,30.68,-59.81,-60.97,10.22,-7.16,2.76,-42.26,-73.65,10.41,-42.31,94.44,-70.81
2025-08-08T18:32:31.469181,18.0,-39.0,60.0,10.0,-28.0,59.0,-42.0,9.0,-29.0,-36.0,-5.0,-29.0,-2.3200000000000003,-53.81,73.03,-3.7799999999999994,-59.16,63.76,-42.26,-7.649999999999999,-27.59,-27.310000000000002,-40.56,-30.81
2025-08-08T18:32:31.473664,23.0,-5.0,5.0,56.0,37.0,-13.0,25.0,21.0,-11.0,-36.0,35.0,-13.0,2.6799999999999997,-19.810000000000002,18.03,42.22,5.84,-8.24,24.74,4.350000000000001,-9.59,-27.310000000000002,-0.5600000000000023,-14.81
2025-08-08T18:32:31.480624,-17.0,-53.0,29.0,52.0,16.0,-74.0,67.0,24.0,-2.0,6.0,14.0,13.0,-37.32,-67.81,42.03,38.22,-15.16,-69.24,66.74,7.350000000000001,-0.5900000000000001,14.69,-21.560000000000002,11.19
2025-08-08T18:32:31.485922,40.0,-2.0,19.0,-15.0,96.0,12.0,-29.0,-37.0,-24.0,-29.0,50.0,-65.0,19.68,-16.810000000000002,32.03,-28.78,64.84,16.759999999999998,-29.26,-53.65,-22.59,-20.310000000000002,14.439999999999998,-66.81
2025-08-08T18:32:31.493095,9.0,7.0,64.0,-65.0,51.0,-14.0,110.0,40.0,-21.0,-68.0,32.0,24.0,-11.32,-7.8100000000000005,77.03,-78.78,19.84,-9.24,109.74,23.35,-19.59,-59.31,-3.5600000000000023,22.19
2025-08-08T18:32:31.501798,-13.0,-42.0,-4.0,32.0,34.0,-24.0,30.0,76.0,-38.0,-1.0,-41.0,29.0,-33.32,-56.81,9.03,18.22,2.84,-19.240000000000002,29.74,59.35,-36.59,7.6899999999999995,-76.56,27.19
2025-08-08T18:32:31.507724,-46.0,72.0,36.0,81.0,33.0,-1.0,16.0,104.0,-16.0,-57.0,23.0,20.0,-66.32,57.19,49.03,67.22,1.8399999999999999,3.76,15.74,87.35,-14.59,-48.31,-12.560000000000002,18.19
2025-08-08T18:32:31.510755,52.0,5.0,-39.0,4.0,-18.0,1.0,-11.0,20.0,-52.0,-43.0,71.0,26.0,31.68,-9.81,-25.97,-9.78,-49.16,5.76,-11.26,3.3500000000000014,-50.59,-34.31,35.44,24.19
2025-08-08T18:32:31.514265,-23.0,99.0,-17.0,19.0,-29.0,49.0,62.0,-7.0,2.0,-79.0,50.0,24.0,-43.32,84.19,-3.9700000000000006,5.220000000000001,-60.16,53.76,61.74,-23.65,3.41,-70.31,14.439999999999998,22.19
