timestamp,x1,y1,z1,x2,y2,z2,x3,y3,z3,x4,y4,z4,x1_calib,y1_calib,z1_calib,x2_calib,y2_calib,z2_calib,x3_calib,y3_calib,z3_calib,x4_calib,y4_calib,z4_calib
2025-07-28T16:35:32.654280,-39.0,78.0,73.0,13.0,48.0,-60.0,-51.0,-7.0,-21.0,-1.0,47.0,-67.0,-20.18,54.629999999999995,79.66,25.79,69.91,-58.26,-44.13,0.8799999999999999,-8.97,-2.16,77.71000000000001,-56.6
2025-07-28T16:35:32.657346,-56.0,51.0,-8.0,-30.0,-20.0,-43.0,-16.0,-38.0,-9.0,-63.0,-26.0,29.0,-37.18,27.63,-1.3399999999999999,-17.21,1.9100000000000001,-41.26,-9.129999999999999,-30.12,3.0299999999999994,-64.16,4.710000000000001,39.4
2025-07-28T16:35:32.665492,-70.0,7.0,-54.0,13.0,-27.0,27.0,22.0,-53.0,18.0,2.0,16.0,-33.0,-51.18,-16.37,-47.34,25.79,-5.09,28.74,28.87,-45.12,30.03,0.8400000000000001,46.71,-22.6
2025-07-28T16:35:32.669574,44.0,-5.0,9.0,41.0,-49.0,-31.0,-48.0,-23.0,12.0,-32.0,13.0,-55.0,62.82,-28.37,15.66,53.79,-27.09,-29.26,-41.13,-15.120000000000001,24.03,-33.16,43.71,-44.6
2025-07-28T16:35:32.677728,1.0,44.0,-20.0,24.0,-28.0,-2.0,76.0,-40.0,49.0,-18.0,-25.0,-33.0,19.82,20.63,-13.34,36.79,-6.09,-0.26,82.87,-32.12,61.03,-19.16,5.710000000000001,-22.6
2025-07-28T16:35:32.681937,66.0,-93.0,42.0,39.0,-32.0,-24.0,-10.0,88.0,-31.0,-52.0,-8.0,-62.0,84.82,-116.37,48.66,51.79,-10.09,-22.26,-3.13,95.88,-18.97,-53.16,22.71,-51.6
2025-07-28T16:35:32.690063,-79.0,-16.0,-18.0,-12.0,-6.0,-1.0,-26.0,29.0,-70.0,-87.0,2.0,6.0,-60.18,-39.370000000000005,-11.34,0.7899999999999991,15.91,0.74,-19.13,36.88,-57.97,-88.16,32.71,16.4
2025-07-28T16:35:32.694303,-78.0,-21.0,-8.0,-21.0,40.0,20.0,57.0,-27.0,-12.0,-29.0,51.0,-30.0,-59.18,-44.370000000000005,-1.3399999999999999,-8.21,61.91,21.74,63.87,-19.12,0.02999999999999936,-30.16,81.71000000000001,-19.6
2025-07-28T16:35:32.702270,-50.0,72.0,32.0,-45.0,-15.0,-26.0,-11.0,-67.0,37.0,-74.0,17.0,-39.0,-31.18,48.629999999999995,38.66,-32.21,6.91,-24.26,-4.13,-59.12,49.03,-75.16,47.71,-28.6
2025-07-28T16:35:32.706593,-41.0,29.0,10.0,67.0,-74.0,52.0,4.0,44.0,52.0,-82.0,81.0,20.0,-22.18,5.629999999999999,16.66,79.78999999999999,-52.09,53.74,10.870000000000001,51.88,64.03,-83.16,111.71000000000001,30.4
2025-07-28T16:35:32.714713,50.0,44.0,-7.0,-24.0,-44.0,29.0,-17.0,-48.0,4.0,-99.0,-10.0,11.0,68.82,20.63,-0.33999999999999986,-11.21,-22.09,30.74,-10.129999999999999,-40.12,16.03,-100.16,20.71,21.4
2025-07-28T16:35:32.718858,19.0,-42.0,17.0,-6.0,15.0,-68.0,-24.0,17.0,16.0,-101.0,29.0,-41.0,37.82,-65.37,23.66,6.789999999999999,36.91,-66.26,-17.13,24.88,28.03,-102.16,59.71,-30.6
2025-07-28T16:35:32.726880,-7.0,16.0,22.0,-32.0,-10.0,0.0,-29.0,5.0,-24.0,-67.0,30.0,-24.0,11.82,-7.370000000000001,28.66,-19.21,11.91,1.74,-22.13,12.879999999999999,-11.97,-68.16,60.71,-13.6
2025-07-28T16:35:32.731153,60.0,-33.0,38.0,8.0,-37.0,-4.0,12.0,-57.0,5.0,-87.0,-25.0,-88.0,78.82,-56.370000000000005,44.66,20.79,-15.09,-2.26,18.87,-49.12,17.03,-88.16,5.710000000000001,-77.6
2025-07-28T16:35:32.739268,53.0,-6.0,46.0,33.0,16.0,-53.0,29.0,-22.0,3.0,-65.0,-19.0,-48.0,71.82,-29.37,52.66,45.79,37.91,-51.26,35.87,-14.120000000000001,15.03,-66.16,11.71,-37.6
2025-07-28T16:35:32.743413,-26.0,-54.0,31.0,39.0,-60.0,-8.0,-11.0,52.0,1.0,-100.0,54.0,10.0,-7.18,-77.37,37.66,51.79,-38.09,-6.26,-4.13,59.88,13.03,-101.16,84.71000000000001,20.4
2025-07-28T16:35:32.751466,-76.0,65.0,20.0,-20.0,-2.0,32.0,28.0,48.0,-34.0,-62.0,-23.0,-85.0,-57.18,41.629999999999995,26.66,-7.210000000000001,19.91,33.74,34.87,55.88,-21.97,-63.16,7.710000000000001,-74.6
2025-07-28T16:35:32.756577,-58.0,92.0,-57.0,-63.0,10.0,27.0,-39.0,-22.0,-54.0,-32.0,-28.0,-70.0,-39.18,68.63,-50.34,-50.21,31.91,28.74,-32.13,-14.120000000000001,-41.97,-33.16,2.710000000000001,-59.6
2025-07-28T16:35:32.763757,11.0,27.0,-28.0,-84.0,6.0,36.0,14.0,-44.0,-52.0,-17.0,-49.0,-37.0,29.82,3.629999999999999,-21.34,-71.21000000000001,27.91,37.74,20.87,-36.12,-39.97,-18.16,-18.29,-26.6
2025-07-28T16:35:32.768147,50.0,-6.0,-22.0,-60.0,-32.0,2.0,11.0,-42.0,-11.0,-57.0,40.0,-27.0,68.82,-29.37,-15.34,-47.21,-10.09,3.74,17.87,-34.12,1.0299999999999994,-58.16,70.71000000000001,-16.6
2025-07-28T16:35:32.775960,16.0,41.0,18.0,25.0,-75.0,-49.0,-40.0,-3.0,-22.0,26.0,-20.0,-42.0,34.82,17.63,24.66,37.79,-53.09,-47.26,-33.13,4.88,-9.97,24.84,10.71,-31.6
2025-07-28T16:35:32.780441,-75.0,-48.0,26.0,4.0,-42.0,10.0,-61.0,30.0,-1.0,-17.0,-40.0,-45.0,-56.18,-71.37,32.66,16.79,-20.09,11.74,-54.13,37.88,11.03,-18.16,-9.29,-34.6
2025-07-28T16:35:32.788249,-71.0,23.0,43.0,-27.0,-60.0,74.0,89.0,51.0,10.0,-65.0,14.0,-14.0,-52.18,-0.370000000000001,49.66,-14.21,-38.09,75.74,95.87,58.88,22.03,-66.16,44.71,-3.5999999999999996
2025-07-28T16:35:32.792529,-41.0,26.0,-82.0,-70.0,-83.0,19.0,42.0,-17.0,-80.0,6.0,21.0,-22.0,-22.18,2.629999999999999,-75.34,-57.21,-61.09,20.74,48.87,-9.120000000000001,-67.97,4.84,51.71,-11.6
2025-07-28T16:35:32.800569,35.0,5.0,8.0,-23.0,35.0,10.0,35.0,6.0,13.0,-45.0,-16.0,-23.0,53.82,-18.37,14.66,-10.21,56.91,11.74,41.87,13.879999999999999,25.03,-46.16,14.71,-12.6
2025-07-28T16:35:32.804782,27.0,122.0,27.0,-33.0,-24.0,-15.0,22.0,39.0,-34.0,-36.0,52.0,-71.0,45.82,98.63,33.66,-20.21,-2.09,-13.26,28.87,46.88,-21.97,-37.16,82.71000000000001,-60.6
2025-07-28T16:35:32.812880,-5.0,-4.0,-61.0,-45.0,57.0,-64.0,-70.0,10.0,35.0,-33.0,-27.0,2.0,13.82,-27.37,-54.34,-32.21,78.91,-62.26,-63.13,17.88,47.03,-34.16,3.710000000000001,12.4
2025-07-28T16:35:32.817140,-41.0,-39.0,-4.0,-66.0,17.0,-28.0,24.0,-41.0,-52.0,-66.0,28.0,-17.0,-22.18,-62.370000000000005,2.66,-53.21,38.91,-26.26,30.87,-33.12,-39.97,-67.16,58.71,-6.6
2025-07-28T16:35:32.825259,28.0,22.0,31.0,27.0,32.0,-8.0,-4.0,-50.0,-3.0,-7.0,18.0,-35.0,46.82,-1.370000000000001,37.66,39.79,53.91,-6.26,2.87,-42.12,9.03,-8.16,48.71,-24.6
2025-07-28T16:35:32.829514,-29.0,4.0,-51.0,-18.0,-46.0,-22.0,-46.0,77.0,59.0,-15.0,4.0,-63.0,-10.18,-19.37,-44.34,-5.210000000000001,-24.09,-20.26,-39.13,84.88,71.03,-16.16,34.71,-52.6
2025-07-28T16:35:32.837280,8.0,11.0,16.0,23.0,-21.0,-3.0,32.0,0.0,14.0,-38.0,-43.0,-49.0,26.82,-12.370000000000001,22.66,35.79,0.9100000000000001,-1.26,38.87,7.88,26.03,-39.16,-12.29,-38.6
2025-07-28T16:35:32.841648,-11.0,-3.0,8.0,-64.0,-34.0,-5.0,7.0,-61.0,-23.0,-60.0,31.0,-38.0,7.82,-26.37,14.66,-51.21,-12.09,-3.26,13.870000000000001,-53.12,-10.97,-61.16,61.71,-27.6
2025-07-28T16:35:32.845972,-34.0,-51.0,6.0,-7.0,2.0,-7.0,17.0,7.0,17.0,-28.0,-27.0,-65.0,-15.18,-74.37,12.66,5.789999999999999,23.91,-5.26,23.87,14.879999999999999,29.03,-29.16,3.710000000000001,-54.6
2025-07-28T16:35:32.853997,19.0,-39.0,45.0,-49.0,-56.0,25.0,9.0,16.0,-1.0,-67.0,-3.0,7.0,37.82,-62.370000000000005,51.66,-36.21,-34.09,26.74,15.870000000000001,23.88,11.03,-68.16,27.71,17.4
2025-07-28T16:35:32.857970,48.0,-7.0,-4.0,-8.0,-29.0,-30.0,-1.0,-109.0,-27.0,-13.0,-63.0,8.0,66.82,-30.37,2.66,4.789999999999999,-7.09,-28.26,5.87,-101.12,-14.97,-14.16,-32.29,18.4
2025-07-28T16:35:32.866348,-15.0,-8.0,-8.0,-33.0,-43.0,-93.0,-35.0,-92.0,33.0,-58.0,-59.0,23.0,3.8200000000000003,-31.37,-1.3399999999999999,-20.21,-21.09,-91.26,-28.13,-84.12,45.03,-59.16,-28.29,33.4
2025-07-28T16:35:32.870357,-35.0,15.0,5.0,19.0,24.0,-5.0,-53.0,-43.0,30.0,-43.0,-120.0,-40.0,-16.18,-8.370000000000001,11.66,31.79,45.91,-3.26,-46.13,-35.12,42.03,-44.16,-89.28999999999999,-29.6
2025-07-28T16:35:32.878506,-14.0,86.0,73.0,53.0,-54.0,-1.0,-12.0,-2.0,19.0,-45.0,-63.0,18.0,4.82,62.629999999999995,79.66,65.78999999999999,-32.09,0.74,-5.13,5.88,31.03,-46.16,-32.29,28.4
2025-07-28T16:35:32.882688,-65.0,61.0,64.0,55.0,10.0,12.0,-16.0,5.0,-8.0,12.0,-54.0,-7.0,-46.18,37.629999999999995,70.66,67.78999999999999,31.91,13.74,-9.129999999999999,12.879999999999999,4.029999999999999,10.84,-23.29,3.4000000000000004
2025-07-28T16:35:32.890825,-55.0,36.0,33.0,33.0,-24.0,-14.0,-54.0,-31.0,-23.0,64.0,-78.0,2.0,-36.18,12.629999999999999,39.66,45.79,-2.09,-12.26,-47.13,-23.12,-10.97,62.84,-47.29,12.4
2025-07-28T16:35:32.894955,-95.0,114.0,-27.0,50.0,-29.0,79.0,-27.0,23.0,-3.0,54.0,-78.0,5.0,-76.18,90.63,-20.34,62.79,-7.09,80.74,-20.13,30.88,9.03,52.84,-47.29,15.4
2025-07-28T16:35:32.902947,56.0,-32.0,-22.0,-7.0,-16.0,25.0,-23.0,16.0,-24.0,80.0,-64.0,26.0,74.82,-55.370000000000005,-15.34,5.789999999999999,5.91,26.74,-16.13,23.88,-11.97,78.84,-33.29,36.4
2025-07-28T16:35:32.907171,-65.0,-33.0,9.0,2.0,-39.0,21.0,-43.0,6.0,-66.0,83.0,-5.0,31.0,-46.18,-56.370000000000005,15.66,14.79,-17.09,22.74,-36.13,13.879999999999999,-53.97,81.84,25.71,41.4
2025-07-28T16:35:32.915415,-59.0,-63.0,-48.0,-41.0,-42.0,-35.0,-18.0,85.0,-4.0,4.0,-69.0,-32.0,-40.18,-86.37,-41.34,-28.21,-20.09,-33.26,-11.129999999999999,92.88,8.03,2.84,-38.29,-21.6
2025-07-28T16:35:32.919590,2.0,-17.0,39.0,38.0,-43.0,34.0,-35.0,-10.0,-37.0,18.0,-81.0,-39.0,20.82,-40.370000000000005,45.66,50.79,-21.09,35.74,-28.13,-2.12,-24.97,16.84,-50.29,-28.6
2025-07-28T16:35:32.927805,3.0,-14.0,29.0,-44.0,-93.0,-38.0,-2.0,-23.0,7.0,34.0,-26.0,-14.0,21.82,-37.370000000000005,35.66,-31.21,-71.09,-36.26,4.87,-15.120000000000001,19.03,32.84,4.710000000000001,-3.5999999999999996
2025-07-28T16:35:32.931721,-34.0,67.0,23.0,-100.0,1.0,40.0,-2.0,-1.0,-3.0,57.0,-40.0,-37.0,-15.18,43.629999999999995,29.66,-87.21000000000001,22.91,41.74,4.87,6.88,9.03,55.84,-9.29,-26.6
2025-07-28T16:35:32.939963,-77.0,59.0,96.0,-61.0,-58.0,-14.0,63.0,26.0,13.0,-6.0,-50.0,-75.0,-58.18,35.629999999999995,102.66,-48.21,-36.09,-12.26,69.87,33.88,25.03,-7.16,-19.29,-64.6
2025-07-28T16:35:32.944081,-79.0,102.0,-22.0,-36.0,13.0,31.0,50.0,-44.0,22.0,57.0,-89.0,-32.0,-60.18,78.63,-15.34,-23.21,34.91,32.74,56.87,-36.12,34.03,55.84,-58.29,-21.6
2025-07-28T16:35:32.952248,-32.0,79.0,-62.0,-9.0,18.0,-19.0,-2.0,1.0,-53.0,11.0,-2.0,-28.0,-13.18,55.629999999999995,-55.34,3.789999999999999,39.91,-17.26,4.87,8.879999999999999,-40.97,9.84,28.71,-17.6
2025-07-28T16:35:32.956292,55.0,61.0,-46.0,-5.0,-14.0,-77.0,12.0,-26.0,-56.0,42.0,21.0,-81.0,73.82,37.629999999999995,-39.34,7.789999999999999,7.91,-75.26,18.87,-18.12,-43.97,40.84,51.71,-70.6
2025-07-28T16:35:32.964531,72.0,-23.0,-56.0,11.0,-12.0,-62.0,-31.0,-53.0,-101.0,64.0,-50.0,9.0,90.82,-46.370000000000005,-49.34,23.79,9.91,-60.26,-24.13,-45.12,-88.97,62.84,-19.29,19.4
2025-07-28T16:35:32.968507,14.0,0.0,-9.0,14.0,-73.0,-3.0,36.0,-14.0,-18.0,-19.0,21.0,-1.0,32.82,-23.37,-2.34,26.79,-51.09,-1.26,42.87,-6.12,-5.970000000000001,-20.16,51.71,9.4
2025-07-28T16:35:32.976617,-29.0,7.0,50.0,1.0,-38.0,-11.0,23.0,3.0,-43.0,-72.0,-22.0,-69.0,-10.18,-16.37,56.66,13.79,-16.09,-9.26,29.87,10.879999999999999,-30.97,-73.16,8.71,-58.6
2025-07-28T16:35:32.980911,-8.0,-22.0,70.0,-81.0,-54.0,-57.0,33.0,31.0,-31.0,-70.0,-5.0,-53.0,10.82,-45.370000000000005,76.66,-68.21000000000001,-32.09,-55.26,39.87,38.88,-18.97,-71.16,25.71,-42.6
2025-07-28T16:35:32.989163,54.0,35.0,24.0,-65.0,-67.0,16.0,-20.0,-11.0,-93.0,-90.0,-31.0,-81.0,72.82,11.629999999999999,30.66,-52.21,-45.09,17.74,-13.129999999999999,-3.12,-80.97,-91.16,-0.28999999999999915,-70.6
2025-07-28T16:35:32.993381,-1.0,-44.0,42.0,-31.0,-7.0,68.0,-47.0,-93.0,-19.0,-90.0,81.0,-26.0,17.82,-67.37,48.66,-18.21,14.91,69.74,-40.13,-85.12,-6.970000000000001,-91.16,111.71000000000001,-15.6
2025-07-28T16:35:33.001290,-39.0,77.0,3.0,-4.0,-22.0,28.0,11.0,-59.0,-47.0,-105.0,51.0,-35.0,-20.18,53.629999999999995,9.66,8.79,-0.08999999999999986,29.74,17.87,-51.12,-34.97,-106.16,81.71000000000001,-24.6
2025-07-28T16:35:33.005564,1.0,84.0,12.0,-1.0,7.0,-19.0,5.0,-21.0,17.0,-25.0,61.0,-42.0,19.82,60.629999999999995,18.66,11.79,28.91,-17.26,11.870000000000001,-13.120000000000001,29.03,-26.16,91.71000000000001,-31.6
2025-07-28T16:35:33.009581,-10.0,20.0,-7.0,76.0,16.0,-63.0,99.0,-4.0,34.0,-13.0,-69.0,-42.0,8.82,-3.370000000000001,-0.33999999999999986,88.78999999999999,37.91,-61.26,105.87,3.88,46.03,-14.16,-38.29,-31.6
2025-07-28T16:35:33.017746,-18.0,56.0,29.0,-2.0,-143.0,-23.0,50.0,5.0,-3.0,-29.0,10.0,-46.0,0.8200000000000003,32.629999999999995,35.66,10.79,-121.09,-21.26,56.87,12.879999999999999,9.03,-30.16,40.71,-35.6
2025-07-28T16:35:33.021794,-138.0,93.0,-44.0,-48.0,3.0,-2.0,-4.0,-78.0,22.0,-26.0,-46.0,-28.0,-119.18,69.63,-37.34,-35.21,24.91,-0.26,2.87,-70.12,34.03,-27.16,-15.29,-17.6
2025-07-28T16:35:33.029974,35.0,-9.0,-9.0,-16.0,-66.0,38.0,-10.0,-33.0,30.0,-9.0,28.0,-15.0,53.82,-32.370000000000005,-2.34,-3.210000000000001,-44.09,39.74,-3.13,-25.12,42.03,-10.16,58.71,-4.6
2025-07-28T16:35:33.034076,-9.0,77.0,23.0,-30.0,-1.0,4.0,12.0,47.0,8.0,-59.0,-27.0,44.0,9.82,53.629999999999995,29.66,-17.21,20.91,5.74,18.87,54.88,20.03,-60.16,3.710000000000001,54.4
2025-07-28T16:35:33.042306,-31.0,59.0,-26.0,-39.0,37.0,2.0,3.0,17.0,33.0,-8.0,51.0,-32.0,-12.18,35.629999999999995,-19.34,-26.21,58.91,3.74,9.870000000000001,24.88,45.03,-9.16,81.71000000000001,-21.6
2025-07-28T16:35:33.046513,-16.0,44.0,-6.0,-106.0,5.0,28.0,25.0,31.0,66.0,-53.0,-25.0,-75.0,2.8200000000000003,20.63,0.6600000000000001,-93.21000000000001,26.91,29.74,31.87,38.88,78.03,-54.16,5.710000000000001,-64.6
2025-07-28T16:35:33.054532,21.0,46.0,-83.0,-21.0,-40.0,-55.0,-3.0,-1.0,38.0,-61.0,3.0,-4.0,39.82,22.63,-76.34,-8.21,-18.09,-53.26,3.87,6.88,50.03,-62.16,33.71,6.4
2025-07-28T16:35:33.058857,26.0,172.0,-38.0,-6.0,-63.0,-56.0,-35.0,13.0,18.0,-30.0,4.0,-17.0,44.82,148.63,-31.34,6.789999999999999,-41.09,-54.26,-28.13,20.88,30.03,-31.16,34.71,-6.6
2025-07-28T16:35:33.066882,29.0,61.0,-38.0,22.0,-63.0,-28.0,-13.0,14.0,14.0,-13.0,48.0,-9.0,47.82,37.629999999999995,-31.34,34.79,-41.09,-26.26,-6.13,21.88,26.03,-14.16,78.71000000000001,1.4000000000000004
2025-07-28T16:35:33.071178,78.0,-2.0,-7.0,-51.0,-53.0,59.0,-38.0,43.0,43.0,-60.0,-1.0,-48.0,96.82,-25.37,-0.33999999999999986,-38.21,-31.09,60.74,-31.13,50.88,55.03,-61.16,29.71,-37.6
2025-07-28T16:35:33.079059,33.0,-56.0,52.0,-34.0,-7.0,53.0,-26.0,6.0,50.0,-30.0,18.0,3.0,51.82,-79.37,58.66,-21.21,14.91,54.74,-19.13,13.879999999999999,62.03,-31.16,48.71,13.4
2025-07-28T16:35:33.083408,-8.0,-3.0,39.0,-31.0,23.0,38.0,-33.0,16.0,-2.0,-14.0,-12.0,-14.0,10.82,-26.37,45.66,-18.21,44.91,39.74,-26.13,23.88,10.03,-15.16,18.71,-3.5999999999999996
2025-07-28T16:35:33.091475,-68.0,-5.0,7.0,-27.0,-3.0,-24.0,-3.0,-7.0,-26.0,-76.0,1.0,-87.0,-49.18,-28.37,13.66,-14.21,18.91,-22.26,3.87,0.8799999999999999,-13.97,-77.16,31.71,-76.6
2025-07-28T16:35:33.095651,-33.0,16.0,32.0,-28.0,13.0,-74.0,25.0,-36.0,0.0,-57.0,77.0,20.0,-14.18,-7.370000000000001,38.66,-15.21,34.91,-72.26,31.87,-28.12,12.03,-58.16,107.71000000000001,30.4
2025-07-28T16:35:33.103630,-40.0,29.0,34.0,-34.0,9.0,6.0,-59.0,16.0,16.0,-36.0,74.0,73.0,-21.18,5.629999999999999,40.66,-21.21,30.91,7.74,-52.13,23.88,28.03,-37.16,104.71000000000001,83.4
2025-07-28T16:35:33.107926,-37.0,54.0,34.0,-3.0,-37.0,-54.0,-2.0,15.0,1.0,-46.0,-106.0,5.0,-18.18,30.63,40.66,9.79,-15.09,-52.26,4.87,22.88,13.03,-47.16,-75.28999999999999,15.4
2025-07-28T16:35:33.115980,-6.0,32.0,69.0,-23.0,-94.0,-15.0,29.0,-23.0,32.0,-52.0,-53.0,32.0,12.82,8.629999999999999,75.66,-10.21,-72.09,-13.26,35.87,-15.120000000000001,44.03,-53.16,-22.29,42.4
2025-07-28T16:35:33.120350,2.0,48.0,-40.0,-69.0,-59.0,-22.0,-9.0,-42.0,14.0,-44.0,3.0,25.0,20.82,24.63,-33.34,-56.21,-37.09,-20.26,-2.13,-34.12,26.03,-45.16,33.71,35.4
2025-07-28T16:35:33.128224,-35.0,34.0,-14.0,-8.0,28.0,21.0,31.0,-22.0,-37.0,-65.0,-53.0,41.0,-16.18,10.629999999999999,-7.34,4.789999999999999,49.91,22.74,37.87,-14.120000000000001,-24.97,-66.16,-22.29,51.4
2025-07-28T16:35:33.132611,72.0,-14.0,-48.0,-40.0,-14.0,-50.0,-2.0,-75.0,78.0,18.0,-18.0,25.0,90.82,-37.370000000000005,-41.34,-27.21,7.91,-48.26,4.87,-67.12,90.03,16.84,12.71,35.4
2025-07-28T16:35:33.140435,-41.0,46.0,23.0,-2.0,-19.0,5.0,-4.0,-23.0,22.0,-51.0,-43.0,41.0,-22.18,22.63,29.66,10.79,2.91,6.74,2.87,-15.120000000000001,34.03,-52.16,-12.29,51.4
2025-07-28T16:35:33.144827,21.0,-12.0,17.0,43.0,-34.0,15.0,67.0,-21.0,-21.0,-88.0,-60.0,61.0,39.82,-35.370000000000005,23.66,55.79,-12.09,16.74,73.87,-13.120000000000001,-8.97,-89.16,-29.29,71.4
2025-07-28T16:35:33.152705,-54.0,-41.0,1.0,17.0,6.0,-46.0,-40.0,89.0,54.0,-75.0,-26.0,-14.0,-35.18,-64.37,7.66,29.79,27.91,-44.26,-33.13,96.88,66.03,-76.16,4.710000000000001,-3.5999999999999996
2025-07-28T16:35:33.157302,-87.0,106.0,57.0,-58.0,-4.0,-14.0,15.0,6.0,-20.0,-20.0,-51.0,-34.0,-68.18,82.63,63.66,-45.21,17.91,-12.26,21.87,13.879999999999999,-7.970000000000001,-21.16,-20.29,-23.6
2025-07-28T16:35:33.165043,-94.0,69.0,-54.0,-89.0,-37.0,38.0,-70.0,-2.0,87.0,-37.0,-51.0,-1.0,-75.18,45.629999999999995,-47.34,-76.21000000000001,-15.09,39.74,-63.13,5.88,99.03,-38.16,-20.29,9.4
2025-07-28T16:35:33.169299,-45.0,74.0,-31.0,-42.0,-16.0,-8.0,-21.0,-72.0,-40.0,-36.0,-66.0,5.0,-26.18,50.629999999999995,-24.34,-29.21,5.91,-6.26,-14.129999999999999,-64.12,-27.97,-37.16,-35.29,15.4
2025-07-28T16:35:33.173640,0.0,56.0,-37.0,-32.0,-1.0,0.0,-26.0,2.0,-11.0,3.0,-49.0,0.0,18.82,32.629999999999995,-30.34,-19.21,20.91,1.74,-19.13,9.879999999999999,1.0299999999999994,1.84,-18.29,10.4
2025-07-28T16:35:33.181560,67.0,75.0,-31.0,-14.0,-4.0,21.0,-3.0,-31.0,-32.0,-15.0,-59.0,-16.0,85.82,51.629999999999995,-24.34,-1.2100000000000009,17.91,22.74,3.87,-23.12,-19.97,-16.16,-28.29,-5.6
2025-07-28T16:35:33.185651,-15.0,-3.0,-60.0,35.0,-79.0,32.0,-15.0,27.0,-58.0,68.0,-65.0,15.0,3.8200000000000003,-26.37,-53.34,47.79,-57.09,33.74,-8.129999999999999,34.88,-45.97,66.84,-34.29,25.4
2025-07-28T16:35:33.193871,20.0,27.0,-32.0,62.0,-69.0,45.0,16.0,-29.0,-2.0,84.0,-95.0,51.0,38.82,3.629999999999999,-25.34,74.78999999999999,-47.09,46.74,22.87,-21.12,10.03,82.84,-64.28999999999999,61.4
2025-07-28T16:35:33.197967,-52.0,16.0,14.0,-14.0,-24.0,-11.0,-15.0,-14.0,-3.0,26.0,-66.0,34.0,-33.18,-7.370000000000001,20.66,-1.2100000000000009,-2.09,-9.26,-8.129999999999999,-6.12,9.03,24.84,-35.29,44.4
2025-07-28T16:35:33.206073,-65.0,14.0,59.0,-26.0,-57.0,29.0,24.0,-15.0,-6.0,14.0,-56.0,62.0,-46.18,-9.370000000000001,65.66,-13.21,-35.09,30.74,30.87,-7.12,6.029999999999999,12.84,-25.29,72.4
2025-07-28T16:35:33.210304,-67.0,62.0,-20.0,7.0,-71.0,27.0,0.0,24.0,-20.0,-9.0,-51.0,43.0,-48.18,38.629999999999995,-13.34,19.79,-49.09,28.74,6.87,31.88,-7.970000000000001,-10.16,-20.29,53.4
2025-07-28T16:35:33.218462,-45.0,89.0,-13.0,80.0,18.0,-13.0,-16.0,-32.0,-32.0,36.0,-52.0,66.0,-26.18,65.63,-6.34,92.78999999999999,39.91,-11.26,-9.129999999999999,-24.12,-19.97,34.84,-21.29,76.4
2025-07-28T16:35:33.222564,3.0,-9.0,4.0,-47.0,-40.0,-20.0,20.0,-32.0,7.0,64.0,-106.0,83.0,21.82,-32.370000000000005,10.66,-34.21,-18.09,-18.26,26.87,-24.12,19.03,62.84,-75.28999999999999,93.4
2025-07-28T16:35:33.230915,41.0,-17.0,-22.0,-24.0,-107.0,-79.0,6.0,61.0,-70.0,27.0,-61.0,35.0,59.82,-40.370000000000005,-15.34,-11.21,-85.09,-77.26,12.870000000000001,68.88,-57.97,25.84,-30.29,45.4
2025-07-28T16:35:33.235031,-3.0,5.0,-9.0,-14.0,-26.0,13.0,-2.0,14.0,-46.0,-10.0,-120.0,-32.0,15.82,-18.37,-2.34,-1.2100000000000009,-4.09,14.74,4.87,21.88,-33.97,-11.16,-89.28999999999999,-21.6
2025-07-28T16:35:33.243050,12.0,-20.0,6.0,4.0,28.0,30.0,-22.0,48.0,4.0,25.0,11.0,26.0,30.82,-43.370000000000005,12.66,16.79,49.91,31.74,-15.129999999999999,55.88,16.03,23.84,41.71,36.4
2025-07-28T16:35:33.247316,-56.0,-6.0,60.0,-110.0,-69.0,-5.0,0.0,47.0,-31.0,23.0,-49.0,18.0,-37.18,-29.37,66.66,-97.21000000000001,-47.09,-3.26,6.87,54.88,-18.97,21.84,-18.29,28.4
2025-07-28T16:35:33.255257,-42.0,-49.0,59.0,-22.0,23.0,24.0,31.0,19.0,-19.0,10.0,-93.0,58.0,-23.18,-72.37,65.66,-9.21,44.91,25.74,37.87,26.88,-6.970000000000001,8.84,-62.29,68.4
2025-07-28T16:35:33.259555,-63.0,4.0,38.0,3.0,18.0,-63.0,43.0,34.0,-80.0,22.0,-85.0,2.0,-44.18,-19.37,44.66,15.79,39.91,-61.26,49.87,41.88,-67.97,20.84,-54.29,12.4
2025-07-28T16:35:33.267515,-104.0,87.0,15.0,-29.0,86.0,-49.0,40.0,-21.0,50.0,-58.0,-110.0,49.0,-85.18,63.629999999999995,21.66,-16.21,107.91,-47.26,46.87,-13.120000000000001,62.03,-59.16,-79.28999999999999,59.4
2025-07-28T16:35:33.271912,-76.0,45.0,-56.0,-18.0,-89.0,-34.0,29.0,-33.0,86.0,-25.0,-48.0,39.0,-57.18,21.63,-49.34,-5.210000000000001,-67.09,-32.26,35.87,-25.12,98.03,-26.16,-17.29,49.4
2025-07-28T16:35:33.279884,-16.0,50.0,14.0,-7.0,-84.0,-1.0,12.0,56.0,14.0,-53.0,-61.0,68.0,2.8200000000000003,26.63,20.66,5.789999999999999,-62.09,0.74,18.87,63.88,26.03,-54.16,-30.29,78.4
2025-07-28T16:35:33.284397,0.0,-3.0,-20.0,-65.0,-63.0,33.0,-69.0,51.0,11.0,-72.0,-82.0,13.0,18.82,-26.37,-13.34,-52.21,-41.09,34.74,-62.13,58.88,23.03,-73.16,-51.29,23.4
2025-07-28T16:35:33.292091,-56.0,-12.0,-5.0,-7.0,-9.0,22.0,15.0,16.0,-23.0,-11.0,-54.0,59.0,-37.18,-35.370000000000005,1.6600000000000001,5.789999999999999,12.91,23.74,21.87,23.88,-10.97,-12.16,-23.29,69.4
2025-07-28T16:35:33.296450,57.0,-8.0,-36.0,-24.0,-25.0,-17.0,62.0,-77.0,-27.0,-90.0,-18.0,-3.0,75.82,-31.37,-29.34,-11.21,-3.09,-15.26,68.87,-69.12,-14.97,-91.16,12.71,7.4
2025-07-28T16:35:33.304328,51.0,-74.0,22.0,20.0,29.0,-8.0,-5.0,-8.0,-3.0,-33.0,-62.0,28.0,69.82,-97.37,28.66,32.79,50.91,-6.26,1.87,-0.1200000000000001,9.03,-34.16,-31.29,38.4
2025-07-28T16:35:33.308616,21.0,-7.0,-4.0,10.0,33.0,3.0,-42.0,-98.0,-64.0,-6.0,-10.0,40.0,39.82,-30.37,2.66,22.79,54.91,4.74,-35.13,-90.12,-51.97,-7.16,20.71,50.4
2025-07-28T16:35:33.316539,29.0,31.0,5.0,-24.0,-12.0,-59.0,69.0,17.0,-19.0,50.0,11.0,39.0,47.82,7.629999999999999,11.66,-11.21,9.91,-57.26,75.87,24.88,-6.970000000000001,48.84,41.71,49.4
2025-07-28T16:35:33.321007,-24.0,-10.0,10.0,86.0,-54.0,-12.0,-21.0,50.0,-27.0,4.0,-90.0,29.0,-5.18,-33.370000000000005,16.66,98.78999999999999,-32.09,-10.26,-14.129999999999999,57.88,-14.97,2.84,-59.29,39.4
2025-07-28T16:35:33.328983,-17.0,8.0,84.0,3.0,-7.0,32.0,-19.0,-76.0,1.0,-14.0,-62.0,79.0,1.8200000000000003,-15.370000000000001,90.66,15.79,14.91,33.74,-12.129999999999999,-68.12,13.03,-15.16,-31.29,89.4
2025-07-28T16:35:33.333178,-84.0,47.0,15.0,-10.0,-81.0,40.0,109.0,-36.0,-10.0,53.0,-25.0,-29.0,-65.18,23.63,21.66,2.789999999999999,-59.09,41.74,115.87,-28.12,2.0299999999999994,51.84,5.710000000000001,-18.6
2025-07-28T16:35:33.341230,-50.0,61.0,-52.0,-34.0,-119.0,8.0,-18.0,-14.0,8.0,43.0,-90.0,-68.0,-31.18,37.629999999999995,-45.34,-21.21,-97.09,9.74,-11.129999999999999,-6.12,20.03,41.84,-59.29,-57.6
2025-07-28T16:35:33.345398,46.0,88.0,-59.0,1.0,1.0,52.0,19.0,-7.0,46.0,33.0,-116.0,-36.0,64.82,64.63,-52.34,13.79,22.91,53.74,25.87,0.8799999999999999,58.03,31.84,-85.28999999999999,-25.6
2025-07-28T16:35:33.353413,15.0,18.0,-46.0,22.0,-54.0,-20.0,-9.0,33.0,35.0,18.0,-17.0,15.0,33.82,-5.370000000000001,-39.34,34.79,-32.09,-18.26,-2.13,40.88,47.03,16.84,13.71,25.4
2025-07-28T16:35:33.357728,-44.0,-9.0,18.0,-17.0,-52.0,-35.0,45.0,0.0,-21.0,-17.0,-35.0,-58.0,-25.18,-32.370000000000005,24.66,-4.210000000000001,-30.09,-33.26,51.87,7.88,-8.97,-18.16,-4.289999999999999,-47.6
2025-07-28T16:35:33.365768,-58.0,20.0,5.0,-50.0,-27.0,-16.0,13.0,-27.0,9.0,13.0,-19.0,-31.0,-39.18,-3.370000000000001,11.66,-37.21,-5.09,-14.26,19.87,-19.12,21.03,11.84,11.71,-20.6
2025-07-28T16:35:33.370112,-38.0,97.0,48.0,42.0,-49.0,4.0,-12.0,10.0,-58.0,-46.0,-51.0,-38.0,-19.18,73.63,54.66,54.79,-27.09,5.74,-5.13,17.88,-45.97,-47.16,-20.29,-27.6
2025-07-28T16:35:33.378249,-88.0,44.0,-45.0,-19.0,-81.0,-19.0,-52.0,70.0,-30.0,12.0,-108.0,-51.0,-69.18,20.63,-38.34,-6.210000000000001,-59.09,-17.26,-45.13,77.88,-17.97,10.84,-77.28999999999999,-40.6
2025-07-28T16:35:33.382475,47.0,83.0,-46.0,-26.0,-75.0,40.0,15.0,18.0,-5.0,11.0,-50.0,-35.0,65.82,59.629999999999995,-39.34,-13.21,-53.09,41.74,21.87,25.88,7.029999999999999,9.84,-19.29,-24.6
2025-07-28T16:35:33.390523,-29.0,-32.0,-55.0,-29.0,-7.0,19.0,-79.0,40.0,-66.0,2.0,-21.0,-80.0,-10.18,-55.370000000000005,-48.34,-16.21,14.91,20.74,-72.13,47.88,-53.97,0.8400000000000001,9.71,-69.6
2025-07-28T16:35:33.394610,-11.0,-62.0,-30.0,-7.0,2.0,-6.0,-76.0,-2.0,-47.0,38.0,-59.0,22.0,7.82,-85.37,-23.34,5.789999999999999,23.91,-4.26,-69.13,5.88,-34.97,36.84,-28.29,32.4
2025-07-28T16:35:33.402670,-38.0,6.0,-43.0,-67.0,1.0,72.0,-27.0,6.0,-46.0,39.0,-23.0,-39.0,-19.18,-17.37,-36.34,-54.21,22.91,73.74,-20.13,13.879999999999999,-33.97,37.84,7.710000000000001,-28.6
2025-07-28T16:35:33.406913,-45.0,26.0,-8.0,41.0,-38.0,-15.0,26.0,-22.0,-32.0,-36.0,-10.0,-29.0,-26.18,2.629999999999999,-1.3399999999999999,53.79,-16.09,-13.26,32.87,-14.120000000000001,-19.97,-37.16,20.71,-18.6
2025-07-28T16:35:33.411152,-70.0,1.0,57.0,-4.0,-26.0,23.0,4.0,-40.0,-18.0,-80.0,3.0,-60.0,-51.18,-22.37,63.66,8.79,-4.09,24.74,10.870000000000001,-32.12,-5.970000000000001,-81.16,33.71,-49.6
2025-07-28T16:35:33.419100,15.0,-86.0,-8.0,22.0,-76.0,87.0,46.0,49.0,-79.0,-75.0,68.0,-23.0,33.82,-109.37,-1.3399999999999999,34.79,-54.09,88.74,52.87,56.88,-66.97,-76.16,98.71000000000001,-12.6
2025-07-28T16:35:33.427203,-73.0,4.0,26.0,-69.0,-42.0,-40.0,-47.0,69.0,-50.0,-36.0,-14.0,-63.0,-54.18,-19.37,32.66,-56.21,-20.09,-38.26,-40.13,76.88,-37.97,-37.16,16.71,-52.6
2025-07-28T16:35:33.431410,-146.0,35.0,23.0,-92.0,-11.0,32.0,9.0,31.0,-71.0,-81.0,-6.0,-49.0,-127.18,11.629999999999999,29.66,-79.21000000000001,10.91,33.74,15.870000000000001,38.88,-58.97,-82.16,24.71,-38.6
2025-07-28T16:35:33.435436,-129.0,50.0,9.0,-22.0,22.0,-54.0,-56.0,10.0,18.0,-101.0,33.0,22.0,-110.18,26.63,15.66,-9.21,43.91,-52.26,-49.13,17.88,30.03,-102.16,63.71,32.4
2025-07-28T16:35:33.443675,3.0,41.0,-85.0,41.0,55.0,-14.0,-6.0,-40.0,-67.0,-79.0,63.0,-16.0,21.82,17.63,-78.34,53.79,76.91,-12.26,0.8700000000000001,-32.12,-54.97,-80.16,93.71000000000001,-5.6
2025-07-28T16:35:33.451766,31.0,77.0,-34.0,-23.0,-20.0,-66.0,38.0,-30.0,24.0,-45.0,-43.0,-84.0,49.82,53.629999999999995,-27.34,-10.21,1.9100000000000001,-64.26,44.87,-22.12,36.03,-46.16,-12.29,-73.6
2025-07-28T16:35:33.456078,-15.0,8.0,-11.0,-4.0,-99.0,-36.0,30.0,-79.0,-11.0,-19.0,3.0,-47.0,3.8200000000000003,-15.370000000000001,-4.34,8.79,-77.09,-34.26,36.87,-71.12,1.0299999999999994,-20.16,33.71,-36.6
2025-07-28T16:35:33.460057,1.0,5.0,33.0,63.0,-24.0,21.0,-10.0,-33.0,-73.0,-80.0,-17.0,-72.0,19.82,-18.37,39.66,75.78999999999999,-2.09,22.74,-3.13,-25.12,-60.97,-81.16,13.71,-61.6
2025-07-28T16:35:33.468438,44.0,-36.0,29.0,-26.0,-71.0,-28.0,40.0,1.0,-19.0,-12.0,-13.0,-77.0,62.82,-59.370000000000005,35.66,-13.21,-49.09,-26.26,46.87,8.879999999999999,-6.970000000000001,-13.16,17.71,-66.6
2025-07-28T16:35:33.472445,-30.0,26.0,31.0,-56.0,13.0,4.0,18.0,-28.0,-51.0,-12.0,-25.0,-38.0,-11.18,2.629999999999999,37.66,-43.21,34.91,5.74,24.87,-20.12,-38.97,-13.16,5.710000000000001,-27.6
2025-07-28T16:35:33.480602,-42.0,50.0,26.0,-71.0,-27.0,-31.0,-20.0,-15.0,63.0,-62.0,30.0,-37.0,-23.18,26.63,32.66,-58.21,-5.09,-29.26,-13.129999999999999,-7.12,75.03,-63.16,60.71,-26.6
2025-07-28T16:35:33.484637,-61.0,-10.0,-20.0,-48.0,-6.0,-78.0,-45.0,-28.0,44.0,28.0,-26.0,-37.0,-42.18,-33.370000000000005,-13.34,-35.21,15.91,-76.26,-38.13,-20.12,56.03,26.84,4.710000000000001,-26.6
2025-07-28T16:35:33.492831,33.0,65.0,-45.0,26.0,-9.0,-72.0,40.0,-38.0,0.0,-34.0,-23.0,-32.0,51.82,41.629999999999995,-38.34,38.79,12.91,-70.26,46.87,-30.12,12.03,-35.16,7.710000000000001,-21.6
2025-07-28T16:35:33.497202,-7.0,103.0,-157.0,11.0,-36.0,54.0,-25.0,20.0,-35.0,-8.0,47.0,-31.0,11.82,79.63,-150.34,23.79,-14.09,55.74,-18.13,27.88,-22.97,-9.16,77.71000000000001,-20.6
2025-07-28T16:35:33.505216,-17.0,77.0,-31.0,3.0,-86.0,-20.0,9.0,-72.0,-22.0,-37.0,3.0,-48.0,1.8200000000000003,53.629999999999995,-24.34,15.79,-64.09,-18.26,15.870000000000001,-64.12,-9.97,-38.16,33.71,-37.6
2025-07-28T16:35:33.509367,21.0,-48.0,1.0,-47.0,86.0,-45.0,-48.0,-14.0,35.0,-29.0,-13.0,-49.0,39.82,-71.37,7.66,-34.21,107.91,-43.26,-41.13,-6.12,47.03,-30.16,17.71,-38.6
2025-07-28T16:35:33.517398,-32.0,55.0,42.0,-46.0,22.0,-19.0,-35.0,-28.0,13.0,-34.0,17.0,-41.0,-13.18,31.63,48.66,-33.21,43.91,-17.26,-28.13,-20.12,25.03,-35.16,47.71,-30.6
2025-07-28T16:35:33.521643,-48.0,-50.0,3.0,-13.0,-63.0,-31.0,13.0,-16.0,29.0,-25.0,-58.0,-64.0,-29.18,-73.37,9.66,-0.21000000000000085,-41.09,-29.26,19.87,-8.120000000000001,41.03,-26.16,-27.29,-53.6
2025-07-28T16:35:33.529715,-50.0,78.0,-5.0,-37.0,-140.0,-50.0,-48.0,58.0,-29.0,-66.0,-49.0,-41.0,-31.18,54.629999999999995,1.6600000000000001,-24.21,-118.09,-48.26,-41.13,65.88,-16.97,-67.16,-18.29,-30.6
2025-07-28T16:35:33.533928,-88.0,74.0,-49.0,29.0,29.0,19.0,-45.0,-25.0,-45.0,-17.0,15.0,-66.0,-69.18,50.629999999999995,-42.34,41.79,50.91,20.74,-38.13,-17.12,-32.97,-18.16,45.71,-55.6
2025-07-28T16:35:33.541963,48.0,66.0,-22.0,-22.0,-18.0,7.0,72.0,35.0,-10.0,-72.0,-14.0,10.0,66.82,42.629999999999995,-15.34,-9.21,3.91,8.74,78.87,42.88,2.0299999999999994,-73.16,16.71,20.4
2025-07-28T16:35:33.546284,5.0,-12.0,23.0,-111.0,-105.0,-8.0,-35.0,18.0,42.0,-75.0,-27.0,-36.0,23.82,-35.370000000000005,29.66,-98.21000000000001,-83.09,-6.26,-28.13,25.88,54.03,-76.16,3.710000000000001,-25.6
2025-07-28T16:35:33.554328,-42.0,-50.0,25.0,-49.0,-4.0,-65.0,1.0,-20.0,-10.0,-41.0,13.0,-50.0,-23.18,-73.37,31.66,-36.21,17.91,-63.26,7.87,-12.120000000000001,2.0299999999999994,-42.16,43.71,-39.6
2025-07-28T16:35:33.558473,-6.0,14.0,46.0,-40.0,-47.0,7.0,29.0,-10.0,-42.0,-18.0,27.0,-49.0,12.82,-9.370000000000001,52.66,-27.21,-25.09,8.74,35.87,-2.12,-29.97,-19.16,57.71,-38.6
2025-07-28T16:35:33.566419,-55.0,0.0,69.0,-9.0,-63.0,-38.0,-14.0,-45.0,23.0,-39.0,23.0,-93.0,-36.18,-23.37,75.66,3.789999999999999,-41.09,-36.26,-7.13,-37.12,35.03,-40.16,53.71,-82.6
2025-07-28T16:35:33.570840,-65.0,-48.0,22.0,-22.0,-67.0,24.0,47.0,39.0,7.0,-57.0,-44.0,-11.0,-46.18,-71.37,28.66,-9.21,-45.09,25.74,53.87,46.88,19.03,-58.16,-13.29,-0.5999999999999996
2025-07-28T16:35:33.578920,-68.0,31.0,47.0,-10.0,-30.0,41.0,78.0,-18.0,17.0,-40.0,-7.0,27.0,-49.18,7.629999999999999,53.66,2.789999999999999,-8.09,42.74,84.87,-10.120000000000001,29.03,-41.16,23.71,37.4
2025-07-28T16:35:33.583263,72.0,105.0,51.0,-30.0,-14.0,20.0,-4.0,-5.0,-16.0,-62.0,-40.0,-24.0,90.82,81.63,57.66,-17.21,7.91,21.74,2.87,2.88,-3.9700000000000006,-63.16,-9.29,-13.6
2025-07-28T16:35:33.591333,62.0,23.0,-17.0,-10.0,10.0,-60.0,-63.0,18.0,2.0,-61.0,20.0,-26.0,80.82,-0.370000000000001,-10.34,2.789999999999999,31.91,-58.26,-56.13,25.88,14.03,-62.16,50.71,-15.6
2025-07-28T16:35:33.595471,47.0,-8.0,-7.0,39.0,2.0,-39.0,-58.0,-39.0,66.0,-34.0,15.0,-115.0,65.82,-31.37,-0.33999999999999986,51.79,23.91,-37.26,-51.13,-31.12,78.03,-35.16,45.71,-104.6
2025-07-28T16:35:33.603538,-38.0,-7.0,-18.0,50.0,-121.0,-2.0,26.0,-15.0,-35.0,-38.0,47.0,-17.0,-19.18,-30.37,-11.34,62.79,-99.09,-0.26,32.87,-7.12,-22.97,-39.16,77.71000000000001,-6.6
2025-07-28T16:35:33.607692,-8.0,23.0,42.0,22.0,-58.0,-23.0,-9.0,22.0,14.0,-56.0,-52.0,-56.0,10.82,-0.370000000000001,48.66,34.79,-36.09,-21.26,-2.13,29.88,26.03,-57.16,-21.29,-45.6
2025-07-28T16:35:33.615729,4.0,50.0,58.0,-16.0,-43.0,-19.0,-28.0,-9.0,32.0,-15.0,51.0,-17.0,22.82,26.63,64.66,-3.210000000000001,-21.09,-17.26,-21.13,-1.12,44.03,-16.16,81.71000000000001,-6.6
2025-07-28T16:35:33.620029,-38.0,96.0,54.0,-72.0,14.0,14.0,-30.0,18.0,34.0,-110.0,-32.0,-34.0,-19.18,72.63,60.66,-59.21,35.91,15.74,-23.13,25.88,46.03,-111.16,-1.2899999999999991,-23.6
2025-07-28T16:35:33.628062,-80.0,77.0,-27.0,-32.0,-41.0,4.0,-42.0,-12.0,-63.0,-86.0,35.0,-9.0,-61.18,53.629999999999995,-20.34,-19.21,-19.09,5.74,-35.13,-4.12,-50.97,-87.16,65.71000000000001,1.4000000000000004
2025-07-28T16:35:33.632176,-45.0,102.0,-7.0,0.0,-94.0,-35.0,25.0,20.0,-28.0,-54.0,10.0,-51.0,-26.18,78.63,-0.33999999999999986,12.79,-72.09,-33.26,31.87,27.88,-15.97,-55.16,40.71,-40.6
2025-07-28T16:35:33.640338,-8.0,107.0,10.0,-70.0,-20.0,35.0,-4.0,-39.0,-69.0,-16.0,25.0,-21.0,10.82,83.63,16.66,-57.21,1.9100000000000001,36.74,2.87,-31.12,-56.97,-17.16,55.71,-10.6
2025-07-28T16:35:33.644573,39.0,-28.0,-81.0,31.0,-86.0,11.0,27.0,3.0,40.0,-47.0,44.0,-23.0,57.82,-51.370000000000005,-74.34,43.79,-64.09,12.74,33.87,10.879999999999999,52.03,-48.16,74.71000000000001,-12.6
2025-07-28T16:35:33.652537,50.0,74.0,25.0,-83.0,-77.0,9.0,32.0,27.0,-19.0,-41.0,7.0,-71.0,68.82,50.629999999999995,31.66,-70.21000000000001,-55.09,10.74,38.87,34.88,-6.970000000000001,-42.16,37.71,-60.6
2025-07-28T16:35:33.656881,-14.0,-26.0,-23.0,18.0,-5.0,-35.0,37.0,-30.0,-9.0,6.0,13.0,-52.0,4.82,-49.370000000000005,-16.34,30.79,16.91,-33.26,43.87,-22.12,3.0299999999999994,4.84,43.71,-41.6
2025-07-28T16:35:33.664910,-21.0,-5.0,-12.0,-31.0,-21.0,-59.0,46.0,40.0,-35.0,-48.0,-25.0,-56.0,-2.1799999999999997,-28.37,-5.34,-18.21,0.9100000000000001,-57.26,52.87,47.88,-22.97,-49.16,5.710000000000001,-45.6
2025-07-28T16:35:33.669267,-6.0,94.0,12.0,-52.0,31.0,-13.0,20.0,-19.0,-58.0,2.0,19.0,-61.0,12.82,70.63,18.66,-39.21,52.91,-11.26,26.87,-11.120000000000001,-45.97,0.8400000000000001,49.71,-50.6
2025-07-28T16:35:33.677035,-69.0,24.0,6.0,-9.0,-57.0,-46.0,-96.0,-58.0,-87.0,58.0,-1.0,-11.0,-50.18,0.629999999999999,12.66,3.789999999999999,-35.09,-44.26,-89.13,-50.12,-74.97,56.84,29.71,-0.5999999999999996
2025-07-28T16:35:33.681563,-17.0,106.0,27.0,44.0,-89.0,-41.0,-15.0,-35.0,-1.0,-46.0,1.0,-42.0,1.8200000000000003,82.63,33.66,56.79,-67.09,-39.26,-8.129999999999999,-27.12,11.03,-47.16,31.71,-31.6
2025-07-28T16:35:33.689389,-11.0,33.0,-72.0,-56.0,-47.0,26.0,-39.0,-51.0,-6.0,45.0,32.0,-51.0,7.82,9.629999999999999,-65.34,-43.21,-25.09,27.74,-32.13,-43.12,6.029999999999999,43.84,62.71,-40.6
2025-07-28T16:35:33.693736,66.0,19.0,-6.0,-9.0,-17.0,16.0,-88.0,-3.0,-13.0,-89.0,1.0,-63.0,84.82,-4.370000000000001,0.6600000000000001,3.789999999999999,4.91,17.74,-81.13,4.88,-0.9700000000000006,-90.16,31.71,-52.6
2025-07-28T16:35:33.701703,47.0,80.0,-31.0,-32.0,-76.0,-15.0,-11.0,-25.0,-2.0,-39.0,-10.0,-30.0,65.82,56.629999999999995,-24.34,-19.21,-54.09,-13.26,-4.13,-17.12,10.03,-40.16,20.71,-19.6
2025-07-28T16:35:33.706037,27.0,56.0,-44.0,4.0,-39.0,-4.0,37.0,-48.0,-82.0,-37.0,63.0,-22.0,45.82,32.629999999999995,-37.34,16.79,-17.09,-2.26,43.87,-40.12,-69.97,-38.16,93.71000000000001,-11.6
2025-07-28T16:35:33.714086,-41.0,-1.0,-62.0,-51.0,0.0,-51.0,-17.0,-64.0,-7.0,2.0,-21.0,-26.0,-22.18,-24.37,-55.34,-38.21,21.91,-49.26,-10.129999999999999,-56.12,5.029999999999999,0.8400000000000001,9.71,-15.6
2025-07-28T16:35:33.718367,25.0,9.0,-57.0,-75.0,-5.0,-36.0,-44.0,-13.0,35.0,-80.0,-15.0,-42.0,43.82,-14.370000000000001,-50.34,-62.21,16.91,-34.26,-37.13,-5.12,47.03,-81.16,15.71,-31.6
2025-07-28T16:35:33.722308,0.0,-9.0,36.0,-21.0,26.0,-44.0,-9.0,-48.0,13.0,7.0,13.0,-28.0,18.82,-32.370000000000005,42.66,-8.21,47.91,-42.26,-2.13,-40.12,25.03,5.84,43.71,-17.6
2025-07-28T16:35:33.730857,34.0,1.0,53.0,-6.0,-80.0,-27.0,6.0,54.0,34.0,-2.0,-30.0,-61.0,52.82,-22.37,59.66,6.789999999999999,-58.09,-25.26,12.870000000000001,61.88,46.03,-3.16,0.7100000000000009,-50.6
2025-07-28T16:35:33.734465,-20.0,-6.0,-4.0,-6.0,-7.0,-3.0,-19.0,-62.0,-19.0,-64.0,28.0,-1.0,-1.1799999999999997,-29.37,2.66,6.789999999999999,14.91,-1.26,-12.129999999999999,-54.12,-6.970000000000001,-65.16,58.71,9.4
2025-07-28T16:35:33.742801,24.0,-19.0,35.0,-21.0,-22.0,-79.0,90.0,-49.0,3.0,-66.0,16.0,-38.0,42.82,-42.370000000000005,41.66,-8.21,-0.08999999999999986,-77.26,96.87,-41.12,15.03,-67.16,46.71,-27.6
2025-07-28T16:35:33.747063,-60.0,-4.0,64.0,14.0,-18.0,-14.0,-28.0,-4.0,42.0,-41.0,10.0,-14.0,-41.18,-27.37,70.66,26.79,3.91,-12.26,-21.13,3.88,54.03,-42.16,40.71,-3.5999999999999996
2025-07-28T16:35:33.755005,-17.0,-8.0,4.0,25.0,11.0,30.0,4.0,-84.0,-3.0,-15.0,8.0,12.0,1.8200000000000003,-31.37,10.66,37.79,32.91,31.74,10.870000000000001,-76.12,9.03,-16.16,38.71,22.4
2025-07-28T16:35:33.759295,0.0,-83.0,7.0,42.0,-72.0,31.0,-24.0,18.0,29.0,-7.0,20.0,-52.0,18.82,-106.37,13.66,54.79,-50.09,32.74,-17.13,25.88,41.03,-8.16,50.71,-41.6
2025-07-28T16:35:33.767275,-115.0,31.0,43.0,-8.0,-86.0,43.0,-8.0,-23.0,-64.0,-35.0,21.0,-58.0,-96.18,7.629999999999999,49.66,4.789999999999999,-64.09,44.74,-1.13,-15.120000000000001,-51.97,-36.16,51.71,-47.6
2025-07-28T16:35:33.771525,-38.0,74.0,58.0,-59.0,-12.0,1.0,-45.0,92.0,-44.0,-46.0,-37.0,-3.0,-19.18,50.629999999999995,64.66,-46.21,9.91,2.74,-38.13,99.88,-31.97,-47.16,-6.289999999999999,7.4
2025-07-28T16:35:33.779586,-58.0,102.0,-31.0,-14.0,-27.0,-59.0,9.0,42.0,-31.0,-7.0,-36.0,-6.0,-39.18,78.63,-24.34,-1.2100000000000009,-5.09,-57.26,15.870000000000001,49.88,-18.97,-8.16,-5.289999999999999,4.4
2025-07-28T16:35:33.783977,-37.0,30.0,-16.0,27.0,-39.0,-60.0,-42.0,-47.0,-15.0,3.0,-10.0,-42.0,-18.18,6.629999999999999,-9.34,39.79,-17.09,-58.26,-35.13,-39.12,-2.9700000000000006,1.84,20.71,-31.6
2025-07-28T16:35:33.791919,6.0,7.0,-61.0,86.0,-72.0,-26.0,-9.0,16.0,-2.0,-81.0,-35.0,-22.0,24.82,-16.37,-54.34,98.78999999999999,-50.09,-24.26,-2.13,23.88,10.03,-82.16,-4.289999999999999,-11.6
2025-07-28T16:35:33.796028,59.0,45.0,-12.0,28.0,-82.0,-19.0,-40.0,16.0,-33.0,-11.0,68.0,-86.0,77.82,21.63,-5.34,40.79,-60.09,-17.26,-33.13,23.88,-20.97,-12.16,98.71000000000001,-75.6
2025-07-28T16:35:33.804012,48.0,94.0,37.0,28.0,-3.0,39.0,1.0,33.0,-23.0,-35.0,28.0,-30.0,66.82,70.63,43.66,40.79,18.91,40.74,7.87,40.88,-10.97,-36.16,58.71,-19.6
2025-07-28T16:35:33.808409,-12.0,-62.0,78.0,-21.0,-57.0,-8.0,-25.0,23.0,-3.0,-105.0,37.0,-27.0,6.82,-85.37,84.66,-8.21,-35.09,-6.26,-18.13,30.88,9.03,-106.16,67.71000000000001,-16.6
2025-07-28T16:35:33.816469,-137.0,47.0,-13.0,-26.0,-24.0,5.0,-56.0,6.0,-27.0,-43.0,-23.0,-58.0,-118.18,23.63,-6.34,-13.21,-2.09,6.74,-49.13,13.879999999999999,-14.97,-44.16,7.710000000000001,-47.6
2025-07-28T16:35:33.820590,-53.0,114.0,-81.0,-82.0,-9.0,-5.0,-29.0,10.0,-60.0,-63.0,-5.0,-62.0,-34.18,90.63,-74.34,-69.21000000000001,12.91,-3.26,-22.13,17.88,-47.97,-64.16,25.71,-51.6
2025-07-28T16:35:33.828737,-25.0,101.0,9.0,75.0,3.0,-51.0,13.0,61.0,-66.0,-21.0,23.0,-47.0,-6.18,77.63,15.66,87.78999999999999,24.91,-49.26,19.87,68.88,-53.97,-22.16,53.71,-36.6
2025-07-28T16:35:33.832964,-90.0,35.0,-39.0,46.0,-107.0,-91.0,-71.0,-19.0,-46.0,-50.0,-19.0,-26.0,-71.18,11.629999999999999,-32.34,58.79,-85.09,-89.26,-64.13,-11.120000000000001,-33.97,-51.16,11.71,-15.6
2025-07-28T16:35:33.840924,3.0,60.0,-4.0,-26.0,-38.0,49.0,-38.0,30.0,15.0,9.0,28.0,-13.0,21.82,36.629999999999995,2.66,-13.21,-16.09,50.74,-31.13,37.88,27.03,7.84,58.71,-2.5999999999999996
2025-07-28T16:35:33.845159,1.0,55.0,-43.0,4.0,-17.0,10.0,31.0,-3.0,15.0,-12.0,-65.0,-27.0,19.82,31.63,-36.34,16.79,4.91,11.74,37.87,4.88,27.03,-13.16,-34.29,-16.6
2025-07-28T16:35:33.853281,6.0,114.0,-40.0,-19.0,-58.0,-15.0,58.0,-15.0,5.0,-23.0,21.0,-78.0,24.82,90.63,-33.34,-6.210000000000001,-36.09,-13.26,64.87,-7.12,17.03,-24.16,51.71,-67.6
2025-07-28T16:35:33.857610,-27.0,-70.0,-7.0,-10.0,40.0,-41.0,42.0,24.0,-52.0,-54.0,22.0,14.0,-8.18,-93.37,-0.33999999999999986,2.789999999999999,61.91,-39.26,48.87,31.88,-39.97,-55.16,52.71,24.4
2025-07-28T16:35:33.865524,-36.0,39.0,4.0,-55.0,40.0,-54.0,12.0,50.0,-57.0,-67.0,18.0,-64.0,-17.18,15.629999999999999,10.66,-42.21,61.91,-52.26,18.87,57.88,-44.97,-68.16,48.71,-53.6
2025-07-28T16:35:33.869711,-79.0,62.0,62.0,-56.0,-76.0,4.0,-64.0,37.0,-70.0,-99.0,25.0,-63.0,-60.18,38.629999999999995,68.66,-43.21,-54.09,5.74,-57.13,44.88,-57.97,-100.16,55.71,-52.6
2025-07-28T16:35:33.876165,11.0,58.0,42.0,19.0,-66.0,35.0,70.0,52.0,9.0,-58.0,64.0,-91.0,29.82,34.629999999999995,48.66,31.79,-44.09,36.74,76.87,59.88,21.03,-59.16,94.71000000000001,-80.6
2025-07-28T16:35:33.882626,-76.0,59.0,-27.0,-1.0,-36.0,-15.0,9.0,-3.0,19.0,-60.0,-16.0,0.0,-57.18,35.629999999999995,-20.34,11.79,-14.09,-13.26,15.870000000000001,4.88,31.03,-61.16,14.71,10.4
2025-07-28T16:35:33.889952,-34.0,54.0,-59.0,-99.0,-29.0,18.0,56.0,-45.0,-22.0,-88.0,-26.0,-95.0,-15.18,30.63,-52.34,-86.21000000000001,-7.09,19.74,62.87,-37.12,-9.97,-89.16,4.710000000000001,-84.6
2025-07-28T16:35:33.894454,-53.0,66.0,-10.0,-70.0,-21.0,8.0,35.0,-16.0,-38.0,-5.0,51.0,-56.0,-34.18,42.629999999999995,-3.34,-57.21,0.9100000000000001,9.74,41.87,-8.120000000000001,-25.97,-6.16,81.71000000000001,-45.6
2025-07-28T16:35:33.902218,-2.0,72.0,-31.0,-28.0,-54.0,-65.0,46.0,-5.0,-12.0,-45.0,61.0,-48.0,16.82,48.629999999999995,-24.34,-15.21,-32.09,-63.26,52.87,2.88,0.02999999999999936,-46.16,91.71000000000001,-37.6
2025-07-28T16:35:33.906564,46.0,31.0,17.0,-34.0,23.0,-33.0,-26.0,26.0,41.0,-23.0,11.0,-46.0,64.82,7.629999999999999,23.66,-21.21,44.91,-31.26,-19.13,33.88,53.03,-24.16,41.71,-35.6
2025-07-28T16:35:33.910543,-37.0,-42.0,28.0,33.0,-90.0,26.0,3.0,-54.0,36.0,-37.0,-17.0,-86.0,-18.18,-65.37,34.66,45.79,-68.09,27.74,9.870000000000001,-46.12,48.03,-38.16,13.71,-75.6
2025-07-28T16:35:33.918839,-75.0,55.0,70.0,4.0,-52.0,16.0,14.0,-47.0,-51.0,-15.0,35.0,-34.0,-56.18,31.63,76.66,16.79,-30.09,17.74,20.87,-39.12,-38.97,-16.16,65.71000000000001,-23.6
2025-07-28T16:35:33.926860,-59.0,54.0,-29.0,33.0,-72.0,-39.0,-27.0,-53.0,-15.0,-34.0,13.0,-45.0,-40.18,30.63,-22.34,45.79,-50.09,-37.26,-20.13,-45.12,-2.9700000000000006,-35.16,43.71,-34.6
2025-07-28T16:35:33.931301,-20.0,113.0,-40.0,-39.0,5.0,-30.0,-15.0,41.0,10.0,-59.0,-57.0,-11.0,-1.1799999999999997,89.63,-33.34,-26.21,26.91,-28.26,-8.129999999999999,48.88,22.03,-60.16,-26.29,-0.5999999999999996
2025-07-28T16:35:33.939247,-57.0,-19.0,-15.0,-64.0,-13.0,40.0,22.0,26.0,9.0,-113.0,30.0,-43.0,-38.18,-42.370000000000005,-8.34,-51.21,8.91,41.74,28.87,33.88,21.03,-114.16,60.71,-32.6
2025-07-28T16:35:33.943530,83.0,-50.0,-33.0,118.0,16.0,-37.0,-11.0,-23.0,-84.0,-42.0,33.0,-35.0,101.82,-73.37,-26.34,130.79,37.91,-35.26,-4.13,-15.120000000000001,-71.97,-43.16,63.71,-24.6
2025-07-28T16:35:33.951412,-83.0,9.0,-33.0,-15.0,-30.0,-6.0,-4.0,69.0,-81.0,-64.0,63.0,-47.0,-64.18,-14.370000000000001,-26.34,-2.210000000000001,-8.09,-4.26,2.87,76.88,-68.97,-65.16,93.71000000000001,-36.6
2025-07-28T16:35:33.955759,-47.0,36.0,37.0,10.0,-74.0,25.0,5.0,-17.0,-50.0,-44.0,35.0,-86.0,-28.18,12.629999999999999,43.66,22.79,-52.09,26.74,11.870000000000001,-9.120000000000001,-37.97,-45.16,65.71000000000001,-75.6
2025-07-28T16:35:33.959750,-38.0,21.0,-29.0,-66.0,-38.0,53.0,28.0,12.0,-23.0,-80.0,4.0,-61.0,-19.18,-2.370000000000001,-22.34,-53.21,-16.09,54.74,34.87,19.88,-10.97,-81.16,34.71,-50.6
2025-07-28T16:35:33.968046,-49.0,63.0,-22.0,4.0,-27.0,-34.0,19.0,-11.0,-15.0,-41.0,-2.0,-48.0,-30.18,39.629999999999995,-15.34,16.79,-5.09,-32.26,25.87,-3.12,-2.9700000000000006,-42.16,28.71,-37.6
2025-07-28T16:35:33.972021,15.0,97.0,-59.0,-54.0,-54.0,47.0,11.0,-40.0,-26.0,-44.0,-1.0,-78.0,33.82,73.63,-52.34,-41.21,-32.09,48.74,17.87,-32.12,-13.97,-45.16,29.71,-67.6
2025-07-28T16:35:33.980475,-26.0,-43.0,7.0,-62.0,1.0,-4.0,1.0,-13.0,-76.0,-43.0,0.0,-91.0,-7.18,-66.37,13.66,-49.21,22.91,-2.26,7.87,-5.12,-63.97,-44.16,30.71,-80.6
2025-07-28T16:35:33.985345,23.0,-36.0,-32.0,-51.0,-74.0,24.0,40.0,27.0,-6.0,-50.0,29.0,-27.0,41.82,-59.370000000000005,-25.34,-38.21,-52.09,25.74,46.87,34.88,6.029999999999999,-51.16,59.71,-16.6
2025-07-28T16:35:33.992644,70.0,10.0,31.0,-27.0,-10.0,-42.0,17.0,12.0,-52.0,-38.0,-49.0,-31.0,88.82,-13.370000000000001,37.66,-14.21,11.91,-40.26,23.87,19.88,-39.97,-39.16,-18.29,-20.6
2025-07-28T16:35:33.996643,-23.0,-15.0,-9.0,-6.0,23.0,-51.0,-53.0,-7.0,34.0,-37.0,-50.0,16.0,-4.18,-38.370000000000005,-2.34,6.789999999999999,44.91,-49.26,-46.13,0.8799999999999999,46.03,-38.16,-19.29,26.4
2025-07-28T16:35:34.004822,11.0,73.0,68.0,9.0,-49.0,-13.0,-29.0,-37.0,-22.0,-37.0,-15.0,13.0,29.82,49.629999999999995,74.66,21.79,-27.09,-11.26,-22.13,-29.12,-9.97,-38.16,15.71,23.4
2025-07-28T16:35:34.009060,-55.0,67.0,27.0,-1.0,-120.0,-35.0,-46.0,0.0,-35.0,-23.0,-4.0,-9.0,-36.18,43.629999999999995,33.66,11.79,-98.09,-33.26,-39.13,7.88,-22.97,-24.16,26.71,1.4000000000000004
2025-07-28T16:35:34.016999,-31.0,55.0,9.0,41.0,-63.0,-71.0,-3.0,-26.0,11.0,-69.0,-24.0,37.0,-12.18,31.63,15.66,53.79,-41.09,-69.26,3.87,-18.12,23.03,-70.16,6.710000000000001,47.4
2025-07-28T16:35:34.021306,15.0,38.0,-85.0,-42.0,53.0,-43.0,-19.0,-29.0,-55.0,-45.0,-38.0,-38.0,33.82,14.629999999999999,-78.34,-29.21,74.91,-41.26,-12.129999999999999,-21.12,-42.97,-46.16,-7.289999999999999,-27.6
2025-07-28T16:35:34.029500,15.0,60.0,-96.0,37.0,-56.0,-10.0,14.0,-74.0,-3.0,-63.0,-32.0,16.0,33.82,36.629999999999995,-89.34,49.79,-34.09,-8.26,20.87,-66.12,9.03,-64.16,-1.2899999999999991,26.4
2025-07-28T16:35:34.033696,22.0,48.0,-127.0,-49.0,-64.0,-45.0,16.0,-23.0,-23.0,-71.0,-62.0,5.0,40.82,24.63,-120.34,-36.21,-42.09,-43.26,22.87,-15.120000000000001,-10.97,-72.16,-31.29,15.4
2025-07-28T16:35:34.041609,16.0,73.0,-20.0,2.0,-44.0,-18.0,-6.0,-27.0,-44.0,-19.0,-53.0,8.0,34.82,49.629999999999995,-13.34,14.79,-22.09,-16.26,0.8700000000000001,-19.12,-31.97,-20.16,-22.29,18.4
2025-07-28T16:35:34.045777,-37.0,14.0,20.0,18.0,-69.0,1.0,11.0,-83.0,20.0,-8.0,-63.0,55.0,-18.18,-9.370000000000001,26.66,30.79,-47.09,2.74,17.87,-75.12,32.03,-9.16,-32.29,65.4
2025-07-28T16:35:34.053930,-49.0,93.0,-17.0,-23.0,6.0,-16.0,-48.0,0.0,-19.0,-85.0,5.0,14.0,-30.18,69.63,-10.34,-10.21,27.91,-14.26,-41.13,7.88,-6.970000000000001,-86.16,35.71,24.4
2025-07-28T16:35:34.058247,-103.0,56.0,-65.0,20.0,5.0,-2.0,19.0,-16.0,-24.0,-57.0,-1.0,-11.0,-84.18,32.629999999999995,-58.34,32.79,26.91,-0.26,25.87,-8.120000000000001,-11.97,-58.16,29.71,-0.5999999999999996
2025-07-28T16:35:34.066274,-32.0,52.0,-51.0,10.0,-37.0,-57.0,28.0,0.0,-61.0,23.0,-94.0,21.0,-13.18,28.63,-44.34,22.79,-15.09,-55.26,34.87,7.88,-48.97,21.84,-63.29,31.4
2025-07-28T16:35:34.070483,17.0,113.0,-108.0,68.0,-38.0,-64.0,-5.0,23.0,47.0,60.0,-54.0,-11.0,35.82,89.63,-101.34,80.78999999999999,-16.09,-62.26,1.87,30.88,59.03,58.84,-23.29,-0.5999999999999996
2025-07-28T16:35:34.078566,-96.0,-1.0,-34.0,-24.0,-55.0,39.0,-40.0,0.0,-28.0,34.0,-46.0,-24.0,-77.18,-24.37,-27.34,-11.21,-33.09,40.74,-33.13,7.88,-15.97,32.84,-15.29,-13.6
2025-07-28T16:35:34.082741,-28.0,78.0,-1.0,17.0,-66.0,42.0,36.0,7.0,-56.0,24.0,-31.0,-26.0,-9.18,54.629999999999995,5.66,29.79,-44.09,43.74,42.87,14.879999999999999,-43.97,22.84,-0.28999999999999915,-15.6
2025-07-28T16:35:34.090763,-77.0,36.0,13.0,-10.0,48.0,5.0,-42.0,13.0,-61.0,2.0,-102.0,-60.0,-58.18,12.629999999999999,19.66,2.789999999999999,69.91,6.74,-35.13,20.88,-48.97,0.8400000000000001,-71.28999999999999,-49.6
2025-07-28T16:35:34.095173,-70.0,88.0,28.0,-9.0,-42.0,30.0,-24.0,-93.0,-15.0,5.0,-45.0,-32.0,-51.18,64.63,34.66,3.789999999999999,-20.09,31.74,-17.13,-85.12,-2.9700000000000006,3.84,-14.29,-21.6
2025-07-28T16:35:34.103223,-40.0,18.0,-83.0,30.0,47.0,-67.0,-71.0,56.0,25.0,-39.0,-23.0,-14.0,-21.18,-5.370000000000001,-76.34,42.79,68.91,-65.26,-64.13,63.88,37.03,-40.16,7.710000000000001,-3.5999999999999996
2025-07-28T16:35:34.107378,15.0,86.0,-92.0,-12.0,-55.0,-24.0,-53.0,-15.0,-35.0,-4.0,-53.0,-16.0,33.82,62.629999999999995,-85.34,0.7899999999999991,-33.09,-22.26,-46.13,-7.12,-22.97,-5.16,-22.29,-5.6
2025-07-28T16:35:34.115413,41.0,1.0,-42.0,34.0,-22.0,17.0,46.0,-3.0,-61.0,16.0,-31.0,14.0,59.82,-22.37,-35.34,46.79,-0.08999999999999986,18.74,52.87,4.88,-48.97,14.84,-0.28999999999999915,24.4
2025-07-28T16:35:34.119569,-31.0,-6.0,-49.0,-43.0,16.0,63.0,23.0,22.0,-102.0,-21.0,-3.0,30.0,-12.18,-29.37,-42.34,-30.21,37.91,64.74,29.87,29.88,-89.97,-22.16,27.71,40.4
2025-07-28T16:35:34.127442,-19.0,-4.0,9.0,-32.0,12.0,12.0,69.0,-34.0,-51.0,32.0,-56.0,4.0,-0.17999999999999972,-27.37,15.66,-19.21,33.91,13.74,75.87,-26.12,-38.97,30.84,-25.29,14.4
2025-07-28T16:35:34.131767,-58.0,18.0,0.0,-38.0,28.0,2.0,-43.0,-28.0,-47.0,55.0,-63.0,17.0,-39.18,-5.370000000000001,6.66,-25.21,49.91,3.74,-36.13,-20.12,-34.97,53.84,-32.29,27.4
2025-07-28T16:35:34.140003,-57.0,83.0,38.0,7.0,-7.0,-18.0,-88.0,76.0,-57.0,14.0,-46.0,-13.0,-38.18,59.629999999999995,44.66,19.79,14.91,-16.26,-81.13,83.88,-44.97,12.84,-15.29,-2.5999999999999996
2025-07-28T16:35:34.144288,-44.0,72.0,-42.0,-20.0,-75.0,-23.0,-40.0,-41.0,-38.0,50.0,-63.0,-25.0,-25.18,48.629999999999995,-35.34,-7.210000000000001,-53.09,-21.26,-33.13,-33.12,-25.97,48.84,-32.29,-14.6
2025-07-28T16:35:34.152299,106.0,21.0,-21.0,29.0,9.0,1.0,42.0,12.0,-25.0,-6.0,-32.0,-35.0,124.82,-2.370000000000001,-14.34,41.79,30.91,2.74,48.87,19.88,-12.97,-7.16,-1.2899999999999991,-24.6
2025-07-28T16:35:34.156412,16.0,5.0,-43.0,-72.0,-36.0,26.0,17.0,4.0,32.0,75.0,-71.0,-68.0,34.82,-18.37,-36.34,-59.21,-14.09,27.74,23.87,11.879999999999999,44.03,73.84,-40.29,-57.6
2025-07-28T16:35:34.164449,73.0,-22.0,-86.0,-44.0,-10.0,-21.0,-14.0,63.0,-64.0,25.0,-53.0,-21.0,91.82,-45.370000000000005,-79.34,-31.21,11.91,-19.26,-7.13,70.88,-51.97,23.84,-22.29,-10.6
2025-07-28T16:35:34.168830,47.0,-60.0,-26.0,30.0,-37.0,-60.0,-88.0,10.0,-65.0,5.0,-60.0,-50.0,65.82,-83.37,-19.34,42.79,-15.09,-58.26,-81.13,17.88,-52.97,3.84,-29.29,-39.6
2025-07-28T16:35:34.176750,-68.0,-30.0,36.0,5.0,12.0,-41.0,30.0,-5.0,-27.0,16.0,-44.0,-32.0,-49.18,-53.370000000000005,42.66,17.79,33.91,-39.26,36.87,2.88,-14.97,14.84,-13.29,-21.6
2025-07-28T16:35:34.181154,-107.0,102.0,14.0,61.0,-32.0,-83.0,-27.0,18.0,-64.0,54.0,-31.0,-29.0,-88.18,78.63,20.66,73.78999999999999,-10.09,-81.26,-20.13,25.88,-51.97,52.84,-0.28999999999999915,-18.6
2025-07-28T16:35:34.189162,-61.0,44.0,-37.0,35.0,-56.0,-6.0,-23.0,-13.0,-65.0,-14.0,-45.0,19.0,-42.18,20.63,-30.34,47.79,-34.09,-4.26,-16.13,-5.12,-52.97,-15.16,-14.29,29.4
2025-07-28T16:35:34.193320,84.0,78.0,-56.0,9.0,25.0,-31.0,16.0,33.0,-83.0,53.0,-10.0,93.0,102.82,54.629999999999995,-49.34,21.79,46.91,-29.26,22.87,40.88,-70.97,51.84,20.71,103.4
2025-07-28T16:35:34.197305,8.0,88.0,-31.0,-65.0,-14.0,21.0,0.0,1.0,-82.0,-28.0,-20.0,0.0,26.82,64.63,-24.34,-52.21,7.91,22.74,6.87,8.879999999999999,-69.97,-29.16,10.71,10.4
2025-07-28T16:35:34.205653,56.0,66.0,-58.0,36.0,3.0,-65.0,-24.0,20.0,-106.0,-54.0,-30.0,-60.0,74.82,42.629999999999995,-51.34,48.79,24.91,-63.26,-17.13,27.88,-93.97,-55.16,0.7100000000000009,-49.6
2025-07-28T16:35:34.210679,19.0,-5.0,-52.0,-36.0,1.0,-7.0,-10.0,-14.0,-26.0,-25.0,-28.0,-103.0,37.82,-28.37,-45.34,-23.21,22.91,-5.26,-3.13,-6.12,-13.97,-26.16,2.710000000000001,-92.6
2025-07-28T16:35:34.217770,18.0,18.0,-75.0,-18.0,12.0,-35.0,53.0,1.0,-40.0,1.0,-9.0,-46.0,36.82,-5.370000000000001,-68.34,-5.210000000000001,33.91,-33.26,59.87,8.879999999999999,-27.97,-0.15999999999999992,21.71,-35.6
2025-07-28T16:35:34.221857,71.0,4.0,-47.0,-51.0,21.0,-14.0,55.0,-52.0,-12.0,78.0,57.0,-52.0,89.82,-19.37,-40.34,-38.21,42.91,-12.26,61.87,-44.12,0.02999999999999936,76.84,87.71000000000001,-41.6
2025-07-28T16:35:34.230043,21.0,-10.0,31.0,66.0,-47.0,-52.0,36.0,-26.0,-80.0,31.0,62.0,-82.0,39.82,-33.370000000000005,37.66,78.78999999999999,-25.09,-50.26,42.87,-18.12,-67.97,29.84,92.71000000000001,-71.6
2025-07-28T16:35:34.234173,-84.0,48.0,24.0,-13.0,-41.0,32.0,-87.0,-51.0,7.0,48.0,38.0,-3.0,-65.18,24.63,30.66,-0.21000000000000085,-19.09,33.74,-80.13,-43.12,19.03,46.84,68.71000000000001,7.4
2025-07-28T16:35:34.242354,-10.0,134.0,36.0,-23.0,-92.0,-24.0,45.0,43.0,-49.0,26.0,49.0,-98.0,8.82,110.63,42.66,-10.21,-70.09,-22.26,51.87,50.88,-36.97,24.84,79.71000000000001,-87.6
2025-07-28T16:35:34.246470,-96.0,39.0,-62.0,-31.0,-6.0,-30.0,58.0,-19.0,11.0,14.0,12.0,-42.0,-77.18,15.629999999999999,-55.34,-18.21,15.91,-28.26,64.87,-11.120000000000001,23.03,12.84,42.71,-31.6
2025-07-28T16:35:34.254608,-1.0,93.0,-13.0,29.0,2.0,-46.0,-22.0,-41.0,-17.0,18.0,31.0,-60.0,17.82,69.63,-6.34,41.79,23.91,-44.26,-15.129999999999999,-33.12,-4.970000000000001,16.84,61.71,-49.6
2025-07-28T16:35:34.258761,33.0,11.0,-24.0,-2.0,-41.0,-53.0,19.0,-6.0,-97.0,70.0,62.0,-29.0,51.82,-12.370000000000001,-17.34,10.79,-19.09,-51.26,25.87,1.88,-84.97,68.84,92.71000000000001,-18.6
2025-07-28T16:35:34.267042,-52.0,-32.0,-34.0,-9.0,-32.0,-34.0,35.0,-35.0,-64.0,-7.0,19.0,-35.0,-33.18,-55.370000000000005,-27.34,3.789999999999999,-10.09,-32.26,41.87,-27.12,-51.97,-8.16,49.71,-24.6
2025-07-28T16:35:34.271291,0.0,15.0,1.0,-5.0,-68.0,-22.0,14.0,-53.0,5.0,-46.0,31.0,-78.0,18.82,-8.370000000000001,7.66,7.789999999999999,-46.09,-20.26,20.87,-45.12,17.03,-47.16,61.71,-67.6
2025-07-28T16:35:34.279324,19.0,51.0,-19.0,48.0,-52.0,-50.0,-7.0,-16.0,-40.0,-48.0,67.0,2.0,37.82,27.63,-12.34,60.79,-30.09,-48.26,-0.1299999999999999,-8.120000000000001,-27.97,-49.16,97.71000000000001,12.4
2025-07-28T16:35:34.283535,65.0,-26.0,30.0,-69.0,-63.0,-7.0,75.0,-47.0,-18.0,-55.0,41.0,-18.0,83.82,-49.370000000000005,36.66,-56.21,-41.09,-5.26,81.87,-39.12,-5.970000000000001,-56.16,71.71000000000001,-7.6
2025-07-28T16:35:34.291502,-6.0,32.0,19.0,-57.0,-3.0,-29.0,-30.0,7.0,-10.0,-33.0,28.0,-46.0,12.82,8.629999999999999,25.66,-44.21,18.91,-27.26,-23.13,14.879999999999999,2.0299999999999994,-34.16,58.71,-35.6
2025-07-28T16:35:34.295888,-4.0,25.0,-6.0,-62.0,12.0,-91.0,-3.0,-22.0,-45.0,-65.0,50.0,-52.0,14.82,1.629999999999999,0.6600000000000001,-49.21,33.91,-89.26,3.87,-14.120000000000001,-32.97,-66.16,80.71000000000001,-41.6
2025-07-28T16:35:34.303775,13.0,116.0,41.0,-15.0,-16.0,-53.0,-85.0,18.0,-21.0,-62.0,-19.0,-40.0,31.82,92.63,47.66,-2.210000000000001,5.91,-51.26,-78.13,25.88,-8.97,-63.16,11.71,-29.6
2025-07-28T16:35:34.308038,-7.0,46.0,-36.0,61.0,-27.0,-101.0,-88.0,87.0,7.0,-23.0,-80.0,29.0,11.82,22.63,-29.34,73.78999999999999,-5.09,-99.26,-81.13,94.88,19.03,-24.16,-49.29,39.4
2025-07-28T16:35:34.316131,-1.0,51.0,-48.0,-11.0,26.0,-88.0,-9.0,0.0,-11.0,-25.0,-45.0,40.0,17.82,27.63,-41.34,1.7899999999999991,47.91,-86.26,-2.13,7.88,1.0299999999999994,-26.16,-14.29,50.4
2025-07-28T16:35:34.320281,-4.0,28.0,-7.0,21.0,-39.0,-52.0,-5.0,17.0,-67.0,34.0,15.0,20.0,14.82,4.629999999999999,-0.33999999999999986,33.79,-17.09,-50.26,1.87,24.88,-54.97,32.84,45.71,30.4
2025-07-28T16:35:34.328393,6.0,40.0,-32.0,71.0,-15.0,-85.0,-24.0,-50.0,1.0,65.0,-45.0,-5.0,24.82,16.63,-25.34,83.78999999999999,6.91,-83.26,-17.13,-42.12,13.03,63.84,-14.29,5.4
2025-07-28T16:35:34.332563,2.0,15.0,-90.0,16.0,-20.0,-64.0,37.0,43.0,-34.0,31.0,5.0,-59.0,20.82,-8.370000000000001,-83.34,28.79,1.9100000000000001,-62.26,43.87,50.88,-21.97,29.84,35.71,-48.6
2025-07-28T16:35:34.340545,51.0,80.0,-14.0,-4.0,-137.0,24.0,-63.0,-6.0,-36.0,8.0,-50.0,62.0,69.82,56.629999999999995,-7.34,8.79,-115.09,25.74,-56.13,1.88,-23.97,6.84,-19.29,72.4
2025-07-28T16:35:34.344868,62.0,68.0,-69.0,1.0,12.0,-1.0,-8.0,13.0,-75.0,70.0,-22.0,-4.0,80.82,44.629999999999995,-62.34,13.79,33.91,0.74,-1.13,20.88,-62.97,68.84,8.71,6.4
2025-07-28T16:35:34.352726,62.0,122.0,-42.0,-26.0,-11.0,45.0,19.0,2.0,-16.0,66.0,-19.0,-108.0,80.82,98.63,-35.34,-13.21,10.91,46.74,25.87,9.879999999999999,-3.9700000000000006,64.84,11.71,-97.6
2025-07-28T16:35:34.357131,-14.0,-43.0,-3.0,12.0,-23.0,-29.0,-22.0,16.0,-33.0,-6.0,-48.0,-72.0,4.82,-66.37,3.66,24.79,-1.0899999999999999,-27.26,-15.129999999999999,23.88,-20.97,-7.16,-17.29,-61.6
2025-07-28T16:35:34.365266,9.0,37.0,-74.0,-14.0,-38.0,23.0,-28.0,-26.0,-79.0,-7.0,-73.0,-94.0,27.82,13.629999999999999,-67.34,-1.2100000000000009,-16.09,24.74,-21.13,-18.12,-66.97,-8.16,-42.29,-83.6
2025-07-28T16:35:34.369451,21.0,-46.0,-61.0,-60.0,-61.0,-58.0,11.0,-24.0,-24.0,-18.0,17.0,-82.0,39.82,-69.37,-54.34,-47.21,-39.09,-56.26,17.87,-16.12,-11.97,-19.16,47.71,-71.6
2025-07-28T16:35:34.373542,-32.0,43.0,-36.0,1.0,57.0,-56.0,-45.0,-38.0,-85.0,-17.0,-52.0,-73.0,-13.18,19.63,-29.34,13.79,78.91,-54.26,-38.13,-30.12,-72.97,-18.16,-21.29,-62.6
2025-07-28T16:35:34.381461,-16.0,6.0,-18.0,66.0,6.0,35.0,-33.0,-8.0,-27.0,-17.0,-62.0,-34.0,2.8200000000000003,-17.37,-11.34,78.78999999999999,27.91,36.74,-26.13,-0.1200000000000001,-14.97,-18.16,-31.29,-23.6
2025-07-28T16:35:34.385922,-29.0,-41.0,-7.0,24.0,-18.0,20.0,-12.0,-10.0,-35.0,-23.0,-54.0,-107.0,-10.18,-64.37,-0.33999999999999986,36.79,3.91,21.74,-5.13,-2.12,-22.97,-24.16,-23.29,-96.6
2025-07-28T16:35:34.393755,12.0,86.0,31.0,-7.0,-62.0,-10.0,-33.0,37.0,-22.0,65.0,-61.0,-97.0,30.82,62.629999999999995,37.66,5.789999999999999,-40.09,-8.26,-26.13,44.88,-9.97,63.84,-30.29,-86.6
2025-07-28T16:35:34.398193,-19.0,40.0,-38.0,-95.0,-2.0,19.0,26.0,6.0,-19.0,-11.0,-25.0,-53.0,-0.17999999999999972,16.63,-31.34,-82.21000000000001,19.91,20.74,32.87,13.879999999999999,-6.970000000000001,-12.16,5.710000000000001,-42.6
2025-07-28T16:35:34.406285,-9.0,65.0,-53.0,23.0,11.0,-37.0,-14.0,34.0,-122.0,-7.0,-32.0,-34.0,9.82,41.629999999999995,-46.34,35.79,32.91,-35.26,-7.13,41.88,-109.97,-8.16,-1.2899999999999991,-23.6
2025-07-28T16:35:34.410367,42.0,-15.0,-48.0,43.0,16.0,-27.0,-11.0,1.0,-60.0,-49.0,-69.0,-58.0,60.82,-38.370000000000005,-41.34,55.79,37.91,-25.26,-4.13,8.879999999999999,-47.97,-50.16,-38.29,-47.6
2025-07-28T16:35:34.418388,65.0,41.0,28.0,-12.0,-40.0,-38.0,-5.0,-35.0,-15.0,66.0,-30.0,-93.0,83.82,17.63,34.66,0.7899999999999991,-18.09,-36.26,1.87,-27.12,-2.9700000000000006,64.84,0.7100000000000009,-82.6
2025-07-28T16:35:34.422589,-74.0,-10.0,-39.0,-3.0,-32.0,15.0,-34.0,-34.0,-45.0,-5.0,-16.0,-137.0,-55.18,-33.370000000000005,-32.34,9.79,-10.09,16.74,-27.13,-26.12,-32.97,-6.16,14.71,-126.6
2025-07-28T16:35:34.431058,-46.0,73.0,1.0,-30.0,-12.0,-20.0,8.0,38.0,-31.0,-8.0,-101.0,-68.0,-27.18,49.629999999999995,7.66,-17.21,9.91,-18.26,14.870000000000001,45.88,-18.97,-9.16,-70.28999999999999,-57.6
2025-07-28T16:35:34.434915,-69.0,41.0,-2.0,-87.0,36.0,85.0,-6.0,-59.0,-41.0,-51.0,-83.0,-59.0,-50.18,17.63,4.66,-74.21000000000001,57.91,86.74,0.8700000000000001,-51.12,-28.97,-52.16,-52.29,-48.6
2025-07-28T16:35:34.442979,0.0,80.0,-19.0,24.0,25.0,-22.0,18.0,-7.0,-72.0,17.0,-56.0,-66.0,18.82,56.629999999999995,-12.34,36.79,46.91,-20.26,24.87,0.8799999999999999,-59.97,15.84,-25.29,-55.6
2025-07-28T16:35:34.447526,-40.0,104.0,-4.0,42.0,-40.0,-9.0,117.0,20.0,-47.0,7.0,-16.0,-86.0,-21.18,80.63,2.66,54.79,-18.09,-7.26,123.87,27.88,-34.97,5.84,14.71,-75.6
2025-07-28T16:35:34.455438,-83.0,40.0,-58.0,51.0,-20.0,-22.0,-29.0,-2.0,-15.0,-59.0,55.0,-67.0,-64.18,16.63,-51.34,63.79,1.9100000000000001,-20.26,-22.13,5.88,-2.9700000000000006,-60.16,85.71000000000001,-56.6
2025-07-28T16:35:34.459639,63.0,108.0,-49.0,17.0,-35.0,-19.0,-6.0,-7.0,-8.0,25.0,42.0,-65.0,81.82,84.63,-42.34,29.79,-13.09,-17.26,0.8700000000000001,0.8799999999999999,4.029999999999999,23.84,72.71000000000001,-54.6
2025-07-28T16:35:34.467497,-4.0,116.0,-79.0,6.0,-37.0,16.0,20.0,-11.0,1.0,30.0,0.0,-83.0,14.82,92.63,-72.34,18.79,-15.09,17.74,26.87,-3.12,13.03,28.84,30.71,-72.6
2025-07-28T16:35:34.471957,23.0,110.0,-73.0,2.0,-69.0,28.0,63.0,-17.0,-35.0,-12.0,23.0,-60.0,41.82,86.63,-66.34,14.79,-47.09,29.74,69.87,-9.120000000000001,-22.97,-13.16,53.71,-49.6
2025-07-28T16:35:34.479979,32.0,-45.0,-86.0,15.0,-26.0,0.0,-26.0,-83.0,-33.0,-80.0,56.0,-49.0,50.82,-68.37,-79.34,27.79,-4.09,1.74,-19.13,-75.12,-20.97,-81.16,86.71000000000001,-38.6
2025-07-28T16:35:34.484048,45.0,44.0,-68.0,-24.0,2.0,-30.0,41.0,-3.0,7.0,-125.0,45.0,-67.0,63.82,20.63,-61.34,-11.21,23.91,-28.26,47.87,4.88,19.03,-126.16,75.71000000000001,-56.6
2025-07-28T16:35:34.492256,-34.0,-28.0,2.0,-37.0,2.0,17.0,-29.0,-5.0,-34.0,-65.0,19.0,-91.0,-15.18,-51.370000000000005,8.66,-24.21,23.91,18.74,-22.13,2.88,-21.97,-66.16,49.71,-80.6
2025-07-28T16:35:34.496411,10.0,13.0,52.0,-6.0,9.0,-80.0,-15.0,-71.0,-56.0,-72.0,1.0,-67.0,28.82,-10.370000000000001,58.66,6.789999999999999,30.91,-78.26,-8.129999999999999,-63.12,-43.97,-73.16,31.71,-56.6
2025-07-28T16:35:34.504314,39.0,4.0,6.0,-30.0,16.0,4.0,-5.0,-84.0,-66.0,-20.0,47.0,-51.0,57.82,-19.37,12.66,-17.21,37.91,5.74,1.87,-76.12,-53.97,-21.16,77.71000000000001,-40.6
2025-07-28T16:35:34.508620,15.0,5.0,-7.0,16.0,-34.0,-2.0,-33.0,-62.0,-25.0,-27.0,21.0,-35.0,33.82,-18.37,-0.33999999999999986,28.79,-12.09,-0.26,-26.13,-54.12,-12.97,-28.16,51.71,-24.6
2025-07-28T16:35:34.512954,3.0,27.0,-32.0,24.0,-42.0,-29.0,23.0,21.0,-21.0,-65.0,64.0,3.0,21.82,3.629999999999999,-25.34,36.79,-20.09,-27.26,29.87,28.88,-8.97,-66.16,94.71000000000001,13.4
2025-07-28T16:35:34.521021,-29.0,56.0,8.0,9.0,-8.0,-67.0,-26.0,-19.0,-16.0,-48.0,27.0,58.0,-10.18,32.629999999999995,14.66,21.79,13.91,-65.26,-19.13,-11.120000000000001,-3.9700000000000006,-49.16,57.71,68.4
2025-07-28T16:35:34.524971,-42.0,60.0,54.0,14.0,-87.0,-22.0,7.0,-1.0,-43.0,-50.0,-109.0,72.0,-23.18,36.629999999999995,60.66,26.79,-65.09,-20.26,13.870000000000001,6.88,-30.97,-51.16,-78.28999999999999,82.4
2025-07-28T16:35:34.533203,2.0,18.0,-85.0,-14.0,18.0,-65.0,1.0,40.0,-63.0,-7.0,-17.0,-52.0,20.82,-5.370000000000001,-78.34,-1.2100000000000009,39.91,-63.26,7.87,47.88,-50.97,-8.16,13.71,-41.6
2025-07-28T16:35:34.537327,-67.0,60.0,-22.0,47.0,-79.0,-40.0,17.0,-47.0,-128.0,41.0,-50.0,5.0,-48.18,36.629999999999995,-15.34,59.79,-57.09,-38.26,23.87,-39.12,-115.97,39.84,-19.29,15.4
2025-07-28T16:35:34.545426,113.0,15.0,-73.0,-16.0,-46.0,12.0,-40.0,-18.0,-62.0,-2.0,-51.0,-22.0,131.82,-8.370000000000001,-66.34,-3.210000000000001,-24.09,13.74,-33.13,-10.120000000000001,-49.97,-3.16,-20.29,-11.6
2025-07-28T16:35:34.550044,64.0,28.0,-84.0,-18.0,64.0,25.0,-33.0,3.0,-45.0,-13.0,-23.0,-22.0,82.82,4.629999999999999,-77.34,-5.210000000000001,85.91,26.74,-26.13,10.879999999999999,-32.97,-14.16,7.710000000000001,-11.6
2025-07-28T16:35:34.557745,35.0,4.0,34.0,-49.0,4.0,-19.0,26.0,-52.0,-51.0,12.0,-8.0,-17.0,53.82,-19.37,40.66,-36.21,25.91,-17.26,32.87,-44.12,-38.97,10.84,22.71,-6.6
2025-07-28T16:35:34.562770,32.0,-33.0,38.0,55.0,1.0,-41.0,61.0,24.0,9.0,58.0,-23.0,-30.0,50.82,-56.370000000000005,44.66,67.78999999999999,22.91,-39.26,67.87,31.88,21.03,56.84,7.710000000000001,-19.6
2025-07-28T16:35:34.570093,-69.0,65.0,50.0,1.0,1.0,-66.0,10.0,15.0,-23.0,36.0,-77.0,-18.0,-50.18,41.629999999999995,56.66,13.79,22.91,-64.26,16.87,22.88,-10.97,34.84,-46.29,-7.6
2025-07-28T16:35:34.575083,33.0,45.0,30.0,11.0,-24.0,-56.0,-22.0,48.0,-39.0,0.0,-75.0,15.0,51.82,21.63,36.66,23.79,-2.09,-54.26,-15.129999999999999,55.88,-26.97,-1.16,-44.29,25.4
2025-07-28T16:35:34.582287,4.0,77.0,25.0,-22.0,-52.0,-8.0,3.0,29.0,-38.0,30.0,-86.0,13.0,22.82,53.629999999999995,31.66,-9.21,-30.09,-6.26,9.870000000000001,36.88,-25.97,28.84,-55.29,23.4
2025-07-28T16:35:34.586610,-47.0,83.0,-68.0,-40.0,6.0,-6.0,0.0,-39.0,-9.0,-8.0,12.0,-50.0,-28.18,59.629999999999995,-61.34,-27.21,27.91,-4.26,6.87,-31.12,3.0299999999999994,-9.16,42.71,-39.6
2025-07-28T16:35:34.594607,-22.0,87.0,47.0,-16.0,18.0,55.0,-14.0,5.0,19.0,-54.0,-51.0,-87.0,-3.1799999999999997,63.629999999999995,53.66,-3.210000000000001,39.91,56.74,-7.13,12.879999999999999,31.03,-55.16,-20.29,-76.6
2025-07-28T16:35:34.598805,2.0,104.0,-69.0,-13.0,-20.0,-44.0,7.0,-5.0,-18.0,-25.0,48.0,-88.0,20.82,80.63,-62.34,-0.21000000000000085,1.9100000000000001,-42.26,13.870000000000001,2.88,-5.970000000000001,-26.16,78.71000000000001,-77.6
2025-07-28T16:35:34.606886,-39.0,147.0,-38.0,-10.0,-28.0,-57.0,2.0,21.0,-62.0,-32.0,-33.0,-52.0,-20.18,123.63,-31.34,2.789999999999999,-6.09,-55.26,8.870000000000001,28.88,-49.97,-33.16,-2.289999999999999,-41.6
2025-07-28T16:35:34.611062,15.0,44.0,-66.0,-14.0,-14.0,1.0,4.0,-49.0,-54.0,28.0,-53.0,-71.0,33.82,20.63,-59.34,-1.2100000000000009,7.91,2.74,10.870000000000001,-41.12,-41.97,26.84,-22.29,-60.6
2025-07-28T16:35:34.619260,46.0,59.0,12.0,33.0,-63.0,-41.0,33.0,-76.0,-31.0,17.0,-23.0,-47.0,64.82,35.629999999999995,18.66,45.79,-41.09,-39.26,39.87,-68.12,-18.97,15.84,7.710000000000001,-36.6
2025-07-28T16:35:34.623484,22.0,57.0,-73.0,-14.0,-23.0,20.0,-13.0,-57.0,-11.0,-54.0,-84.0,-44.0,40.82,33.629999999999995,-66.34,-1.2100000000000009,-1.0899999999999999,21.74,-6.13,-49.12,1.0299999999999994,-55.16,-53.29,-33.6
2025-07-28T16:35:34.631494,-13.0,83.0,14.0,-58.0,10.0,-18.0,10.0,-20.0,-86.0,17.0,1.0,-82.0,5.82,59.629999999999995,20.66,-45.21,31.91,-16.26,16.87,-12.120000000000001,-73.97,15.84,31.71,-71.6
2025-07-28T16:35:34.635683,-57.0,34.0,30.0,-51.0,-21.0,-104.0,1.0,-35.0,-26.0,15.0,-20.0,-64.0,-38.18,10.629999999999999,36.66,-38.21,0.9100000000000001,-102.26,7.87,-27.12,-13.97,13.84,10.71,-53.6
2025-07-28T16:35:34.643706,-110.0,126.0,55.0,-30.0,-34.0,-48.0,25.0,-68.0,-25.0,24.0,-60.0,-28.0,-91.18,102.63,61.66,-17.21,-12.09,-46.26,31.87,-60.12,-12.97,22.84,-29.29,-17.6
2025-07-28T16:35:34.648084,-108.0,78.0,-61.0,-3.0,13.0,6.0,-38.0,25.0,15.0,-13.0,-75.0,-128.0,-89.18,54.629999999999995,-54.34,9.79,34.91,7.74,-31.13,32.88,27.03,-14.16,-44.29,-117.6
2025-07-28T16:35:34.656041,37.0,54.0,-56.0,-34.0,-66.0,-19.0,-5.0,-54.0,-62.0,13.0,-61.0,-13.0,55.82,30.63,-49.34,-21.21,-44.09,-17.26,1.87,-46.12,-49.97,11.84,-30.29,-2.5999999999999996
2025-07-28T16:35:34.660249,35.0,51.0,-47.0,-34.0,-8.0,26.0,-32.0,-20.0,15.0,-6.0,1.0,-92.0,53.82,27.63,-40.34,-21.21,13.91,27.74,-25.13,-12.120000000000001,27.03,-7.16,31.71,-81.6
2025-07-28T16:35:34.668349,84.0,-55.0,-62.0,-16.0,23.0,6.0,-3.0,-32.0,-48.0,26.0,-38.0,-69.0,102.82,-78.37,-55.34,-3.210000000000001,44.91,7.74,3.87,-24.12,-35.97,24.84,-7.289999999999999,-58.6
2025-07-28T16:35:34.672515,-63.0,-20.0,-86.0,-33.0,-4.0,-71.0,14.0,-53.0,4.0,-17.0,16.0,-62.0,-44.18,-43.370000000000005,-79.34,-20.21,17.91,-69.26,20.87,-45.12,16.03,-18.16,46.71,-51.6
2025-07-28T16:35:34.680514,17.0,23.0,-10.0,-5.0,-32.0,24.0,-54.0,-18.0,1.0,36.0,19.0,-60.0,35.82,-0.370000000000001,-3.34,7.789999999999999,-10.09,25.74,-47.13,-10.120000000000001,13.03,34.84,49.71,-49.6
2025-07-28T16:35:34.684731,16.0,69.0,-6.0,1.0,-52.0,-17.0,-68.0,31.0,17.0,84.0,0.0,-42.0,34.82,45.629999999999995,0.6600000000000001,13.79,-30.09,-15.26,-61.13,38.88,29.03,82.84,30.71,-31.6
2025-07-28T16:35:34.692841,-27.0,-7.0,17.0,-23.0,-124.0,-16.0,-23.0,1.0,-26.0,12.0,29.0,-79.0,-8.18,-30.37,23.66,-10.21,-102.09,-14.26,-16.13,8.879999999999999,-13.97,10.84,59.71,-68.6
2025-07-28T16:35:34.697270,-37.0,-39.0,25.0,-33.0,23.0,-39.0,17.0,82.0,14.0,-24.0,49.0,-27.0,-18.18,-62.370000000000005,31.66,-20.21,44.91,-37.26,23.87,89.88,26.03,-25.16,79.71000000000001,-16.6
2025-07-28T16:35:34.705124,-33.0,55.0,-54.0,-48.0,55.0,11.0,-64.0,3.0,-51.0,-43.0,-57.0,-74.0,-14.18,31.63,-47.34,-35.21,76.91,12.74,-57.13,10.879999999999999,-38.97,-44.16,-26.29,-63.6
2025-07-28T16:35:34.709412,20.0,61.0,-39.0,-34.0,-39.0,-63.0,-12.0,3.0,-41.0,-9.0,7.0,-64.0,38.82,37.629999999999995,-32.34,-21.21,-17.09,-61.26,-5.13,10.879999999999999,-28.97,-10.16,37.71,-53.6
2025-07-28T16:35:34.717509,-59.0,72.0,-26.0,-26.0,-57.0,-39.0,-29.0,39.0,-36.0,-88.0,-62.0,-99.0,-40.18,48.629999999999995,-19.34,-13.21,-35.09,-37.26,-22.13,46.88,-23.97,-89.16,-31.29,-88.6
2025-07-28T16:35:34.721608,75.0,31.0,1.0,23.0,-2.0,-35.0,50.0,-72.0,-89.0,-56.0,50.0,-85.0,93.82,7.629999999999999,7.66,35.79,19.91,-33.26,56.87,-64.12,-76.97,-57.16,80.71000000000001,-74.6
2025-07-28T16:35:34.729638,-2.0,107.0,-60.0,39.0,-45.0,-25.0,-14.0,17.0,-72.0,-26.0,-66.0,-51.0,16.82,83.63,-53.34,51.79,-23.09,-23.26,-7.13,24.88,-59.97,-27.16,-35.29,-40.6
2025-07-28T16:35:34.733877,-26.0,33.0,-90.0,-50.0,42.0,-41.0,23.0,29.0,-27.0,-58.0,6.0,-40.0,-7.18,9.629999999999999,-83.34,-37.21,63.91,-39.26,29.87,36.88,-14.97,-59.16,36.71,-29.6
2025-07-28T16:35:34.737964,14.0,-15.0,-37.0,-86.0,13.0,-36.0,7.0,2.0,-45.0,-10.0,8.0,-83.0,32.82,-38.370000000000005,-30.34,-73.21000000000001,34.91,-34.26,13.870000000000001,9.879999999999999,-32.97,-11.16,38.71,-72.6
2025-07-28T16:35:34.746317,9.0,-13.0,11.0,-5.0,-22.0,0.0,8.0,88.0,-73.0,-42.0,29.0,-49.0,27.82,-36.370000000000005,17.66,7.789999999999999,-0.08999999999999986,1.74,14.870000000000001,95.88,-60.97,-43.16,59.71,-38.6
2025-07-28T16:35:34.750252,7.0,-16.0,-28.0,-29.0,14.0,-18.0,28.0,-26.0,-29.0,-61.0,-5.0,-146.0,25.82,-39.370000000000005,-21.34,-16.21,35.91,-16.26,34.87,-18.12,-16.97,-62.16,25.71,-135.6
2025-07-28T16:35:34.758472,-14.0,17.0,61.0,-4.0,27.0,-19.0,54.0,38.0,-3.0,17.0,42.0,-81.0,4.82,-6.370000000000001,67.66,8.79,48.91,-17.26,60.87,45.88,9.03,15.84,72.71000000000001,-70.6
2025-07-28T16:35:34.762615,-24.0,12.0,7.0,-70.0,-27.0,27.0,5.0,23.0,32.0,-84.0,38.0,-5.0,-5.18,-11.370000000000001,13.66,-57.21,-5.09,28.74,11.870000000000001,30.88,44.03,-85.16,68.71000000000001,5.4
2025-07-28T16:35:34.770748,-11.0,25.0,56.0,-9.0,-43.0,-51.0,-1.0,45.0,-6.0,-102.0,-53.0,-56.0,7.82,1.629999999999999,62.66,3.789999999999999,-21.09,-49.26,5.87,52.88,6.029999999999999,-103.16,-22.29,-45.6
2025-07-28T16:35:34.774931,-78.0,42.0,-1.0,18.0,-59.0,-50.0,-33.0,29.0,-51.0,-10.0,-2.0,-123.0,-59.18,18.63,5.66,30.79,-37.09,-48.26,-26.13,36.88,-38.97,-11.16,28.71,-112.6
2025-07-28T16:35:34.782963,-48.0,62.0,-61.0,-42.0,-37.0,3.0,4.0,-2.0,-81.0,-51.0,40.0,-59.0,-29.18,38.629999999999995,-54.34,-29.21,-15.09,4.74,10.870000000000001,5.88,-68.97,-52.16,70.71000000000001,-48.6
2025-07-28T16:35:34.787156,-61.0,-3.0,14.0,54.0,-30.0,-11.0,-1.0,60.0,-76.0,-31.0,-30.0,-97.0,-42.18,-26.37,20.66,66.78999999999999,-8.09,-9.26,5.87,67.88,-63.97,-32.16,0.7100000000000009,-86.6
2025-07-28T16:35:34.795256,-13.0,116.0,-76.0,-81.0,7.0,-33.0,45.0,-46.0,-49.0,-78.0,82.0,-26.0,5.82,92.63,-69.34,-68.21000000000001,28.91,-31.26,51.87,-38.12,-36.97,-79.16,112.71000000000001,-15.6
2025-07-28T16:35:34.799532,37.0,77.0,-33.0,-89.0,-3.0,-84.0,-53.0,-8.0,-71.0,-62.0,-27.0,-13.0,55.82,53.629999999999995,-26.34,-76.21000000000001,18.91,-82.26,-46.13,-0.1200000000000001,-58.97,-63.16,3.710000000000001,-2.5999999999999996
2025-07-28T16:35:34.807505,45.0,53.0,-9.0,25.0,14.0,-45.0,-14.0,36.0,-43.0,-54.0,0.0,-36.0,63.82,29.63,-2.34,37.79,35.91,-43.26,-7.13,43.88,-30.97,-55.16,30.71,-25.6
2025-07-28T16:35:34.811793,57.0,0.0,-47.0,1.0,4.0,-78.0,40.0,30.0,-70.0,-79.0,-22.0,-63.0,75.82,-23.37,-40.34,13.79,25.91,-76.26,46.87,37.88,-57.97,-80.16,8.71,-52.6
2025-07-28T16:35:34.819820,48.0,-55.0,-45.0,18.0,-4.0,-58.0,3.0,5.0,-40.0,-47.0,-19.0,-34.0,66.82,-78.37,-38.34,30.79,17.91,-56.26,9.870000000000001,12.879999999999999,-27.97,-48.16,11.71,-23.6
2025-07-28T16:35:34.824105,50.0,-26.0,33.0,-14.0,-28.0,-33.0,20.0,25.0,-66.0,-68.0,1.0,10.0,68.82,-49.370000000000005,39.66,-1.2100000000000009,-6.09,-31.26,26.87,32.88,-53.97,-69.16,31.71,20.4
2025-07-28T16:35:34.832155,-63.0,-51.0,22.0,45.0,-15.0,-18.0,31.0,8.0,-28.0,-19.0,86.0,-35.0,-44.18,-74.37,28.66,57.79,6.91,-16.26,37.87,15.879999999999999,-15.97,-20.16,116.71000000000001,-24.6
2025-07-28T16:35:34.836323,-27.0,125.0,58.0,39.0,-31.0,21.0,31.0,29.0,19.0,-81.0,27.0,-30.0,-8.18,101.63,64.66,51.79,-9.09,22.74,37.87,36.88,31.03,-82.16,57.71,-19.6
2025-07-28T16:35:34.844489,52.0,61.0,40.0,-42.0,15.0,-42.0,24.0,-19.0,8.0,-86.0,-2.0,13.0,70.82,37.629999999999995,46.66,-29.21,36.91,-40.26,30.87,-11.120000000000001,20.03,-87.16,28.71,23.4
2025-07-28T16:35:34.848610,-32.0,90.0,-45.0,-61.0,-38.0,-35.0,15.0,-6.0,19.0,-55.0,29.0,44.0,-13.18,66.63,-38.34,-48.21,-16.09,-33.26,21.87,1.88,31.03,-56.16,59.71,54.4
2025-07-28T16:35:34.856836,55.0,-70.0,-35.0,0.0,-24.0,-28.0,-41.0,-43.0,27.0,12.0,-40.0,-6.0,73.82,-93.37,-28.34,12.79,-2.09,-26.26,-34.13,-35.12,39.03,10.84,-9.29,4.4
2025-07-28T16:35:34.861003,-15.0,56.0,6.0,56.0,-12.0,-47.0,59.0,-48.0,-34.0,6.0,48.0,-36.0,3.8200000000000003,32.629999999999995,12.66,68.78999999999999,9.91,-45.26,65.87,-40.12,-21.97,4.84,78.71000000000001,-25.6
2025-07-28T16:35:34.868879,-61.0,16.0,21.0,-32.0,-44.0,47.0,14.0,-79.0,15.0,-21.0,50.0,-18.0,-42.18,-7.370000000000001,27.66,-19.21,-22.09,48.74,20.87,-71.12,27.03,-22.16,80.71000000000001,-7.6
2025-07-28T16:35:34.873095,33.0,99.0,-6.0,-16.0,33.0,80.0,-7.0,47.0,10.0,48.0,33.0,41.0,51.82,75.63,0.6600000000000001,-3.210000000000001,54.91,81.74,-0.1299999999999999,54.88,22.03,46.84,63.71,51.4
2025-07-28T16:35:34.881317,39.0,17.0,38.0,12.0,-22.0,57.0,-59.0,26.0,59.0,-22.0,57.0,-22.0,57.82,-6.370000000000001,44.66,24.79,-0.08999999999999986,58.74,-52.13,33.88,71.03,-23.16,87.71000000000001,-11.6
2025-07-28T16:35:34.885597,26.0,103.0,6.0,11.0,-26.0,44.0,30.0,-39.0,-61.0,52.0,2.0,-44.0,44.82,79.63,12.66,23.79,-4.09,45.74,36.87,-31.12,-48.97,50.84,32.71,-33.6
2025-07-28T16:35:34.893595,81.0,61.0,-10.0,77.0,-24.0,-75.0,-7.0,-23.0,-55.0,-57.0,7.0,28.0,99.82,37.629999999999995,-3.34,89.78999999999999,-2.09,-73.26,-0.1299999999999999,-15.120000000000001,-42.97,-58.16,37.71,38.4
2025-07-28T16:35:34.897809,49.0,79.0,-1.0,-9.0,-45.0,3.0,14.0,-9.0,-44.0,-43.0,65.0,-98.0,67.82,55.629999999999995,5.66,3.789999999999999,-23.09,4.74,20.87,-1.12,-31.97,-44.16,95.71000000000001,-87.6
2025-07-28T16:35:34.901739,114.0,82.0,33.0,73.0,64.0,-24.0,26.0,-3.0,14.0,-8.0,9.0,-81.0,132.82,58.629999999999995,39.66,85.78999999999999,85.91,-22.26,32.87,4.88,26.03,-9.16,39.71,-70.6
2025-07-28T16:35:34.910049,109.0,80.0,4.0,74.0,-28.0,-8.0,-37.0,-4.0,23.0,-4.0,48.0,65.0,127.82,56.629999999999995,10.66,86.78999999999999,-6.09,-6.26,-30.13,3.88,35.03,-5.16,78.71000000000001,75.4
2025-07-28T16:35:34.914214,58.0,97.0,29.0,47.0,-22.0,-41.0,38.0,56.0,20.0,64.0,38.0,60.0,76.82,73.63,35.66,59.79,-0.08999999999999986,-39.26,44.87,63.88,32.03,62.84,68.71000000000001,70.4
2025-07-28T16:35:34.922328,82.0,69.0,57.0,44.0,-85.0,-15.0,-45.0,-15.0,33.0,41.0,-24.0,33.0,100.82,45.629999999999995,63.66,56.79,-63.09,-13.26,-38.13,-7.12,45.03,39.84,6.710000000000001,43.4
2025-07-28T16:35:34.926804,142.0,54.0,57.0,93.0,-113.0,56.0,68.0,-49.0,-35.0,47.0,3.0,21.0,160.82,30.63,63.66,105.78999999999999,-91.09,57.74,74.87,-41.12,-22.97,45.84,33.71,31.4
2025-07-28T16:35:34.934447,79.0,78.0,66.0,103.0,-7.0,0.0,49.0,-56.0,49.0,53.0,63.0,14.0,97.82,54.629999999999995,72.66,115.78999999999999,14.91,1.74,55.87,-48.12,61.03,51.84,93.71000000000001,24.4
2025-07-28T16:35:34.938663,142.0,5.0,54.0,44.0,-62.0,12.0,-25.0,-28.0,51.0,92.0,67.0,16.0,160.82,-18.37,60.66,56.79,-40.09,13.74,-18.13,-20.12,63.03,90.84,97.71000000000001,26.4
2025-07-28T16:35:34.946871,70.0,57.0,120.0,61.0,-54.0,-32.0,15.0,-24.0,49.0,35.0,61.0,52.0,88.82,33.629999999999995,126.66,73.78999999999999,-32.09,-30.26,21.87,-16.12,61.03,33.84,91.71000000000001,62.4
2025-07-28T16:35:34.950937,89.0,95.0,16.0,94.0,16.0,-33.0,-54.0,22.0,106.0,84.0,48.0,24.0,107.82,71.63,22.66,106.78999999999999,37.91,-31.26,-47.13,29.88,118.03,82.84,78.71000000000001,34.4
2025-07-28T16:35:34.959203,122.0,134.0,11.0,89.0,-20.0,-53.0,-49.0,-9.0,17.0,130.0,72.0,35.0,140.82,110.63,17.66,101.78999999999999,1.9100000000000001,-51.26,-42.13,-1.12,29.03,128.84,102.71000000000001,45.4
2025-07-28T16:35:34.963180,93.0,104.0,19.0,87.0,-33.0,24.0,35.0,20.0,31.0,48.0,54.0,46.0,111.82,80.63,25.66,99.78999999999999,-11.09,25.74,41.87,27.88,43.03,46.84,84.71000000000001,56.4
2025-07-28T16:35:34.971553,120.0,46.0,45.0,45.0,-33.0,-11.0,30.0,28.0,36.0,-3.0,97.0,52.0,138.82,22.63,51.66,57.79,-11.09,-9.26,36.87,35.88,48.03,-4.16,127.71000000000001,62.4
2025-07-28T16:35:34.979425,71.0,45.0,107.0,60.0,-26.0,-27.0,33.0,-33.0,103.0,101.0,72.0,32.0,89.82,21.63,113.66,72.78999999999999,-4.09,-25.26,39.87,-25.12,115.03,99.84,102.71000000000001,42.4
2025-07-28T16:35:34.983821,133.0,124.0,60.0,49.0,9.0,-14.0,-17.0,-66.0,62.0,33.0,28.0,-11.0,151.82,100.63,66.66,61.79,30.91,-12.26,-10.129999999999999,-58.12,74.03,31.84,58.71,-0.5999999999999996
2025-07-28T16:35:34.988045,92.0,55.0,60.0,104.0,-2.0,-40.0,9.0,65.0,52.0,40.0,98.0,27.0,110.82,31.63,66.66,116.78999999999999,19.91,-38.26,15.870000000000001,72.88,64.03,38.84,128.71,37.4
2025-07-28T16:35:34.996000,162.0,17.0,30.0,74.0,-12.0,-63.0,-5.0,-24.0,17.0,48.0,36.0,-14.0,180.82,-6.370000000000001,36.66,86.78999999999999,9.91,-61.26,1.87,-16.12,29.03,46.84,66.71000000000001,-3.5999999999999996
2025-07-28T16:35:35.004146,125.0,45.0,20.0,67.0,-73.0,-14.0,-26.0,46.0,6.0,31.0,47.0,19.0,143.82,21.63,26.66,79.78999999999999,-51.09,-12.26,-19.13,53.88,18.03,29.84,77.71000000000001,29.4
2025-07-28T16:35:35.008425,75.0,59.0,32.0,35.0,-25.0,30.0,-42.0,-34.0,27.0,32.0,15.0,-10.0,93.82,35.629999999999995,38.66,47.79,-3.09,31.74,-35.13,-26.12,39.03,30.84,45.71,0.40000000000000036
2025-07-28T16:35:35.012580,32.0,43.0,49.0,74.0,-29.0,63.0,11.0,-20.0,0.0,50.0,71.0,-44.0,50.82,19.63,55.66,86.78999999999999,-7.09,64.74,17.87,-12.120000000000001,12.03,48.84,101.71000000000001,-33.6
2025-07-28T16:35:35.020575,34.0,1.0,107.0,48.0,47.0,-41.0,20.0,29.0,52.0,101.0,104.0,63.0,52.82,-22.37,113.66,60.79,68.91,-39.26,26.87,36.88,64.03,99.84,134.71,73.4
2025-07-28T16:35:35.024574,2.0,146.0,86.0,112.0,17.0,-39.0,35.0,1.0,30.0,17.0,54.0,70.0,20.82,122.63,92.66,124.78999999999999,38.91,-37.26,41.87,8.879999999999999,42.03,15.84,84.71000000000001,80.4
2025-07-28T16:35:35.032938,-12.0,73.0,44.0,139.0,24.0,-42.0,-7.0,-51.0,-64.0,55.0,105.0,18.0,6.82,49.629999999999995,50.66,151.79,45.91,-40.26,-0.1299999999999999,-43.12,-51.97,53.84,135.71,28.4
2025-07-28T16:35:35.041045,43.0,94.0,4.0,108.0,37.0,-21.0,-71.0,-38.0,30.0,25.0,71.0,-17.0,61.82,70.63,10.66,120.78999999999999,58.91,-19.26,-64.13,-30.12,42.03,23.84,101.71000000000001,-6.6
2025-07-28T16:35:35.045310,119.0,75.0,15.0,50.0,-40.0,-23.0,-29.0,-97.0,39.0,-4.0,100.0,0.0,137.82,51.629999999999995,21.66,62.79,-18.09,-21.26,-22.13,-89.12,51.03,-5.16,130.71,10.4
2025-07-28T16:35:35.049388,52.0,44.0,68.0,-4.0,42.0,-67.0,1.0,6.0,14.0,-25.0,106.0,47.0,70.82,20.63,74.66,8.79,63.91,-65.26,7.87,13.879999999999999,26.03,-26.16,136.71,57.4
2025-07-28T16:35:35.057477,137.0,81.0,91.0,47.0,-65.0,-5.0,-7.0,-65.0,-9.0,73.0,118.0,-3.0,155.82,57.629999999999995,97.66,59.79,-43.09,-3.26,-0.1299999999999999,-57.12,3.0299999999999994,71.84,148.71,7.4
2025-07-28T16:35:35.061873,146.0,29.0,101.0,62.0,35.0,-4.0,12.0,-22.0,32.0,-10.0,96.0,-26.0,164.82,5.629999999999999,107.66,74.78999999999999,56.91,-2.26,18.87,-14.120000000000001,44.03,-11.16,126.71000000000001,-15.6
2025-07-28T16:35:35.069681,50.0,78.0,58.0,75.0,-68.0,-65.0,22.0,64.0,-9.0,70.0,68.0,-18.0,68.82,54.629999999999995,64.66,87.78999999999999,-46.09,-63.26,28.87,71.88,3.0299999999999994,68.84,98.71000000000001,-7.6
2025-07-28T16:35:35.073790,4.0,49.0,93.0,86.0,-9.0,-76.0,-31.0,-33.0,25.0,51.0,86.0,1.0,22.82,25.63,99.66,98.78999999999999,12.91,-74.26,-24.13,-25.12,37.03,49.84,116.71000000000001,11.4
2025-07-28T16:35:35.081977,-8.0,87.0,74.0,92.0,-52.0,-64.0,-23.0,-21.0,13.0,47.0,72.0,2.0,10.82,63.629999999999995,80.66,104.78999999999999,-30.09,-62.26,-16.13,-13.120000000000001,25.03,45.84,102.71000000000001,12.4
2025-07-28T16:35:35.086104,81.0,0.0,65.0,106.0,-73.0,-8.0,15.0,-6.0,21.0,22.0,67.0,21.0,99.82,-23.37,71.66,118.78999999999999,-51.09,-6.26,21.87,1.88,33.03,20.84,97.71000000000001,31.4
2025-07-28T16:35:35.094357,83.0,24.0,58.0,113.0,-51.0,-9.0,-18.0,103.0,5.0,23.0,114.0,-58.0,101.82,0.629999999999999,64.66,125.78999999999999,-29.09,-7.26,-11.129999999999999,110.88,17.03,21.84,144.71,-47.6
2025-07-28T16:35:35.098348,53.0,143.0,85.0,36.0,2.0,-27.0,1.0,0.0,9.0,29.0,55.0,-23.0,71.82,119.63,91.66,48.79,23.91,-25.26,7.87,7.88,21.03,27.84,85.71000000000001,-12.6
2025-07-28T16:35:35.106583,28.0,129.0,139.0,102.0,23.0,-24.0,61.0,2.0,-60.0,16.0,3.0,-57.0,46.82,105.63,145.66,114.78999999999999,44.91,-22.26,67.87,9.879999999999999,-47.97,14.84,33.71,-46.6
2025-07-28T16:35:35.110658,61.0,164.0,1.0,20.0,-3.0,7.0,-2.0,6.0,-12.0,29.0,137.0,50.0,79.82,140.63,7.66,32.79,18.91,8.74,4.87,13.879999999999999,0.02999999999999936,27.84,167.71,60.4
2025-07-28T16:35:35.118810,86.0,117.0,51.0,89.0,47.0,-46.0,27.0,-33.0,30.0,78.0,120.0,-84.0,104.82,93.63,57.66,101.78999999999999,68.91,-44.26,33.87,-25.12,42.03,76.84,150.71,-73.6
2025-07-28T16:35:35.123208,160.0,159.0,29.0,83.0,39.0,-61.0,22.0,26.0,29.0,18.0,108.0,27.0,178.82,135.63,35.66,95.78999999999999,60.91,-59.26,28.87,33.88,41.03,16.84,138.71,37.4
2025-07-28T16:35:35.131222,152.0,36.0,51.0,45.0,26.0,-92.0,-55.0,-22.0,83.0,71.0,42.0,-38.0,170.82,12.629999999999999,57.66,57.79,47.91,-90.26,-48.13,-14.120000000000001,95.03,69.84,72.71000000000001,-27.6
2025-07-28T16:35:35.135954,116.0,108.0,56.0,60.0,-49.0,-47.0,4.0,-3.0,97.0,15.0,39.0,35.0,134.82,84.63,62.66,72.78999999999999,-27.09,-45.26,10.870000000000001,4.88,109.03,13.84,69.71000000000001,45.4
2025-07-28T16:35:35.143479,94.0,17.0,44.0,132.0,-66.0,9.0,11.0,15.0,43.0,41.0,59.0,-20.0,112.82,-6.370000000000001,50.66,144.79,-44.09,10.74,17.87,22.88,55.03,39.84,89.71000000000001,-9.6
2025-07-28T16:35:35.147533,75.0,86.0,122.0,35.0,-47.0,12.0,-119.0,-21.0,81.0,56.0,19.0,47.0,93.82,62.629999999999995,128.66,47.79,-25.09,13.74,-112.13,-13.120000000000001,93.03,54.84,49.71,57.4
2025-07-28T16:35:35.155731,131.0,96.0,22.0,49.0,-9.0,1.0,22.0,21.0,-72.0,46.0,95.0,-3.0,149.82,72.63,28.66,61.79,12.91,2.74,28.87,28.88,-59.97,44.84,125.71000000000001,7.4
2025-07-28T16:35:35.160022,-11.0,157.0,-23.0,31.0,22.0,9.0,-4.0,-79.0,0.0,63.0,60.0,-44.0,7.82,133.63,-16.34,43.79,43.91,10.74,2.87,-71.12,12.03,61.84,90.71000000000001,-33.6
2025-07-28T16:35:35.168013,130.0,120.0,13.0,25.0,-37.0,-75.0,67.0,59.0,39.0,63.0,63.0,-20.0,148.82,96.63,19.66,37.79,-15.09,-73.26,73.87,66.88,51.03,61.84,93.71000000000001,-9.6
2025-07-28T16:35:35.172233,193.0,123.0,32.0,38.0,-31.0,-20.0,-9.0,-21.0,-29.0,40.0,99.0,-11.0,211.82,99.63,38.66,50.79,-9.09,-18.26,-2.13,-13.120000000000001,-16.97,38.84,129.71,-0.5999999999999996
2025-07-28T16:35:35.180273,136.0,45.0,58.0,131.0,-81.0,8.0,24.0,-91.0,35.0,58.0,48.0,-35.0,154.82,21.63,64.66,143.79,-59.09,9.74,30.87,-83.12,47.03,56.84,78.71000000000001,-24.6
2025-07-28T16:35:35.184428,83.0,60.0,50.0,55.0,-11.0,-25.0,114.0,32.0,111.0,109.0,105.0,-3.0,101.82,36.629999999999995,56.66,67.78999999999999,10.91,-23.26,120.87,39.88,123.03,107.84,135.71,7.4
2025-07-28T16:35:35.192459,78.0,92.0,93.0,123.0,33.0,-6.0,-8.0,1.0,54.0,46.0,78.0,-11.0,96.82,68.63,99.66,135.79,54.91,-4.26,-1.13,8.879999999999999,66.03,44.84,108.71000000000001,-0.5999999999999996
2025-07-28T16:35:35.196720,75.0,152.0,32.0,43.0,-79.0,0.0,-1.0,21.0,-66.0,55.0,69.0,57.0,93.82,128.63,38.66,55.79,-57.09,1.74,5.87,28.88,-53.97,53.84,99.71000000000001,67.4
2025-07-28T16:35:35.204751,63.0,100.0,-41.0,63.0,-9.0,-20.0,9.0,-39.0,21.0,112.0,44.0,-28.0,81.82,76.63,-34.34,75.78999999999999,12.91,-18.26,15.870000000000001,-31.12,33.03,110.84,74.71000000000001,-17.6
2025-07-28T16:35:35.208940,94.0,69.0,12.0,64.0,-12.0,-51.0,-63.0,39.0,-26.0,7.0,101.0,-25.0,112.82,45.629999999999995,18.66,76.78999999999999,9.91,-49.26,-56.13,46.88,-13.97,5.84,131.71,-14.6
2025-07-28T16:35:35.217370,150.0,7.0,46.0,129.0,-31.0,-56.0,-20.0,-47.0,-23.0,118.0,101.0,-24.0,168.82,-16.37,52.66,141.79,-9.09,-54.26,-13.129999999999999,-39.12,-10.97,116.84,131.71,-13.6
2025-07-28T16:35:35.221293,83.0,64.0,92.0,67.0,-39.0,44.0,-22.0,-66.0,-37.0,22.0,116.0,4.0,101.82,40.629999999999995,98.66,79.78999999999999,-17.09,45.74,-15.129999999999999,-58.12,-24.97,20.84,146.71,14.4
2025-07-28T16:35:35.229369,93.0,0.0,63.0,56.0,-17.0,3.0,-15.0,-46.0,12.0,65.0,49.0,-30.0,111.82,-23.37,69.66,68.78999999999999,4.91,4.74,-8.129999999999999,-38.12,24.03,63.84,79.71000000000001,-19.6
2025-07-28T16:35:35.233577,16.0,161.0,129.0,87.0,-79.0,-16.0,26.0,-49.0,2.0,55.0,103.0,20.0,34.82,137.63,135.66,99.78999999999999,-57.09,-14.26,32.87,-41.12,14.03,53.84,133.71,30.4
2025-07-28T16:35:35.241800,41.0,129.0,40.0,85.0,-33.0,-78.0,94.0,35.0,31.0,0.0,70.0,-23.0,59.82,105.63,46.66,97.78999999999999,-11.09,-76.26,100.87,42.88,43.03,-1.16,100.71000000000001,-12.6
2025-07-28T16:35:35.245805,59.0,126.0,28.0,56.0,-45.0,-28.0,23.0,-4.0,31.0,28.0,77.0,5.0,77.82,102.63,34.66,68.78999999999999,-23.09,-26.26,29.87,3.88,43.03,26.84,107.71000000000001,15.4
2025-07-28T16:35:35.254006,100.0,128.0,23.0,82.0,-16.0,-39.0,-1.0,-22.0,-11.0,17.0,45.0,-28.0,118.82,104.63,29.66,94.78999999999999,5.91,-37.26,5.87,-14.120000000000001,1.0299999999999994,15.84,75.71000000000001,-17.6
2025-07-28T16:35:35.258081,133.0,65.0,19.0,110.0,-38.0,7.0,-27.0,-30.0,48.0,-8.0,34.0,-30.0,151.82,41.629999999999995,25.66,122.78999999999999,-16.09,8.74,-20.13,-22.12,60.03,-9.16,64.71000000000001,-19.6
2025-07-28T16:35:35.266360,180.0,27.0,75.0,56.0,-75.0,37.0,55.0,-94.0,17.0,35.0,72.0,31.0,198.82,3.629999999999999,81.66,68.78999999999999,-53.09,38.74,61.87,-86.12,29.03,33.84,102.71000000000001,41.4
2025-07-28T16:35:35.271474,87.0,39.0,53.0,65.0,-51.0,-44.0,-6.0,-6.0,-11.0,90.0,108.0,-19.0,105.82,15.629999999999999,59.66,77.78999999999999,-29.09,-42.26,0.8700000000000001,1.88,1.0299999999999994,88.84,138.71,-8.6
2025-07-28T16:35:35.278595,19.0,80.0,41.0,-8.0,-34.0,-35.0,111.0,-5.0,-32.0,23.0,40.0,-12.0,37.82,56.629999999999995,47.66,4.789999999999999,-12.09,-33.26,117.87,2.88,-19.97,21.84,70.71000000000001,-1.5999999999999996
2025-07-28T16:35:35.282692,83.0,129.0,32.0,73.0,-62.0,-85.0,-31.0,-17.0,29.0,0.0,21.0,-22.0,101.82,105.63,38.66,85.78999999999999,-40.09,-83.26,-24.13,-9.120000000000001,41.03,-1.16,51.71,-11.6
2025-07-28T16:35:35.290837,144.0,108.0,5.0,34.0,-77.0,-80.0,56.0,-56.0,-7.0,-11.0,69.0,-36.0,162.82,84.63,11.66,46.79,-55.09,-78.26,62.87,-48.12,5.029999999999999,-12.16,99.71000000000001,-25.6
2025-07-28T16:35:35.294980,136.0,91.0,-22.0,59.0,-74.0,40.0,35.0,-15.0,22.0,-4.0,77.0,-8.0,154.82,67.63,-15.34,71.78999999999999,-52.09,41.74,41.87,-7.12,34.03,-5.16,107.71000000000001,2.4000000000000004
2025-07-28T16:35:35.303266,187.0,-3.0,22.0,47.0,-44.0,-26.0,45.0,-7.0,-40.0,-54.0,136.0,25.0,205.82,-26.37,28.66,59.79,-22.09,-24.26,51.87,0.8799999999999999,-27.97,-55.16,166.71,35.4
2025-07-28T16:35:35.307285,113.0,63.0,71.0,63.0,18.0,-52.0,104.0,9.0,65.0,28.0,96.0,52.0,131.82,39.629999999999995,77.66,75.78999999999999,39.91,-50.26,110.87,16.88,77.03,26.84,126.71000000000001,62.4
2025-07-28T16:35:35.315509,102.0,136.0,71.0,71.0,-80.0,-41.0,-25.0,2.0,-13.0,85.0,77.0,76.0,120.82,112.63,77.66,83.78999999999999,-58.09,-39.26,-18.13,9.879999999999999,-0.9700000000000006,83.84,107.71000000000001,86.4
2025-07-28T16:35:35.319528,56.0,155.0,44.0,113.0,-9.0,-1.0,-26.0,-18.0,-30.0,0.0,86.0,-31.0,74.82,131.63,50.66,125.78999999999999,12.91,0.74,-19.13,-10.120000000000001,-17.97,-1.16,116.71000000000001,-20.6
2025-07-28T16:35:35.327891,134.0,92.0,-36.0,124.0,-4.0,-75.0,-15.0,35.0,43.0,38.0,40.0,-11.0,152.82,68.63,-29.34,136.79,17.91,-73.26,-8.129999999999999,42.88,55.03,36.84,70.71000000000001,-0.5999999999999996
2025-07-28T16:35:35.331817,150.0,10.0,-15.0,105.0,-78.0,56.0,-61.0,-47.0,-33.0,27.0,89.0,33.0,168.82,-13.370000000000001,-8.34,117.78999999999999,-56.09,57.74,-54.13,-39.12,-20.97,25.84,119.71000000000001,43.4
2025-07-28T16:35:35.339990,151.0,20.0,60.0,8.0,-28.0,-17.0,-2.0,15.0,32.0,79.0,14.0,-21.0,169.82,-3.370000000000001,66.66,20.79,-6.09,-15.26,4.87,22.88,44.03,77.84,44.71,-10.6
2025-07-28T16:35:35.344084,53.0,99.0,53.0,-5.0,-78.0,-57.0,54.0,16.0,-72.0,7.0,113.0,19.0,71.82,75.63,59.66,7.789999999999999,-56.09,-55.26,60.87,23.88,-59.97,5.84,143.71,29.4
2025-07-28T16:35:35.352353,66.0,83.0,69.0,63.0,-12.0,-47.0,4.0,12.0,1.0,-58.0,138.0,1.0,84.82,59.629999999999995,75.66,75.78999999999999,9.91,-45.26,10.870000000000001,19.88,13.03,-59.16,168.71,11.4
2025-07-28T16:35:35.356452,37.0,137.0,26.0,-3.0,9.0,-11.0,40.0,-66.0,-59.0,-44.0,60.0,59.0,55.82,113.63,32.66,9.79,30.91,-9.26,46.87,-58.12,-46.97,-45.16,90.71000000000001,69.4
2025-07-28T16:35:35.364739,100.0,102.0,27.0,90.0,-28.0,-7.0,5.0,45.0,38.0,61.0,184.0,-12.0,118.82,78.63,33.66,102.78999999999999,-6.09,-5.26,11.870000000000001,52.88,50.03,59.84,214.71,-1.5999999999999996
2025-07-28T16:35:35.368799,154.0,112.0,-3.0,109.0,-54.0,-34.0,96.0,-15.0,3.0,-27.0,37.0,-51.0,172.82,88.63,3.66,121.78999999999999,-32.09,-32.26,102.87,-7.12,15.03,-28.16,67.71000000000001,-40.6
2025-07-28T16:35:35.376952,207.0,88.0,3.0,111.0,9.0,50.0,7.0,21.0,45.0,62.0,99.0,46.0,225.82,64.63,9.66,123.78999999999999,30.91,51.74,13.870000000000001,28.88,57.03,60.84,129.71,56.4
2025-07-28T16:35:35.380953,134.0,103.0,38.0,24.0,74.0,7.0,36.0,30.0,59.0,15.0,90.0,-25.0,152.82,79.63,44.66,36.79,95.91,8.74,42.87,37.88,71.03,13.84,120.71000000000001,-14.6
2025-07-28T16:35:35.389237,35.0,55.0,52.0,67.0,72.0,-7.0,-64.0,-22.0,-6.0,39.0,108.0,-14.0,53.82,31.63,58.66,79.78999999999999,93.91,-5.26,-57.13,-14.120000000000001,6.029999999999999,37.84,138.71,-3.5999999999999996
2025-07-28T16:35:35.393254,38.0,54.0,37.0,65.0,-33.0,-51.0,-2.0,21.0,38.0,68.0,153.0,-15.0,56.82,30.63,43.66,77.78999999999999,-11.09,-49.26,4.87,28.88,50.03,66.84,183.71,-4.6
2025-07-28T16:35:35.401467,77.0,44.0,43.0,117.0,-149.0,-76.0,40.0,29.0,14.0,-7.0,144.0,5.0,95.82,20.63,49.66,129.79,-127.09,-74.26,46.87,36.88,26.03,-8.16,174.71,15.4
2025-07-28T16:35:35.409594,144.0,78.0,-11.0,60.0,-80.0,-7.0,-55.0,-4.0,-33.0,37.0,153.0,-25.0,162.82,54.629999999999995,-4.34,72.78999999999999,-58.09,-5.26,-48.13,3.88,-20.97,35.84,183.71,-14.6
2025-07-28T16:35:35.413767,99.0,79.0,-14.0,37.0,0.0,59.0,28.0,-22.0,-48.0,17.0,111.0,-36.0,117.82,55.629999999999995,-7.34,49.79,21.91,60.74,34.87,-14.120000000000001,-35.97,15.84,141.71,-25.6
2025-07-28T16:35:35.417801,147.0,66.0,37.0,90.0,5.0,12.0,87.0,-22.0,63.0,15.0,100.0,30.0,165.82,42.629999999999995,43.66,102.78999999999999,26.91,13.74,93.87,-14.120000000000001,75.03,13.84,130.71,40.4
2025-07-28T16:35:35.426075,117.0,95.0,1.0,70.0,-85.0,-55.0,14.0,-14.0,-24.0,21.0,75.0,-22.0,135.82,71.63,7.66,82.78999999999999,-63.09,-53.26,20.87,-6.12,-11.97,19.84,105.71000000000001,-11.6
2025-07-28T16:35:35.430112,36.0,147.0,30.0,103.0,-47.0,-83.0,-15.0,-8.0,16.0,23.0,102.0,1.0,54.82,123.63,36.66,115.78999999999999,-25.09,-81.26,-8.129999999999999,-0.1200000000000001,28.03,21.84,132.71,11.4
2025-07-28T16:35:35.438478,52.0,130.0,-37.0,73.0,19.0,-80.0,-13.0,-9.0,-12.0,-21.0,38.0,45.0,70.82,106.63,-30.34,85.78999999999999,40.91,-78.26,-6.13,-1.12,0.02999999999999936,-22.16,68.71000000000001,55.4
2025-07-28T16:35:35.442396,72.0,87.0,-3.0,102.0,-102.0,-16.0,9.0,-69.0,4.0,44.0,110.0,-29.0,90.82,63.629999999999995,3.66,114.78999999999999,-80.09,-14.26,15.870000000000001,-61.12,16.03,42.84,140.71,-18.6
2025-07-28T16:35:35.450550,114.0,21.0,-2.0,33.0,40.0,-82.0,-80.0,-27.0,12.0,3.0,18.0,64.0,132.82,-2.370000000000001,4.66,45.79,61.91,-80.26,-73.13,-19.12,24.03,1.84,48.71,74.4
2025-07-28T16:35:35.454706,85.0,70.0,-16.0,68.0,-66.0,9.0,-48.0,15.0,13.0,-9.0,82.0,-16.0,103.82,46.629999999999995,-9.34,80.78999999999999,-44.09,10.74,-41.13,22.88,25.03,-10.16,112.71000000000001,-5.6
2025-07-28T16:35:35.462930,93.0,16.0,63.0,103.0,10.0,-45.0,-22.0,-65.0,20.0,34.0,108.0,19.0,111.82,-7.370000000000001,69.66,115.78999999999999,31.91,-43.26,-15.129999999999999,-57.12,32.03,32.84,138.71,29.4
2025-07-28T16:35:35.466986,-6.0,56.0,26.0,189.0,4.0,-51.0,39.0,33.0,74.0,-48.0,63.0,-6.0,12.82,32.629999999999995,32.66,201.79,25.91,-49.26,45.87,40.88,86.03,-49.16,93.71000000000001,4.4
2025-07-28T16:35:35.475227,71.0,84.0,-4.0,76.0,-44.0,-120.0,-27.0,8.0,59.0,33.0,89.0,-17.0,89.82,60.629999999999995,2.66,88.78999999999999,-22.09,-118.26,-20.13,15.879999999999999,71.03,31.84,119.71000000000001,-6.6
2025-07-28T16:35:35.479368,89.0,135.0,19.0,50.0,-43.0,-82.0,-42.0,18.0,-24.0,13.0,147.0,59.0,107.82,111.63,25.66,62.79,-21.09,-80.26,-35.13,25.88,-11.97,11.84,177.71,69.4
2025-07-28T16:35:35.487545,92.0,162.0,-22.0,79.0,-54.0,-27.0,62.0,-29.0,-3.0,38.0,119.0,2.0,110.82,138.63,-15.34,91.78999999999999,-32.09,-25.26,68.87,-21.12,9.03,36.84,149.71,12.4
2025-07-28T16:35:35.491621,84.0,152.0,11.0,88.0,-54.0,-76.0,-7.0,-57.0,-21.0,7.0,39.0,-4.0,102.82,128.63,17.66,100.78999999999999,-32.09,-74.26,-0.1299999999999999,-49.12,-8.97,5.84,69.71000000000001,6.4
2025-07-28T16:35:35.499861,104.0,188.0,-23.0,113.0,-40.0,-96.0,-37.0,0.0,-19.0,93.0,11.0,-6.0,122.82,164.63,-16.34,125.78999999999999,-18.09,-94.26,-30.13,7.88,-6.970000000000001,91.84,41.71,4.4
2025-07-28T16:35:35.503820,137.0,25.0,-2.0,102.0,-5.0,-119.0,74.0,-77.0,32.0,17.0,67.0,-22.0,155.82,1.629999999999999,4.66,114.78999999999999,16.91,-117.26,80.87,-69.12,44.03,15.84,97.71000000000001,-11.6
2025-07-28T16:35:35.512076,96.0,1.0,-21.0,56.0,-11.0,-54.0,-12.0,-81.0,7.0,6.0,97.0,15.0,114.82,-22.37,-14.34,68.78999999999999,10.91,-52.26,-5.13,-73.12,19.03,4.84,127.71000000000001,25.4
2025-07-28T16:35:35.516099,173.0,39.0,25.0,83.0,-11.0,28.0,22.0,-76.0,-46.0,90.0,31.0,45.0,191.82,15.629999999999999,31.66,95.78999999999999,10.91,29.74,28.87,-68.12,-33.97,88.84,61.71,55.4
2025-07-28T16:35:35.524323,38.0,66.0,86.0,58.0,-124.0,-24.0,51.0,-54.0,-17.0,26.0,81.0,-31.0,56.82,42.629999999999995,92.66,70.78999999999999,-102.09,-22.26,57.87,-46.12,-4.970000000000001,24.84,111.71000000000001,-20.6
2025-07-28T16:35:35.528446,79.0,94.0,31.0,74.0,-34.0,-48.0,-38.0,9.0,33.0,23.0,87.0,-28.0,97.82,70.63,37.66,86.78999999999999,-12.09,-46.26,-31.13,16.88,45.03,21.84,117.71000000000001,-17.6
2025-07-28T16:35:35.536609,72.0,104.0,-18.0,56.0,-60.0,-37.0,-84.0,26.0,-3.0,39.0,37.0,-51.0,90.82,80.63,-11.34,68.78999999999999,-38.09,-35.26,-77.13,33.88,9.03,37.84,67.71000000000001,-40.6
2025-07-28T16:35:35.540878,127.0,73.0,-52.0,102.0,47.0,-47.0,-36.0,-11.0,-38.0,79.0,143.0,2.0,145.82,49.629999999999995,-45.34,114.78999999999999,68.91,-45.26,-29.13,-3.12,-25.97,77.84,173.71,12.4
2025-07-28T16:35:35.548926,90.0,86.0,14.0,113.0,-83.0,11.0,81.0,9.0,-1.0,50.0,72.0,-61.0,108.82,62.629999999999995,20.66,125.78999999999999,-61.09,12.74,87.87,16.88,11.03,48.84,102.71000000000001,-50.6
2025-07-28T16:35:35.552988,137.0,61.0,-34.0,35.0,-35.0,28.0,-53.0,-21.0,22.0,15.0,80.0,5.0,155.82,37.629999999999995,-27.34,47.79,-13.09,29.74,-46.13,-13.120000000000001,34.03,13.84,110.71000000000001,15.4
2025-07-28T16:35:35.561235,101.0,61.0,61.0,58.0,-14.0,14.0,9.0,-39.0,-59.0,23.0,66.0,-36.0,119.82,37.629999999999995,67.66,70.78999999999999,7.91,15.74,15.870000000000001,-31.12,-46.97,21.84,96.71000000000001,-25.6
2025-07-28T16:35:35.565353,66.0,94.0,22.0,-28.0,-33.0,-20.0,12.0,-27.0,-19.0,-1.0,58.0,-11.0,84.82,70.63,28.66,-15.21,-11.09,-18.26,18.87,-19.12,-6.970000000000001,-2.16,88.71000000000001,-0.5999999999999996
2025-07-28T16:35:35.573437,66.0,72.0,46.0,104.0,-44.0,-94.0,-88.0,-19.0,19.0,72.0,66.0,-2.0,84.82,48.629999999999995,52.66,116.78999999999999,-22.09,-92.26,-81.13,-11.120000000000001,31.03,70.84,96.71000000000001,8.4
2025-07-28T16:35:35.577561,21.0,184.0,38.0,41.0,-59.0,-43.0,18.0,18.0,-5.0,71.0,58.0,-7.0,39.82,160.63,44.66,53.79,-37.09,-41.26,24.87,25.88,7.029999999999999,69.84,88.71000000000001,3.4000000000000004
2025-07-28T16:35:35.585820,200.0,125.0,-75.0,116.0,-65.0,-2.0,43.0,-24.0,-19.0,77.0,44.0,-26.0,218.82,101.63,-68.34,128.79,-43.09,-0.26,49.87,-16.12,-6.970000000000001,75.84,74.71000000000001,-15.6
2025-07-28T16:35:35.589832,102.0,19.0,-16.0,10.0,-11.0,10.0,47.0,25.0,19.0,-4.0,58.0,14.0,120.82,-4.370000000000001,-9.34,22.79,10.91,11.74,53.87,32.88,31.03,-5.16,88.71000000000001,24.4
2025-07-28T16:35:35.598012,119.0,59.0,4.0,74.0,-57.0,-4.0,15.0,-13.0,-29.0,37.0,52.0,-33.0,137.82,35.629999999999995,10.66,86.78999999999999,-35.09,-2.26,21.87,-5.12,-16.97,35.84,82.71000000000001,-22.6
2025-07-28T16:35:35.602467,51.0,62.0,38.0,45.0,-1.0,-16.0,-70.0,-5.0,30.0,2.0,68.0,57.0,69.82,38.629999999999995,44.66,57.79,20.91,-14.26,-63.13,2.88,42.03,0.8400000000000001,98.71000000000001,67.4
2025-07-28T16:35:35.610470,99.0,35.0,28.0,81.0,-83.0,-55.0,-27.0,-28.0,8.0,90.0,72.0,11.0,117.82,11.629999999999999,34.66,93.78999999999999,-61.09,-53.26,-20.13,-20.12,20.03,88.84,102.71000000000001,21.4
2025-07-28T16:35:35.614504,127.0,139.0,56.0,149.0,-10.0,-23.0,22.0,-6.0,19.0,25.0,36.0,-4.0,145.82,115.63,62.66,161.79,11.91,-21.26,28.87,1.88,31.03,23.84,66.71000000000001,6.4
2025-07-28T16:35:35.622749,131.0,144.0,-36.0,94.0,-45.0,14.0,-69.0,67.0,-11.0,46.0,68.0,-1.0,149.82,120.63,-29.34,106.78999999999999,-23.09,15.74,-62.13,74.88,1.0299999999999994,44.84,98.71000000000001,9.4
2025-07-28T16:35:35.627396,124.0,151.0,11.0,99.0,-40.0,19.0,-19.0,22.0,-59.0,1.0,119.0,1.0,142.82,127.63,17.66,111.78999999999999,-18.09,20.74,-12.129999999999999,29.88,-46.97,-0.15999999999999992,149.71,11.4
2025-07-28T16:35:35.634850,139.0,49.0,-1.0,58.0,-19.0,-16.0,35.0,-1.0,-32.0,46.0,95.0,-33.0,157.82,25.63,5.66,70.78999999999999,2.91,-14.26,41.87,6.88,-19.97,44.84,125.71000000000001,-22.6
2025-07-28T16:35:35.638938,123.0,95.0,3.0,84.0,38.0,-61.0,26.0,-23.0,-44.0,6.0,54.0,2.0,141.82,71.63,9.66,96.78999999999999,59.91,-59.26,32.87,-15.120000000000001,-31.97,4.84,84.71000000000001,12.4
2025-07-28T16:35:35.647321,150.0,31.0,43.0,-4.0,-59.0,-9.0,32.0,-24.0,-83.0,43.0,83.0,18.0,168.82,7.629999999999999,49.66,8.79,-37.09,-7.26,38.87,-16.12,-70.97,41.84,113.71000000000001,28.4
2025-07-28T16:35:35.651281,116.0,69.0,55.0,99.0,-4.0,-60.0,82.0,-37.0,-2.0,22.0,60.0,-52.0,134.82,45.629999999999995,61.66,111.78999999999999,17.91,-58.26,88.87,-29.12,10.03,20.84,90.71000000000001,-41.6
2025-07-28T16:35:35.659469,71.0,56.0,15.0,78.0,-53.0,-60.0,-16.0,-91.0,-92.0,14.0,128.0,-35.0,89.82,32.629999999999995,21.66,90.78999999999999,-31.09,-58.26,-9.129999999999999,-83.12,-79.97,12.84,158.71,-24.6
2025-07-28T16:35:35.663556,55.0,75.0,-16.0,107.0,-72.0,-55.0,-1.0,-81.0,-29.0,43.0,87.0,-4.0,73.82,51.629999999999995,-9.34,119.78999999999999,-50.09,-53.26,5.87,-73.12,-16.97,41.84,117.71000000000001,6.4
2025-07-28T16:35:35.671804,27.0,47.0,-55.0,37.0,-94.0,-16.0,86.0,-112.0,8.0,-68.0,7.0,-46.0,45.82,23.63,-48.34,49.79,-72.09,-14.26,92.87,-104.12,20.03,-69.16,37.71,-35.6
2025-07-28T16:35:35.679979,-10.0,61.0,-19.0,-6.0,-79.0,-36.0,51.0,-25.0,-51.0,-69.0,99.0,-46.0,8.82,37.629999999999995,-12.34,6.789999999999999,-57.09,-34.26,57.87,-17.12,-38.97,-70.16,129.71,-35.6
2025-07-28T16:35:35.684155,87.0,45.0,-68.0,8.0,-4.0,-57.0,-26.0,-74.0,-35.0,24.0,29.0,-18.0,105.82,21.63,-61.34,20.79,17.91,-55.26,-19.13,-66.12,-22.97,22.84,59.71,-7.6
2025-07-28T16:35:35.688648,98.0,75.0,-59.0,22.0,-1.0,-37.0,39.0,-28.0,-32.0,6.0,39.0,-71.0,116.82,51.629999999999995,-52.34,34.79,20.91,-35.26,45.87,-20.12,-19.97,4.84,69.71000000000001,-60.6
2025-07-28T16:35:35.696485,69.0,-16.0,-39.0,-1.0,-67.0,-14.0,-3.0,-31.0,-3.0,-37.0,15.0,-31.0,87.82,-39.370000000000005,-32.34,11.79,-45.09,-12.26,3.87,-23.12,9.03,-38.16,45.71,-20.6
2025-07-28T16:35:35.700893,53.0,19.0,33.0,43.0,-27.0,-31.0,-90.0,21.0,-33.0,-40.0,44.0,-43.0,71.82,-4.370000000000001,39.66,55.79,-5.09,-29.26,-83.13,28.88,-20.97,-41.16,74.71000000000001,-32.6
2025-07-28T16:35:35.708602,-28.0,-40.0,26.0,96.0,-66.0,-15.0,22.0,10.0,-47.0,-28.0,7.0,-62.0,-9.18,-63.370000000000005,32.66,108.78999999999999,-44.09,-13.26,28.87,17.88,-34.97,-29.16,37.71,-51.6
2025-07-28T16:35:35.712768,-41.0,65.0,-22.0,-35.0,-36.0,9.0,-45.0,-58.0,-9.0,-71.0,-19.0,-97.0,-22.18,41.629999999999995,-15.34,-22.21,-14.09,10.74,-38.13,-50.12,3.0299999999999994,-72.16,11.71,-86.6
2025-07-28T16:35:35.721028,-21.0,75.0,-63.0,-68.0,-84.0,-2.0,13.0,-38.0,-55.0,-18.0,64.0,-83.0,-2.1799999999999997,51.629999999999995,-56.34,-55.21,-62.09,-0.26,19.87,-30.12,-42.97,-19.16,94.71000000000001,-72.6
2025-07-28T16:35:35.725307,15.0,97.0,-63.0,36.0,61.0,-10.0,-31.0,7.0,-67.0,-15.0,77.0,-42.0,33.82,73.63,-56.34,48.79,82.91,-8.26,-24.13,14.879999999999999,-54.97,-16.16,107.71000000000001,-31.6
2025-07-28T16:35:35.733362,54.0,-69.0,-80.0,37.0,-46.0,-88.0,-7.0,-28.0,-70.0,-67.0,50.0,-48.0,72.82,-92.37,-73.34,49.79,-24.09,-86.26,-0.1299999999999999,-20.12,-57.97,-68.16,80.71000000000001,-37.6
2025-07-28T16:35:35.737569,47.0,12.0,-25.0,7.0,-127.0,-35.0,-67.0,32.0,-34.0,-77.0,33.0,-48.0,65.82,-11.370000000000001,-18.34,19.79,-105.09,-33.26,-60.13,39.88,-21.97,-78.16,63.71,-37.6
2025-07-28T16:35:35.745440,20.0,67.0,19.0,3.0,-90.0,-38.0,-22.0,34.0,24.0,-6.0,5.0,-30.0,38.82,43.629999999999995,25.66,15.79,-68.09,-36.26,-15.129999999999999,41.88,36.03,-7.16,35.71,-19.6
2025-07-28T16:35:35.749868,-73.0,2.0,71.0,-27.0,-73.0,112.0,-87.0,34.0,-32.0,-12.0,25.0,-68.0,-54.18,-21.37,77.66,-14.21,-51.09,113.74,-80.13,41.88,-19.97,-13.16,55.71,-57.6
2025-07-28T16:35:35.757732,30.0,93.0,29.0,-63.0,-29.0,-70.0,-12.0,-31.0,-85.0,-41.0,-48.0,-66.0,48.82,69.63,35.66,-50.21,-7.09,-68.26,-5.13,-23.12,-72.97,-42.16,-17.29,-55.6
2025-07-28T16:35:35.762065,-59.0,134.0,-20.0,-21.0,9.0,-17.0,-127.0,1.0,-81.0,-52.0,52.0,-53.0,-40.18,110.63,-13.34,-8.21,30.91,-15.26,-120.13,8.879999999999999,-68.97,-53.16,82.71000000000001,-42.6
2025-07-28T16:35:35.770077,73.0,126.0,-68.0,-1.0,42.0,-71.0,-23.0,-45.0,-113.0,-64.0,40.0,-48.0,91.82,102.63,-61.34,11.79,63.91,-69.26,-16.13,-37.12,-100.97,-65.16,70.71000000000001,-37.6
2025-07-28T16:35:35.774427,0.0,20.0,-140.0,38.0,-76.0,-16.0,21.0,15.0,-27.0,-51.0,1.0,-122.0,18.82,-3.370000000000001,-133.34,50.79,-54.09,-14.26,27.87,22.88,-14.97,-52.16,31.71,-111.6
2025-07-28T16:35:35.782529,23.0,-10.0,34.0,-25.0,-14.0,-33.0,14.0,34.0,-27.0,-50.0,-19.0,-106.0,41.82,-33.370000000000005,40.66,-12.21,7.91,-31.26,20.87,41.88,-14.97,-51.16,11.71,-95.6
2025-07-28T16:35:35.786560,8.0,21.0,-9.0,-7.0,-6.0,20.0,8.0,-40.0,-22.0,-33.0,-32.0,-85.0,26.82,-2.370000000000001,-2.34,5.789999999999999,15.91,21.74,14.870000000000001,-32.12,-9.97,-34.16,-1.2899999999999991,-74.6
2025-07-28T16:35:35.794586,27.0,-44.0,15.0,23.0,-60.0,8.0,-17.0,-19.0,-43.0,-23.0,19.0,-48.0,45.82,-67.37,21.66,35.79,-38.09,9.74,-10.129999999999999,-11.120000000000001,-30.97,-24.16,49.71,-37.6
2025-07-28T16:35:35.798915,-65.0,4.0,59.0,-21.0,-11.0,-4.0,0.0,-32.0,60.0,-74.0,28.0,-24.0,-46.18,-19.37,65.66,-8.21,10.91,-2.26,6.87,-24.12,72.03,-75.16,58.71,-13.6
2025-07-28T16:35:35.806894,-86.0,35.0,-65.0,-44.0,-26.0,0.0,26.0,-62.0,-76.0,-65.0,-7.0,40.0,-67.18,11.629999999999999,-58.34,-31.21,-4.09,1.74,32.87,-54.12,-63.97,-66.16,23.71,50.4
2025-07-28T16:35:35.811477,4.0,57.0,-61.0,-2.0,37.0,-73.0,6.0,39.0,-27.0,-56.0,-32.0,28.0,22.82,33.629999999999995,-54.34,10.79,58.91,-71.26,12.870000000000001,46.88,-14.97,-57.16,-1.2899999999999991,38.4
2025-07-28T16:35:35.819124,-84.0,-3.0,-66.0,-9.0,-40.0,10.0,15.0,-42.0,37.0,-23.0,-30.0,10.0,-65.18,-26.37,-59.34,3.789999999999999,-18.09,11.74,21.87,-34.12,49.03,-24.16,0.7100000000000009,20.4
2025-07-28T16:35:35.823394,-61.0,90.0,-15.0,-22.0,-18.0,-35.0,9.0,-75.0,30.0,-16.0,-52.0,5.0,-42.18,66.63,-8.34,-9.21,3.91,-33.26,15.870000000000001,-67.12,42.03,-17.16,-21.29,15.4
2025-07-28T16:35:35.831488,22.0,83.0,0.0,56.0,-43.0,-42.0,-17.0,-69.0,-28.0,-67.0,-2.0,8.0,40.82,59.629999999999995,6.66,68.78999999999999,-21.09,-40.26,-10.129999999999999,-61.12,-15.97,-68.16,28.71,18.4
2025-07-28T16:35:35.835692,46.0,29.0,-50.0,13.0,-63.0,9.0,-39.0,-45.0,-23.0,-68.0,-56.0,0.0,64.82,5.629999999999999,-43.34,25.79,-41.09,10.74,-32.13,-37.12,-10.97,-69.16,-25.29,10.4
2025-07-28T16:35:35.843765,-13.0,-18.0,-59.0,49.0,-38.0,-41.0,87.0,1.0,-45.0,-71.0,-49.0,-10.0,5.82,-41.370000000000005,-52.34,61.79,-16.09,-39.26,93.87,8.879999999999999,-32.97,-72.16,-18.29,0.40000000000000036
2025-07-28T16:35:35.848170,23.0,66.0,-5.0,-12.0,-37.0,-31.0,-78.0,5.0,13.0,20.0,-5.0,-22.0,41.82,42.629999999999995,1.6600000000000001,0.7899999999999991,-15.09,-29.26,-71.13,12.879999999999999,25.03,18.84,25.71,-11.6
2025-07-28T16:35:35.856141,-1.0,-40.0,11.0,31.0,-31.0,-25.0,55.0,-71.0,-74.0,-52.0,-39.0,32.0,17.82,-63.370000000000005,17.66,43.79,-9.09,-23.26,61.87,-63.12,-61.97,-53.16,-8.29,42.4
2025-07-28T16:35:35.860391,12.0,5.0,45.0,13.0,40.0,-26.0,-13.0,30.0,-87.0,-2.0,-33.0,10.0,30.82,-18.37,51.66,25.79,61.91,-24.26,-6.13,37.88,-74.97,-3.16,-2.289999999999999,20.4
2025-07-28T16:35:35.868326,-49.0,25.0,7.0,72.0,40.0,-73.0,-14.0,-90.0,-36.0,-9.0,-94.0,-53.0,-30.18,1.629999999999999,13.66,84.78999999999999,61.91,-71.26,-7.13,-82.12,-23.97,-10.16,-63.29,-42.6
2025-07-28T16:35:35.872544,-1.0,-3.0,-19.0,-3.0,-71.0,-30.0,-20.0,17.0,-75.0,60.0,-71.0,11.0,17.82,-26.37,-12.34,9.79,-49.09,-28.26,-13.129999999999999,24.88,-62.97,58.84,-40.29,21.4
2025-07-28T16:35:35.876607,-64.0,14.0,29.0,22.0,-58.0,15.0,56.0,-27.0,-22.0,40.0,-34.0,53.0,-45.18,-9.370000000000001,35.66,34.79,-36.09,16.74,62.87,-19.12,-9.97,38.84,-3.289999999999999,63.4
2025-07-28T16:35:35.884758,-59.0,0.0,62.0,19.0,-64.0,-33.0,-36.0,-34.0,-7.0,-53.0,-25.0,27.0,-40.18,-23.37,68.66,31.79,-42.09,-31.26,-29.13,-26.12,5.029999999999999,-54.16,5.710000000000001,37.4
2025-07-28T16:35:35.888811,-54.0,85.0,-9.0,4.0,-53.0,-9.0,65.0,11.0,-60.0,69.0,-3.0,28.0,-35.18,61.629999999999995,-2.34,16.79,-31.09,-7.26,71.87,18.88,-47.97,67.84,27.71,38.4
2025-07-28T16:35:35.897248,28.0,115.0,9.0,-46.0,-97.0,-53.0,-83.0,42.0,-34.0,75.0,-1.0,29.0,46.82,91.63,15.66,-33.21,-75.09,-51.26,-76.13,49.88,-21.97,73.84,29.71,39.4
2025-07-28T16:35:35.901282,75.0,68.0,-26.0,-15.0,34.0,-38.0,-13.0,47.0,-45.0,29.0,-28.0,2.0,93.82,44.629999999999995,-19.34,-2.210000000000001,55.91,-36.26,-6.13,54.88,-32.97,27.84,2.710000000000001,12.4
2025-07-28T16:35:35.909337,54.0,10.0,-47.0,9.0,-34.0,-41.0,8.0,33.0,-86.0,34.0,-22.0,-2.0,72.82,-13.370000000000001,-40.34,21.79,-12.09,-39.26,14.870000000000001,40.88,-73.97,32.84,8.71,8.4
2025-07-28T16:35:35.913470,10.0,100.0,-46.0,-32.0,-51.0,-71.0,35.0,-20.0,-73.0,12.0,3.0,15.0,28.82,76.63,-39.34,-19.21,-29.09,-69.26,41.87,-12.120000000000001,-60.97,10.84,33.71,25.4
2025-07-28T16:35:35.921684,50.0,47.0,-10.0,-47.0,-64.0,-34.0,22.0,34.0,-63.0,-33.0,-24.0,-2.0,68.82,23.63,-3.34,-34.21,-42.09,-32.26,28.87,41.88,-50.97,-34.16,6.710000000000001,8.4
2025-07-28T16:35:35.925753,-21.0,-13.0,2.0,44.0,26.0,-40.0,-23.0,6.0,-151.0,12.0,-92.0,-20.0,-2.1799999999999997,-36.370000000000005,8.66,56.79,47.91,-38.26,-16.13,13.879999999999999,-138.97,10.84,-61.29,-9.6
2025-07-28T16:35:35.933842,-47.0,61.0,22.0,5.0,21.0,-18.0,-18.0,39.0,-67.0,64.0,-25.0,1.0,-28.18,37.629999999999995,28.66,17.79,42.91,-16.26,-11.129999999999999,46.88,-54.97,62.84,5.710000000000001,11.4
2025-07-28T16:35:35.938302,-9.0,-5.0,27.0,-75.0,-18.0,-4.0,-140.0,20.0,-63.0,6.0,-35.0,-28.0,9.82,-28.37,33.66,-62.21,3.91,-2.26,-133.13,27.88,-50.97,4.84,-4.289999999999999,-17.6
2025-07-28T16:35:35.946299,17.0,18.0,-11.0,-83.0,-92.0,14.0,-50.0,54.0,-13.0,-31.0,-49.0,-18.0,35.82,-5.370000000000001,-4.34,-70.21000000000001,-70.09,15.74,-43.13,61.88,-0.9700000000000006,-32.16,-18.29,-7.6
2025-07-28T16:35:35.950513,-43.0,96.0,5.0,-48.0,77.0,13.0,-19.0,-26.0,-65.0,8.0,-55.0,25.0,-24.18,72.63,11.66,-35.21,98.91,14.74,-12.129999999999999,-18.12,-52.97,6.84,-24.29,35.4
2025-07-28T16:35:35.958608,-8.0,100.0,-15.0,-34.0,-27.0,-110.0,55.0,-24.0,-78.0,54.0,-90.0,-20.0,10.82,76.63,-8.34,-21.21,-5.09,-108.26,61.87,-16.12,-65.97,52.84,-59.29,-9.6
2025-07-28T16:35:35.962734,25.0,97.0,-51.0,25.0,12.0,-81.0,44.0,-64.0,6.0,57.0,-24.0,-19.0,43.82,73.63,-44.34,37.79,33.91,-79.26,50.87,-56.12,18.03,55.84,6.710000000000001,-8.6
2025-07-28T16:35:35.970774,50.0,97.0,-49.0,-14.0,-69.0,-67.0,8.0,-32.0,17.0,53.0,-63.0,49.0,68.82,73.63,-42.34,-1.2100000000000009,-47.09,-65.26,14.870000000000001,-24.12,29.03,51.84,-32.29,59.4
2025-07-28T16:35:35.975025,23.0,-59.0,-93.0,-31.0,-3.0,-4.0,-50.0,-92.0,-34.0,12.0,-101.0,26.0,41.82,-82.37,-86.34,-18.21,18.91,-2.26,-43.13,-84.12,-21.97,10.84,-70.28999999999999,36.4
2025-07-28T16:35:35.983198,-29.0,9.0,47.0,-33.0,-65.0,27.0,41.0,-56.0,-59.0,62.0,-37.0,17.0,-10.18,-14.370000000000001,53.66,-20.21,-43.09,28.74,47.87,-48.12,-46.97,60.84,-6.289999999999999,27.4
2025-07-28T16:35:35.987321,-48.0,9.0,33.0,18.0,17.0,0.0,36.0,27.0,-30.0,1.0,-38.0,-42.0,-29.18,-14.370000000000001,39.66,30.79,38.91,1.74,42.87,34.88,-17.97,-0.15999999999999992,-7.289999999999999,-31.6
2025-07-28T16:35:35.995467,-30.0,-12.0,-9.0,-5.0,13.0,-25.0,27.0,-14.0,63.0,47.0,-74.0,-15.0,-11.18,-35.370000000000005,-2.34,7.789999999999999,34.91,-23.26,33.87,-6.12,75.03,45.84,-43.29,-4.6
2025-07-28T16:35:35.999684,-42.0,-16.0,21.0,18.0,-28.0,-8.0,1.0,-4.0,-8.0,-18.0,-60.0,19.0,-23.18,-39.370000000000005,27.66,30.79,-6.09,-6.26,7.87,3.88,4.029999999999999,-19.16,-29.29,29.4
2025-07-28T16:35:36.007533,-46.0,-9.0,29.0,6.0,-64.0,10.0,-39.0,3.0,-21.0,66.0,-27.0,1.0,-27.18,-32.370000000000005,35.66,18.79,-42.09,11.74,-32.13,10.879999999999999,-8.97,64.84,3.710000000000001,11.4
2025-07-28T16:35:36.011996,15.0,20.0,-49.0,57.0,-72.0,-17.0,-17.0,-34.0,-27.0,-25.0,-81.0,-4.0,33.82,-3.370000000000001,-42.34,69.78999999999999,-50.09,-15.26,-10.129999999999999,-26.12,-14.97,-26.16,-50.29,6.4
2025-07-28T16:35:36.019849,-5.0,92.0,53.0,11.0,-70.0,-47.0,-33.0,-97.0,-3.0,18.0,-95.0,16.0,13.82,68.63,59.66,23.79,-48.09,-45.26,-26.13,-89.12,9.03,16.84,-64.28999999999999,26.4
2025-07-28T16:35:36.024141,-20.0,109.0,-89.0,4.0,-60.0,21.0,52.0,-32.0,-78.0,-16.0,-15.0,16.0,-1.1799999999999997,85.63,-82.34,16.79,-38.09,22.74,58.87,-24.12,-65.97,-17.16,15.71,26.4
2025-07-28T16:35:36.032176,65.0,69.0,-80.0,20.0,25.0,-60.0,17.0,-8.0,4.0,18.0,-29.0,22.0,83.82,45.629999999999995,-73.34,32.79,46.91,-58.26,23.87,-0.1200000000000001,16.03,16.84,1.7100000000000009,32.4
2025-07-28T16:35:36.036455,-13.0,75.0,-66.0,-12.0,-8.0,-61.0,-11.0,12.0,-24.0,28.0,-78.0,-24.0,5.82,51.629999999999995,-59.34,0.7899999999999991,13.91,-59.26,-4.13,19.88,-11.97,26.84,-47.29,-13.6
2025-07-28T16:35:36.044370,40.0,-26.0,-13.0,31.0,-10.0,-15.0,3.0,-25.0,0.0,-42.0,-116.0,1.0,58.82,-49.370000000000005,-6.34,43.79,11.91,-13.26,9.870000000000001,-17.12,12.03,-43.16,-85.28999999999999,11.4
2025-07-28T16:35:36.048685,73.0,-1.0,55.0,2.0,-57.0,-6.0,-14.0,-37.0,-51.0,-13.0,-13.0,26.0,91.82,-24.37,61.66,14.79,-35.09,-4.26,-7.13,-29.12,-38.97,-14.16,17.71,36.4
2025-07-28T16:35:36.056779,-25.0,8.0,-36.0,69.0,-106.0,22.0,-41.0,-59.0,-56.0,37.0,-55.0,12.0,-6.18,-15.370000000000001,-29.34,81.78999999999999,-84.09,23.74,-34.13,-51.12,-43.97,35.84,-24.29,22.4
2025-07-28T16:35:36.060985,17.0,91.0,-10.0,-35.0,-36.0,33.0,-40.0,-38.0,29.0,-39.0,-39.0,5.0,35.82,67.63,-3.34,-22.21,-14.09,34.74,-33.13,-30.12,41.03,-40.16,-8.29,15.4
2025-07-28T16:35:36.069073,-40.0,61.0,4.0,-67.0,59.0,0.0,-54.0,-41.0,-75.0,12.0,-59.0,-25.0,-21.18,37.629999999999995,10.66,-54.21,80.91,1.74,-47.13,-33.12,-62.97,10.84,-28.29,-14.6
2025-07-28T16:35:36.073349,-65.0,73.0,-93.0,9.0,8.0,-62.0,5.0,29.0,-28.0,64.0,-28.0,-27.0,-46.18,49.629999999999995,-86.34,21.79,29.91,-60.26,11.870000000000001,36.88,-15.97,62.84,2.710000000000001,-16.6
2025-07-28T16:35:36.081269,-67.0,12.0,-21.0,-85.0,-45.0,-52.0,-18.0,-2.0,-50.0,39.0,-26.0,41.0,-48.18,-11.370000000000001,-14.34,-72.21000000000001,-23.09,-50.26,-11.129999999999999,5.88,-37.97,37.84,4.710000000000001,51.4
2025-07-28T16:35:36.085536,53.0,73.0,-76.0,-48.0,28.0,-67.0,10.0,-52.0,-7.0,28.0,-38.0,0.0,71.82,49.629999999999995,-69.34,-35.21,49.91,-65.26,16.87,-44.12,5.029999999999999,26.84,-7.289999999999999,10.4
2025-07-28T16:35:36.093431,59.0,56.0,-45.0,-3.0,-61.0,-40.0,-34.0,-28.0,8.0,-14.0,-5.0,2.0,77.82,32.629999999999995,-38.34,9.79,-39.09,-38.26,-27.13,-20.12,20.03,-15.16,25.71,12.4
2025-07-28T16:35:36.097750,-18.0,78.0,-14.0,69.0,28.0,10.0,-18.0,-29.0,-138.0,62.0,-33.0,20.0,0.8200000000000003,54.629999999999995,-7.34,81.78999999999999,49.91,11.74,-11.129999999999999,-21.12,-125.97,60.84,-2.289999999999999,30.4
2025-07-28T16:35:36.105802,28.0,91.0,-33.0,-66.0,-64.0,-47.0,-53.0,-33.0,-65.0,32.0,-14.0,-50.0,46.82,67.63,-26.34,-53.21,-42.09,-45.26,-46.13,-25.12,-52.97,30.84,16.71,-39.6
2025-07-28T16:35:36.110254,21.0,0.0,10.0,-47.0,18.0,10.0,-22.0,-80.0,-53.0,13.0,-45.0,-13.0,39.82,-23.37,16.66,-34.21,39.91,11.74,-15.129999999999999,-72.12,-40.97,11.84,-14.29,-2.5999999999999996
2025-07-28T16:35:36.115094,-30.0,62.0,10.0,37.0,-3.0,-63.0,-2.0,-2.0,60.0,-19.0,-37.0,-26.0,-11.18,38.629999999999995,16.66,49.79,18.91,-61.26,4.87,5.88,72.03,-20.16,-6.289999999999999,-15.6
2025-07-28T16:35:36.122820,-74.0,-11.0,19.0,-71.0,-16.0,22.0,-6.0,30.0,-46.0,48.0,-40.0,2.0,-55.18,-34.370000000000005,25.66,-58.21,5.91,23.74,0.8700000000000001,37.88,-33.97,46.84,-9.29,12.4
2025-07-28T16:35:36.130286,-35.0,64.0,14.0,43.0,-40.0,-44.0,23.0,-108.0,-25.0,12.0,-105.0,-47.0,-16.18,40.629999999999995,20.66,55.79,-18.09,-42.26,29.87,-100.12,-12.97,10.84,-74.28999999999999,-36.6
2025-07-28T16:35:36.134672,-35.0,114.0,-8.0,-15.0,-1.0,-82.0,39.0,-3.0,-32.0,-15.0,13.0,6.0,-16.18,90.63,-1.3399999999999999,-2.210000000000001,20.91,-80.26,45.87,4.88,-19.97,-16.16,43.71,16.4
2025-07-28T16:35:36.138883,-53.0,52.0,-48.0,18.0,-37.0,-20.0,10.0,-29.0,-50.0,4.0,-52.0,-7.0,-34.18,28.63,-41.34,30.79,-15.09,-18.26,16.87,-21.12,-37.97,2.84,-21.29,3.4000000000000004
2025-07-28T16:35:36.146877,24.0,65.0,-88.0,-57.0,-22.0,13.0,19.0,-53.0,-51.0,-50.0,-81.0,48.0,42.82,41.629999999999995,-81.34,-44.21,-0.08999999999999986,14.74,25.87,-45.12,-38.97,-51.16,-50.29,58.4
2025-07-28T16:35:36.150994,16.0,13.0,-81.0,40.0,41.0,-9.0,13.0,-92.0,-44.0,63.0,-35.0,-68.0,34.82,-10.370000000000001,-74.34,52.79,62.91,-7.26,19.87,-84.12,-31.97,61.84,-4.289999999999999,-57.6
2025-07-28T16:35:36.159335,-37.0,73.0,-8.0,-16.0,2.0,-25.0,-60.0,7.0,28.0,-36.0,-70.0,-10.0,-18.18,49.629999999999995,-1.3399999999999999,-3.210000000000001,23.91,-23.26,-53.13,14.879999999999999,40.03,-37.16,-39.29,0.40000000000000036
2025-07-28T16:35:36.163387,-20.0,51.0,-27.0,22.0,20.0,-118.0,-17.0,-34.0,-3.0,21.0,-28.0,-29.0,-1.1799999999999997,27.63,-20.34,34.79,41.91,-116.26,-10.129999999999999,-26.12,9.03,19.84,2.710000000000001,-18.6
2025-07-28T16:35:36.171517,-80.0,-29.0,43.0,-5.0,-65.0,-21.0,-32.0,-32.0,-111.0,76.0,-17.0,-47.0,-61.18,-52.370000000000005,49.66,7.789999999999999,-43.09,-19.26,-25.13,-24.12,-98.97,74.84,13.71,-36.6
2025-07-28T16:35:36.175527,27.0,44.0,34.0,-45.0,-29.0,39.0,-36.0,-61.0,-58.0,8.0,-22.0,-32.0,45.82,20.63,40.66,-32.21,-7.09,40.74,-29.13,-53.12,-45.97,6.84,8.71,-21.6
2025-07-28T16:35:36.183877,17.0,107.0,-24.0,-44.0,-10.0,64.0,7.0,25.0,-42.0,20.0,-15.0,36.0,35.82,83.63,-17.34,-31.21,11.91,65.74,13.870000000000001,32.88,-29.97,18.84,15.71,46.4
2025-07-28T16:35:36.187820,-10.0,68.0,-34.0,-46.0,30.0,23.0,-23.0,7.0,-5.0,24.0,-45.0,34.0,8.82,44.629999999999995,-27.34,-33.21,51.91,24.74,-16.13,14.879999999999999,7.029999999999999,22.84,-14.29,44.4
2025-07-28T16:35:36.195964,-11.0,-9.0,-87.0,-31.0,-57.0,-104.0,29.0,-64.0,-52.0,28.0,-16.0,8.0,7.82,-32.370000000000005,-80.34,-18.21,-35.09,-102.26,35.87,-56.12,-39.97,26.84,14.71,18.4
2025-07-28T16:35:36.200287,50.0,42.0,-23.0,38.0,-3.0,-17.0,-34.0,13.0,-11.0,79.0,-45.0,32.0,68.82,18.63,-16.34,50.79,18.91,-15.26,-27.13,20.88,1.0299999999999994,77.84,-14.29,42.4
2025-07-28T16:35:36.208258,-70.0,-9.0,0.0,56.0,-33.0,-1.0,-46.0,17.0,-78.0,-2.0,27.0,-33.0,-51.18,-32.370000000000005,6.66,68.78999999999999,-11.09,0.74,-39.13,24.88,-65.97,-3.16,57.71,-22.6
2025-07-28T16:35:36.212681,-37.0,11.0,-12.0,17.0,-34.0,-59.0,30.0,-59.0,-47.0,26.0,-43.0,55.0,-18.18,-12.370000000000001,-5.34,29.79,-12.09,-57.26,36.87,-51.12,-34.97,24.84,-12.29,65.4
2025-07-28T16:35:36.220690,-62.0,68.0,36.0,-39.0,30.0,-9.0,-43.0,77.0,-32.0,-15.0,-69.0,-45.0,-43.18,44.629999999999995,42.66,-26.21,51.91,-7.26,-36.13,84.88,-19.97,-16.16,-38.29,-34.6
2025-07-28T16:35:36.224871,-87.0,119.0,-30.0,13.0,-50.0,-11.0,11.0,73.0,-87.0,55.0,-33.0,-19.0,-68.18,95.63,-23.34,25.79,-28.09,-9.26,17.87,80.88,-74.97,53.84,-2.289999999999999,-8.6
2025-07-28T16:35:36.233032,50.0,15.0,-29.0,64.0,-21.0,-49.0,-51.0,-27.0,-8.0,34.0,-104.0,-25.0,68.82,-8.370000000000001,-22.34,76.78999999999999,0.9100000000000001,-47.26,-44.13,-19.12,4.029999999999999,32.84,-73.28999999999999,-14.6
2025-07-28T16:35:36.237220,-6.0,-20.0,-54.0,-18.0,-69.0,-36.0,-77.0,13.0,-46.0,76.0,-49.0,-64.0,12.82,-43.370000000000005,-47.34,-5.210000000000001,-47.09,-34.26,-70.13,20.88,-33.97,74.84,-18.29,-53.6
2025-07-28T16:35:36.245224,-1.0,25.0,22.0,47.0,36.0,-70.0,-68.0,-48.0,-45.0,84.0,-2.0,65.0,17.82,1.629999999999999,28.66,59.79,57.91,-68.26,-61.13,-40.12,-32.97,82.84,28.71,75.4
2025-07-28T16:35:36.249388,-38.0,40.0,49.0,-12.0,-58.0,-45.0,31.0,-23.0,-43.0,128.0,-114.0,22.0,-19.18,16.63,55.66,0.7899999999999991,-36.09,-43.26,37.87,-15.120000000000001,-30.97,126.84,-83.28999999999999,32.4
2025-07-28T16:35:36.257560,-54.0,4.0,-22.0,-25.0,-107.0,7.0,-25.0,35.0,-26.0,-20.0,-37.0,30.0,-35.18,-19.37,-15.34,-12.21,-85.09,8.74,-18.13,42.88,-13.97,-21.16,-6.289999999999999,40.4
2025-07-28T16:35:36.261607,-25.0,66.0,-25.0,-87.0,-32.0,-11.0,-58.0,23.0,25.0,16.0,-123.0,-37.0,-6.18,42.629999999999995,-18.34,-74.21000000000001,-10.09,-9.26,-51.13,30.88,37.03,14.84,-92.28999999999999,-26.6
2025-07-28T16:35:36.269742,-65.0,74.0,-50.0,-75.0,36.0,37.0,30.0,-45.0,-11.0,1.0,-122.0,-6.0,-46.18,50.629999999999995,-43.34,-62.21,57.91,38.74,36.87,-37.12,1.0299999999999994,-0.15999999999999992,-91.28999999999999,4.4
2025-07-28T16:35:36.273814,19.0,93.0,-3.0,-2.0,-3.0,51.0,54.0,-3.0,-54.0,36.0,-22.0,67.0,37.82,69.63,3.66,10.79,18.91,52.74,60.87,4.88,-41.97,34.84,8.71,77.4
2025-07-28T16:35:36.282107,71.0,117.0,1.0,-68.0,4.0,-57.0,-34.0,-24.0,-57.0,77.0,-91.0,-21.0,89.82,93.63,7.66,-55.21,25.91,-55.26,-27.13,-16.12,-44.97,75.84,-60.29,-10.6
2025-07-28T16:35:36.286277,52.0,56.0,-14.0,-39.0,-14.0,-15.0,-8.0,-5.0,2.0,30.0,-100.0,16.0,70.82,32.629999999999995,-7.34,-26.21,7.91,-13.26,-1.13,2.88,14.03,28.84,-69.28999999999999,26.4
2025-07-28T16:35:36.294295,10.0,3.0,20.0,5.0,-26.0,-51.0,-42.0,42.0,19.0,53.0,-31.0,-38.0,28.82,-20.37,26.66,17.79,-4.09,-49.26,-35.13,49.88,31.03,51.84,-0.28999999999999915,-27.6
2025-07-28T16:35:36.298554,-65.0,41.0,-21.0,-7.0,-48.0,33.0,-47.0,-39.0,-91.0,18.0,-51.0,-16.0,-46.18,17.63,-14.34,5.789999999999999,-26.09,34.74,-40.13,-31.12,-78.97,16.84,-20.29,-5.6
2025-07-28T16:35:36.306571,-125.0,108.0,-8.0,-47.0,-66.0,33.0,-1.0,14.0,-22.0,31.0,26.0,-53.0,-106.18,84.63,-1.3399999999999999,-34.21,-44.09,34.74,5.87,21.88,-9.97,29.84,56.71,-42.6
2025-07-28T16:35:36.310974,-66.0,24.0,-38.0,-68.0,-14.0,-6.0,-44.0,1.0,-19.0,96.0,-99.0,65.0,-47.18,0.629999999999999,-31.34,-55.21,7.91,-4.26,-37.13,8.879999999999999,-6.970000000000001,94.84,-68.28999999999999,75.4
2025-07-28T16:35:36.318984,-47.0,91.0,-62.0,-20.0,23.0,-74.0,-41.0,-29.0,-101.0,24.0,-66.0,-48.0,-28.18,67.63,-55.34,-7.210000000000001,44.91,-72.26,-34.13,-21.12,-88.97,22.84,-35.29,-37.6
2025-07-28T16:35:36.323236,-26.0,45.0,-54.0,29.0,1.0,-67.0,-35.0,-30.0,-77.0,52.0,-15.0,-40.0,-7.18,21.63,-47.34,41.79,22.91,-65.26,-28.13,-22.12,-64.97,50.84,15.71,-29.6
2025-07-28T16:35:36.331304,36.0,11.0,-16.0,10.0,14.0,-38.0,-67.0,-13.0,-81.0,-35.0,-54.0,-77.0,54.82,-12.370000000000001,-9.34,22.79,35.91,-36.26,-60.13,-5.12,-68.97,-36.16,-23.29,-66.6
2025-07-28T16:35:36.335759,12.0,3.0,-15.0,-5.0,34.0,-30.0,-98.0,34.0,-84.0,14.0,-13.0,-23.0,30.82,-20.37,-8.34,7.789999999999999,55.91,-28.26,-91.13,41.88,-71.97,12.84,17.71,-12.6
2025-07-28T16:35:36.343524,-48.0,47.0,79.0,-34.0,26.0,-1.0,-27.0,27.0,-32.0,5.0,-40.0,24.0,-29.18,23.63,85.66,-21.21,47.91,0.74,-20.13,34.88,-19.97,3.84,-9.29,34.4
2025-07-28T16:35:36.347665,-28.0,39.0,38.0,-23.0,-7.0,22.0,-97.0,-13.0,-64.0,17.0,-39.0,11.0,-9.18,15.629999999999999,44.66,-10.21,14.91,23.74,-90.13,-5.12,-51.97,15.84,-8.29,21.4
2025-07-28T16:35:36.355756,-53.0,49.0,71.0,24.0,-26.0,21.0,-17.0,-22.0,-33.0,4.0,-56.0,50.0,-34.18,25.63,77.66,36.79,-4.09,22.74,-10.129999999999999,-14.120000000000001,-20.97,2.84,-25.29,60.4
2025-07-28T16:35:36.359949,-55.0,-5.0,68.0,-63.0,-62.0,-81.0,9.0,-15.0,-69.0,-57.0,-32.0,-38.0,-36.18,-28.37,74.66,-50.21,-40.09,-79.26,15.870000000000001,-7.12,-56.97,-58.16,-1.2899999999999991,-27.6
2025-07-28T16:35:36.367996,11.0,-4.0,46.0,-25.0,41.0,-97.0,55.0,-21.0,-55.0,13.0,-80.0,8.0,29.82,-27.37,52.66,-12.21,62.91,-95.26,61.87,-13.120000000000001,-42.97,11.84,-49.29,18.4
2025-07-28T16:35:36.372278,-42.0,21.0,4.0,12.0,-118.0,-31.0,-33.0,-39.0,-11.0,32.0,-31.0,20.0,-23.18,-2.370000000000001,10.66,24.79,-96.09,-29.26,-26.13,-31.12,1.0299999999999994,30.84,-0.28999999999999915,30.4
2025-07-28T16:35:36.380434,-21.0,9.0,5.0,108.0,-56.0,46.0,1.0,28.0,-90.0,40.0,-79.0,-3.0,-2.1799999999999997,-14.370000000000001,11.66,120.78999999999999,-34.09,47.74,7.87,35.88,-77.97,38.84,-48.29,7.4
2025-07-28T16:35:36.384612,-39.0,56.0,32.0,27.0,-13.0,-31.0,-4.0,11.0,-102.0,57.0,-29.0,-44.0,-20.18,32.629999999999995,38.66,39.79,8.91,-29.26,2.87,18.88,-89.97,55.84,1.7100000000000009,-33.6
2025-07-28T16:35:36.392681,-52.0,62.0,-56.0,-48.0,-101.0,-21.0,-28.0,-10.0,-40.0,16.0,-52.0,17.0,-33.18,38.629999999999995,-49.34,-35.21,-79.09,-19.26,-21.13,-2.12,-27.97,14.84,-21.29,27.4
2025-07-28T16:35:36.396947,-21.0,97.0,-22.0,-54.0,-5.0,5.0,-20.0,2.0,-83.0,-22.0,-30.0,-20.0,-2.1799999999999997,73.63,-15.34,-41.21,16.91,6.74,-13.129999999999999,9.879999999999999,-70.97,-23.16,0.7100000000000009,-9.6
2025-07-28T16:35:36.404757,9.0,101.0,-59.0,-23.0,19.0,-15.0,-7.0,21.0,-7.0,-5.0,-4.0,-54.0,27.82,77.63,-52.34,-10.21,40.91,-13.26,-0.1299999999999999,28.88,5.029999999999999,-6.16,26.71,-43.6
2025-07-28T16:35:36.409039,-35.0,94.0,-108.0,-10.0,10.0,-88.0,3.0,15.0,-52.0,-27.0,-53.0,39.0,-16.18,70.63,-101.34,2.789999999999999,31.91,-86.26,9.870000000000001,22.88,-39.97,-28.16,-22.29,49.4
2025-07-28T16:35:36.417134,-6.0,72.0,-73.0,42.0,-19.0,-46.0,41.0,29.0,-29.0,-19.0,-30.0,24.0,12.82,48.629999999999995,-66.34,54.79,2.91,-44.26,47.87,36.88,-16.97,-20.16,0.7100000000000009,34.4
2025-07-28T16:35:36.421445,42.0,14.0,-5.0,38.0,-7.0,-26.0,35.0,80.0,-76.0,37.0,-24.0,18.0,60.82,-9.370000000000001,1.6600000000000001,50.79,14.91,-24.26,41.87,87.88,-63.97,35.84,6.710000000000001,28.4
2025-07-28T16:35:36.429423,-33.0,-4.0,32.0,64.0,-70.0,-18.0,-20.0,-6.0,-112.0,46.0,-58.0,-15.0,-14.18,-27.37,38.66,76.78999999999999,-48.09,-16.26,-13.129999999999999,1.88,-99.97,44.84,-27.29,-4.6
2025-07-28T16:35:36.433651,-72.0,30.0,-38.0,10.0,-62.0,-42.0,1.0,70.0,-22.0,-4.0,-1.0,-65.0,-53.18,6.629999999999999,-31.34,22.79,-40.09,-40.26,7.87,77.88,-9.97,-5.16,29.71,-54.6
2025-07-28T16:35:36.441661,12.0,-51.0,-57.0,-20.0,-70.0,28.0,0.0,-16.0,-61.0,58.0,-53.0,-61.0,30.82,-74.37,-50.34,-7.210000000000001,-48.09,29.74,6.87,-8.120000000000001,-48.97,56.84,-22.29,-50.6
2025-07-28T16:35:36.445939,-86.0,46.0,-19.0,14.0,-34.0,-20.0,-7.0,-4.0,-51.0,-19.0,-65.0,60.0,-67.18,22.63,-12.34,26.79,-12.09,-18.26,-0.1299999999999999,3.88,-38.97,-20.16,-34.29,70.4
2025-07-28T16:35:36.454166,7.0,95.0,-71.0,-41.0,79.0,-18.0,-93.0,-67.0,-114.0,30.0,-37.0,-23.0,25.82,71.63,-64.34,-28.21,100.91,-16.26,-86.13,-59.12,-101.97,28.84,-6.289999999999999,-12.6
2025-07-28T16:35:36.458362,30.0,93.0,-95.0,-36.0,-42.0,-13.0,28.0,4.0,-14.0,19.0,-37.0,-20.0,48.82,69.63,-88.34,-23.21,-20.09,-11.26,34.87,11.879999999999999,-1.9700000000000006,17.84,-6.289999999999999,-9.6
2025-07-28T16:35:36.466260,39.0,-26.0,-31.0,-13.0,-8.0,-24.0,59.0,35.0,-43.0,-21.0,-30.0,-28.0,57.82,-49.370000000000005,-24.34,-0.21000000000000085,13.91,-22.26,65.87,42.88,-30.97,-22.16,0.7100000000000009,-17.6
2025-07-28T16:35:36.470575,21.0,20.0,8.0,-34.0,-72.0,3.0,32.0,-26.0,-31.0,47.0,-22.0,45.0,39.82,-3.370000000000001,14.66,-21.21,-50.09,4.74,38.87,-18.12,-18.97,45.84,8.71,55.4
2025-07-28T16:35:36.478660,-28.0,48.0,32.0,-26.0,-13.0,-45.0,41.0,48.0,-77.0,52.0,-96.0,-31.0,-9.18,24.63,38.66,-13.21,8.91,-43.26,47.87,55.88,-64.97,50.84,-65.28999999999999,-20.6
2025-07-28T16:35:36.482858,-48.0,77.0,47.0,-38.0,25.0,15.0,29.0,5.0,-43.0,-6.0,-29.0,-17.0,-29.18,53.629999999999995,53.66,-25.21,46.91,16.74,35.87,12.879999999999999,-30.97,-7.16,1.7100000000000009,-6.6
2025-07-28T16:35:36.486782,-55.0,4.0,-33.0,-70.0,28.0,27.0,6.0,-30.0,1.0,-3.0,-79.0,20.0,-36.18,-19.37,-26.34,-57.21,49.91,28.74,12.870000000000001,-22.12,13.03,-4.16,-48.29,30.4
2025-07-28T16:35:36.495051,10.0,94.0,-21.0,-8.0,18.0,-19.0,-62.0,-13.0,-128.0,88.0,-55.0,-18.0,28.82,70.63,-14.34,4.789999999999999,39.91,-17.26,-55.13,-5.12,-115.97,86.84,-24.29,-7.6
2025-07-28T16:35:36.499214,3.0,32.0,10.0,43.0,-12.0,-13.0,1.0,-14.0,-31.0,-26.0,-71.0,23.0,21.82,8.629999999999999,16.66,55.79,9.91,-11.26,7.87,-6.12,-18.97,-27.16,-40.29,33.4
2025-07-28T16:35:36.507400,-14.0,29.0,-50.0,69.0,-53.0,-28.0,26.0,-7.0,-52.0,32.0,-56.0,59.0,4.82,5.629999999999999,-43.34,81.78999999999999,-31.09,-26.26,32.87,0.8799999999999999,-39.97,30.84,-25.29,69.4
2025-07-28T16:35:36.511413,59.0,-14.0,31.0,31.0,-82.0,-4.0,-17.0,19.0,-22.0,42.0,-18.0,93.0,77.82,-37.370000000000005,37.66,43.79,-60.09,-2.26,-10.129999999999999,26.88,-9.97,40.84,12.71,103.4
2025-07-28T16:35:36.519645,-34.0,63.0,48.0,-9.0,-66.0,19.0,79.0,-10.0,-139.0,35.0,-53.0,-25.0,-15.18,39.629999999999995,54.66,3.789999999999999,-44.09,20.74,85.87,-2.12,-126.97,33.84,-22.29,-14.6
2025-07-28T16:35:36.523710,-47.0,127.0,-8.0,-99.0,-66.0,32.0,-27.0,-41.0,-2.0,17.0,-10.0,5.0,-28.18,103.63,-1.3399999999999999,-86.21000000000001,-44.09,33.74,-20.13,-33.12,10.03,15.84,20.71,15.4
2025-07-28T16:35:36.531837,-54.0,83.0,-9.0,-1.0,-15.0,-4.0,41.0,-1.0,-15.0,27.0,-62.0,-6.0,-35.18,59.629999999999995,-2.34,11.79,6.91,-2.26,47.87,6.88,-2.9700000000000006,25.84,-31.29,4.4
2025-07-28T16:35:36.536131,-27.0,114.0,-57.0,-41.0,-71.0,72.0,26.0,27.0,-62.0,52.0,-81.0,-51.0,-8.18,90.63,-50.34,-28.21,-49.09,73.74,32.87,34.88,-49.97,50.84,-50.29,-40.6
2025-07-28T16:35:36.544035,-14.0,67.0,-63.0,8.0,2.0,-5.0,-10.0,14.0,27.0,17.0,-44.0,20.0,4.82,43.629999999999995,-56.34,20.79,23.91,-3.26,-3.13,21.88,39.03,15.84,-13.29,30.4
2025-07-28T16:35:36.548785,31.0,135.0,-48.0,-13.0,39.0,-38.0,53.0,11.0,30.0,-2.0,-58.0,42.0,49.82,111.63,-41.34,-0.21000000000000085,60.91,-36.26,59.87,18.88,42.03,-3.16,-27.29,52.4
2025-07-28T16:35:36.556531,-14.0,46.0,-112.0,14.0,-17.0,-54.0,-47.0,-32.0,45.0,102.0,9.0,6.0,4.82,22.63,-105.34,26.79,4.91,-52.26,-40.13,-24.12,57.03,100.84,39.71,16.4
2025-07-28T16:35:36.561511,37.0,33.0,12.0,-7.0,-69.0,-43.0,-31.0,13.0,13.0,38.0,-4.0,-36.0,55.82,9.629999999999999,18.66,5.789999999999999,-47.09,-41.26,-24.13,20.88,25.03,36.84,26.71,-25.6
2025-07-28T16:35:36.568856,-55.0,9.0,52.0,65.0,-29.0,-52.0,-36.0,-37.0,24.0,15.0,-160.0,39.0,-36.18,-14.370000000000001,58.66,77.78999999999999,-7.09,-50.26,-29.13,-29.12,36.03,13.84,-129.29,49.4
2025-07-28T16:35:36.573261,-42.0,19.0,3.0,-23.0,-40.0,-32.0,-1.0,-9.0,-68.0,-8.0,-24.0,11.0,-23.18,-4.370000000000001,9.66,-10.21,-18.09,-30.26,5.87,-1.12,-55.97,-9.16,6.710000000000001,21.4
2025-07-28T16:35:36.580984,-70.0,56.0,33.0,-35.0,-18.0,-61.0,24.0,-1.0,-23.0,-54.0,38.0,16.0,-51.18,32.629999999999995,39.66,-22.21,3.91,-59.26,30.87,6.88,-10.97,-55.16,68.71000000000001,26.4
2025-07-28T16:35:36.586116,-9.0,41.0,-5.0,-13.0,43.0,-13.0,19.0,20.0,-34.0,21.0,-57.0,-11.0,9.82,17.63,1.6600000000000001,-0.21000000000000085,64.91,-11.26,25.87,27.88,-21.97,19.84,-26.29,-0.5999999999999996
2025-07-28T16:35:36.593258,2.0,109.0,-36.0,-10.0,-44.0,0.0,-65.0,-9.0,-8.0,45.0,-25.0,33.0,20.82,85.63,-29.34,2.789999999999999,-22.09,1.74,-58.13,-1.12,4.029999999999999,43.84,5.710000000000001,43.4
2025-07-28T16:35:36.597731,11.0,78.0,-33.0,-17.0,36.0,-20.0,2.0,9.0,-43.0,66.0,-18.0,16.0,29.82,54.629999999999995,-26.34,-4.210000000000001,57.91,-18.26,8.870000000000001,16.88,-30.97,64.84,12.71,26.4
2025-07-28T16:35:36.605626,-32.0,-47.0,-9.0,54.0,-65.0,-13.0,-29.0,-80.0,-42.0,12.0,-38.0,17.0,-13.18,-70.37,-2.34,66.78999999999999,-43.09,-11.26,-22.13,-72.12,-29.97,10.84,-7.289999999999999,27.4
2025-07-28T16:35:36.610045,21.0,-10.0,-4.0,103.0,-70.0,45.0,-76.0,-73.0,-79.0,-17.0,-59.0,22.0,39.82,-33.370000000000005,2.66,115.78999999999999,-48.09,46.74,-69.13,-65.12,-66.97,-18.16,-28.29,32.4
2025-07-28T16:35:36.617812,-3.0,-40.0,9.0,-30.0,11.0,6.0,-15.0,46.0,-16.0,59.0,-24.0,33.0,15.82,-63.370000000000005,15.66,-17.21,32.91,7.74,-8.129999999999999,53.88,-3.9700000000000006,57.84,6.710000000000001,43.4
2025-07-28T16:35:36.622317,11.0,-13.0,45.0,-26.0,-23.0,6.0,-50.0,3.0,-47.0,69.0,-56.0,-22.0,29.82,-36.370000000000005,51.66,-13.21,-1.0899999999999999,7.74,-43.13,10.879999999999999,-34.97,67.84,-25.29,-11.6
2025-07-28T16:35:36.630162,-83.0,85.0,77.0,-66.0,-58.0,-5.0,-10.0,72.0,-34.0,48.0,-104.0,25.0,-64.18,61.629999999999995,83.66,-53.21,-36.09,-3.26,-3.13,79.88,-21.97,46.84,-73.28999999999999,35.4
2025-07-28T16:35:36.634683,-16.0,66.0,-8.0,-36.0,-108.0,-10.0,13.0,-19.0,13.0,5.0,-77.0,12.0,2.8200000000000003,42.629999999999995,-1.3399999999999999,-23.21,-86.09,-8.26,19.87,-11.120000000000001,25.03,3.84,-46.29,22.4
2025-07-28T16:35:36.642399,22.0,42.0,-35.0,-23.0,-15.0,17.0,55.0,51.0,-82.0,8.0,-49.0,29.0,40.82,18.63,-28.34,-10.21,6.91,18.74,61.87,58.88,-69.97,6.84,-18.29,39.4
2025-07-28T16:35:36.646886,17.0,115.0,-30.0,1.0,-38.0,-9.0,-64.0,35.0,-38.0,32.0,-62.0,-5.0,35.82,91.63,-23.34,13.79,-16.09,-7.26,-57.13,42.88,-25.97,30.84,-31.29,5.4
2025-07-28T16:35:36.654887,-16.0,50.0,-71.0,-48.0,-96.0,-12.0,22.0,37.0,-32.0,113.0,-8.0,19.0,2.8200000000000003,26.63,-64.34,-35.21,-74.09,-10.26,28.87,44.88,-19.97,111.84,22.71,29.4
2025-07-28T16:35:36.659151,-27.0,18.0,-7.0,-29.0,-3.0,-22.0,46.0,-21.0,-113.0,-26.0,-66.0,-27.0,-8.18,-5.370000000000001,-0.33999999999999986,-16.21,18.91,-20.26,52.87,-13.120000000000001,-100.97,-27.16,-35.29,-16.6
2025-07-28T16:35:36.666997,-113.0,-9.0,30.0,-8.0,-10.0,8.0,65.0,-24.0,-49.0,-3.0,-73.0,35.0,-94.18,-32.370000000000005,36.66,4.789999999999999,11.91,9.74,71.87,-16.12,-36.97,-4.16,-42.29,45.4
2025-07-28T16:35:36.671483,-67.0,103.0,38.0,3.0,-4.0,2.0,-67.0,8.0,36.0,30.0,-83.0,38.0,-48.18,79.63,44.66,15.79,17.91,3.74,-60.13,15.879999999999999,48.03,28.84,-52.29,48.4
2025-07-28T16:35:36.679308,-50.0,52.0,44.0,-7.0,-62.0,9.0,15.0,19.0,-1.0,-17.0,-31.0,46.0,-31.18,28.63,50.66,5.789999999999999,-40.09,10.74,21.87,26.88,11.03,-18.16,-0.28999999999999915,56.4
2025-07-28T16:35:36.683548,-38.0,58.0,79.0,15.0,-97.0,46.0,9.0,34.0,-68.0,-9.0,-33.0,-8.0,-19.18,34.629999999999995,85.66,27.79,-75.09,47.74,15.870000000000001,41.88,-55.97,-10.16,-2.289999999999999,2.4000000000000004
2025-07-28T16:35:36.691477,26.0,51.0,9.0,49.0,-69.0,40.0,31.0,-2.0,-74.0,11.0,-34.0,38.0,44.82,27.63,15.66,61.79,-47.09,41.74,37.87,5.88,-61.97,9.84,-3.289999999999999,48.4
2025-07-28T16:35:36.695842,-51.0,59.0,18.0,19.0,-1.0,-51.0,-8.0,1.0,-20.0,45.0,-28.0,27.0,-32.18,35.629999999999995,24.66,31.79,20.91,-49.26,-1.13,8.879999999999999,-7.970000000000001,43.84,2.710000000000001,37.4
2025-07-28T16:35:36.703975,-48.0,89.0,71.0,-16.0,-60.0,22.0,41.0,-39.0,-83.0,20.0,-103.0,51.0,-29.18,65.63,77.66,-3.210000000000001,-38.09,23.74,47.87,-31.12,-70.97,18.84,-72.28999999999999,61.4
2025-07-28T16:35:36.708110,-57.0,154.0,-42.0,-14.0,10.0,-36.0,-8.0,-51.0,-55.0,1.0,-68.0,-16.0,-38.18,130.63,-35.34,-1.2100000000000009,31.91,-34.26,-1.13,-43.12,-42.97,-0.15999999999999992,-37.29,-5.6
2025-07-28T16:35:36.712290,61.0,110.0,19.0,30.0,12.0,11.0,25.0,6.0,16.0,1.0,-35.0,4.0,79.82,86.63,25.66,42.79,33.91,12.74,31.87,13.879999999999999,28.03,-0.15999999999999992,-4.289999999999999,14.4
2025-07-28T16:35:36.720525,55.0,46.0,-18.0,30.0,-50.0,11.0,56.0,-19.0,2.0,-10.0,-32.0,11.0,73.82,22.63,-11.34,42.79,-28.09,12.74,62.87,-11.120000000000001,14.03,-11.16,-1.2899999999999991,21.4
2025-07-28T16:35:36.728260,15.0,-53.0,11.0,18.0,-51.0,82.0,14.0,-66.0,-44.0,-23.0,-70.0,-28.0,33.82,-76.37,17.66,30.79,-29.09,83.74,20.87,-58.12,-31.97,-24.16,-39.29,-17.6
2025-07-28T16:35:36.732599,-31.0,-44.0,-41.0,-65.0,-60.0,29.0,48.0,29.0,-55.0,35.0,-85.0,32.0,-12.18,-67.37,-34.34,-52.21,-38.09,30.74,54.87,36.88,-42.97,33.84,-54.29,42.4
2025-07-28T16:35:36.736951,-16.0,-1.0,32.0,52.0,-22.0,90.0,4.0,-22.0,-13.0,42.0,-9.0,20.0,2.8200000000000003,-24.37,38.66,64.78999999999999,-0.08999999999999986,91.74,10.870000000000001,-14.120000000000001,-0.9700000000000006,40.84,21.71,30.4
2025-07-28T16:35:36.744842,-75.0,60.0,0.0,-29.0,14.0,68.0,-1.0,-12.0,-15.0,46.0,-136.0,8.0,-56.18,36.629999999999995,6.66,-16.21,35.91,69.74,5.87,-4.12,-2.9700000000000006,44.84,-105.28999999999999,18.4
2025-07-28T16:35:36.748980,-24.0,85.0,31.0,23.0,-3.0,-18.0,-59.0,-107.0,6.0,38.0,-23.0,51.0,-5.18,61.629999999999995,37.66,35.79,18.91,-16.26,-52.13,-99.12,18.03,36.84,7.710000000000001,61.4
2025-07-28T16:35:36.757360,-124.0,27.0,-8.0,-30.0,26.0,-31.0,-55.0,38.0,20.0,26.0,-39.0,-13.0,-105.18,3.629999999999999,-1.3399999999999999,-17.21,47.91,-29.26,-48.13,45.88,32.03,24.84,-8.29,-2.5999999999999996
2025-07-28T16:35:36.761246,-4.0,100.0,-36.0,29.0,1.0,-52.0,15.0,36.0,33.0,-26.0,-5.0,32.0,14.82,76.63,-29.34,41.79,22.91,-50.26,21.87,43.88,45.03,-27.16,25.71,42.4
2025-07-28T16:35:36.769501,54.0,-14.0,-54.0,-50.0,-7.0,77.0,-8.0,-5.0,-46.0,12.0,-113.0,46.0,72.82,-37.370000000000005,-47.34,-37.21,14.91,78.74,-1.13,2.88,-33.97,10.84,-82.28999999999999,56.4
2025-07-28T16:35:36.773605,58.0,-16.0,-73.0,-21.0,45.0,32.0,33.0,-37.0,-29.0,36.0,-57.0,-4.0,76.82,-39.370000000000005,-66.34,-8.21,66.91,33.74,39.87,-29.12,-16.97,34.84,-26.29,6.4
2025-07-28T16:35:36.781847,33.0,-10.0,18.0,-55.0,-49.0,26.0,-30.0,-11.0,-55.0,-26.0,-94.0,8.0,51.82,-33.370000000000005,24.66,-42.21,-27.09,27.74,-23.13,-3.12,-42.97,-27.16,-63.29,18.4
2025-07-28T16:35:36.785837,8.0,-6.0,82.0,21.0,-28.0,-7.0,26.0,-16.0,39.0,42.0,17.0,-4.0,26.82,-29.37,88.66,33.79,-6.09,-5.26,32.87,-8.120000000000001,51.03,40.84,47.71,6.4
2025-07-28T16:35:36.794044,27.0,55.0,30.0,-3.0,2.0,7.0,-2.0,16.0,-14.0,-11.0,-74.0,-23.0,45.82,31.63,36.66,9.79,23.91,8.74,4.87,23.88,-1.9700000000000006,-12.16,-43.29,-12.6
2025-07-28T16:35:36.798448,48.0,-83.0,26.0,10.0,-32.0,-70.0,10.0,8.0,-93.0,-35.0,-42.0,-63.0,66.82,-106.37,32.66,22.79,-10.09,-68.26,16.87,15.879999999999999,-80.97,-36.16,-11.29,-52.6
2025-07-28T16:35:36.806483,-15.0,19.0,-35.0,-17.0,-18.0,-75.0,-18.0,12.0,-38.0,-15.0,14.0,-3.0,3.8200000000000003,-4.370000000000001,-28.34,-4.210000000000001,3.91,-73.26,-11.129999999999999,19.88,-25.97,-16.16,44.71,7.4
2025-07-28T16:35:36.810555,-12.0,0.0,-10.0,34.0,-11.0,-32.0,52.0,25.0,-54.0,26.0,4.0,-55.0,6.82,-23.37,-3.34,46.79,10.91,-30.26,58.87,32.88,-41.97,24.84,34.71,-44.6
2025-07-28T16:35:36.818598,-17.0,73.0,-58.0,-47.0,8.0,-28.0,-17.0,23.0,-15.0,5.0,47.0,-81.0,1.8200000000000003,49.629999999999995,-51.34,-34.21,29.91,-26.26,-10.129999999999999,30.88,-2.9700000000000006,3.84,77.71000000000001,-70.6
2025-07-28T16:35:36.823562,-57.0,76.0,-37.0,-15.0,-26.0,29.0,-30.0,-4.0,-24.0,119.0,19.0,6.0,-38.18,52.629999999999995,-30.34,-2.210000000000001,-4.09,30.74,-23.13,3.88,-11.97,117.84,49.71,16.4
2025-07-28T16:35:36.830838,15.0,71.0,-60.0,-53.0,-20.0,-10.0,-41.0,-51.0,76.0,-23.0,35.0,-51.0,33.82,47.629999999999995,-53.34,-40.21,1.9100000000000001,-8.26,-34.13,-43.12,88.03,-24.16,65.71000000000001,-40.6
2025-07-28T16:35:36.835254,-2.0,-16.0,-3.0,8.0,-69.0,-33.0,14.0,63.0,1.0,7.0,5.0,-43.0,16.82,-39.370000000000005,3.66,20.79,-47.09,-31.26,20.87,70.88,13.03,5.84,35.71,-32.6
2025-07-28T16:35:36.843182,40.0,-33.0,-49.0,-1.0,14.0,-3.0,17.0,-46.0,21.0,-30.0,-18.0,-52.0,58.82,-56.370000000000005,-42.34,11.79,35.91,-1.26,23.87,-38.12,33.03,-31.16,12.71,-41.6
2025-07-28T16:35:36.847635,-38.0,-59.0,71.0,46.0,-60.0,5.0,-110.0,24.0,-88.0,-2.0,9.0,-62.0,-19.18,-82.37,77.66,58.79,-38.09,6.74,-103.13,31.88,-75.97,-3.16,39.71,-51.6
2025-07-28T16:35:36.855519,-50.0,-53.0,27.0,-15.0,-79.0,17.0,58.0,-4.0,7.0,-85.0,46.0,-38.0,-31.18,-76.37,33.66,-2.210000000000001,-57.09,18.74,64.87,3.88,19.03,-86.16,76.71000000000001,-27.6
2025-07-28T16:35:36.860403,1.0,-61.0,58.0,-77.0,-30.0,-11.0,-39.0,-23.0,-48.0,-62.0,-26.0,-28.0,19.82,-84.37,64.66,-64.21000000000001,-8.09,-9.26,-32.13,-15.120000000000001,-35.97,-63.16,4.710000000000001,-17.6
2025-07-28T16:35:36.867761,-28.0,27.0,-19.0,-40.0,-82.0,23.0,-22.0,-7.0,-29.0,-125.0,-16.0,-52.0,-9.18,3.629999999999999,-12.34,-27.21,-60.09,24.74,-15.129999999999999,0.8799999999999999,-16.97,-126.16,14.71,-41.6
2025-07-28T16:35:36.872637,-12.0,60.0,-59.0,1.0,-28.0,-21.0,-59.0,28.0,-43.0,-69.0,-29.0,-81.0,6.82,36.629999999999995,-52.34,13.79,-6.09,-19.26,-52.13,35.88,-30.97,-70.16,1.7100000000000009,-70.6
2025-07-28T16:35:36.879904,-23.0,108.0,-40.0,3.0,-37.0,4.0,4.0,20.0,47.0,-6.0,0.0,-67.0,-4.18,84.63,-33.34,15.79,-15.09,5.74,10.870000000000001,27.88,59.03,-7.16,30.71,-56.6
2025-07-28T16:35:36.884327,-16.0,25.0,-102.0,-75.0,8.0,-38.0,-21.0,34.0,-35.0,10.0,1.0,-18.0,2.8200000000000003,1.629999999999999,-95.34,-62.21,29.91,-36.26,-14.129999999999999,41.88,-22.97,8.84,31.71,-7.6
2025-07-28T16:35:36.892251,16.0,-17.0,10.0,-49.0,15.0,-8.0,6.0,-1.0,-14.0,-47.0,-7.0,16.0,34.82,-40.370000000000005,16.66,-36.21,36.91,-6.26,12.870000000000001,6.88,-1.9700000000000006,-48.16,23.71,26.4
2025-07-28T16:35:36.896595,-4.0,-2.0,-28.0,-17.0,-41.0,-38.0,-42.0,6.0,35.0,-82.0,-84.0,-16.0,14.82,-25.37,-21.34,-4.210000000000001,-19.09,-36.26,-35.13,13.879999999999999,47.03,-83.16,-53.29,-5.6
2025-07-28T16:35:36.904528,16.0,34.0,3.0,39.0,-63.0,49.0,-42.0,7.0,16.0,-78.0,-61.0,-29.0,34.82,10.629999999999999,9.66,51.79,-41.09,50.74,-35.13,14.879999999999999,28.03,-79.16,-30.29,-18.6
2025-07-28T16:35:36.908925,-67.0,-60.0,30.0,-15.0,8.0,18.0,11.0,20.0,-34.0,-48.0,-75.0,42.0,-48.18,-83.37,36.66,-2.210000000000001,29.91,19.74,17.87,27.88,-21.97,-49.16,-44.29,52.4
2025-07-28T16:35:36.912995,-43.0,48.0,94.0,-5.0,6.0,-55.0,-7.0,31.0,-19.0,-42.0,26.0,27.0,-24.18,24.63,100.66,7.789999999999999,27.91,-53.26,-0.1299999999999999,38.88,-6.970000000000001,-43.16,56.71,37.4
2025-07-28T16:35:36.920990,16.0,54.0,42.0,35.0,35.0,29.0,-40.0,16.0,2.0,82.0,-32.0,3.0,34.82,30.63,48.66,47.79,56.91,30.74,-33.13,23.88,14.03,80.84,-1.2899999999999991,13.4
2025-07-28T16:35:36.925070,-72.0,60.0,-49.0,-41.0,48.0,-75.0,-12.0,-9.0,-59.0,89.0,41.0,3.0,-53.18,36.629999999999995,-42.34,-28.21,69.91,-73.26,-5.13,-1.12,-46.97,87.84,71.71000000000001,13.4
2025-07-28T16:35:36.933403,-52.0,93.0,-83.0,-6.0,-25.0,-11.0,-3.0,-36.0,4.0,-14.0,-39.0,28.0,-33.18,69.63,-76.34,6.789999999999999,-3.09,-9.26,3.87,-28.12,16.03,-15.16,-8.29,38.4
2025-07-28T16:35:36.937352,-65.0,67.0,5.0,23.0,-57.0,-57.0,17.0,17.0,10.0,24.0,-86.0,51.0,-46.18,43.629999999999995,11.66,35.79,-35.09,-55.26,23.87,24.88,22.03,22.84,-55.29,61.4
2025-07-28T16:35:36.945630,30.0,31.0,-48.0,-49.0,-37.0,-67.0,-52.0,-17.0,-91.0,19.0,-31.0,45.0,48.82,7.629999999999999,-41.34,-36.21,-15.09,-65.26,-45.13,-9.120000000000001,-78.97,17.84,-0.28999999999999915,55.4
2025-07-28T16:35:36.949661,39.0,-29.0,-28.0,9.0,-41.0,-23.0,17.0,57.0,-36.0,36.0,-97.0,16.0,57.82,-52.370000000000005,-21.34,21.79,-19.09,-21.26,23.87,64.88,-23.97,34.84,-66.28999999999999,26.4
2025-07-28T16:35:36.957808,-29.0,-30.0,74.0,-3.0,-56.0,45.0,46.0,-53.0,-55.0,15.0,-5.0,7.0,-10.18,-53.370000000000005,80.66,9.79,-34.09,46.74,52.87,-45.12,-42.97,13.84,25.71,17.4
2025-07-28T16:35:36.961979,63.0,-38.0,-8.0,-3.0,-44.0,-45.0,-23.0,-27.0,2.0,62.0,-67.0,-30.0,81.82,-61.370000000000005,-1.3399999999999999,9.79,-22.09,-43.26,-16.13,-19.12,14.03,60.84,-36.29,-19.6
2025-07-28T16:35:36.970271,-33.0,51.0,-16.0,-24.0,15.0,20.0,24.0,-74.0,43.0,77.0,-98.0,-7.0,-14.18,27.63,-9.34,-11.21,36.91,21.74,30.87,-66.12,55.03,75.84,-67.28999999999999,3.4000000000000004
2025-07-28T16:35:36.974297,5.0,93.0,-37.0,-80.0,12.0,16.0,11.0,-73.0,-36.0,9.0,-15.0,50.0,23.82,69.63,-30.34,-67.21000000000001,33.91,17.74,17.87,-65.12,-23.97,7.84,15.71,60.4
2025-07-28T16:35:36.982507,-98.0,50.0,15.0,-91.0,51.0,-9.0,-10.0,-24.0,-6.0,70.0,-64.0,7.0,-79.18,26.63,21.66,-78.21000000000001,72.91,-7.26,-3.13,-16.12,6.029999999999999,68.84,-33.29,17.4
2025-07-28T16:35:36.986703,-66.0,107.0,-28.0,-2.0,-22.0,-63.0,-7.0,-85.0,28.0,42.0,-34.0,30.0,-47.18,83.63,-21.34,10.79,-0.08999999999999986,-61.26,-0.1299999999999999,-77.12,40.03,40.84,-3.289999999999999,40.4
2025-07-28T16:35:36.994811,-1.0,62.0,-71.0,12.0,-78.0,-18.0,11.0,-34.0,43.0,-19.0,-71.0,65.0,17.82,38.629999999999995,-64.34,24.79,-56.09,-16.26,17.87,-26.12,55.03,-20.16,-40.29,75.4
2025-07-28T16:35:36.999081,30.0,30.0,-99.0,-24.0,-57.0,10.0,-37.0,7.0,43.0,63.0,-33.0,3.0,48.82,6.629999999999999,-92.34,-11.21,-35.09,11.74,-30.13,14.879999999999999,55.03,61.84,-2.289999999999999,13.4
2025-07-28T16:35:37.007113,-18.0,-30.0,-6.0,-95.0,-21.0,27.0,25.0,-33.0,5.0,25.0,-23.0,65.0,0.8200000000000003,-53.370000000000005,0.6600000000000001,-82.21000000000001,0.9100000000000001,28.74,31.87,-25.12,17.03,23.84,7.710000000000001,75.4
2025-07-28T16:35:37.011634,-13.0,35.0,-54.0,-44.0,11.0,4.0,59.0,-43.0,30.0,8.0,-81.0,34.0,5.82,11.629999999999999,-47.34,-31.21,32.91,5.74,65.87,-35.12,42.03,6.84,-50.29,44.4
2025-07-28T16:35:37.019256,29.0,23.0,27.0,-14.0,30.0,-22.0,19.0,-55.0,7.0,10.0,-90.0,17.0,47.82,-0.370000000000001,33.66,-1.2100000000000009,51.91,-20.26,25.87,-47.12,19.03,8.84,-59.29,27.4
2025-07-28T16:35:37.023710,-52.0,50.0,41.0,13.0,-19.0,5.0,-24.0,-18.0,-17.0,53.0,-43.0,69.0,-33.18,26.63,47.66,25.79,2.91,6.74,-17.13,-10.120000000000001,-4.970000000000001,51.84,-12.29,79.4
2025-07-28T16:35:37.031502,-85.0,7.0,11.0,-29.0,-31.0,-15.0,35.0,12.0,2.0,41.0,11.0,49.0,-66.18,-16.37,17.66,-16.21,-9.09,-13.26,41.87,19.88,14.03,39.84,41.71,59.4
2025-07-28T16:35:37.035769,-16.0,46.0,-76.0,32.0,-42.0,26.0,-39.0,15.0,29.0,43.0,-83.0,3.0,2.8200000000000003,22.63,-69.34,44.79,-20.09,27.74,-32.13,22.88,41.03,41.84,-52.29,13.4
2025-07-28T16:35:37.043816,31.0,46.0,-50.0,-68.0,-78.0,37.0,35.0,17.0,-3.0,40.0,-108.0,-7.0,49.82,22.63,-43.34,-55.21,-56.09,38.74,41.87,24.88,9.03,38.84,-77.28999999999999,3.4000000000000004
2025-07-28T16:35:37.048040,20.0,22.0,0.0,-38.0,-24.0,-28.0,23.0,-35.0,44.0,-45.0,-21.0,66.0,38.82,-1.370000000000001,6.66,-25.21,-2.09,-26.26,29.87,-27.12,56.03,-46.16,9.71,76.4
2025-07-28T16:35:37.056212,25.0,17.0,79.0,60.0,-3.0,-14.0,-25.0,-8.0,48.0,43.0,-59.0,5.0,43.82,-6.370000000000001,85.66,72.78999999999999,18.91,-12.26,-18.13,-0.1200000000000001,60.03,41.84,-28.29,15.4
2025-07-28T16:35:37.060339,-25.0,7.0,4.0,-115.0,-94.0,1.0,-6.0,14.0,-4.0,1.0,-8.0,47.0,-6.18,-16.37,10.66,-102.21000000000001,-72.09,2.74,0.8700000000000001,21.88,8.03,-0.15999999999999992,22.71,57.4
2025-07-28T16:35:37.068498,-23.0,-33.0,16.0,-150.0,-13.0,-55.0,66.0,-22.0,-5.0,13.0,-9.0,-44.0,-4.18,-56.370000000000005,22.66,-137.21,8.91,-53.26,72.87,-14.120000000000001,7.029999999999999,11.84,21.71,-33.6
2025-07-28T16:35:37.072607,-108.0,48.0,20.0,33.0,18.0,-31.0,35.0,-2.0,40.0,-10.0,-25.0,-72.0,-89.18,24.63,26.66,45.79,39.91,-29.26,41.87,5.88,52.03,-11.16,5.710000000000001,-61.6
2025-07-28T16:35:37.080777,16.0,90.0,29.0,-22.0,-34.0,22.0,3.0,-71.0,-17.0,54.0,-36.0,-77.0,34.82,66.63,35.66,-9.21,-12.09,23.74,9.870000000000001,-63.12,-4.970000000000001,52.84,-5.289999999999999,-66.6
2025-07-28T16:35:37.084997,-55.0,100.0,-39.0,25.0,-55.0,-17.0,-34.0,-57.0,5.0,26.0,-95.0,-29.0,-36.18,76.63,-32.34,37.79,-33.09,-15.26,-27.13,-49.12,17.03,24.84,-64.28999999999999,-18.6
2025-07-28T16:35:37.092905,-7.0,27.0,-8.0,-37.0,-58.0,26.0,-30.0,26.0,19.0,-22.0,-63.0,2.0,11.82,3.629999999999999,-1.3399999999999999,-24.21,-36.09,27.74,-23.13,33.88,31.03,-23.16,-32.29,12.4
2025-07-28T16:35:37.097266,31.0,6.0,1.0,-113.0,9.0,16.0,-57.0,24.0,-17.0,16.0,38.0,-48.0,49.82,-17.37,7.66,-100.21000000000001,30.91,17.74,-50.13,31.88,-4.970000000000001,14.84,68.71000000000001,-37.6
2025-07-28T16:35:37.105268,29.0,21.0,21.0,-58.0,-12.0,-46.0,-26.0,-19.0,6.0,91.0,-8.0,-77.0,47.82,-2.370000000000001,27.66,-45.21,9.91,-44.26,-19.13,-11.120000000000001,18.03,89.84,22.71,-66.6
2025-07-28T16:35:37.109479,-31.0,-63.0,-11.0,32.0,-33.0,9.0,-13.0,41.0,27.0,6.0,-52.0,5.0,-12.18,-86.37,-4.34,44.79,-11.09,10.74,-6.13,48.88,39.03,4.84,-21.29,15.4
2025-07-28T16:35:37.117448,-17.0,38.0,-20.0,-35.0,-56.0,-11.0,38.0,16.0,1.0,-8.0,-2.0,-12.0,1.8200000000000003,14.629999999999999,-13.34,-22.21,-34.09,-9.26,44.87,23.88,13.03,-9.16,28.71,-1.5999999999999996
2025-07-28T16:35:37.121708,0.0,30.0,-45.0,15.0,-89.0,28.0,-30.0,-15.0,-30.0,-21.0,-47.0,-14.0,18.82,6.629999999999999,-38.34,27.79,-67.09,29.74,-23.13,-7.12,-17.97,-22.16,-16.29,-3.5999999999999996
2025-07-28T16:35:37.129780,31.0,19.0,-14.0,-90.0,-50.0,-11.0,-23.0,8.0,-35.0,46.0,-30.0,-18.0,49.82,-4.370000000000001,-7.34,-77.21000000000001,-28.09,-9.26,-16.13,15.879999999999999,-22.97,44.84,0.7100000000000009,-7.6
2025-07-28T16:35:37.134160,-84.0,2.0,9.0,-42.0,-3.0,-11.0,37.0,-71.0,-1.0,8.0,-38.0,-66.0,-65.18,-21.37,15.66,-29.21,18.91,-9.26,43.87,-63.12,11.03,6.84,-7.289999999999999,-55.6
2025-07-28T16:35:37.138499,-35.0,-5.0,-1.0,24.0,40.0,47.0,44.0,-25.0,10.0,12.0,-12.0,-83.0,-16.18,-28.37,5.66,36.79,61.91,48.74,50.87,-17.12,22.03,10.84,18.71,-72.6
2025-07-28T16:35:37.146376,-57.0,60.0,43.0,-36.0,-93.0,4.0,-3.0,-23.0,-74.0,-64.0,35.0,25.0,-38.18,36.629999999999995,49.66,-23.21,-71.09,5.74,3.87,-15.120000000000001,-61.97,-65.16,65.71000000000001,35.4
2025-07-28T16:35:37.150723,-4.0,-38.0,21.0,56.0,-9.0,-70.0,110.0,46.0,-29.0,31.0,11.0,-47.0,14.82,-61.370000000000005,27.66,68.78999999999999,12.91,-68.26,116.87,53.88,-16.97,29.84,41.71,-36.6
2025-07-28T16:35:37.158555,-30.0,14.0,47.0,1.0,-43.0,1.0,-12.0,-46.0,-29.0,-71.0,-21.0,-9.0,-11.18,-9.370000000000001,53.66,13.79,-21.09,2.74,-5.13,-38.12,-16.97,-72.16,9.71,1.4000000000000004
2025-07-28T16:35:37.162968,-116.0,45.0,17.0,35.0,-54.0,11.0,-21.0,9.0,8.0,-65.0,86.0,-39.0,-97.18,21.63,23.66,47.79,-32.09,12.74,-14.129999999999999,16.88,20.03,-66.16,116.71000000000001,-28.6
2025-07-28T16:35:37.170692,-21.0,87.0,-48.0,-3.0,-56.0,24.0,4.0,-17.0,-8.0,21.0,-36.0,-42.0,-2.1799999999999997,63.629999999999995,-41.34,9.79,-34.09,25.74,10.870000000000001,-9.120000000000001,4.029999999999999,19.84,-5.289999999999999,-31.6
2025-07-28T16:35:37.175389,-35.0,-13.0,-23.0,-68.0,-18.0,65.0,7.0,30.0,-43.0,-55.0,-9.0,-44.0,-16.18,-36.370000000000005,-16.34,-55.21,3.91,66.74,13.870000000000001,37.88,-30.97,-56.16,21.71,-33.6
2025-07-28T16:35:37.183233,-4.0,-26.0,-64.0,-70.0,-70.0,-10.0,8.0,23.0,-25.0,-9.0,28.0,6.0,14.82,-49.370000000000005,-57.34,-57.21,-48.09,-8.26,14.870000000000001,30.88,-12.97,-10.16,58.71,16.4
2025-07-28T16:35:37.187420,-12.0,-40.0,6.0,-59.0,-38.0,-38.0,-39.0,-19.0,-16.0,-95.0,44.0,-3.0,6.82,-63.370000000000005,12.66,-46.21,-16.09,-36.26,-32.13,-11.120000000000001,-3.9700000000000006,-96.16,74.71000000000001,7.4
2025-07-28T16:35:37.195446,44.0,36.0,0.0,-26.0,-84.0,-67.0,-1.0,-26.0,-27.0,-36.0,27.0,-44.0,62.82,12.629999999999999,6.66,-13.21,-62.09,-65.26,5.87,-18.12,-14.97,-37.16,57.71,-33.6
2025-07-28T16:35:37.199627,-16.0,-43.0,87.0,-1.0,-39.0,40.0,75.0,66.0,4.0,-18.0,-32.0,-45.0,2.8200000000000003,-66.37,93.66,11.79,-17.09,41.74,81.87,73.88,16.03,-19.16,-1.2899999999999991,-34.6
2025-07-28T16:35:37.207780,-48.0,0.0,-20.0,55.0,-24.0,17.0,11.0,-6.0,-35.0,-50.0,57.0,-36.0,-29.18,-23.37,-13.34,67.78999999999999,-2.09,18.74,17.87,1.88,-22.97,-51.16,87.71000000000001,-25.6
2025-07-28T16:35:37.211858,-42.0,45.0,-7.0,-61.0,-26.0,52.0,4.0,44.0,-29.0,-61.0,-31.0,-1.0,-23.18,21.63,-0.33999999999999986,-48.21,-4.09,53.74,10.870000000000001,51.88,-16.97,-62.16,-0.28999999999999915,9.4
2025-07-28T16:35:37.219942,7.0,-1.0,10.0,-81.0,28.0,-33.0,0.0,-71.0,-47.0,-103.0,-18.0,-57.0,25.82,-24.37,16.66,-68.21000000000001,49.91,-31.26,6.87,-63.12,-34.97,-104.16,12.71,-46.6
2025-07-28T16:35:37.224338,-106.0,74.0,51.0,-56.0,-27.0,-46.0,7.0,-13.0,-35.0,27.0,17.0,-31.0,-87.18,50.629999999999995,57.66,-43.21,-5.09,-44.26,13.870000000000001,-5.12,-22.97,25.84,47.71,-20.6
2025-07-28T16:35:37.232325,-37.0,24.0,-37.0,15.0,-2.0,-29.0,35.0,-44.0,-39.0,11.0,18.0,-26.0,-18.18,0.629999999999999,-30.34,27.79,19.91,-27.26,41.87,-36.12,-26.97,9.84,48.71,-15.6
2025-07-28T16:35:37.236456,-46.0,99.0,5.0,-25.0,-109.0,-56.0,-18.0,-47.0,31.0,-59.0,4.0,19.0,-27.18,75.63,11.66,-12.21,-87.09,-54.26,-11.129999999999999,-39.12,43.03,-60.16,34.71,29.4
2025-07-28T16:35:37.244440,-6.0,11.0,-3.0,37.0,-41.0,14.0,-11.0,6.0,-36.0,-62.0,31.0,-76.0,12.82,-12.370000000000001,3.66,49.79,-19.09,15.74,-4.13,13.879999999999999,-23.97,-63.16,61.71,-65.6
2025-07-28T16:35:37.248836,55.0,-2.0,-51.0,-123.0,-35.0,14.0,-30.0,-50.0,7.0,-34.0,-29.0,-79.0,73.82,-25.37,-44.34,-110.21000000000001,-13.09,15.74,-23.13,-42.12,19.03,-35.16,1.7100000000000009,-68.6
2025-07-28T16:35:37.256835,-3.0,-39.0,22.0,-23.0,3.0,50.0,-31.0,-39.0,-56.0,52.0,55.0,-66.0,15.82,-62.370000000000005,28.66,-10.21,24.91,51.74,-24.13,-31.12,-43.97,50.84,85.71000000000001,-55.6
2025-07-28T16:35:37.261142,-24.0,-27.0,35.0,-99.0,-25.0,-18.0,-36.0,-63.0,-27.0,-42.0,-8.0,-15.0,-5.18,-50.370000000000005,41.66,-86.21000000000001,-3.09,-16.26,-29.13,-55.12,-14.97,-43.16,22.71,-4.6
2025-07-28T16:35:37.269268,-44.0,-23.0,67.0,-8.0,-22.0,-52.0,17.0,35.0,17.0,-61.0,65.0,-75.0,-25.18,-46.370000000000005,73.66,4.789999999999999,-0.08999999999999986,-50.26,23.87,42.88,29.03,-62.16,95.71000000000001,-64.6
2025-07-28T16:35:37.273429,-33.0,7.0,44.0,-15.0,-2.0,-14.0,-63.0,-49.0,39.0,5.0,-16.0,15.0,-14.18,-16.37,50.66,-2.210000000000001,19.91,-12.26,-56.13,-41.12,51.03,3.84,14.71,25.4
2025-07-28T16:35:37.281334,-68.0,67.0,1.0,42.0,-90.0,-19.0,-6.0,-4.0,-6.0,-48.0,12.0,-33.0,-49.18,43.629999999999995,7.66,54.79,-68.09,-17.26,0.8700000000000001,3.88,6.029999999999999,-49.16,42.71,-22.6
2025-07-28T16:35:37.285578,-69.0,38.0,32.0,20.0,15.0,19.0,-40.0,25.0,3.0,-80.0,-22.0,-67.0,-50.18,14.629999999999999,38.66,32.79,36.91,20.74,-33.13,32.88,15.03,-81.16,8.71,-56.6
2025-07-28T16:35:37.293517,16.0,-18.0,-40.0,-10.0,-81.0,11.0,8.0,18.0,-18.0,-1.0,11.0,-77.0,34.82,-41.370000000000005,-33.34,2.789999999999999,-59.09,12.74,14.870000000000001,25.88,-5.970000000000001,-2.16,41.71,-66.6
2025-07-28T16:35:37.297917,-8.0,73.0,-30.0,-11.0,-25.0,-39.0,-34.0,-26.0,37.0,-53.0,-14.0,-46.0,10.82,49.629999999999995,-23.34,1.7899999999999991,-3.09,-37.26,-27.13,-18.12,49.03,-54.16,16.71,-35.6
2025-07-28T16:35:37.302145,14.0,91.0,6.0,-30.0,24.0,5.0,-68.0,4.0,-11.0,-79.0,12.0,-50.0,32.82,67.63,12.66,-17.21,45.91,6.74,-61.13,11.879999999999999,1.0299999999999994,-80.16,42.71,-39.6
2025-07-28T16:35:37.310267,-39.0,74.0,11.0,-30.0,0.0,-79.0,58.0,54.0,-9.0,5.0,65.0,-34.0,-20.18,50.629999999999995,17.66,-17.21,21.91,-77.26,64.87,61.88,3.0299999999999994,3.84,95.71000000000001,-23.6
2025-07-28T16:35:37.314625,13.0,75.0,-51.0,-1.0,11.0,23.0,-36.0,36.0,31.0,-38.0,-19.0,-46.0,31.82,51.629999999999995,-44.34,11.79,32.91,24.74,-29.13,43.88,43.03,-39.16,11.71,-35.6
2025-07-28T16:35:37.322357,22.0,39.0,9.0,3.0,-101.0,10.0,61.0,11.0,-37.0,3.0,-8.0,-69.0,40.82,15.629999999999999,15.66,15.79,-79.09,11.74,67.87,18.88,-24.97,1.84,22.71,-58.6
2025-07-28T16:35:37.326922,-12.0,-18.0,-10.0,52.0,-66.0,-37.0,-19.0,46.0,2.0,-40.0,20.0,-10.0,6.82,-41.370000000000005,-3.34,64.78999999999999,-44.09,-35.26,-12.129999999999999,53.88,14.03,-41.16,50.71,0.40000000000000036
2025-07-28T16:35:37.334853,28.0,-26.0,-7.0,31.0,-53.0,-8.0,76.0,-23.0,-30.0,-50.0,-37.0,-25.0,46.82,-49.370000000000005,-0.33999999999999986,43.79,-31.09,-6.26,82.87,-15.120000000000001,-17.97,-51.16,-6.289999999999999,-14.6
2025-07-28T16:35:37.339790,-45.0,-21.0,34.0,-7.0,-78.0,33.0,47.0,-56.0,18.0,-46.0,-22.0,-28.0,-26.18,-44.370000000000005,40.66,5.789999999999999,-56.09,34.74,53.87,-48.12,30.03,-47.16,8.71,-17.6
2025-07-28T16:35:37.346976,-35.0,42.0,-8.0,-92.0,-11.0,70.0,14.0,-61.0,-23.0,-10.0,12.0,-24.0,-16.18,18.63,-1.3399999999999999,-79.21000000000001,10.91,71.74,20.87,-53.12,-10.97,-11.16,42.71,-13.6
2025-07-28T16:35:37.351219,-85.0,61.0,-1.0,-32.0,31.0,-29.0,54.0,20.0,33.0,28.0,-20.0,-5.0,-66.18,37.629999999999995,5.66,-19.21,52.91,-27.26,60.87,27.88,45.03,26.84,10.71,5.4
2025-07-28T16:35:37.359332,19.0,43.0,-49.0,18.0,-1.0,-52.0,14.0,10.0,-60.0,-10.0,22.0,-69.0,37.82,19.63,-42.34,30.79,20.91,-50.26,20.87,17.88,-47.97,-11.16,52.71,-58.6
2025-07-28T16:35:37.363457,17.0,-55.0,-10.0,54.0,-38.0,-5.0,64.0,-12.0,-34.0,-51.0,31.0,-16.0,35.82,-78.37,-3.34,66.78999999999999,-16.09,-3.26,70.87,-4.12,-21.97,-52.16,61.71,-5.6
2025-07-28T16:35:37.371490,47.0,-12.0,51.0,45.0,-63.0,13.0,-20.0,-85.0,-1.0,-19.0,37.0,-13.0,65.82,-35.370000000000005,57.66,57.79,-41.09,14.74,-13.129999999999999,-77.12,11.03,-20.16,67.71000000000001,-2.5999999999999996
2025-07-28T16:35:37.375641,-23.0,16.0,46.0,-24.0,-111.0,38.0,0.0,-58.0,2.0,0.0,18.0,20.0,-4.18,-7.370000000000001,52.66,-11.21,-89.09,39.74,6.87,-50.12,14.03,-1.16,48.71,30.4
2025-07-28T16:35:37.383777,-97.0,34.0,19.0,-38.0,-24.0,34.0,-22.0,-50.0,-10.0,-74.0,-59.0,-19.0,-78.18,10.629999999999999,25.66,-25.21,-2.09,35.74,-15.129999999999999,-42.12,2.0299999999999994,-75.16,-28.29,-8.6
2025-07-28T16:35:37.388279,-26.0,60.0,-22.0,-20.0,43.0,-52.0,-65.0,-42.0,-75.0,-29.0,11.0,-49.0,-7.18,36.629999999999995,-15.34,-7.210000000000001,64.91,-50.26,-58.13,-34.12,-62.97,-30.16,41.71,-38.6
2025-07-28T16:35:37.396251,-24.0,74.0,-64.0,12.0,-5.0,-21.0,16.0,-22.0,5.0,-59.0,-7.0,-68.0,-5.18,50.629999999999995,-57.34,24.79,16.91,-19.26,22.87,-14.120000000000001,17.03,-60.16,23.71,-57.6
2025-07-28T16:35:37.400451,-18.0,68.0,-23.0,-28.0,6.0,2.0,16.0,-14.0,-5.0,-28.0,-5.0,-44.0,0.8200000000000003,44.629999999999995,-16.34,-15.21,27.91,3.74,22.87,-6.12,7.029999999999999,-29.16,25.71,-33.6
2025-07-28T16:35:37.408490,5.0,53.0,-27.0,-33.0,-52.0,-73.0,-27.0,15.0,26.0,-53.0,-46.0,-4.0,23.82,29.63,-20.34,-20.21,-30.09,-71.26,-20.13,22.88,38.03,-54.16,-15.29,6.4
2025-07-28T16:35:37.412653,-52.0,-30.0,-47.0,-9.0,16.0,15.0,-23.0,-9.0,38.0,-66.0,-7.0,-46.0,-33.18,-53.370000000000005,-40.34,3.789999999999999,37.91,16.74,-16.13,-1.12,50.03,-67.16,23.71,-35.6
2025-07-28T16:35:37.420662,-20.0,-38.0,-31.0,-24.0,-8.0,2.0,19.0,50.0,-5.0,-18.0,-6.0,-5.0,-1.1799999999999997,-61.370000000000005,-24.34,-11.21,13.91,3.74,25.87,57.88,7.029999999999999,-19.16,24.71,5.4
2025-07-28T16:35:37.425091,32.0,-12.0,-33.0,-15.0,16.0,-24.0,-7.0,-24.0,45.0,-18.0,-50.0,-32.0,50.82,-35.370000000000005,-26.34,-2.210000000000001,37.91,-22.26,-0.1299999999999999,-16.12,57.03,-19.16,-19.29,-21.6
2025-07-28T16:35:37.432970,14.0,41.0,22.0,-59.0,9.0,6.0,-30.0,43.0,-21.0,-65.0,19.0,-20.0,32.82,17.63,28.66,-46.21,30.91,7.74,-23.13,50.88,-8.97,-66.16,49.71,-9.6
2025-07-28T16:35:37.437276,-92.0,58.0,82.0,-58.0,17.0,7.0,-9.0,-5.0,-14.0,-65.0,-107.0,7.0,-73.18,34.629999999999995,88.66,-45.21,38.91,8.74,-2.13,2.88,-1.9700000000000006,-66.16,-76.28999999999999,17.4
2025-07-28T16:35:37.445119,-58.0,6.0,29.0,-53.0,-72.0,24.0,-24.0,66.0,-24.0,-25.0,9.0,-57.0,-39.18,-17.37,35.66,-40.21,-50.09,25.74,-17.13,73.88,-11.97,-26.16,39.71,-46.6
2025-07-28T16:35:37.449539,-27.0,101.0,23.0,30.0,-8.0,-25.0,-41.0,63.0,-28.0,-91.0,-24.0,-54.0,-8.18,77.63,29.66,42.79,13.91,-23.26,-34.13,70.88,-15.97,-92.16,6.710000000000001,-43.6
2025-07-28T16:35:37.457419,-78.0,55.0,9.0,26.0,-88.0,12.0,17.0,-25.0,-17.0,-116.0,-48.0,-39.0,-59.18,31.63,15.66,38.79,-66.09,13.74,23.87,-17.12,-4.970000000000001,-117.16,-17.29,-28.6
2025-07-28T16:35:37.461741,11.0,111.0,-9.0,49.0,-68.0,75.0,-22.0,23.0,-1.0,-19.0,7.0,-45.0,29.82,87.63,-2.34,61.79,-46.09,76.74,-15.129999999999999,30.88,11.03,-20.16,37.71,-34.6
2025-07-28T16:35:37.469704,13.0,137.0,-30.0,-103.0,-66.0,73.0,37.0,9.0,-29.0,-27.0,-12.0,-100.0,31.82,113.63,-23.34,-90.21000000000001,-44.09,74.74,43.87,16.88,-16.97,-28.16,18.71,-89.6
2025-07-28T16:35:37.474057,8.0,21.0,-11.0,-82.0,-27.0,-15.0,15.0,-51.0,-52.0,-63.0,6.0,-44.0,26.82,-2.370000000000001,-4.34,-69.21000000000001,-5.09,-13.26,21.87,-43.12,-39.97,-64.16,36.71,-33.6
2025-07-28T16:35:37.482223,3.0,-25.0,54.0,-19.0,42.0,-20.0,-32.0,20.0,29.0,3.0,40.0,22.0,21.82,-48.370000000000005,60.66,-6.210000000000001,63.91,-18.26,-25.13,27.88,41.03,1.84,70.71000000000001,32.4
2025-07-28T16:35:37.486312,-54.0,-14.0,65.0,-14.0,-60.0,-32.0,9.0,-81.0,-28.0,-13.0,15.0,-76.0,-35.18,-37.370000000000005,71.66,-1.2100000000000009,-38.09,-30.26,15.870000000000001,-73.12,-15.97,-14.16,45.71,-65.6
2025-07-28T16:35:37.494485,-58.0,32.0,19.0,-5.0,-65.0,-33.0,60.0,23.0,12.0,19.0,31.0,-66.0,-39.18,8.629999999999999,25.66,7.789999999999999,-43.09,-31.26,66.87,30.88,24.03,17.84,61.71,-55.6
2025-07-28T16:35:37.498591,-34.0,99.0,98.0,16.0,-42.0,54.0,-40.0,16.0,64.0,-39.0,-37.0,12.0,-15.18,75.63,104.66,28.79,-20.09,55.74,-33.13,23.88,76.03,-40.16,-6.289999999999999,22.4
2025-07-28T16:35:37.506666,-44.0,-17.0,-32.0,-96.0,-59.0,56.0,-13.0,-30.0,24.0,-89.0,8.0,-19.0,-25.18,-40.370000000000005,-25.34,-83.21000000000001,-37.09,57.74,-6.13,-22.12,36.03,-90.16,38.71,-8.6
2025-07-28T16:35:37.510890,-46.0,42.0,-60.0,38.0,58.0,13.0,-22.0,31.0,10.0,23.0,-5.0,-62.0,-27.18,18.63,-53.34,50.79,79.91,14.74,-15.129999999999999,38.88,22.03,21.84,25.71,-51.6
2025-07-28T16:35:37.519029,-22.0,-51.0,-40.0,-69.0,-26.0,21.0,-56.0,-20.0,-30.0,-47.0,-29.0,-60.0,-3.1799999999999997,-74.37,-33.34,-56.21,-4.09,22.74,-49.13,-12.120000000000001,-17.97,-48.16,1.7100000000000009,-49.6
2025-07-28T16:35:37.523155,-24.0,16.0,42.0,-16.0,10.0,11.0,-72.0,69.0,16.0,-36.0,37.0,-18.0,-5.18,-7.370000000000001,48.66,-3.210000000000001,31.91,12.74,-65.13,76.88,28.03,-37.16,67.71000000000001,-7.6
2025-07-28T16:35:37.531173,-36.0,1.0,52.0,11.0,-62.0,-4.0,-20.0,53.0,-40.0,-81.0,27.0,15.0,-17.18,-22.37,58.66,23.79,-40.09,-2.26,-13.129999999999999,60.88,-27.97,-82.16,57.71,25.4
2025-07-28T16:35:37.535493,10.0,141.0,9.0,-40.0,-67.0,-7.0,-49.0,2.0,-16.0,-16.0,10.0,-60.0,28.82,117.63,15.66,-27.21,-45.09,-5.26,-42.13,9.879999999999999,-3.9700000000000006,-17.16,40.71,-49.6
2025-07-28T16:35:37.543441,-88.0,148.0,-28.0,-46.0,7.0,21.0,-13.0,-33.0,-49.0,-15.0,-6.0,-39.0,-69.18,124.63,-21.34,-33.21,28.91,22.74,-6.13,-25.12,-36.97,-16.16,24.71,-28.6
2025-07-28T16:35:37.547686,-10.0,77.0,-19.0,-30.0,10.0,-8.0,5.0,15.0,49.0,-27.0,47.0,-30.0,8.82,53.629999999999995,-12.34,-17.21,31.91,-6.26,11.870000000000001,22.88,61.03,-28.16,77.71000000000001,-19.6
2025-07-28T16:35:37.555744,23.0,-33.0,-77.0,-44.0,-59.0,-51.0,12.0,13.0,-11.0,-68.0,-8.0,10.0,41.82,-56.370000000000005,-70.34,-31.21,-37.09,-49.26,18.87,20.88,1.0299999999999994,-69.16,22.71,20.4
2025-07-28T16:35:37.559924,-19.0,26.0,44.0,-4.0,-21.0,21.0,-81.0,57.0,-1.0,-13.0,3.0,-32.0,-0.17999999999999972,2.629999999999999,50.66,8.79,0.9100000000000001,22.74,-74.13,64.88,11.03,-14.16,33.71,-21.6
2025-07-28T16:35:37.567986,30.0,22.0,-6.0,90.0,-23.0,-43.0,-7.0,23.0,-108.0,-31.0,37.0,-28.0,48.82,-1.370000000000001,0.6600000000000001,102.78999999999999,-1.0899999999999999,-41.26,-0.1299999999999999,30.88,-95.97,-32.16,67.71000000000001,-17.6
2025-07-28T16:35:37.572256,-23.0,-33.0,71.0,-58.0,-34.0,-29.0,43.0,17.0,43.0,48.0,35.0,-55.0,-4.18,-56.370000000000005,77.66,-45.21,-12.09,-27.26,49.87,24.88,55.03,46.84,65.71000000000001,-44.6
2025-07-28T16:35:37.580336,3.0,70.0,79.0,-66.0,-89.0,15.0,12.0,-9.0,-10.0,-40.0,-21.0,-53.0,21.82,46.629999999999995,85.66,-53.21,-67.09,16.74,18.87,-1.12,2.0299999999999994,-41.16,9.71,-42.6
2025-07-28T16:35:37.584530,-53.0,170.0,51.0,-75.0,-32.0,-49.0,-16.0,-58.0,-76.0,-27.0,19.0,-20.0,-34.18,146.63,57.66,-62.21,-10.09,-47.26,-9.129999999999999,-50.12,-63.97,-28.16,49.71,-9.6
2025-07-28T16:35:37.592639,-44.0,103.0,-30.0,-55.0,-52.0,-26.0,-40.0,3.0,44.0,-46.0,1.0,28.0,-25.18,79.63,-23.34,-42.21,-30.09,-24.26,-33.13,10.879999999999999,56.03,-47.16,31.71,38.4
2025-07-28T16:35:37.596866,7.0,56.0,-1.0,-19.0,-83.0,-61.0,-46.0,-37.0,0.0,-83.0,-31.0,-25.0,25.82,32.629999999999995,5.66,-6.210000000000001,-61.09,-59.26,-39.13,-29.12,12.03,-84.16,-0.28999999999999915,-14.6
2025-07-28T16:35:37.601164,-41.0,71.0,-33.0,1.0,47.0,4.0,5.0,-11.0,-13.0,-13.0,7.0,-15.0,-22.18,47.629999999999995,-26.34,13.79,68.91,5.74,11.870000000000001,-3.12,-0.9700000000000006,-14.16,37.71,-4.6
2025-07-28T16:35:37.609055,7.0,48.0,25.0,-41.0,0.0,-30.0,-49.0,2.0,-22.0,-67.0,-32.0,-47.0,25.82,24.63,31.66,-28.21,21.91,-28.26,-42.13,9.879999999999999,-9.97,-68.16,-1.2899999999999991,-36.6
2025-07-28T16:35:37.613300,-21.0,41.0,-12.0,1.0,-21.0,-2.0,20.0,-52.0,21.0,-63.0,2.0,-35.0,-2.1799999999999997,17.63,-5.34,13.79,0.9100000000000001,-0.26,26.87,-44.12,33.03,-64.16,32.71,-24.6
2025-07-28T16:35:37.621566,-4.0,48.0,-84.0,13.0,39.0,-14.0,-21.0,-20.0,0.0,-18.0,-28.0,-27.0,14.82,24.63,-77.34,25.79,60.91,-12.26,-14.129999999999999,-12.120000000000001,12.03,-19.16,2.710000000000001,-16.6
2025-07-28T16:35:37.625453,-38.0,89.0,-35.0,3.0,-68.0,-4.0,117.0,-7.0,53.0,-93.0,-28.0,-46.0,-19.18,65.63,-28.34,15.79,-46.09,-2.26,123.87,0.8799999999999999,65.03,-94.16,2.710000000000001,-35.6
2025-07-28T16:35:37.633615,-48.0,26.0,-29.0,-35.0,-14.0,6.0,22.0,-21.0,-9.0,-35.0,-8.0,-3.0,-29.18,2.629999999999999,-22.34,-22.21,7.91,7.74,28.87,-13.120000000000001,3.0299999999999994,-36.16,22.71,7.4
2025-07-28T16:35:37.637977,-50.0,8.0,34.0,-78.0,-45.0,-24.0,35.0,-5.0,-73.0,-57.0,41.0,-38.0,-31.18,-15.370000000000001,40.66,-65.21000000000001,-23.09,-22.26,41.87,2.88,-60.97,-58.16,71.71000000000001,-27.6
2025-07-28T16:35:37.646099,-18.0,-15.0,-10.0,2.0,30.0,-32.0,-12.0,-74.0,60.0,-30.0,-25.0,-17.0,0.8200000000000003,-38.370000000000005,-3.34,14.79,51.91,-30.26,-5.13,-66.12,72.03,-31.16,5.710000000000001,-6.6
2025-07-28T16:35:37.650350,-10.0,-86.0,35.0,28.0,0.0,8.0,92.0,-55.0,-21.0,2.0,44.0,-13.0,8.82,-109.37,41.66,40.79,21.91,9.74,98.87,-47.12,-8.97,0.8400000000000001,74.71000000000001,-2.5999999999999996
2025-07-28T16:35:37.658300,-32.0,-97.0,62.0,40.0,24.0,68.0,-80.0,6.0,40.0,-10.0,37.0,-30.0,-13.18,-120.37,68.66,52.79,45.91,69.74,-73.13,13.879999999999999,52.03,-11.16,67.71000000000001,-19.6
2025-07-28T16:35:37.662589,25.0,-16.0,37.0,0.0,-94.0,48.0,-8.0,-90.0,20.0,-55.0,1.0,-8.0,43.82,-39.370000000000005,43.66,12.79,-72.09,49.74,-1.13,-82.12,32.03,-56.16,31.71,2.4000000000000004
2025-07-28T16:35:37.670594,45.0,-11.0,56.0,-64.0,31.0,13.0,-5.0,-26.0,51.0,-58.0,45.0,-26.0,63.82,-34.370000000000005,62.66,-51.21,52.91,14.74,1.87,-18.12,63.03,-59.16,75.71000000000001,-15.6
2025-07-28T16:35:37.674914,-63.0,19.0,69.0,-9.0,-40.0,-52.0,18.0,-35.0,50.0,-86.0,89.0,-40.0,-44.18,-4.370000000000001,75.66,3.789999999999999,-18.09,-50.26,24.87,-27.12,62.03,-87.16,119.71000000000001,-29.6
2025-07-28T16:35:37.682803,9.0,77.0,1.0,63.0,-1.0,-40.0,-32.0,57.0,4.0,-68.0,-25.0,-45.0,27.82,53.629999999999995,7.66,75.78999999999999,20.91,-38.26,-25.13,64.88,16.03,-69.16,5.710000000000001,-34.6
2025-07-28T16:35:37.687055,1.0,31.0,2.0,11.0,-56.0,-25.0,2.0,-65.0,28.0,-4.0,6.0,-50.0,19.82,7.629999999999999,8.66,23.79,-34.09,-23.26,8.870000000000001,-57.12,40.03,-5.16,36.71,-39.6
2025-07-28T16:35:37.695053,-85.0,93.0,59.0,68.0,-2.0,-10.0,-61.0,30.0,32.0,-60.0,51.0,31.0,-66.18,69.63,65.66,80.78999999999999,19.91,-8.26,-54.13,37.88,44.03,-61.16,81.71000000000001,41.4
2025-07-28T16:35:37.699434,-1.0,-3.0,-47.0,-25.0,-45.0,-65.0,-65.0,21.0,-12.0,-58.0,22.0,45.0,17.82,-26.37,-40.34,-12.21,-23.09,-63.26,-58.13,28.88,0.02999999999999936,-59.16,52.71,55.4
2025-07-28T16:35:37.707328,-99.0,78.0,-10.0,66.0,-37.0,95.0,-15.0,-89.0,-7.0,-48.0,-36.0,-15.0,-80.18,54.629999999999995,-3.34,78.78999999999999,-15.09,96.74,-8.129999999999999,-81.12,5.029999999999999,-49.16,-5.289999999999999,-4.6
2025-07-28T16:35:37.711668,-40.0,52.0,-40.0,-1.0,-158.0,-16.0,-52.0,15.0,33.0,-72.0,-28.0,30.0,-21.18,28.63,-33.34,11.79,-136.09,-14.26,-45.13,22.88,45.03,-73.16,2.710000000000001,40.4
2025-07-28T16:35:37.719792,3.0,111.0,-13.0,-82.0,15.0,-19.0,-24.0,-1.0,6.0,-41.0,-25.0,63.0,21.82,87.63,-6.34,-69.21000000000001,36.91,-17.26,-17.13,6.88,18.03,-42.16,5.710000000000001,73.4
2025-07-28T16:35:37.723994,84.0,-49.0,1.0,-67.0,-19.0,-9.0,15.0,19.0,-18.0,-44.0,48.0,47.0,102.82,-72.37,7.66,-54.21,2.91,-7.26,21.87,26.88,-5.970000000000001,-45.16,78.71000000000001,57.4
2025-07-28T16:35:37.731876,-17.0,-10.0,28.0,-50.0,-32.0,-25.0,-10.0,39.0,-21.0,-24.0,0.0,5.0,1.8200000000000003,-33.370000000000005,34.66,-37.21,-10.09,-23.26,-3.13,46.88,-8.97,-25.16,30.71,15.4
2025-07-28T16:35:37.736307,-136.0,-45.0,63.0,-19.0,-21.0,-11.0,-56.0,4.0,38.0,-14.0,-3.0,-16.0,-117.18,-68.37,69.66,-6.210000000000001,0.9100000000000001,-9.26,-49.13,11.879999999999999,50.03,-15.16,27.71,-5.6
2025-07-28T16:35:37.744270,-130.0,49.0,41.0,-3.0,-84.0,51.0,-55.0,47.0,-55.0,49.0,-16.0,48.0,-111.18,25.63,47.66,9.79,-62.09,52.74,-48.13,54.88,-42.97,47.84,14.71,58.4
2025-07-28T16:35:37.749085,-48.0,25.0,-84.0,-48.0,-20.0,28.0,67.0,-11.0,-41.0,-14.0,-4.0,35.0,-29.18,1.629999999999999,-77.34,-35.21,1.9100000000000001,29.74,73.87,-3.12,-28.97,-15.16,26.71,45.4
2025-07-28T16:35:37.756525,-11.0,147.0,-42.0,-22.0,46.0,7.0,-1.0,25.0,-37.0,-151.0,-29.0,32.0,7.82,123.63,-35.34,-9.21,67.91,8.74,5.87,32.88,-24.97,-152.16,1.7100000000000009,42.4
2025-07-28T16:35:37.760763,15.0,27.0,-35.0,-30.0,9.0,-64.0,-65.0,-64.0,-42.0,18.0,18.0,-4.0,33.82,3.629999999999999,-28.34,-17.21,30.91,-62.26,-58.13,-56.12,-29.97,16.84,48.71,6.4
2025-07-28T16:35:37.768641,17.0,-36.0,-16.0,-16.0,5.0,-21.0,-5.0,-25.0,39.0,-96.0,46.0,32.0,35.82,-59.370000000000005,-9.34,-3.210000000000001,26.91,-19.26,1.87,-17.12,51.03,-97.16,76.71000000000001,42.4
2025-07-28T16:35:37.772851,-22.0,-8.0,29.0,49.0,-63.0,-51.0,-57.0,-88.0,9.0,1.0,29.0,28.0,-3.1799999999999997,-31.37,35.66,61.79,-41.09,-49.26,-50.13,-80.12,21.03,-0.15999999999999992,59.71,38.4
2025-07-28T16:35:37.781139,26.0,-41.0,85.0,63.0,-75.0,-30.0,69.0,24.0,-60.0,-41.0,-51.0,35.0,44.82,-64.37,91.66,75.78999999999999,-53.09,-28.26,75.87,31.88,-47.97,-42.16,-20.29,45.4
2025-07-28T16:35:37.785367,-65.0,60.0,119.0,-29.0,-17.0,94.0,-17.0,34.0,22.0,-51.0,2.0,39.0,-46.18,36.629999999999995,125.66,-16.21,4.91,95.74,-10.129999999999999,41.88,34.03,-52.16,32.71,49.4
2025-07-28T16:35:37.793206,-67.0,50.0,62.0,-23.0,-7.0,-8.0,-2.0,-64.0,-42.0,-85.0,-11.0,-41.0,-48.18,26.63,68.66,-10.21,14.91,-6.26,4.87,-56.12,-29.97,-86.16,19.71,-30.6
2025-07-28T16:35:37.797584,-100.0,68.0,47.0,37.0,47.0,47.0,-42.0,9.0,-17.0,-17.0,-71.0,11.0,-81.18,44.629999999999995,53.66,49.79,68.91,48.74,-35.13,16.88,-4.970000000000001,-18.16,-40.29,21.4
2025-07-28T16:35:37.801534,-4.0,28.0,-11.0,-106.0,23.0,9.0,33.0,-26.0,-4.0,14.0,-76.0,34.0,14.82,4.629999999999999,-4.34,-93.21000000000001,44.91,10.74,39.87,-18.12,8.03,12.84,-45.29,44.4
2025-07-28T16:35:37.809702,51.0,27.0,-21.0,44.0,-10.0,-78.0,-25.0,-19.0,-12.0,-15.0,-67.0,48.0,69.82,3.629999999999999,-14.34,56.79,11.91,-76.26,-18.13,-11.120000000000001,0.02999999999999936,-16.16,-36.29,58.4
2025-07-28T16:35:37.814012,-5.0,17.0,26.0,18.0,-20.0,-32.0,5.0,-17.0,24.0,-47.0,-32.0,14.0,13.82,-6.370000000000001,32.66,30.79,1.9100000000000001,-30.26,11.870000000000001,-9.120000000000001,36.03,-48.16,-1.2899999999999991,24.4
2025-07-28T16:35:37.822278,-29.0,16.0,1.0,18.0,-11.0,43.0,1.0,-34.0,24.0,-54.0,-49.0,-15.0,-10.18,-7.370000000000001,7.66,30.79,10.91,44.74,7.87,-26.12,36.03,-55.16,-18.29,-4.6
2025-07-28T16:35:37.830134,-66.0,18.0,-9.0,-29.0,-57.0,21.0,51.0,-80.0,33.0,-21.0,-30.0,15.0,-47.18,-5.370000000000001,-2.34,-16.21,-35.09,22.74,57.87,-72.12,45.03,-22.16,0.7100000000000009,25.4
2025-07-28T16:35:37.834332,7.0,51.0,78.0,-24.0,-8.0,7.0,23.0,-62.0,59.0,-36.0,-78.0,51.0,25.82,27.63,84.66,-11.21,13.91,8.74,29.87,-54.12,71.03,-37.16,-47.29,61.4
2025-07-28T16:35:37.838467,-77.0,81.0,35.0,-27.0,-76.0,54.0,77.0,-10.0,24.0,59.0,-53.0,34.0,-58.18,57.629999999999995,41.66,-14.21,-54.09,55.74,83.87,-2.12,36.03,57.84,-22.29,44.4
2025-07-28T16:35:37.846610,-43.0,56.0,-74.0,-32.0,44.0,43.0,-53.0,28.0,7.0,2.0,-74.0,-15.0,-24.18,32.629999999999995,-67.34,-19.21,65.91,44.74,-46.13,35.88,19.03,0.8400000000000001,-43.29,-4.6
2025-07-28T16:35:37.850715,-30.0,89.0,4.0,12.0,-23.0,-21.0,47.0,-26.0,-17.0,9.0,-119.0,24.0,-11.18,65.63,10.66,24.79,-1.0899999999999999,-19.26,53.87,-18.12,-4.970000000000001,7.84,-88.28999999999999,34.4
2025-07-28T16:35:37.858947,39.0,98.0,-4.0,55.0,-86.0,-55.0,-88.0,61.0,50.0,-9.0,-94.0,12.0,57.82,74.63,2.66,67.78999999999999,-64.09,-53.26,-81.13,68.88,62.03,-10.16,-63.29,22.4
2025-07-28T16:35:37.863010,11.0,-13.0,-33.0,-6.0,-33.0,3.0,12.0,2.0,-7.0,25.0,-54.0,34.0,29.82,-36.370000000000005,-26.34,6.789999999999999,-11.09,4.74,18.87,9.879999999999999,5.029999999999999,23.84,-23.29,44.4
2025-07-28T16:35:37.871329,16.0,-9.0,-5.0,-42.0,-29.0,-61.0,5.0,50.0,-3.0,-1.0,-11.0,-9.0,34.82,-32.370000000000005,1.6600000000000001,-29.21,-7.09,-59.26,11.870000000000001,57.88,9.03,-2.16,19.71,1.4000000000000004
2025-07-28T16:35:37.875525,26.0,1.0,-30.0,-55.0,-53.0,29.0,-102.0,15.0,-66.0,52.0,27.0,-34.0,44.82,-22.37,-23.34,-42.21,-31.09,30.74,-95.13,22.88,-53.97,50.84,57.71,-23.6
2025-07-28T16:35:37.883449,82.0,18.0,40.0,-103.0,-21.0,2.0,35.0,-18.0,-25.0,-11.0,-35.0,-89.0,100.82,-5.370000000000001,46.66,-90.21000000000001,0.9100000000000001,3.74,41.87,-10.120000000000001,-12.97,-12.16,-4.289999999999999,-78.6
2025-07-28T16:35:37.887813,-83.0,-4.0,-7.0,-12.0,-30.0,100.0,12.0,-15.0,-33.0,20.0,-35.0,26.0,-64.18,-27.37,-0.33999999999999986,0.7899999999999991,-8.09,101.74,18.87,-7.12,-20.97,18.84,-4.289999999999999,36.4
2025-07-28T16:35:37.896054,-41.0,63.0,37.0,-60.0,-13.0,-44.0,-29.0,-1.0,4.0,24.0,-87.0,-73.0,-22.18,39.629999999999995,43.66,-47.21,8.91,-42.26,-22.13,6.88,16.03,22.84,-56.29,-62.6
2025-07-28T16:35:37.899901,-69.0,75.0,6.0,64.0,-19.0,-40.0,-49.0,-64.0,68.0,-17.0,-50.0,-85.0,-50.18,51.629999999999995,12.66,76.78999999999999,2.91,-38.26,-42.13,-56.12,80.03,-18.16,-19.29,-74.6
2025-07-28T16:35:37.907992,-59.0,104.0,-5.0,43.0,-16.0,6.0,0.0,-59.0,20.0,2.0,-22.0,-16.0,-40.18,80.63,1.6600000000000001,55.79,5.91,7.74,6.87,-51.12,32.03,0.8400000000000001,8.71,-5.6
2025-07-28T16:35:37.912334,-87.0,40.0,-15.0,-58.0,-39.0,51.0,3.0,-18.0,-9.0,37.0,23.0,0.0,-68.18,16.63,-8.34,-45.21,-17.09,52.74,9.870000000000001,-10.120000000000001,3.0299999999999994,35.84,53.71,10.4
2025-07-28T16:35:37.920342,-69.0,44.0,-43.0,-20.0,-38.0,-2.0,-34.0,18.0,-21.0,2.0,-123.0,0.0,-50.18,20.63,-36.34,-7.210000000000001,-16.09,-0.26,-27.13,25.88,-8.97,0.8400000000000001,-92.28999999999999,10.4
2025-07-28T16:35:37.924507,70.0,65.0,-34.0,-19.0,76.0,67.0,-48.0,6.0,36.0,-18.0,-77.0,-29.0,88.82,41.629999999999995,-27.34,-6.210000000000001,97.91,68.74,-41.13,13.879999999999999,48.03,-19.16,-46.29,-18.6
2025-07-28T16:35:37.932675,37.0,75.0,-55.0,-60.0,-1.0,-53.0,-6.0,21.0,26.0,23.0,-6.0,-50.0,55.82,51.629999999999995,-48.34,-47.21,20.91,-51.26,0.8700000000000001,28.88,38.03,21.84,24.71,-39.6
2025-07-28T16:35:37.936802,-51.0,27.0,-38.0,50.0,-23.0,14.0,-13.0,-6.0,6.0,-30.0,-21.0,-12.0,-32.18,3.629999999999999,-31.34,62.79,-1.0899999999999999,15.74,-6.13,1.88,18.03,-31.16,9.71,-1.5999999999999996
2025-07-28T16:35:37.944959,-11.0,8.0,32.0,-66.0,-115.0,-20.0,-4.0,-86.0,-27.0,22.0,-28.0,-32.0,7.82,-15.370000000000001,38.66,-53.21,-93.09,-18.26,2.87,-78.12,-14.97,20.84,2.710000000000001,-21.6
2025-07-28T16:35:37.949173,-40.0,4.0,29.0,68.0,-85.0,6.0,85.0,12.0,37.0,52.0,-102.0,0.0,-21.18,-19.37,35.66,80.78999999999999,-63.09,7.74,91.87,19.88,49.03,50.84,-71.28999999999999,10.4
2025-07-28T16:35:37.957149,-43.0,44.0,-31.0,-47.0,-56.0,27.0,19.0,73.0,51.0,22.0,-6.0,-25.0,-24.18,20.63,-24.34,-34.21,-34.09,28.74,25.87,80.88,63.03,20.84,24.71,-14.6
2025-07-28T16:35:37.961498,-99.0,101.0,-28.0,-53.0,12.0,15.0,-32.0,5.0,-29.0,18.0,-76.0,-133.0,-80.18,77.63,-21.34,-40.21,33.91,16.74,-25.13,12.879999999999999,-16.97,16.84,-45.29,-122.6
2025-07-28T16:35:37.969453,-19.0,96.0,-41.0,-36.0,-24.0,-48.0,6.0,13.0,-43.0,34.0,-18.0,-88.0,-0.17999999999999972,72.63,-34.34,-23.21,-2.09,-46.26,12.870000000000001,20.88,-30.97,32.84,12.71,-77.6
2025-07-28T16:35:37.973768,-3.0,-20.0,-29.0,-78.0,-4.0,-13.0,-80.0,-21.0,26.0,5.0,-25.0,-36.0,15.82,-43.370000000000005,-22.34,-65.21000000000001,17.91,-11.26,-73.13,-13.120000000000001,38.03,3.84,5.710000000000001,-25.6
2025-07-28T16:35:37.981849,38.0,-47.0,34.0,2.0,-85.0,-16.0,-13.0,-45.0,-38.0,-5.0,-22.0,-84.0,56.82,-70.37,40.66,14.79,-63.09,-14.26,-6.13,-37.12,-25.97,-6.16,8.71,-73.6
2025-07-28T16:35:37.985951,-90.0,-8.0,33.0,45.0,-40.0,4.0,9.0,-17.0,-36.0,-5.0,-7.0,-9.0,-71.18,-31.37,39.66,57.79,-18.09,5.74,15.870000000000001,-9.120000000000001,-23.97,-6.16,23.71,1.4000000000000004
2025-07-28T16:35:37.994165,-107.0,-53.0,69.0,-2.0,-59.0,41.0,66.0,31.0,37.0,16.0,-19.0,-104.0,-88.18,-76.37,75.66,10.79,-37.09,42.74,72.87,38.88,49.03,14.84,11.71,-93.6
2025-07-28T16:35:37.998314,-26.0,82.0,37.0,-40.0,-19.0,-3.0,-25.0,-16.0,-18.0,28.0,73.0,-36.0,-7.18,58.629999999999995,43.66,-27.21,2.91,-1.26,-18.13,-8.120000000000001,-5.970000000000001,26.84,103.71000000000001,-25.6
2025-07-28T16:35:38.006416,-78.0,25.0,16.0,-67.0,8.0,13.0,23.0,-48.0,-28.0,82.0,42.0,-40.0,-59.18,1.629999999999999,22.66,-54.21,29.91,14.74,29.87,-40.12,-15.97,80.84,72.71000000000001,-29.6
2025-07-28T16:35:38.010626,-65.0,113.0,-77.0,-80.0,37.0,0.0,-31.0,-45.0,-55.0,-16.0,26.0,-34.0,-46.18,89.63,-70.34,-67.21000000000001,58.91,1.74,-24.13,-37.12,-42.97,-17.16,56.71,-23.6
2025-07-28T16:35:38.014697,-18.0,27.0,-45.0,0.0,-3.0,34.0,11.0,14.0,46.0,5.0,11.0,-50.0,0.8200000000000003,3.629999999999999,-38.34,12.79,18.91,35.74,17.87,21.88,58.03,3.84,41.71,-39.6
2025-07-28T16:35:38.023017,18.0,37.0,-67.0,-17.0,-83.0,-33.0,36.0,-66.0,-1.0,-61.0,17.0,12.0,36.82,13.629999999999999,-60.34,-4.210000000000001,-61.09,-31.26,42.87,-58.12,11.03,-62.16,47.71,22.4
2025-07-28T16:35:38.031021,42.0,-7.0,-45.0,4.0,-76.0,11.0,-1.0,-31.0,16.0,-60.0,-3.0,-26.0,60.82,-30.37,-38.34,16.79,-54.09,12.74,5.87,-23.12,28.03,-61.16,27.71,-15.6
2025-07-28T16:35:38.035192,3.0,-16.0,-47.0,1.0,-37.0,-36.0,13.0,-21.0,37.0,-88.0,25.0,-8.0,21.82,-39.370000000000005,-40.34,13.79,-15.09,-34.26,19.87,-13.120000000000001,49.03,-89.16,55.71,2.4000000000000004
2025-07-28T16:35:38.039121,7.0,-61.0,-44.0,-66.0,-13.0,58.0,77.0,-78.0,-28.0,2.0,5.0,-26.0,25.82,-84.37,-37.34,-53.21,8.91,59.74,83.87,-70.12,-15.97,0.8400000000000001,35.71,-15.6
2025-07-28T16:35:38.047794,8.0,-15.0,31.0,-30.0,-29.0,27.0,8.0,13.0,-13.0,-62.0,-41.0,-18.0,26.82,-38.370000000000005,37.66,-17.21,-7.09,28.74,14.870000000000001,20.88,-0.9700000000000006,-63.16,-10.29,-7.6
2025-07-28T16:35:38.051514,-94.0,-19.0,28.0,65.0,47.0,-79.0,-19.0,-14.0,-36.0,7.0,-19.0,-15.0,-75.18,-42.370000000000005,34.66,77.78999999999999,68.91,-77.26,-12.129999999999999,-6.12,-23.97,5.84,11.71,-4.6
2025-07-28T16:35:38.059792,27.0,-6.0,-23.0,-11.0,16.0,-23.0,-56.0,-2.0,-26.0,0.0,15.0,-93.0,45.82,-29.37,-16.34,1.7899999999999991,37.91,-21.26,-49.13,5.88,-13.97,-1.16,45.71,-82.6
2025-07-28T16:35:38.063740,-63.0,55.0,19.0,20.0,-130.0,19.0,36.0,-48.0,69.0,-94.0,-13.0,-7.0,-44.18,31.63,25.66,32.79,-108.09,20.74,42.87,-40.12,81.03,-95.16,17.71,3.4000000000000004
2025-07-28T16:35:38.071975,-30.0,6.0,-13.0,79.0,-28.0,-29.0,17.0,-47.0,31.0,-55.0,1.0,-67.0,-11.18,-17.37,-6.34,91.78999999999999,-6.09,-27.26,23.87,-39.12,43.03,-56.16,31.71,-56.6
2025-07-28T16:35:38.076467,-66.0,102.0,-35.0,6.0,-42.0,13.0,-8.0,-26.0,-13.0,-17.0,-44.0,-29.0,-47.18,78.63,-28.34,18.79,-20.09,14.74,-1.13,-18.12,-0.9700000000000006,-18.16,-13.29,-18.6
