timestamp,x1,y1,z1,x2,y2,z2,x3,y3,z3,x4,y4,z4,x1_calib,y1_calib,z1_calib,x2_calib,y2_calib,z2_calib,x3_calib,y3_calib,z3_calib,x4_calib,y4_calib,z4_calib
2025-07-28T18:23:33.957914,7.0,-55.0,37.0,44.0,-33.0,33.0,41.0,-58.0,-11.0,80.0,-48.0,-65.0,-13.739999999999998,-45.38,38.09,45.42,7.479999999999997,21.61,45.19,-27.99,18.64,57.3,-8.229999999999997,-89.35
2025-07-28T18:23:33.965863,-21.0,-62.0,30.0,-12.0,-86.0,-21.0,20.0,-21.0,58.0,72.0,-98.0,-41.0,-41.739999999999995,-52.38,31.09,-10.58,-45.52,-32.39,24.19,9.010000000000002,87.64,49.3,-58.23,-65.35
2025-07-28T18:23:33.970357,-9.0,-2.0,59.0,52.0,-9.0,6.0,37.0,-59.0,5.0,19.0,-19.0,6.0,-29.74,7.619999999999999,60.09,53.42,31.479999999999997,-5.390000000000001,41.19,-28.99,34.64,-3.6999999999999993,20.770000000000003,-18.35
2025-07-28T18:23:33.978111,-28.0,-25.0,-7.0,51.0,-14.0,-1.0,14.0,3.0,28.0,-14.0,5.0,5.0,-48.739999999999995,-15.38,-5.91,52.42,26.479999999999997,-12.39,18.19,33.010000000000005,57.64,-36.7,44.77,-19.35
2025-07-28T18:23:33.982397,-55.0,-29.0,72.0,72.0,-90.0,36.0,2.0,-52.0,-30.0,-16.0,-15.0,-6.0,-75.74,-19.380000000000003,73.09,73.42,-49.52,24.61,6.19,-21.99,-0.35999999999999943,-38.7,24.770000000000003,-30.35
2025-07-28T18:23:33.986781,-54.0,26.0,29.0,-40.0,-75.0,80.0,-52.0,-54.0,20.0,20.0,8.0,21.0,-74.74,35.62,30.09,-38.58,-34.52,68.61,-47.81,-23.99,49.64,-2.6999999999999993,47.77,-3.3500000000000014
2025-07-28T18:23:33.994532,-8.0,16.0,-72.0,57.0,-24.0,51.0,-68.0,-69.0,46.0,2.0,47.0,-4.0,-28.74,25.619999999999997,-70.91,58.42,16.479999999999997,39.61,-63.81,-38.989999999999995,75.64,-20.7,86.77000000000001,-28.35
2025-07-28T18:23:33.998767,-28.0,21.0,-51.0,2.0,17.0,37.0,-25.0,24.0,47.0,14.0,-1.0,-13.0,-48.739999999999995,30.619999999999997,-49.91,3.42,57.48,25.61,-20.81,54.010000000000005,76.64,-8.7,38.77,-37.35
2025-07-28T18:23:34.007005,65.0,23.0,-96.0,-29.0,-39.0,-6.0,-30.0,-36.0,-48.0,-27.0,13.0,1.0,44.260000000000005,32.62,-94.91,-27.58,1.4799999999999969,-17.39,-25.81,-5.989999999999998,-18.36,-49.7,52.77,-23.35
2025-07-28T18:23:34.011060,99.0,0.0,51.0,40.0,-44.0,13.0,-22.0,-86.0,-23.0,-68.0,-12.0,32.0,78.26,9.62,52.09,41.42,-3.520000000000003,1.6099999999999994,-17.81,-55.989999999999995,6.640000000000001,-90.7,27.770000000000003,7.649999999999999
2025-07-28T18:23:34.019172,3.0,-80.0,29.0,6.0,-58.0,35.0,3.0,-24.0,46.0,-39.0,0.0,-26.0,-17.74,-70.38,30.09,7.42,-17.520000000000003,23.61,7.19,6.010000000000002,75.64,-61.7,39.77,-50.35
2025-07-28T18:23:34.023336,30.0,-49.0,-7.0,6.0,-72.0,-3.0,-6.0,-1.0,11.0,-26.0,1.0,-20.0,9.260000000000002,-39.38,-5.91,7.42,-31.520000000000003,-14.39,-1.8099999999999996,29.01,40.64,-48.7,40.77,-44.35
2025-07-28T18:23:34.031505,55.0,-62.0,-14.0,-52.0,-58.0,-16.0,-37.0,-55.0,23.0,-63.0,16.0,26.0,34.260000000000005,-52.38,-12.91,-50.58,-17.520000000000003,-27.39,-32.81,-24.99,52.64,-85.7,55.77,1.6499999999999986
2025-07-28T18:23:34.035946,-3.0,-39.0,22.0,2.0,-89.0,37.0,-6.0,5.0,-18.0,-65.0,35.0,-7.0,-23.74,-29.380000000000003,23.09,3.42,-48.52,25.61,-1.8099999999999996,35.010000000000005,11.64,-87.7,74.77000000000001,-31.35
2025-07-28T18:23:34.043707,49.0,-60.0,52.0,11.0,-66.0,3.0,30.0,-38.0,-1.0,-5.0,-5.0,40.0,28.26,-50.38,53.09,12.42,-25.520000000000003,-8.39,34.19,-7.989999999999998,28.64,-27.7,34.77,15.649999999999999
2025-07-28T18:23:34.048097,25.0,-74.0,4.0,12.0,-55.0,16.0,72.0,-27.0,-10.0,67.0,-124.0,38.0,4.260000000000002,-64.38,5.09,13.42,-14.520000000000003,4.609999999999999,76.19,3.0100000000000016,19.64,44.3,-84.22999999999999,13.649999999999999
2025-07-28T18:23:34.056104,-37.0,-50.0,14.0,-4.0,-45.0,106.0,1.0,-2.0,-30.0,33.0,-72.0,15.0,-57.739999999999995,-40.38,15.09,-2.58,-4.520000000000003,94.61,5.19,28.01,-0.35999999999999943,10.3,-32.23,-9.350000000000001
2025-07-28T18:23:34.060509,-49.0,-50.0,12.0,0.0,-21.0,44.0,-33.0,14.0,-106.0,29.0,-33.0,77.0,-69.74,-40.38,13.09,1.42,19.479999999999997,32.61,-28.81,44.010000000000005,-76.36,6.300000000000001,6.770000000000003,52.65
2025-07-28T18:23:34.068527,38.0,13.0,-28.0,-31.0,-60.0,-38.0,-20.0,8.0,-26.0,30.0,-61.0,69.0,17.26,22.619999999999997,-26.91,-29.58,-19.520000000000003,-49.39,-15.809999999999999,38.010000000000005,3.6400000000000006,7.300000000000001,-21.229999999999997,44.65
2025-07-28T18:23:34.072627,16.0,6.0,-24.0,84.0,-48.0,-16.0,-75.0,-75.0,-69.0,-3.0,-56.0,51.0,-4.739999999999998,15.62,-22.91,85.42,-7.520000000000003,-27.39,-70.81,-44.989999999999995,-39.36,-25.7,-16.229999999999997,26.65
2025-07-28T18:23:34.080825,13.0,21.0,-43.0,21.0,-63.0,-89.0,-11.0,-53.0,-51.0,75.0,-60.0,105.0,-7.739999999999998,30.619999999999997,-41.91,22.42,-22.520000000000003,-100.39,-6.81,-22.99,-21.36,52.3,-20.229999999999997,80.65
2025-07-28T18:23:34.084923,93.0,-11.0,-41.0,64.0,-120.0,-12.0,24.0,-85.0,-68.0,57.0,-83.0,48.0,72.26,-1.3800000000000008,-39.91,65.42,-79.52000000000001,-23.39,28.19,-54.989999999999995,-38.36,34.3,-43.23,23.65
2025-07-28T18:23:34.093096,8.0,-75.0,-10.0,-34.0,-102.0,42.0,45.0,-88.0,-44.0,24.0,-65.0,26.0,-12.739999999999998,-65.38,-8.91,-32.58,-61.52,30.61,49.19,-57.989999999999995,-14.36,1.3000000000000007,-25.229999999999997,1.6499999999999986
2025-07-28T18:23:34.097266,45.0,-116.0,-3.0,-41.0,47.0,14.0,-32.0,-63.0,-3.0,46.0,-10.0,53.0,24.26,-106.38,-1.91,-39.58,87.47999999999999,2.6099999999999994,-27.81,-32.989999999999995,26.64,23.3,29.770000000000003,28.65
2025-07-28T18:23:34.105322,-8.0,-99.0,58.0,38.0,-1.0,-8.0,-80.0,-8.0,8.0,23.0,-65.0,28.0,-28.74,-89.38,59.09,39.42,39.48,-19.39,-75.81,22.01,37.64,0.3000000000000007,-25.229999999999997,3.6499999999999986
2025-07-28T18:23:34.109559,33.0,-54.0,85.0,-45.0,9.0,16.0,-9.0,-37.0,23.0,39.0,-71.0,45.0,12.260000000000002,-44.38,86.09,-43.58,49.48,4.609999999999999,-4.81,-6.989999999999998,52.64,16.3,-31.229999999999997,20.65
2025-07-28T18:23:34.117458,-46.0,-106.0,-24.0,22.0,-101.0,-16.0,-22.0,-43.0,-1.0,66.0,27.0,34.0,-66.74,-96.38,-22.91,23.42,-60.52,-27.39,-17.81,-12.989999999999998,28.64,43.3,66.77000000000001,9.649999999999999
2025-07-28T18:23:34.121859,20.0,1.0,-30.0,-32.0,-102.0,2.0,-41.0,-5.0,19.0,34.0,-27.0,2.0,-0.7399999999999984,10.62,-28.91,-30.58,-61.52,-9.39,-36.81,25.01,48.64,11.3,12.770000000000003,-22.35
2025-07-28T18:23:34.129901,29.0,-33.0,57.0,31.0,-52.0,-18.0,10.0,-15.0,-42.0,-2.0,-44.0,99.0,8.260000000000002,-23.380000000000003,58.09,32.42,-11.520000000000003,-29.39,14.190000000000001,15.010000000000002,-12.36,-24.7,-4.229999999999997,74.65
2025-07-28T18:23:34.134171,-49.0,3.0,-4.0,-31.0,-15.0,81.0,-20.0,-34.0,8.0,36.0,-109.0,-7.0,-69.74,12.62,-2.91,-29.58,25.479999999999997,69.61,-15.809999999999999,-3.9899999999999984,37.64,13.3,-69.22999999999999,-31.35
2025-07-28T18:23:34.142065,-35.0,-36.0,-73.0,13.0,-51.0,8.0,-3.0,7.0,-51.0,53.0,-47.0,60.0,-55.739999999999995,-26.380000000000003,-71.91,14.42,-10.520000000000003,-3.3900000000000006,1.1900000000000004,37.010000000000005,-21.36,30.3,-7.229999999999997,35.65
2025-07-28T18:23:34.146359,-50.0,24.0,-83.0,-12.0,-109.0,-14.0,-49.0,6.0,-5.0,56.0,-74.0,41.0,-70.74,33.62,-81.91,-10.58,-68.52000000000001,-25.39,-44.81,36.010000000000005,24.64,33.3,-34.23,16.65
2025-07-28T18:23:34.154351,52.0,29.0,-65.0,-67.0,-128.0,31.0,0.0,-73.0,-28.0,41.0,-92.0,6.0,31.26,38.62,-63.91,-65.58,-87.52000000000001,19.61,4.19,-42.989999999999995,1.6400000000000006,18.3,-52.23,-18.35
2025-07-28T18:23:34.158544,30.0,-53.0,-82.0,3.0,-9.0,-60.0,15.0,28.0,-56.0,-21.0,-127.0,59.0,9.260000000000002,-43.38,-80.91,4.42,31.479999999999997,-71.39,19.19,58.010000000000005,-26.36,-43.7,-87.22999999999999,34.65
2025-07-28T18:23:34.166620,70.0,-100.0,30.0,10.0,-38.0,7.0,-21.0,-53.0,-10.0,59.0,-44.0,-21.0,49.260000000000005,-90.38,31.09,11.42,2.479999999999997,-4.390000000000001,-16.81,-22.99,19.64,36.3,-4.229999999999997,-45.35
2025-07-28T18:23:34.171344,-9.0,-90.0,43.0,74.0,-97.0,23.0,53.0,-27.0,-67.0,25.0,-16.0,8.0,-29.74,-80.38,44.09,75.42,-56.52,11.61,57.19,3.0100000000000016,-37.36,2.3000000000000007,23.770000000000003,-16.35
2025-07-28T18:23:34.178796,71.0,-12.0,30.0,-14.0,-40.0,1.0,-88.0,-12.0,-28.0,39.0,-79.0,93.0,50.260000000000005,-2.380000000000001,31.09,-12.58,0.4799999999999969,-10.39,-83.81,18.01,1.6400000000000006,16.3,-39.23,68.65
2025-07-28T18:23:34.183064,6.0,40.0,100.0,29.0,-58.0,8.0,-110.0,1.0,-34.0,18.0,-32.0,82.0,-14.739999999999998,49.62,101.09,30.42,-17.520000000000003,-3.3900000000000006,-105.81,31.01,-4.359999999999999,-4.699999999999999,7.770000000000003,57.65
2025-07-28T18:23:34.187223,-1.0,66.0,84.0,-27.0,45.0,37.0,-62.0,-17.0,-24.0,-40.0,6.0,31.0,-21.74,75.62,85.09,-25.58,85.47999999999999,25.61,-57.81,13.010000000000002,5.640000000000001,-62.7,45.77,6.649999999999999
2025-07-28T18:23:34.195293,-32.0,7.0,62.0,-38.0,-32.0,-80.0,-17.0,2.0,-4.0,27.0,27.0,49.0,-52.739999999999995,16.619999999999997,63.09,-36.58,8.479999999999997,-91.39,-12.809999999999999,32.010000000000005,25.64,4.300000000000001,66.77000000000001,24.65
2025-07-28T18:23:34.199472,13.0,17.0,65.0,-30.0,23.0,41.0,-54.0,19.0,-38.0,72.0,-94.0,23.0,-7.739999999999998,26.619999999999997,66.09,-28.58,63.48,29.61,-49.81,49.010000000000005,-8.36,49.3,-54.23,-1.3500000000000014
2025-07-28T18:23:34.208198,-44.0,16.0,-41.0,52.0,-73.0,-29.0,6.0,-11.0,-47.0,39.0,-71.0,43.0,-64.74,25.619999999999997,-39.91,53.42,-32.52,-40.39,10.190000000000001,19.01,-17.36,16.3,-31.229999999999997,18.65
2025-07-28T18:23:34.211784,35.0,1.0,-9.0,15.0,-61.0,21.0,-3.0,8.0,-9.0,45.0,-57.0,39.0,14.260000000000002,10.62,-7.91,16.42,-20.520000000000003,9.61,1.1900000000000004,38.010000000000005,20.64,22.3,-17.229999999999997,14.649999999999999
2025-07-28T18:23:34.219846,21.0,31.0,39.0,25.0,-53.0,-38.0,17.0,-35.0,-40.0,3.0,-50.0,44.0,0.26000000000000156,40.62,40.09,26.42,-12.520000000000003,-49.39,21.19,-4.989999999999998,-10.36,-19.7,-10.229999999999997,19.65
2025-07-28T18:23:34.224087,59.0,-43.0,-65.0,50.0,-96.0,1.0,-8.0,-2.0,-2.0,52.0,-32.0,45.0,38.260000000000005,-33.38,-63.91,51.42,-55.52,-10.39,-3.8099999999999996,28.01,27.64,29.3,7.770000000000003,20.65
2025-07-28T18:23:34.232167,-8.0,-41.0,-43.0,24.0,-79.0,41.0,10.0,-56.0,-33.0,55.0,-36.0,-19.0,-28.74,-31.380000000000003,-41.91,25.42,-38.52,29.61,14.190000000000001,-25.99,-3.3599999999999994,32.3,3.770000000000003,-43.35
2025-07-28T18:23:34.236416,87.0,-78.0,31.0,-22.0,-79.0,33.0,-20.0,3.0,-76.0,-34.0,-82.0,44.0,66.26,-68.38,32.09,-20.58,-38.52,21.61,-15.809999999999999,33.010000000000005,-46.36,-56.7,-42.23,19.65
2025-07-28T18:23:34.244408,9.0,10.0,91.0,-4.0,0.0,-10.0,-28.0,40.0,6.0,38.0,-54.0,-10.0,-11.739999999999998,19.619999999999997,92.09,-2.58,40.48,-21.39,-23.81,70.01,35.64,15.3,-14.229999999999997,-34.35
2025-07-28T18:23:34.248781,13.0,-92.0,26.0,24.0,15.0,29.0,-3.0,-71.0,63.0,46.0,-37.0,-78.0,-7.739999999999998,-82.38,27.09,25.42,55.48,17.61,1.1900000000000004,-40.989999999999995,92.64,23.3,2.770000000000003,-102.35
2025-07-28T18:23:34.256703,-55.0,59.0,23.0,-10.0,12.0,-28.0,34.0,-46.0,14.0,34.0,61.0,-19.0,-75.74,68.62,24.09,-8.58,52.48,-39.39,38.19,-15.989999999999998,43.64,11.3,100.77000000000001,-43.35
2025-07-28T18:23:34.261120,-58.0,-28.0,-86.0,8.0,-25.0,5.0,-26.0,43.0,6.0,39.0,96.0,-2.0,-78.74,-18.380000000000003,-84.91,9.42,15.479999999999997,-6.390000000000001,-21.81,73.01,35.64,16.3,135.77,-26.35
2025-07-28T18:23:34.269042,-73.0,50.0,-14.0,34.0,35.0,25.0,-104.0,-99.0,-30.0,16.0,-19.0,2.0,-93.74,59.62,-12.91,35.42,75.47999999999999,13.61,-99.81,-68.99,-0.35999999999999943,-6.699999999999999,20.770000000000003,-22.35
2025-07-28T18:23:34.273318,56.0,33.0,-55.0,76.0,-44.0,-18.0,-88.0,-22.0,7.0,35.0,0.0,-13.0,35.260000000000005,42.62,-53.91,77.42,-3.520000000000003,-29.39,-83.81,8.010000000000002,36.64,12.3,39.77,-37.35
2025-07-28T18:23:34.281463,37.0,-65.0,-36.0,-34.0,-58.0,19.0,-18.0,-84.0,-71.0,-20.0,-17.0,14.0,16.26,-55.38,-34.91,-32.58,-17.520000000000003,7.609999999999999,-13.809999999999999,-53.989999999999995,-41.36,-42.7,22.770000000000003,-10.350000000000001
2025-07-28T18:23:34.285680,-19.0,-19.0,-15.0,-38.0,-75.0,72.0,16.0,-32.0,-54.0,-32.0,-30.0,-4.0,-39.739999999999995,-9.38,-13.91,-36.58,-34.52,60.61,20.19,-1.9899999999999984,-24.36,-54.7,9.770000000000003,-28.35
2025-07-28T18:23:34.293689,5.0,-43.0,29.0,-2.0,-83.0,45.0,-21.0,-20.0,-46.0,-8.0,-8.0,-1.0,-15.739999999999998,-33.38,30.09,-0.5800000000000001,-42.52,33.61,-16.81,10.010000000000002,-16.36,-30.7,31.770000000000003,-25.35
2025-07-28T18:23:34.297905,4.0,-9.0,80.0,-100.0,-37.0,49.0,-7.0,0.0,-71.0,-29.0,87.0,-48.0,-16.74,0.6199999999999992,81.09,-98.58,3.479999999999997,37.61,-2.8099999999999996,30.01,-41.36,-51.7,126.77000000000001,-72.35
2025-07-28T18:23:34.305880,41.0,-84.0,23.0,-89.0,18.0,6.0,-27.0,-63.0,1.0,-29.0,21.0,-62.0,20.26,-74.38,24.09,-87.58,58.48,-5.390000000000001,-22.81,-32.989999999999995,30.64,-51.7,60.77,-86.35
2025-07-28T18:23:34.310295,-62.0,-83.0,51.0,-54.0,35.0,1.0,-28.0,-66.0,-47.0,-41.0,-7.0,-33.0,-82.74,-73.38,52.09,-52.58,75.47999999999999,-10.39,-23.81,-35.989999999999995,-17.36,-63.7,32.77,-57.35
2025-07-28T18:23:34.318128,-57.0,2.0,22.0,-79.0,-46.0,-39.0,-52.0,25.0,-49.0,-7.0,-48.0,-20.0,-77.74,11.62,23.09,-77.58,-5.520000000000003,-50.39,-47.81,55.010000000000005,-19.36,-29.7,-8.229999999999997,-44.35
2025-07-28T18:23:34.322418,19.0,14.0,15.0,-7.0,-46.0,-56.0,-5.0,110.0,-15.0,9.0,36.0,-15.0,-1.7399999999999984,23.619999999999997,16.09,-5.58,-5.520000000000003,-67.39,-0.8099999999999996,140.01,14.64,-13.7,75.77000000000001,-39.35
2025-07-28T18:23:34.330461,68.0,51.0,-18.0,26.0,-43.0,12.0,-84.0,-27.0,-101.0,-30.0,14.0,-32.0,47.260000000000005,60.62,-16.91,27.42,-2.520000000000003,0.6099999999999994,-79.81,3.0100000000000016,-71.36,-52.7,53.77,-56.35
2025-07-28T18:23:34.334712,26.0,-33.0,-83.0,-66.0,-28.0,53.0,-15.0,-15.0,19.0,-59.0,-17.0,-12.0,5.260000000000002,-23.380000000000003,-81.91,-64.58,12.479999999999997,41.61,-10.809999999999999,15.010000000000002,48.64,-81.7,22.770000000000003,-36.35
2025-07-28T18:23:34.342878,72.0,-126.0,81.0,-12.0,20.0,4.0,-6.0,-36.0,-69.0,-55.0,-93.0,10.0,51.260000000000005,-116.38,82.09,-10.58,60.48,-7.390000000000001,-1.8099999999999996,-5.989999999999998,-39.36,-77.7,-53.23,-14.350000000000001
2025-07-28T18:23:34.347083,-1.0,-17.0,41.0,20.0,-103.0,17.0,-39.0,-34.0,-2.0,12.0,40.0,24.0,-21.74,-7.380000000000001,42.09,21.42,-62.52,5.609999999999999,-34.81,-3.9899999999999984,27.64,-10.7,79.77000000000001,-0.3500000000000014
2025-07-28T18:23:34.351249,-17.0,45.0,5.0,44.0,-79.0,29.0,14.0,-24.0,37.0,-72.0,-25.0,9.0,-37.739999999999995,54.62,6.09,45.42,-38.52,17.61,18.19,6.010000000000002,66.64,-94.7,14.770000000000003,-15.350000000000001
2025-07-28T18:23:34.359313,-50.0,5.0,-55.0,-66.0,-119.0,-19.0,20.0,-48.0,-14.0,-20.0,12.0,5.0,-70.74,14.62,-53.91,-64.58,-78.52000000000001,-30.39,24.19,-17.99,15.64,-42.7,51.77,-19.35
2025-07-28T18:23:34.367209,76.0,20.0,-54.0,39.0,-47.0,2.0,-10.0,-41.0,4.0,-33.0,41.0,-72.0,55.260000000000005,29.619999999999997,-52.91,40.42,-6.520000000000003,-9.39,-5.81,-10.989999999999998,33.64,-55.7,80.77000000000001,-96.35
2025-07-28T18:23:34.371710,72.0,0.0,-55.0,-35.0,-113.0,41.0,-8.0,-24.0,30.0,-24.0,-19.0,-15.0,51.260000000000005,9.62,-53.91,-33.58,-72.52000000000001,29.61,-3.8099999999999996,6.010000000000002,59.64,-46.7,20.770000000000003,-39.35
2025-07-28T18:23:34.379827,76.0,-73.0,-44.0,-75.0,-2.0,-12.0,-45.0,-32.0,-45.0,-17.0,-30.0,-44.0,55.260000000000005,-63.38,-42.91,-73.58,38.48,-23.39,-40.81,-1.9899999999999984,-15.36,-39.7,9.770000000000003,-68.35
2025-07-28T18:23:34.383746,93.0,-24.0,73.0,6.0,-12.0,-9.0,33.0,-11.0,-53.0,-34.0,37.0,-48.0,72.26,-14.38,74.09,7.42,28.479999999999997,-20.39,37.19,19.01,-23.36,-56.7,76.77000000000001,-72.35
2025-07-28T18:23:34.391893,63.0,-11.0,4.0,7.0,-66.0,-13.0,-43.0,-51.0,-18.0,-33.0,72.0,15.0,42.260000000000005,-1.3800000000000008,5.09,8.42,-25.520000000000003,-24.39,-38.81,-20.99,11.64,-55.7,111.77000000000001,-9.350000000000001
2025-07-28T18:23:34.396263,1.0,-56.0,48.0,36.0,-99.0,-7.0,-63.0,-57.0,42.0,-24.0,4.0,-27.0,-19.74,-46.38,49.09,37.42,-58.52,-18.39,-58.81,-26.99,71.64,-46.7,43.77,-51.35
2025-07-28T18:23:34.404314,-47.0,-5.0,10.0,14.0,-75.0,42.0,-24.0,-41.0,-34.0,-18.0,-34.0,-31.0,-67.74,4.619999999999999,11.09,15.42,-34.52,30.61,-19.81,-10.989999999999998,-4.359999999999999,-40.7,5.770000000000003,-55.35
2025-07-28T18:23:34.408422,8.0,5.0,-52.0,10.0,-78.0,67.0,12.0,-16.0,-1.0,-28.0,25.0,14.0,-12.739999999999998,14.62,-50.91,11.42,-37.52,55.61,16.19,14.010000000000002,28.64,-50.7,64.77000000000001,-10.350000000000001
2025-07-28T18:23:34.412473,28.0,32.0,-75.0,-22.0,-65.0,-15.0,-42.0,15.0,-35.0,-9.0,2.0,-35.0,7.260000000000002,41.62,-73.91,-20.58,-24.520000000000003,-26.39,-37.81,45.010000000000005,-5.359999999999999,-31.7,41.77,-59.35
2025-07-28T18:23:34.420830,-63.0,4.0,-28.0,-6.0,11.0,61.0,-73.0,7.0,15.0,-50.0,60.0,-33.0,-83.74,13.62,-26.91,-4.58,51.48,49.61,-68.81,37.010000000000005,44.64,-72.7,99.77000000000001,-57.35
2025-07-28T18:23:34.424782,-17.0,49.0,-22.0,29.0,-33.0,18.0,-7.0,18.0,-83.0,-28.0,29.0,-17.0,-37.739999999999995,58.62,-20.91,30.42,7.479999999999997,6.609999999999999,-2.8099999999999996,48.010000000000005,-53.36,-50.7,68.77000000000001,-41.35
2025-07-28T18:23:34.432914,-13.0,15.0,21.0,-6.0,14.0,11.0,28.0,-78.0,-10.0,-52.0,-2.0,-64.0,-33.739999999999995,24.619999999999997,22.09,-4.58,54.48,-0.39000000000000057,32.19,-47.989999999999995,19.64,-74.7,37.77,-88.35
2025-07-28T18:23:34.437078,55.0,59.0,-15.0,12.0,-33.0,-8.0,-70.0,4.0,-1.0,-13.0,0.0,-7.0,34.260000000000005,68.62,-13.91,13.42,7.479999999999997,-19.39,-65.81,34.010000000000005,28.64,-35.7,39.77,-31.35
2025-07-28T18:23:34.445218,17.0,5.0,-52.0,30.0,-65.0,6.0,-41.0,-8.0,-44.0,-25.0,28.0,20.0,-3.7399999999999984,14.62,-50.91,31.42,-24.520000000000003,-5.390000000000001,-36.81,22.01,-14.36,-47.7,67.77000000000001,-4.350000000000001
2025-07-28T18:23:34.449518,38.0,-22.0,-7.0,41.0,-27.0,-30.0,-66.0,-34.0,-102.0,2.0,-2.0,-14.0,17.26,-12.38,-5.91,42.42,13.479999999999997,-41.39,-61.81,-3.9899999999999984,-72.36,-20.7,37.77,-38.35
2025-07-28T18:23:34.457479,102.0,8.0,-6.0,-44.0,-83.0,57.0,-48.0,-19.0,16.0,-58.0,-17.0,-2.0,81.26,17.619999999999997,-4.91,-42.58,-42.52,45.61,-43.81,11.010000000000002,45.64,-80.7,22.770000000000003,-26.35
2025-07-28T18:23:34.461651,117.0,-26.0,-52.0,-8.0,-56.0,36.0,2.0,-58.0,-49.0,-45.0,31.0,-29.0,96.26,-16.380000000000003,-50.91,-6.58,-15.520000000000003,24.61,6.19,-27.99,-19.36,-67.7,70.77000000000001,-53.35
2025-07-28T18:23:34.469822,-32.0,-89.0,18.0,-91.0,7.0,5.0,-78.0,-96.0,-66.0,-47.0,65.0,-77.0,-52.739999999999995,-79.38,19.09,-89.58,47.48,-6.390000000000001,-73.81,-65.99,-36.36,-69.7,104.77000000000001,-101.35
2025-07-28T18:23:34.474137,61.0,11.0,37.0,-53.0,-60.0,39.0,19.0,-46.0,-11.0,-103.0,-30.0,-54.0,40.260000000000005,20.619999999999997,38.09,-51.58,-19.520000000000003,27.61,23.19,-15.989999999999998,18.64,-125.7,9.770000000000003,-78.35
2025-07-28T18:23:34.481946,11.0,35.0,91.0,38.0,-23.0,31.0,8.0,-53.0,7.0,20.0,-7.0,-36.0,-9.739999999999998,44.62,92.09,39.42,17.479999999999997,19.61,12.190000000000001,-22.99,36.64,-2.6999999999999993,32.77,-60.35
2025-07-28T18:23:34.486334,-12.0,-69.0,79.0,-18.0,-19.0,4.0,21.0,-30.0,-62.0,-38.0,15.0,28.0,-32.739999999999995,-59.38,80.09,-16.58,21.479999999999997,-7.390000000000001,25.19,0.010000000000001563,-32.36,-60.7,54.77,3.6499999999999986
2025-07-28T18:23:34.494225,-41.0,65.0,31.0,14.0,-45.0,35.0,23.0,-54.0,-47.0,-47.0,47.0,-49.0,-61.739999999999995,74.62,32.09,15.42,-4.520000000000003,23.61,27.19,-23.99,-17.36,-69.7,86.77000000000001,-73.35
2025-07-28T18:23:34.498479,-17.0,39.0,35.0,-25.0,-98.0,22.0,8.0,-27.0,-28.0,-20.0,15.0,-6.0,-37.739999999999995,48.62,36.09,-23.58,-57.52,10.61,12.190000000000001,3.0100000000000016,1.6400000000000006,-42.7,54.77,-30.35
2025-07-28T18:23:34.506515,37.0,-16.0,-35.0,-29.0,8.0,13.0,24.0,-117.0,-47.0,-82.0,11.0,-51.0,16.26,-6.380000000000001,-33.91,-27.58,48.48,1.6099999999999994,28.19,-86.99,-17.36,-104.7,50.77,-75.35
2025-07-28T18:23:34.510814,26.0,45.0,-62.0,-58.0,-66.0,7.0,24.0,-24.0,23.0,-58.0,-14.0,-6.0,5.260000000000002,54.62,-60.91,-56.58,-25.520000000000003,-4.390000000000001,28.19,6.010000000000002,52.64,-80.7,25.770000000000003,-30.35
2025-07-28T18:23:34.518851,33.0,-76.0,-24.0,-34.0,-11.0,-51.0,-11.0,-71.0,-18.0,-73.0,56.0,-25.0,12.260000000000002,-66.38,-22.91,-32.58,29.479999999999997,-62.39,-6.81,-40.989999999999995,11.64,-95.7,95.77000000000001,-49.35
2025-07-28T18:23:34.523274,45.0,-34.0,57.0,55.0,-2.0,-3.0,-41.0,-38.0,7.0,-1.0,5.0,-14.0,24.26,-24.380000000000003,58.09,56.42,38.48,-14.39,-36.81,-7.989999999999998,36.64,-23.7,44.77,-38.35
2025-07-28T18:23:34.531204,42.0,-93.0,54.0,43.0,-30.0,-14.0,-5.0,-99.0,-17.0,-59.0,12.0,11.0,21.26,-83.38,55.09,44.42,10.479999999999997,-25.39,-0.8099999999999996,-68.99,12.64,-81.7,51.77,-13.350000000000001
2025-07-28T18:23:34.535534,33.0,-54.0,21.0,-2.0,-55.0,-4.0,-6.0,-29.0,-32.0,-17.0,30.0,20.0,12.260000000000002,-44.38,22.09,-0.5800000000000001,-14.520000000000003,-15.39,-1.8099999999999996,1.0100000000000016,-2.3599999999999994,-39.7,69.77000000000001,-4.350000000000001
2025-07-28T18:23:34.543495,47.0,24.0,51.0,-7.0,-88.0,9.0,-3.0,-20.0,-14.0,-81.0,27.0,-51.0,26.26,33.62,52.09,-5.58,-47.52,-2.3900000000000006,1.1900000000000004,10.010000000000002,15.64,-103.7,66.77000000000001,-75.35
2025-07-28T18:23:34.547781,78.0,33.0,-34.0,-29.0,-17.0,42.0,0.0,-9.0,12.0,-8.0,-18.0,-19.0,57.260000000000005,42.62,-32.91,-27.58,23.479999999999997,30.61,4.19,21.01,41.64,-30.7,21.770000000000003,-43.35
2025-07-28T18:23:34.555868,42.0,18.0,37.0,46.0,-65.0,25.0,-30.0,-72.0,-28.0,-7.0,-17.0,21.0,21.26,27.619999999999997,38.09,47.42,-24.520000000000003,13.61,-25.81,-41.989999999999995,1.6400000000000006,-29.7,22.770000000000003,-3.3500000000000014
2025-07-28T18:23:34.560016,-29.0,98.0,-101.0,-8.0,-52.0,-23.0,56.0,-67.0,-57.0,-72.0,9.0,-18.0,-49.739999999999995,107.62,-99.91,-6.58,-11.520000000000003,-34.39,60.19,-36.989999999999995,-27.36,-94.7,48.77,-42.35
2025-07-28T18:23:34.568084,145.0,-50.0,-12.0,13.0,-20.0,-12.0,16.0,-63.0,-23.0,-70.0,-42.0,-32.0,124.26,-40.38,-10.91,14.42,20.479999999999997,-23.39,20.19,-32.989999999999995,6.640000000000001,-92.7,-2.229999999999997,-56.35
2025-07-28T18:23:34.572355,37.0,-31.0,15.0,5.0,-66.0,-32.0,-34.0,-18.0,-18.0,-45.0,25.0,5.0,16.26,-21.380000000000003,16.09,6.42,-25.520000000000003,-43.39,-29.81,12.010000000000002,11.64,-67.7,64.77000000000001,-19.35
2025-07-28T18:23:34.580257,90.0,-79.0,40.0,41.0,51.0,36.0,-67.0,13.0,49.0,24.0,-46.0,-37.0,69.26,-69.38,41.09,42.42,91.47999999999999,24.61,-62.81,43.010000000000005,78.64,1.3000000000000007,-6.229999999999997,-61.35
2025-07-28T18:23:34.584609,14.0,-15.0,28.0,-26.0,-62.0,44.0,-33.0,0.0,-164.0,-4.0,-6.0,-42.0,-6.739999999999998,-5.380000000000001,29.09,-24.58,-21.520000000000003,32.61,-28.81,30.01,-134.36,-26.7,33.77,-66.35
2025-07-28T18:23:34.592550,-19.0,9.0,0.0,-1.0,17.0,70.0,-31.0,-11.0,-45.0,-63.0,21.0,-22.0,-39.739999999999995,18.619999999999997,1.09,0.41999999999999993,57.48,58.61,-26.81,19.01,-15.36,-85.7,60.77,-46.35
2025-07-28T18:23:34.596900,-59.0,-1.0,101.0,-24.0,-50.0,-11.0,-61.0,-125.0,-33.0,-8.0,-12.0,26.0,-79.74,8.62,102.09,-22.58,-9.520000000000003,-22.39,-56.81,-94.99,-3.3599999999999994,-30.7,27.770000000000003,1.6499999999999986
2025-07-28T18:23:34.604876,-23.0,35.0,46.0,106.0,25.0,-22.0,-18.0,28.0,-78.0,2.0,-17.0,-1.0,-43.739999999999995,44.62,47.09,107.42,65.47999999999999,-33.39,-13.809999999999999,58.010000000000005,-48.36,-20.7,22.770000000000003,-25.35
2025-07-28T18:23:34.609246,-48.0,56.0,27.0,-18.0,-37.0,-14.0,-27.0,-15.0,-95.0,-52.0,16.0,-74.0,-68.74,65.62,28.09,-16.58,3.479999999999997,-25.39,-22.81,15.010000000000002,-65.36,-74.7,55.77,-98.35
2025-07-28T18:23:34.617116,46.0,8.0,-30.0,36.0,-76.0,-50.0,-50.0,-46.0,6.0,-13.0,-43.0,-11.0,25.26,17.619999999999997,-28.91,37.42,-35.52,-61.39,-45.81,-15.989999999999998,35.64,-35.7,-3.229999999999997,-35.35
2025-07-28T18:23:34.621365,29.0,-62.0,-70.0,82.0,-46.0,13.0,42.0,-11.0,-24.0,-62.0,-6.0,-31.0,8.260000000000002,-52.38,-68.91,83.42,-5.520000000000003,1.6099999999999994,46.19,19.01,5.640000000000001,-84.7,33.77,-55.35
2025-07-28T18:23:34.629366,-14.0,-43.0,-2.0,-12.0,-14.0,60.0,-42.0,-6.0,-37.0,-20.0,40.0,16.0,-34.739999999999995,-33.38,-0.9099999999999999,-10.58,26.479999999999997,48.61,-37.81,24.01,-7.359999999999999,-42.7,79.77000000000001,-8.350000000000001
2025-07-28T18:23:34.633693,25.0,-18.0,66.0,-26.0,-46.0,44.0,-26.0,-9.0,-92.0,-49.0,1.0,-52.0,4.260000000000002,-8.38,67.09,-24.58,-5.520000000000003,32.61,-21.81,21.01,-62.36,-71.7,40.77,-76.35
2025-07-28T18:23:34.638035,62.0,31.0,36.0,-55.0,20.0,-28.0,-23.0,4.0,-29.0,-62.0,-7.0,-5.0,41.260000000000005,40.62,37.09,-53.58,60.48,-39.39,-18.81,34.010000000000005,0.6400000000000006,-84.7,32.77,-29.35
2025-07-28T18:23:34.645873,25.0,67.0,49.0,23.0,3.0,-49.0,-9.0,-15.0,-13.0,-19.0,45.0,-7.0,4.260000000000002,76.62,50.09,24.42,43.48,-60.39,-4.81,15.010000000000002,16.64,-41.7,84.77000000000001,-31.35
2025-07-28T18:23:34.650086,20.0,-23.0,4.0,35.0,-188.0,44.0,-28.0,33.0,-120.0,-54.0,-38.0,18.0,-0.7399999999999984,-13.38,5.09,36.42,-147.52,32.61,-23.81,63.010000000000005,-90.36,-76.7,1.7700000000000031,-6.350000000000001
2025-07-28T18:23:34.658120,12.0,120.0,-86.0,69.0,-78.0,73.0,-10.0,-54.0,-52.0,-6.0,-30.0,-71.0,-8.739999999999998,129.62,-84.91,70.42,-37.52,61.61,-5.81,-23.99,-22.36,-28.7,9.770000000000003,-95.35
2025-07-28T18:23:34.662292,54.0,-1.0,-7.0,-33.0,-57.0,32.0,-23.0,-25.0,-10.0,-52.0,-29.0,-93.0,33.260000000000005,8.62,-5.91,-31.58,-16.520000000000003,20.61,-18.81,5.010000000000002,19.64,-74.7,10.770000000000003,-117.35
2025-07-28T18:23:34.670341,48.0,15.0,-61.0,2.0,-13.0,58.0,-5.0,-26.0,2.0,-15.0,-16.0,-48.0,27.26,24.619999999999997,-59.91,3.42,27.479999999999997,46.61,-0.8099999999999996,4.010000000000002,31.64,-37.7,23.770000000000003,-72.35
2025-07-28T18:23:34.674634,102.0,-21.0,-16.0,-89.0,-32.0,24.0,17.0,-41.0,16.0,-78.0,-37.0,25.0,81.26,-11.38,-14.91,-87.58,8.479999999999997,12.61,21.19,-10.989999999999998,45.64,-100.7,2.770000000000003,0.6499999999999986
2025-07-28T18:23:34.682833,30.0,-20.0,-1.0,6.0,-27.0,-10.0,19.0,-17.0,18.0,-51.0,15.0,0.0,9.260000000000002,-10.38,0.09000000000000008,7.42,13.479999999999997,-21.39,23.19,13.010000000000002,47.64,-73.7,54.77,-24.35
2025-07-28T18:23:34.686854,47.0,-46.0,33.0,-18.0,14.0,50.0,-20.0,-63.0,-2.0,33.0,109.0,-22.0,26.26,-36.38,34.09,-16.58,54.48,38.61,-15.809999999999999,-32.989999999999995,27.64,10.3,148.77,-46.35
2025-07-28T18:23:34.695156,-19.0,-37.0,64.0,31.0,-100.0,17.0,1.0,-50.0,-65.0,32.0,62.0,-110.0,-39.739999999999995,-27.380000000000003,65.09,32.42,-59.52,5.609999999999999,5.19,-19.99,-35.36,9.3,101.77000000000001,-134.35
2025-07-28T18:23:34.699159,19.0,20.0,13.0,-31.0,-47.0,30.0,28.0,5.0,-5.0,-64.0,-45.0,-7.0,-1.7399999999999984,29.619999999999997,14.09,-29.58,-6.520000000000003,18.61,32.19,35.010000000000005,24.64,-86.7,-5.229999999999997,-31.35
2025-07-28T18:23:34.707377,42.0,15.0,49.0,-3.0,-49.0,60.0,-22.0,-26.0,-15.0,-16.0,11.0,-9.0,21.26,24.619999999999997,50.09,-1.58,-8.520000000000003,48.61,-17.81,4.010000000000002,14.64,-38.7,50.77,-33.35
2025-07-28T18:23:34.711582,-52.0,38.0,17.0,-16.0,-27.0,22.0,-23.0,-5.0,34.0,-55.0,-84.0,-42.0,-72.74,47.62,18.09,-14.58,13.479999999999997,10.61,-18.81,25.01,63.64,-77.7,-44.23,-66.35
2025-07-28T18:23:34.719662,68.0,24.0,-19.0,-63.0,-24.0,22.0,-57.0,-39.0,39.0,-35.0,-20.0,-61.0,47.260000000000005,33.62,-17.91,-61.58,16.479999999999997,10.61,-52.81,-8.989999999999998,68.64,-57.7,19.770000000000003,-85.35
2025-07-28T18:23:34.723820,13.0,-77.0,-60.0,-9.0,-104.0,62.0,-27.0,-41.0,-4.0,-62.0,15.0,-13.0,-7.739999999999998,-67.38,-58.91,-7.58,-63.52,50.61,-22.81,-10.989999999999998,25.64,-84.7,54.77,-37.35
2025-07-28T18:23:34.731922,6.0,-39.0,44.0,77.0,-79.0,9.0,-13.0,11.0,-83.0,-35.0,101.0,44.0,-14.739999999999998,-29.380000000000003,45.09,78.42,-38.52,-2.3900000000000006,-8.809999999999999,41.010000000000005,-53.36,-57.7,140.77,19.65
2025-07-28T18:23:34.736358,14.0,-46.0,35.0,-18.0,-22.0,13.0,-34.0,-40.0,-73.0,29.0,-15.0,-30.0,-6.739999999999998,-36.38,36.09,-16.58,18.479999999999997,1.6099999999999994,-29.81,-9.989999999999998,-43.36,6.300000000000001,24.770000000000003,-54.35
2025-07-28T18:23:34.744291,17.0,36.0,-13.0,20.0,-15.0,19.0,-11.0,7.0,-20.0,-15.0,-36.0,-9.0,-3.7399999999999984,45.62,-11.91,21.42,25.479999999999997,7.609999999999999,-6.81,37.010000000000005,9.64,-37.7,3.770000000000003,-33.35
2025-07-28T18:23:34.748574,30.0,57.0,33.0,11.0,-29.0,4.0,-13.0,22.0,-73.0,34.0,-8.0,-18.0,9.260000000000002,66.62,34.09,12.42,11.479999999999997,-7.390000000000001,-8.809999999999999,52.010000000000005,-43.36,11.3,31.770000000000003,-42.35
2025-07-28T18:23:34.756412,-4.0,52.0,-45.0,-13.0,-54.0,-32.0,20.0,65.0,-45.0,-82.0,56.0,-5.0,-24.74,61.62,-43.91,-11.58,-13.520000000000003,-43.39,24.19,95.01,-15.36,-104.7,95.77000000000001,-29.35
2025-07-28T18:23:34.760736,17.0,7.0,-19.0,23.0,-74.0,-9.0,-10.0,-1.0,-66.0,-7.0,21.0,-24.0,-3.7399999999999984,16.619999999999997,-17.91,24.42,-33.52,-20.39,-5.81,29.01,-36.36,-29.7,60.77,-48.35
2025-07-28T18:23:34.768795,71.0,20.0,-83.0,-1.0,-48.0,-34.0,-70.0,-30.0,-84.0,-36.0,-35.0,-18.0,50.260000000000005,29.619999999999997,-81.91,0.41999999999999993,-7.520000000000003,-45.39,-65.81,0.010000000000001563,-54.36,-58.7,4.770000000000003,-42.35
2025-07-28T18:23:34.773014,30.0,-41.0,-28.0,-27.0,-129.0,-44.0,-51.0,-22.0,-11.0,-37.0,8.0,-49.0,9.260000000000002,-31.380000000000003,-26.91,-25.58,-88.52000000000001,-55.39,-46.81,8.010000000000002,18.64,-59.7,47.77,-73.35
2025-07-28T18:23:34.780980,-16.0,-69.0,11.0,35.0,-20.0,13.0,10.0,-10.0,3.0,-37.0,28.0,-49.0,-36.739999999999995,-59.38,12.09,36.42,20.479999999999997,1.6099999999999994,14.190000000000001,20.01,32.64,-59.7,67.77000000000001,-73.35
2025-07-28T18:23:34.785341,-25.0,-9.0,23.0,-35.0,-44.0,15.0,99.0,-34.0,-53.0,-45.0,-5.0,-4.0,-45.739999999999995,0.6199999999999992,24.09,-33.58,-3.520000000000003,3.6099999999999994,103.19,-3.9899999999999984,-23.36,-67.7,34.77,-28.35
2025-07-28T18:23:34.793587,27.0,36.0,15.0,-42.0,-76.0,45.0,54.0,-101.0,0.0,-58.0,14.0,24.0,6.260000000000002,45.62,16.09,-40.58,-35.52,33.61,58.19,-70.99,29.64,-80.7,53.77,-0.3500000000000014
2025-07-28T18:23:34.797535,7.0,-24.0,10.0,-33.0,-83.0,-35.0,50.0,7.0,-71.0,-62.0,14.0,22.0,-13.739999999999998,-14.38,11.09,-31.58,-42.52,-46.39,54.19,37.010000000000005,-41.36,-84.7,53.77,-2.3500000000000014
2025-07-28T18:23:34.805612,85.0,-56.0,-44.0,24.0,-39.0,18.0,52.0,-7.0,-22.0,-80.0,21.0,-41.0,64.26,-46.38,-42.91,25.42,1.4799999999999969,6.609999999999999,56.19,23.01,7.640000000000001,-102.7,60.77,-65.35
2025-07-28T18:23:34.809733,31.0,-22.0,-72.0,57.0,39.0,-22.0,-41.0,-3.0,-16.0,-42.0,42.0,-36.0,10.260000000000002,-12.38,-70.91,58.42,79.47999999999999,-33.39,-36.81,27.01,13.64,-64.7,81.77000000000001,-60.35
2025-07-28T18:23:34.818050,43.0,-31.0,48.0,6.0,-153.0,9.0,-1.0,-57.0,25.0,-86.0,-44.0,-58.0,22.26,-21.380000000000003,49.09,7.42,-112.52000000000001,-2.3900000000000006,3.1900000000000004,-26.99,54.64,-108.7,-4.229999999999997,-82.35
2025-07-28T18:23:34.822149,67.0,-14.0,77.0,-26.0,-97.0,9.0,-18.0,-53.0,-59.0,-74.0,-11.0,7.0,46.260000000000005,-4.380000000000001,78.09,-24.58,-56.52,-2.3900000000000006,-13.809999999999999,-22.99,-29.36,-96.7,28.770000000000003,-17.35
2025-07-28T18:23:34.830247,4.0,-17.0,1.0,-72.0,-32.0,2.0,-108.0,-42.0,-20.0,-21.0,-9.0,-76.0,-16.74,-7.380000000000001,2.09,-70.58,8.479999999999997,-9.39,-103.81,-11.989999999999998,9.64,-43.7,30.770000000000003,-100.35
2025-07-28T18:23:34.834389,-3.0,-75.0,33.0,-7.0,18.0,73.0,-32.0,-79.0,-26.0,-3.0,18.0,-63.0,-23.74,-65.38,34.09,-5.58,58.48,61.61,-27.81,-48.989999999999995,3.6400000000000006,-25.7,57.77,-87.35
2025-07-28T18:23:34.842421,0.0,37.0,43.0,-78.0,-17.0,38.0,-17.0,-61.0,-24.0,-53.0,-4.0,-64.0,-20.74,46.62,44.09,-76.58,23.479999999999997,26.61,-12.809999999999999,-30.99,5.640000000000001,-75.7,35.77,-88.35
2025-07-28T18:23:34.846669,61.0,-53.0,32.0,-43.0,-38.0,5.0,-40.0,-62.0,18.0,-17.0,75.0,-25.0,40.260000000000005,-43.38,33.09,-41.58,2.479999999999997,-6.390000000000001,-35.81,-31.99,47.64,-39.7,114.77000000000001,-49.35
2025-07-28T18:23:34.854640,-3.0,52.0,-9.0,-43.0,-24.0,52.0,39.0,-67.0,-30.0,12.0,-2.0,0.0,-23.74,61.62,-7.91,-41.58,16.479999999999997,40.61,43.19,-36.989999999999995,-0.35999999999999943,-10.7,37.77,-24.35
2025-07-28T18:23:34.859071,12.0,-85.0,2.0,-2.0,-82.0,28.0,-26.0,-62.0,3.0,21.0,-43.0,10.0,-8.739999999999998,-75.38,3.09,-0.5800000000000001,-41.52,16.61,-21.81,-31.99,32.64,-1.6999999999999993,-3.229999999999997,-14.350000000000001
2025-07-28T18:23:34.867020,-12.0,-12.0,68.0,48.0,-101.0,15.0,-33.0,-7.0,-51.0,-14.0,23.0,-28.0,-32.739999999999995,-2.380000000000001,69.09,49.42,-60.52,3.6099999999999994,-28.81,23.01,-21.36,-36.7,62.77,-52.35
2025-07-28T18:23:34.871306,28.0,36.0,44.0,-34.0,-52.0,3.0,2.0,-24.0,-63.0,-45.0,27.0,12.0,7.260000000000002,45.62,45.09,-32.58,-11.520000000000003,-8.39,6.19,6.010000000000002,-33.36,-67.7,66.77000000000001,-12.350000000000001
2025-07-28T18:23:34.875256,-30.0,86.0,17.0,21.0,-52.0,17.0,3.0,31.0,30.0,-28.0,-40.0,-7.0,-50.739999999999995,95.62,18.09,22.42,-11.520000000000003,5.609999999999999,7.19,61.010000000000005,59.64,-50.7,-0.22999999999999687,-31.35
2025-07-28T18:23:34.883587,31.0,48.0,-4.0,-23.0,-104.0,-25.0,-55.0,-25.0,-54.0,-20.0,14.0,-61.0,10.260000000000002,57.62,-2.91,-21.58,-63.52,-36.39,-50.81,5.010000000000002,-24.36,-42.7,53.77,-85.35
2025-07-28T18:23:34.891569,64.0,21.0,3.0,-12.0,-72.0,31.0,-13.0,-67.0,-19.0,-55.0,-1.0,-49.0,43.260000000000005,30.619999999999997,4.09,-10.58,-31.520000000000003,19.61,-8.809999999999999,-36.989999999999995,10.64,-77.7,38.77,-73.35
2025-07-28T18:23:34.895857,-2.0,10.0,-16.0,-2.0,-65.0,25.0,23.0,25.0,-48.0,-8.0,43.0,-8.0,-22.74,19.619999999999997,-14.91,-0.5800000000000001,-24.520000000000003,13.61,27.19,55.010000000000005,-18.36,-30.7,82.77000000000001,-32.35
2025-07-28T18:23:34.899843,-10.0,-55.0,49.0,2.0,-8.0,2.0,38.0,-2.0,-2.0,-61.0,-61.0,-78.0,-30.74,-45.38,50.09,3.42,32.48,-9.39,42.19,28.01,27.64,-83.7,-21.229999999999997,-102.35
2025-07-28T18:23:34.908078,100.0,-29.0,10.0,45.0,-43.0,37.0,8.0,-41.0,15.0,-15.0,-31.0,64.0,79.26,-19.380000000000003,11.09,46.42,-2.520000000000003,25.61,12.190000000000001,-10.989999999999998,44.64,-37.7,8.770000000000003,39.65
2025-07-28T18:23:34.912182,-15.0,-5.0,80.0,-35.0,-133.0,49.0,-34.0,-13.0,-19.0,8.0,1.0,67.0,-35.739999999999995,4.619999999999999,81.09,-33.58,-92.52000000000001,37.61,-29.81,17.01,10.64,-14.7,40.77,42.65
2025-07-28T18:23:34.920476,29.0,-67.0,12.0,-69.0,38.0,19.0,-55.0,-11.0,67.0,-57.0,-72.0,-1.0,8.260000000000002,-57.38,13.09,-67.58,78.47999999999999,7.609999999999999,-50.81,19.01,96.64,-79.7,-32.23,-25.35
2025-07-28T18:23:34.924597,-8.0,-62.0,72.0,-42.0,-71.0,-20.0,-59.0,36.0,-48.0,-61.0,-57.0,30.0,-28.74,-52.38,73.09,-40.58,-30.520000000000003,-31.39,-54.81,66.01,-18.36,-83.7,-17.229999999999997,5.649999999999999
2025-07-28T18:23:34.932606,53.0,52.0,7.0,-36.0,-12.0,12.0,48.0,-115.0,29.0,-2.0,-14.0,1.0,32.260000000000005,61.62,8.09,-34.58,28.479999999999997,0.6099999999999994,52.19,-84.99,58.64,-24.7,25.770000000000003,-23.35
2025-07-28T18:23:34.936963,-11.0,26.0,-67.0,1.0,-19.0,-6.0,37.0,6.0,-18.0,-25.0,-3.0,-29.0,-31.74,35.62,-65.91,2.42,21.479999999999997,-17.39,41.19,36.010000000000005,11.64,-47.7,36.77,-53.35
2025-07-28T18:23:34.944985,12.0,56.0,25.0,50.0,-64.0,-5.0,-72.0,-16.0,-28.0,54.0,-55.0,8.0,-8.739999999999998,65.62,26.09,51.42,-23.520000000000003,-16.39,-67.81,14.010000000000002,1.6400000000000006,31.3,-15.229999999999997,-16.35
2025-07-28T18:23:34.949261,69.0,79.0,-68.0,0.0,-6.0,0.0,1.0,-101.0,-48.0,59.0,-64.0,54.0,48.260000000000005,88.62,-66.91,1.42,34.48,-11.39,5.19,-70.99,-18.36,36.3,-24.229999999999997,29.65
2025-07-28T18:23:34.957216,76.0,16.0,-87.0,27.0,-70.0,5.0,-31.0,-52.0,-8.0,62.0,-54.0,17.0,55.260000000000005,25.619999999999997,-85.91,28.42,-29.520000000000003,-6.390000000000001,-26.81,-21.99,21.64,39.3,-14.229999999999997,-7.350000000000001
2025-07-28T18:23:34.961473,62.0,26.0,-56.0,-12.0,-53.0,1.0,-66.0,41.0,-15.0,59.0,-33.0,51.0,41.260000000000005,35.62,-54.91,-10.58,-12.520000000000003,-10.39,-61.81,71.01,14.64,36.3,6.770000000000003,26.65
2025-07-28T18:23:34.969503,110.0,2.0,27.0,-44.0,-2.0,98.0,-48.0,5.0,-15.0,42.0,-62.0,46.0,89.26,11.62,28.09,-42.58,38.48,86.61,-43.81,35.010000000000005,14.64,19.3,-22.229999999999997,21.65
2025-07-28T18:23:34.973824,22.0,1.0,-26.0,32.0,-37.0,28.0,-51.0,-124.0,-77.0,40.0,-111.0,57.0,1.2600000000000016,10.62,-24.91,33.42,3.479999999999997,16.61,-46.81,-93.99,-47.36,17.3,-71.22999999999999,32.65
2025-07-28T18:23:34.981927,23.0,-56.0,10.0,-33.0,-2.0,-6.0,-54.0,-43.0,-25.0,39.0,-16.0,31.0,2.2600000000000016,-46.38,11.09,-31.58,38.48,-17.39,-49.81,-12.989999999999998,4.640000000000001,16.3,23.770000000000003,6.649999999999999
2025-07-28T18:23:34.986047,-2.0,29.0,48.0,-6.0,-18.0,-34.0,24.0,-8.0,-48.0,4.0,-23.0,36.0,-22.74,38.62,49.09,-4.58,22.479999999999997,-45.39,28.19,22.01,-18.36,-18.7,16.770000000000003,11.649999999999999
2025-07-28T18:23:34.993944,-57.0,-24.0,12.0,53.0,-31.0,-51.0,78.0,-9.0,-62.0,46.0,-55.0,66.0,-77.74,-14.38,13.09,54.42,9.479999999999997,-62.39,82.19,21.01,-32.36,23.3,-15.229999999999997,41.65
2025-07-28T18:23:34.998265,-13.0,28.0,13.0,17.0,-90.0,-75.0,35.0,2.0,-24.0,8.0,-47.0,8.0,-33.739999999999995,37.62,14.09,18.42,-49.52,-86.39,39.19,32.010000000000005,5.640000000000001,-14.7,-7.229999999999997,-16.35
2025-07-28T18:23:35.006285,-36.0,70.0,-37.0,-10.0,-56.0,-70.0,-27.0,-12.0,43.0,48.0,-3.0,91.0,-56.739999999999995,79.62,-35.91,-8.58,-15.520000000000003,-81.39,-22.81,18.01,72.64,25.3,36.77,66.65
2025-07-28T18:23:35.010452,-13.0,9.0,-26.0,7.0,-74.0,17.0,-3.0,-40.0,-1.0,19.0,-4.0,22.0,-33.739999999999995,18.619999999999997,-24.91,8.42,-33.52,5.609999999999999,1.1900000000000004,-9.989999999999998,28.64,-3.6999999999999993,35.77,-2.3500000000000014
2025-07-28T18:23:35.018485,-21.0,43.0,-41.0,39.0,-82.0,49.0,-61.0,-42.0,-84.0,112.0,-68.0,-21.0,-41.739999999999995,52.62,-39.91,40.42,-41.52,37.61,-56.81,-11.989999999999998,-54.36,89.3,-28.229999999999997,-45.35
2025-07-28T18:23:35.022725,101.0,56.0,5.0,17.0,-34.0,1.0,-22.0,-41.0,-102.0,52.0,-47.0,95.0,80.26,65.62,6.09,18.42,6.479999999999997,-10.39,-17.81,-10.989999999999998,-72.36,29.3,-7.229999999999997,70.65
2025-07-28T18:23:35.030885,77.0,-15.0,-61.0,-29.0,-33.0,-49.0,-9.0,-121.0,-109.0,37.0,-49.0,64.0,56.260000000000005,-5.380000000000001,-59.91,-27.58,7.479999999999997,-60.39,-4.81,-90.99,-79.36,14.3,-9.229999999999997,39.65
2025-07-28T18:23:35.035100,28.0,15.0,45.0,-9.0,30.0,-70.0,-6.0,-63.0,11.0,-12.0,-113.0,53.0,7.260000000000002,24.619999999999997,46.09,-7.58,70.47999999999999,-81.39,-1.8099999999999996,-32.989999999999995,40.64,-34.7,-73.22999999999999,28.65
2025-07-28T18:23:35.043014,8.0,-9.0,12.0,-55.0,-18.0,-52.0,17.0,-77.0,-7.0,-15.0,-38.0,47.0,-12.739999999999998,0.6199999999999992,13.09,-53.58,22.479999999999997,-63.39,21.19,-46.989999999999995,22.64,-37.7,1.7700000000000031,22.65
2025-07-28T18:23:35.047247,16.0,58.0,22.0,3.0,-56.0,-5.0,30.0,-11.0,8.0,47.0,-50.0,19.0,-4.739999999999998,67.62,23.09,4.42,-15.520000000000003,-16.39,34.19,19.01,37.64,24.3,-10.229999999999997,-5.350000000000001
2025-07-28T18:23:35.051394,-18.0,0.0,1.0,40.0,-59.0,50.0,23.0,-35.0,19.0,-35.0,-51.0,41.0,-38.739999999999995,9.62,2.09,41.42,-18.520000000000003,38.61,27.19,-4.989999999999998,48.64,-57.7,-11.229999999999997,16.65
2025-07-28T18:23:35.059662,37.0,5.0,28.0,-23.0,-75.0,36.0,-94.0,-103.0,47.0,72.0,20.0,-5.0,16.26,14.62,29.09,-21.58,-34.52,24.61,-89.81,-72.99,76.64,49.3,59.77,-29.35
2025-07-28T18:23:35.063970,81.0,75.0,-36.0,26.0,-43.0,5.0,9.0,-92.0,-17.0,61.0,-14.0,6.0,60.260000000000005,84.62,-34.91,27.42,-2.520000000000003,-6.390000000000001,13.190000000000001,-61.989999999999995,12.64,38.3,25.770000000000003,-18.35
2025-07-28T18:23:35.071774,139.0,38.0,-47.0,-26.0,10.0,-34.0,-11.0,-75.0,-9.0,58.0,-40.0,38.0,118.26,47.62,-45.91,-24.58,50.48,-45.39,-6.81,-44.989999999999995,20.64,35.3,-0.22999999999999687,13.649999999999999
2025-07-28T18:23:35.076002,54.0,2.0,-53.0,-21.0,-13.0,-4.0,-69.0,-19.0,-3.0,15.0,-73.0,-53.0,33.260000000000005,11.62,-51.91,-19.58,27.479999999999997,-15.39,-64.81,11.010000000000002,26.64,-7.699999999999999,-33.23,-77.35
2025-07-28T18:23:35.084173,3.0,13.0,76.0,39.0,-95.0,-87.0,-52.0,-58.0,43.0,77.0,-8.0,18.0,-17.74,22.619999999999997,77.09,40.42,-54.52,-98.39,-47.81,-27.99,72.64,54.3,31.770000000000003,-6.350000000000001
2025-07-28T18:23:35.088248,38.0,-29.0,63.0,58.0,-37.0,-4.0,-17.0,-62.0,-54.0,42.0,-52.0,30.0,17.26,-19.380000000000003,64.09,59.42,3.479999999999997,-15.39,-12.809999999999999,-31.99,-24.36,19.3,-12.229999999999997,5.649999999999999
2025-07-28T18:23:35.096552,-69.0,-6.0,22.0,31.0,-69.0,10.0,-15.0,-88.0,-7.0,20.0,-14.0,32.0,-89.74,3.619999999999999,23.09,32.42,-28.520000000000003,-1.3900000000000006,-10.809999999999999,-57.989999999999995,22.64,-2.6999999999999993,25.770000000000003,7.649999999999999
2025-07-28T18:23:35.100578,-66.0,-31.0,-45.0,-33.0,-68.0,81.0,28.0,-35.0,-51.0,24.0,-26.0,93.0,-86.74,-21.380000000000003,-43.91,-31.58,-27.520000000000003,69.61,32.19,-4.989999999999998,-21.36,1.3000000000000007,13.770000000000003,68.65
2025-07-28T18:23:35.108608,1.0,29.0,4.0,-28.0,28.0,24.0,6.0,-138.0,-11.0,111.0,-93.0,2.0,-19.74,38.62,5.09,-26.58,68.47999999999999,12.61,10.190000000000001,-107.99,18.64,88.3,-53.23,-22.35
2025-07-28T18:23:35.112866,-13.0,50.0,-44.0,-39.0,4.0,-17.0,8.0,-17.0,13.0,15.0,-78.0,38.0,-33.739999999999995,59.62,-42.91,-37.58,44.48,-28.39,12.190000000000001,13.010000000000002,42.64,-7.699999999999999,-38.23,13.649999999999999
2025-07-28T18:23:35.121040,95.0,-18.0,-101.0,36.0,-10.0,0.0,-16.0,-83.0,-57.0,-12.0,-102.0,6.0,74.26,-8.38,-99.91,37.42,30.479999999999997,-11.39,-11.809999999999999,-52.989999999999995,-27.36,-34.7,-62.23,-18.35
2025-07-28T18:23:35.125392,86.0,-55.0,33.0,49.0,-109.0,-14.0,7.0,-8.0,-85.0,-5.0,-14.0,74.0,65.26,-45.38,34.09,50.42,-68.52000000000001,-25.39,11.190000000000001,22.01,-55.36,-27.7,25.770000000000003,49.65
2025-07-28T18:23:35.133320,52.0,-44.0,-9.0,-2.0,-86.0,16.0,-32.0,-63.0,-27.0,72.0,-43.0,75.0,31.26,-34.38,-7.91,-0.5800000000000001,-45.52,4.609999999999999,-27.81,-32.989999999999995,2.6400000000000006,49.3,-3.229999999999997,50.65
2025-07-28T18:23:35.137528,31.0,-37.0,1.0,-19.0,19.0,44.0,45.0,-26.0,-65.0,-27.0,-56.0,18.0,10.260000000000002,-27.380000000000003,2.09,-17.58,59.48,32.61,49.19,4.010000000000002,-35.36,-49.7,-16.229999999999997,-6.350000000000001
2025-07-28T18:23:35.145720,6.0,-46.0,-35.0,-46.0,-20.0,-12.0,-8.0,-57.0,24.0,-13.0,-75.0,89.0,-14.739999999999998,-36.38,-33.91,-44.58,20.479999999999997,-23.39,-3.8099999999999996,-26.99,53.64,-35.7,-35.23,64.65
2025-07-28T18:23:35.149874,32.0,24.0,74.0,8.0,-76.0,-47.0,-23.0,-11.0,-59.0,2.0,-83.0,84.0,11.260000000000002,33.62,75.09,9.42,-35.52,-58.39,-18.81,19.01,-29.36,-20.7,-43.23,59.65
2025-07-28T18:23:35.157936,59.0,-52.0,-10.0,50.0,19.0,-7.0,-4.0,-19.0,-16.0,43.0,-100.0,61.0,38.260000000000005,-42.38,-8.91,51.42,59.48,-18.39,0.1900000000000004,11.010000000000002,13.64,20.3,-60.23,36.65
2025-07-28T18:23:35.162242,-68.0,40.0,39.0,-13.0,21.0,-31.0,-19.0,-50.0,-44.0,-19.0,-10.0,49.0,-88.74,49.62,40.09,-11.58,61.48,-42.39,-14.809999999999999,-19.99,-14.36,-41.7,29.770000000000003,24.65
2025-07-28T18:23:35.170155,-24.0,55.0,12.0,-4.0,-26.0,10.0,-44.0,-49.0,-16.0,-8.0,-27.0,41.0,-44.739999999999995,64.62,13.09,-2.58,14.479999999999997,-1.3900000000000006,-39.81,-18.99,13.64,-30.7,12.770000000000003,16.65
2025-07-28T18:23:35.174367,68.0,41.0,-43.0,38.0,-15.0,13.0,3.0,-49.0,4.0,36.0,-64.0,14.0,47.260000000000005,50.62,-41.91,39.42,25.479999999999997,1.6099999999999994,7.19,-18.99,33.64,13.3,-24.229999999999997,-10.350000000000001
2025-07-28T18:23:35.182309,23.0,-46.0,-37.0,5.0,-106.0,-18.0,24.0,-30.0,-28.0,25.0,10.0,38.0,2.2600000000000016,-36.38,-35.91,6.42,-65.52000000000001,-29.39,28.19,0.010000000000001563,1.6400000000000006,2.3000000000000007,49.77,13.649999999999999
2025-07-28T18:23:35.186654,93.0,15.0,36.0,-41.0,42.0,3.0,-44.0,5.0,-28.0,53.0,-33.0,59.0,72.26,24.619999999999997,37.09,-39.58,82.47999999999999,-8.39,-39.81,35.010000000000005,1.6400000000000006,30.3,6.770000000000003,34.65
2025-07-28T18:23:35.194793,2.0,-91.0,12.0,-16.0,-7.0,49.0,45.0,-72.0,-55.0,44.0,5.0,56.0,-18.74,-81.38,13.09,-14.58,33.48,37.61,49.19,-41.989999999999995,-25.36,21.3,44.77,31.65
2025-07-28T18:23:35.198843,13.0,-78.0,54.0,37.0,-23.0,69.0,-22.0,26.0,-9.0,-28.0,-62.0,46.0,-7.739999999999998,-68.38,55.09,38.42,17.479999999999997,57.61,-17.81,56.010000000000005,20.64,-50.7,-22.229999999999997,21.65
2025-07-28T18:23:35.206916,-39.0,48.0,-12.0,45.0,-50.0,57.0,-58.0,-93.0,-48.0,15.0,15.0,24.0,-59.739999999999995,57.62,-10.91,46.42,-9.520000000000003,45.61,-53.81,-62.989999999999995,-18.36,-7.699999999999999,54.77,-0.3500000000000014
2025-07-28T18:23:35.211309,-35.0,2.0,-66.0,-31.0,-86.0,44.0,-7.0,5.0,-3.0,93.0,-16.0,74.0,-55.739999999999995,11.62,-64.91,-29.58,-45.52,32.61,-2.8099999999999996,35.010000000000005,26.64,70.3,23.770000000000003,49.65
2025-07-28T18:23:35.219415,7.0,62.0,-63.0,-17.0,-75.0,-9.0,18.0,2.0,-78.0,17.0,-33.0,-13.0,-13.739999999999998,71.62,-61.91,-15.58,-34.52,-20.39,22.19,32.010000000000005,-48.36,-5.699999999999999,6.770000000000003,-37.35
2025-07-28T18:23:35.223512,-5.0,36.0,-14.0,-30.0,-89.0,55.0,-43.0,-44.0,-54.0,68.0,-47.0,11.0,-25.74,45.62,-12.91,-28.58,-48.52,43.61,-38.81,-13.989999999999998,-24.36,45.3,-7.229999999999997,-13.350000000000001
2025-07-28T18:23:35.231596,59.0,42.0,-69.0,-15.0,-113.0,66.0,2.0,-57.0,-52.0,32.0,11.0,42.0,38.260000000000005,51.62,-67.91,-13.58,-72.52000000000001,54.61,6.19,-26.99,-22.36,9.3,50.77,17.65
2025-07-28T18:23:35.235795,-1.0,-47.0,-51.0,-7.0,-28.0,87.0,-42.0,-69.0,-24.0,28.0,-29.0,43.0,-21.74,-37.38,-49.91,-5.58,12.479999999999997,75.61,-37.81,-38.989999999999995,5.640000000000001,5.300000000000001,10.770000000000003,18.65
2025-07-28T18:23:35.243870,96.0,-33.0,-5.0,-73.0,-7.0,-98.0,37.0,-33.0,-5.0,34.0,-2.0,45.0,75.26,-23.380000000000003,-3.91,-71.58,33.48,-109.39,41.19,-2.9899999999999984,24.64,11.3,37.77,20.65
2025-07-28T18:23:35.248037,115.0,-32.0,35.0,11.0,-29.0,13.0,25.0,-7.0,-74.0,29.0,-132.0,29.0,94.26,-22.380000000000003,36.09,12.42,11.479999999999997,1.6099999999999994,29.19,23.01,-44.36,6.300000000000001,-92.22999999999999,4.649999999999999
2025-07-28T18:23:35.256166,-21.0,4.0,89.0,-44.0,40.0,-31.0,-14.0,-65.0,-14.0,15.0,-59.0,52.0,-41.739999999999995,13.62,90.09,-42.58,80.47999999999999,-42.39,-9.809999999999999,-34.989999999999995,15.64,-7.699999999999999,-19.229999999999997,27.65
2025-07-28T18:23:35.260379,12.0,2.0,16.0,-1.0,-69.0,7.0,-14.0,-68.0,-18.0,45.0,-35.0,17.0,-8.739999999999998,11.62,17.09,0.41999999999999993,-28.520000000000003,-4.390000000000001,-9.809999999999999,-37.989999999999995,11.64,22.3,4.770000000000003,-7.350000000000001
2025-07-28T18:23:35.265528,4.0,13.0,-10.0,-4.0,-99.0,27.0,-13.0,-26.0,-77.0,8.0,10.0,38.0,-16.74,22.619999999999997,-8.91,-2.58,-58.52,15.61,-8.809999999999999,4.010000000000002,-47.36,-14.7,49.77,13.649999999999999
2025-07-28T18:23:35.272600,-24.0,-45.0,30.0,-16.0,-68.0,9.0,4.0,-67.0,-24.0,-8.0,-73.0,65.0,-44.739999999999995,-35.38,31.09,-14.58,-27.520000000000003,-2.3900000000000006,8.190000000000001,-36.989999999999995,5.640000000000001,-30.7,-33.23,40.65
2025-07-28T18:23:35.277473,-32.0,40.0,-29.0,-8.0,-125.0,-37.0,-48.0,-26.0,-53.0,50.0,-92.0,-5.0,-52.739999999999995,49.62,-27.91,-6.58,-84.52000000000001,-48.39,-43.81,4.010000000000002,-23.36,27.3,-52.23,-29.35
2025-07-28T18:23:35.284873,-9.0,24.0,11.0,12.0,-30.0,55.0,-41.0,-44.0,-22.0,-11.0,-87.0,38.0,-29.74,33.62,12.09,13.42,10.479999999999997,43.61,-36.81,-13.989999999999998,7.640000000000001,-33.7,-47.23,13.649999999999999
2025-07-28T18:23:35.290148,3.0,25.0,-21.0,20.0,8.0,-30.0,-37.0,-19.0,-49.0,40.0,-36.0,69.0,-17.74,34.62,-19.91,21.42,48.48,-41.39,-32.81,11.010000000000002,-19.36,17.3,3.770000000000003,44.65
2025-07-28T18:23:35.297140,36.0,19.0,1.0,-35.0,-12.0,26.0,-49.0,-47.0,-39.0,-2.0,-15.0,-7.0,15.260000000000002,28.619999999999997,2.09,-33.58,28.479999999999997,14.61,-44.81,-16.99,-9.36,-24.7,24.770000000000003,-31.35
2025-07-28T18:23:35.301356,136.0,-84.0,-62.0,31.0,-116.0,-64.0,14.0,2.0,-92.0,12.0,-68.0,72.0,115.26,-74.38,-60.91,32.42,-75.52000000000001,-75.39,18.19,32.010000000000005,-62.36,-10.7,-28.229999999999997,47.65
2025-07-28T18:23:35.309406,62.0,-50.0,-59.0,66.0,-68.0,12.0,-34.0,-9.0,-108.0,48.0,-43.0,46.0,41.260000000000005,-40.38,-57.91,67.42,-27.520000000000003,0.6099999999999994,-29.81,21.01,-78.36,25.3,-3.229999999999997,21.65
2025-07-28T18:23:35.314941,-53.0,-34.0,10.0,-33.0,-45.0,65.0,-81.0,-36.0,-75.0,-12.0,-11.0,48.0,-73.74,-24.380000000000003,11.09,-31.58,-4.520000000000003,53.61,-76.81,-5.989999999999998,-45.36,-34.7,28.770000000000003,23.65
2025-07-28T18:23:35.321707,32.0,-7.0,-2.0,9.0,40.0,-22.0,-20.0,-18.0,-2.0,4.0,-4.0,67.0,11.260000000000002,2.619999999999999,-0.9099999999999999,10.42,80.47999999999999,-33.39,-15.809999999999999,12.010000000000002,27.64,-18.7,35.77,42.65
2025-07-28T18:23:35.326902,22.0,66.0,-3.0,27.0,1.0,31.0,-23.0,-14.0,-92.0,-13.0,-63.0,-55.0,1.2600000000000016,75.62,-1.91,28.42,41.48,19.61,-18.81,16.01,-62.36,-35.7,-23.229999999999997,-79.35
2025-07-28T18:23:35.334025,3.0,59.0,54.0,-52.0,-23.0,-50.0,-15.0,33.0,-66.0,39.0,18.0,-51.0,-17.74,68.62,55.09,-50.58,17.479999999999997,-61.39,-10.809999999999999,63.010000000000005,-36.36,16.3,57.77,-75.35
2025-07-28T18:23:35.339276,24.0,-28.0,-14.0,36.0,27.0,-87.0,-57.0,-37.0,-83.0,10.0,-64.0,-27.0,3.2600000000000016,-18.380000000000003,-12.91,37.42,67.47999999999999,-98.39,-52.81,-6.989999999999998,-53.36,-12.7,-24.229999999999997,-51.35
2025-07-28T18:23:35.346328,86.0,48.0,-78.0,10.0,-30.0,-18.0,8.0,-6.0,-72.0,61.0,-67.0,-30.0,65.26,57.62,-76.91,11.42,10.479999999999997,-29.39,12.190000000000001,24.01,-42.36,38.3,-27.229999999999997,-54.35
2025-07-28T18:23:35.351310,55.0,-8.0,-63.0,6.0,-31.0,-8.0,-32.0,-37.0,-103.0,55.0,-8.0,-5.0,34.260000000000005,1.6199999999999992,-61.91,7.42,9.479999999999997,-19.39,-27.81,-6.989999999999998,-73.36,32.3,31.770000000000003,-29.35
2025-07-28T18:23:35.358490,95.0,70.0,-85.0,33.0,-103.0,27.0,12.0,9.0,-42.0,26.0,9.0,-53.0,74.26,79.62,-83.91,34.42,-62.52,15.61,16.19,39.010000000000005,-12.36,3.3000000000000007,48.77,-77.35
2025-07-28T18:23:35.363764,54.0,29.0,-30.0,5.0,-39.0,57.0,-20.0,-13.0,-67.0,36.0,36.0,-47.0,33.260000000000005,38.62,-28.91,6.42,1.4799999999999969,45.61,-15.809999999999999,17.01,-37.36,13.3,75.77000000000001,-71.35
2025-07-28T18:23:35.370863,69.0,34.0,-29.0,-12.0,-24.0,59.0,-15.0,-8.0,-74.0,17.0,-8.0,-76.0,48.260000000000005,43.62,-27.91,-10.58,16.479999999999997,47.61,-10.809999999999999,22.01,-44.36,-5.699999999999999,31.770000000000003,-100.35
2025-07-28T18:23:35.375834,61.0,-35.0,-70.0,15.0,-36.0,-23.0,-40.0,-23.0,-71.0,86.0,-7.0,-23.0,40.260000000000005,-25.380000000000003,-68.91,16.42,4.479999999999997,-34.39,-35.81,7.010000000000002,-41.36,63.3,32.77,-47.35
2025-07-28T18:23:35.383232,47.0,-31.0,-1.0,-14.0,29.0,-44.0,-63.0,-7.0,-6.0,48.0,-53.0,-48.0,26.26,-21.380000000000003,0.09000000000000008,-12.58,69.47999999999999,-55.39,-58.81,23.01,23.64,25.3,-13.229999999999997,-72.35
2025-07-28T18:23:35.388066,19.0,-95.0,6.0,44.0,-90.0,-27.0,-46.0,53.0,-98.0,-18.0,60.0,-69.0,-1.7399999999999984,-85.38,7.09,45.42,-49.52,-38.39,-41.81,83.01,-68.36,-40.7,99.77000000000001,-93.35
2025-07-28T18:23:35.395476,19.0,-35.0,-19.0,8.0,-71.0,-3.0,1.0,-24.0,-107.0,-25.0,53.0,-6.0,-1.7399999999999984,-25.380000000000003,-17.91,9.42,-30.520000000000003,-14.39,5.19,6.010000000000002,-77.36,-47.7,92.77000000000001,-30.35
2025-07-28T18:23:35.400168,-1.0,100.0,42.0,23.0,-60.0,-48.0,-28.0,-32.0,-21.0,-36.0,6.0,10.0,-21.74,109.62,43.09,24.42,-19.520000000000003,-59.39,-23.81,-1.9899999999999984,8.64,-58.7,45.77,-14.350000000000001
2025-07-28T18:23:35.407733,-11.0,18.0,-61.0,27.0,-33.0,-18.0,41.0,-1.0,10.0,-7.0,126.0,-58.0,-31.74,27.619999999999997,-59.91,28.42,7.479999999999997,-29.39,45.19,29.01,39.64,-29.7,165.77,-82.35
2025-07-28T18:23:35.411952,47.0,76.0,-68.0,8.0,-39.0,-29.0,-19.0,-56.0,-80.0,-35.0,-10.0,-45.0,26.26,85.62,-66.91,9.42,1.4799999999999969,-40.39,-14.809999999999999,-25.99,-50.36,-57.7,29.770000000000003,-69.35
2025-07-28T18:23:35.419903,45.0,1.0,-31.0,-71.0,36.0,-23.0,-32.0,-64.0,-75.0,-40.0,52.0,-84.0,24.26,10.62,-29.91,-69.58,76.47999999999999,-34.39,-27.81,-33.989999999999995,-45.36,-62.7,91.77000000000001,-108.35
2025-07-28T18:23:35.424276,51.0,-15.0,15.0,54.0,-39.0,-70.0,56.0,-7.0,-38.0,-64.0,-10.0,-44.0,30.26,-5.380000000000001,16.09,55.42,1.4799999999999969,-81.39,60.19,23.01,-8.36,-86.7,29.770000000000003,-68.35
2025-07-28T18:23:35.428249,7.0,-98.0,31.0,44.0,-31.0,4.0,-39.0,-70.0,-60.0,-16.0,26.0,-82.0,-13.739999999999998,-88.38,32.09,45.42,9.479999999999997,-7.390000000000001,-34.81,-39.989999999999995,-30.36,-38.7,65.77000000000001,-106.35
2025-07-28T18:23:35.436490,32.0,-11.0,-15.0,26.0,-49.0,12.0,28.0,-12.0,-51.0,-53.0,61.0,-39.0,11.260000000000002,-1.3800000000000008,-13.91,27.42,-8.520000000000003,0.6099999999999994,32.19,18.01,-21.36,-75.7,100.77000000000001,-63.35
2025-07-28T18:23:35.440689,31.0,84.0,3.0,-52.0,-118.0,58.0,42.0,-12.0,-75.0,33.0,60.0,-61.0,10.260000000000002,93.62,4.09,-50.58,-77.52000000000001,46.61,46.19,18.01,-45.36,10.3,99.77000000000001,-85.35
2025-07-28T18:23:35.448603,25.0,43.0,-36.0,8.0,-29.0,44.0,-42.0,-80.0,-78.0,-58.0,12.0,-81.0,4.260000000000002,52.62,-34.91,9.42,11.479999999999997,32.61,-37.81,-49.989999999999995,-48.36,-80.7,51.77,-105.35
2025-07-28T18:23:35.452808,34.0,-12.0,-58.0,-8.0,-19.0,-53.0,5.0,-45.0,-68.0,-33.0,28.0,-18.0,13.260000000000002,-2.380000000000001,-56.91,-6.58,21.479999999999997,-64.39,9.190000000000001,-14.989999999999998,-38.36,-55.7,67.77000000000001,-42.35
2025-07-28T18:23:35.461031,91.0,-41.0,-89.0,-14.0,-39.0,-26.0,31.0,-65.0,-73.0,-42.0,-18.0,-28.0,70.26,-31.380000000000003,-87.91,-12.58,1.4799999999999969,-37.39,35.19,-34.989999999999995,-43.36,-64.7,21.770000000000003,-52.35
2025-07-28T18:23:35.465075,66.0,-98.0,81.0,75.0,-117.0,9.0,37.0,-68.0,-89.0,-29.0,-13.0,-118.0,45.260000000000005,-88.38,82.09,76.42,-76.52000000000001,-2.3900000000000006,41.19,-37.989999999999995,-59.36,-51.7,26.770000000000003,-142.35
2025-07-28T18:23:35.473413,31.0,-21.0,-9.0,42.0,-39.0,-6.0,-39.0,-77.0,-77.0,3.0,12.0,-71.0,10.260000000000002,-11.38,-7.91,43.42,1.4799999999999969,-17.39,-34.81,-46.989999999999995,-47.36,-19.7,51.77,-95.35
2025-07-28T18:23:35.477373,-4.0,35.0,16.0,67.0,-67.0,43.0,-54.0,-58.0,-88.0,-101.0,-10.0,-92.0,-24.74,44.62,17.09,68.42,-26.520000000000003,31.61,-49.81,-27.99,-58.36,-123.7,29.770000000000003,-116.35
2025-07-28T18:23:35.485501,-14.0,8.0,50.0,34.0,-47.0,-51.0,33.0,-80.0,-52.0,-61.0,76.0,-74.0,-34.739999999999995,17.619999999999997,51.09,35.42,-6.520000000000003,-62.39,37.19,-49.989999999999995,-22.36,-83.7,115.77000000000001,-98.35
2025-07-28T18:23:35.490022,-14.0,27.0,-36.0,1.0,-40.0,-13.0,30.0,-118.0,-67.0,-17.0,2.0,-47.0,-34.739999999999995,36.62,-34.91,2.42,0.4799999999999969,-24.39,34.19,-87.99,-37.36,-39.7,41.77,-71.35
2025-07-28T18:23:35.497841,39.0,-23.0,-55.0,-18.0,-54.0,-87.0,0.0,-47.0,0.0,-54.0,25.0,-69.0,18.26,-13.38,-53.91,-16.58,-13.520000000000003,-98.39,4.19,-16.99,29.64,-76.7,64.77000000000001,-93.35
2025-07-28T18:23:35.502286,117.0,56.0,-113.0,10.0,32.0,-10.0,-9.0,7.0,-14.0,-85.0,37.0,-52.0,96.26,65.62,-111.91,11.42,72.47999999999999,-21.39,-4.81,37.010000000000005,15.64,-107.7,76.77000000000001,-76.35
2025-07-28T18:23:35.510088,58.0,-62.0,-23.0,16.0,-109.0,-43.0,71.0,-3.0,-43.0,-24.0,31.0,-40.0,37.260000000000005,-52.38,-21.91,17.42,-68.52000000000001,-54.39,75.19,27.01,-13.36,-46.7,70.77000000000001,-64.35
2025-07-28T18:23:35.514318,-9.0,-68.0,53.0,52.0,-73.0,-21.0,-27.0,-61.0,-9.0,-74.0,-14.0,6.0,-29.74,-58.38,54.09,53.42,-32.52,-32.39,-22.81,-30.99,20.64,-96.7,25.770000000000003,-18.35
2025-07-28T18:23:35.522893,-36.0,-7.0,-12.0,-49.0,-43.0,-25.0,-33.0,-64.0,-52.0,-15.0,35.0,-135.0,-56.739999999999995,2.619999999999999,-10.91,-47.58,-2.520000000000003,-36.39,-28.81,-33.989999999999995,-22.36,-37.7,74.77000000000001,-159.35
2025-07-28T18:23:35.526695,-1.0,12.0,14.0,-25.0,19.0,-14.0,57.0,-5.0,-17.0,-59.0,40.0,-47.0,-21.74,21.619999999999997,15.09,-23.58,59.48,-25.39,61.19,25.01,12.64,-81.7,79.77000000000001,-71.35
2025-07-28T18:23:35.534660,-17.0,4.0,4.0,-44.0,-27.0,-32.0,-18.0,-48.0,-62.0,18.0,6.0,-14.0,-37.739999999999995,13.62,5.09,-42.58,13.479999999999997,-43.39,-13.809999999999999,-17.99,-32.36,-4.699999999999999,45.77,-38.35
2025-07-28T18:23:35.539078,32.0,56.0,-50.0,-65.0,-53.0,31.0,-11.0,-36.0,-43.0,-1.0,8.0,-45.0,11.260000000000002,65.62,-48.91,-63.58,-12.520000000000003,19.61,-6.81,-5.989999999999998,-13.36,-23.7,47.77,-69.35
2025-07-28T18:23:35.547121,81.0,61.0,-67.0,16.0,-48.0,-35.0,-59.0,-30.0,42.0,51.0,33.0,-115.0,60.260000000000005,70.62,-65.91,17.42,-7.520000000000003,-46.39,-54.81,0.010000000000001563,71.64,28.3,72.77000000000001,-139.35
2025-07-28T18:23:35.551347,67.0,10.0,-68.0,73.0,-113.0,-94.0,-28.0,-68.0,-67.0,-80.0,40.0,-40.0,46.260000000000005,19.619999999999997,-66.91,74.42,-72.52000000000001,-105.39,-23.81,-37.989999999999995,-37.36,-102.7,79.77000000000001,-64.35
2025-07-28T18:23:35.559475,105.0,-86.0,-24.0,8.0,-85.0,55.0,-3.0,-53.0,-32.0,-85.0,48.0,-73.0,84.26,-76.38,-22.91,9.42,-44.52,43.61,1.1900000000000004,-22.99,-2.3599999999999994,-107.7,87.77000000000001,-97.35
2025-07-28T18:23:35.564711,0.0,-99.0,15.0,36.0,-98.0,20.0,10.0,-8.0,-87.0,-26.0,78.0,-5.0,-20.74,-89.38,16.09,37.42,-57.52,8.61,14.190000000000001,22.01,-57.36,-48.7,117.77000000000001,-29.35
2025-07-28T18:23:35.571491,9.0,-99.0,-36.0,-103.0,-108.0,-11.0,9.0,35.0,-6.0,6.0,79.0,-13.0,-11.739999999999998,-89.38,-34.91,-101.58,-67.52000000000001,-22.39,13.190000000000001,65.01,23.64,-16.7,118.77000000000001,-37.35
2025-07-28T18:23:35.575733,20.0,12.0,-22.0,-10.0,34.0,7.0,-9.0,-4.0,-53.0,-8.0,53.0,-26.0,-0.7399999999999984,21.619999999999997,-20.91,-8.58,74.47999999999999,-4.390000000000001,-4.81,26.01,-23.36,-30.7,92.77000000000001,-50.35
2025-07-28T18:23:35.583850,-19.0,15.0,53.0,-6.0,-73.0,-23.0,-27.0,-25.0,-80.0,-10.0,33.0,-64.0,-39.739999999999995,24.619999999999997,54.09,-4.58,-32.52,-34.39,-22.81,5.010000000000002,-50.36,-32.7,72.77000000000001,-88.35
2025-07-28T18:23:35.588198,-25.0,50.0,-72.0,36.0,-68.0,-72.0,38.0,-9.0,-57.0,21.0,34.0,-45.0,-45.739999999999995,59.62,-70.91,37.42,-27.520000000000003,-83.39,42.19,21.01,-27.36,-1.6999999999999993,73.77000000000001,-69.35
2025-07-28T18:23:35.596087,90.0,2.0,-18.0,56.0,-23.0,-48.0,8.0,-79.0,-57.0,11.0,38.0,-121.0,69.26,11.62,-16.91,57.42,17.479999999999997,-59.39,12.190000000000001,-48.989999999999995,-27.36,-11.7,77.77000000000001,-145.35
2025-07-28T18:23:35.600685,65.0,-80.0,-28.0,-4.0,-133.0,8.0,41.0,-59.0,-60.0,1.0,39.0,-18.0,44.260000000000005,-70.38,-26.91,-2.58,-92.52000000000001,-3.3900000000000006,45.19,-28.99,-30.36,-21.7,78.77000000000001,-42.35
2025-07-28T18:23:35.608496,20.0,-31.0,-13.0,70.0,-55.0,-38.0,20.0,8.0,-107.0,-34.0,30.0,-39.0,-0.7399999999999984,-21.380000000000003,-11.91,71.42,-14.520000000000003,-49.39,24.19,38.010000000000005,-77.36,-56.7,69.77000000000001,-63.35
2025-07-28T18:23:35.612736,-17.0,-25.0,31.0,-29.0,-74.0,52.0,7.0,-18.0,-86.0,3.0,51.0,-22.0,-37.739999999999995,-15.38,32.09,-27.58,-33.52,40.61,11.190000000000001,12.010000000000002,-56.36,-19.7,90.77000000000001,-46.35
2025-07-28T18:23:35.620743,-27.0,-25.0,-37.0,-62.0,-12.0,23.0,-5.0,-56.0,-29.0,-85.0,-13.0,-51.0,-47.739999999999995,-15.38,-35.91,-60.58,28.479999999999997,11.61,-0.8099999999999996,-25.99,0.6400000000000006,-107.7,26.770000000000003,-75.35
2025-07-28T18:23:35.624905,-23.0,23.0,21.0,-62.0,-37.0,0.0,-38.0,-54.0,-12.0,22.0,82.0,-82.0,-43.739999999999995,32.62,22.09,-60.58,3.479999999999997,-11.39,-33.81,-23.99,17.64,-0.6999999999999993,121.77000000000001,-106.35
2025-07-28T18:23:35.633067,46.0,61.0,-102.0,-9.0,-38.0,-10.0,5.0,-36.0,-48.0,-31.0,72.0,-62.0,25.26,70.62,-100.91,-7.58,2.479999999999997,-21.39,9.190000000000001,-5.989999999999998,-18.36,-53.7,111.77000000000001,-86.35
2025-07-28T18:23:35.637326,28.0,96.0,-32.0,15.0,-39.0,-7.0,12.0,-96.0,-107.0,-28.0,13.0,-100.0,7.260000000000002,105.62,-30.91,16.42,1.4799999999999969,-18.39,16.19,-65.99,-77.36,-50.7,52.77,-124.35
2025-07-28T18:23:35.645284,30.0,-37.0,-58.0,-17.0,-42.0,-12.0,17.0,-58.0,-85.0,-50.0,84.0,-45.0,9.260000000000002,-27.380000000000003,-56.91,-15.58,-1.5200000000000031,-23.39,21.19,-27.99,-55.36,-72.7,123.77000000000001,-69.35
2025-07-28T18:23:35.649455,5.0,-47.0,-45.0,-32.0,-64.0,-5.0,-5.0,-35.0,-104.0,34.0,-11.0,-71.0,-15.739999999999998,-37.38,-43.91,-30.58,-23.520000000000003,-16.39,-0.8099999999999996,-4.989999999999998,-74.36,11.3,28.770000000000003,-95.35
2025-07-28T18:23:35.657487,-1.0,24.0,20.0,15.0,25.0,15.0,32.0,-20.0,-40.0,-43.0,19.0,-21.0,-21.74,33.62,21.09,16.42,65.47999999999999,3.6099999999999994,36.19,10.010000000000002,-10.36,-65.7,58.77,-45.35
2025-07-28T18:23:35.661758,20.0,11.0,17.0,-16.0,-13.0,-15.0,-20.0,61.0,-40.0,-25.0,65.0,6.0,-0.7399999999999984,20.619999999999997,18.09,-14.58,27.479999999999997,-26.39,-15.809999999999999,91.01,-10.36,-47.7,104.77000000000001,-18.35
2025-07-28T18:23:35.669932,24.0,-6.0,-10.0,14.0,8.0,-43.0,3.0,19.0,-76.0,-11.0,11.0,-51.0,3.2600000000000016,3.619999999999999,-8.91,15.42,48.48,-54.39,7.19,49.010000000000005,-46.36,-33.7,50.77,-75.35
2025-07-28T18:23:35.674122,28.0,4.0,79.0,-4.0,17.0,-19.0,4.0,-20.0,-55.0,-85.0,19.0,-71.0,7.260000000000002,13.62,80.09,-2.58,57.48,-30.39,8.190000000000001,10.010000000000002,-25.36,-107.7,58.77,-95.35
2025-07-28T18:23:35.681961,28.0,63.0,3.0,-13.0,-30.0,24.0,-22.0,-77.0,-24.0,-24.0,61.0,-52.0,7.260000000000002,72.62,4.09,-11.58,10.479999999999997,12.61,-17.81,-46.989999999999995,5.640000000000001,-46.7,100.77000000000001,-76.35
2025-07-28T18:23:35.686319,15.0,30.0,-45.0,60.0,-47.0,-46.0,-85.0,4.0,-68.0,-56.0,-1.0,-39.0,-5.739999999999998,39.62,-43.91,61.42,-6.520000000000003,-57.39,-80.81,34.010000000000005,-38.36,-78.7,38.77,-63.35
2025-07-28T18:23:35.694338,23.0,69.0,-50.0,3.0,-75.0,-12.0,-21.0,-45.0,-55.0,-24.0,44.0,-49.0,2.2600000000000016,78.62,-48.91,4.42,-34.52,-23.39,-16.81,-14.989999999999998,-25.36,-46.7,83.77000000000001,-73.35
2025-07-28T18:23:35.698648,77.0,58.0,-72.0,15.0,-41.0,73.0,-16.0,-50.0,-142.0,-65.0,6.0,-59.0,56.260000000000005,67.62,-70.91,16.42,-0.5200000000000031,61.61,-11.809999999999999,-19.99,-112.36,-87.7,45.77,-83.35
2025-07-28T18:23:35.706704,93.0,-16.0,-35.0,-11.0,-1.0,-37.0,39.0,-98.0,-67.0,-28.0,-22.0,-45.0,72.26,-6.380000000000001,-33.91,-9.58,39.48,-48.39,43.19,-67.99,-37.36,-50.7,17.770000000000003,-69.35
2025-07-28T18:23:35.710867,89.0,22.0,-1.0,24.0,-77.0,23.0,38.0,-101.0,-36.0,12.0,42.0,-54.0,68.26,31.619999999999997,0.09000000000000008,25.42,-36.52,11.61,42.19,-70.99,-6.359999999999999,-10.7,81.77000000000001,-78.35
2025-07-28T18:23:35.718925,-1.0,-68.0,9.0,78.0,-20.0,-24.0,-10.0,-37.0,-53.0,-41.0,69.0,-69.0,-21.74,-58.38,10.09,79.42,20.479999999999997,-35.39,-5.81,-6.989999999999998,-23.36,-63.7,108.77000000000001,-93.35
2025-07-28T18:23:35.723271,-53.0,37.0,5.0,41.0,-66.0,-19.0,24.0,-41.0,-87.0,29.0,25.0,-102.0,-73.74,46.62,6.09,42.42,-25.520000000000003,-30.39,28.19,-10.989999999999998,-57.36,6.300000000000001,64.77000000000001,-126.35
2025-07-28T18:23:35.727177,8.0,-22.0,-61.0,-8.0,-40.0,15.0,28.0,-69.0,10.0,16.0,55.0,-20.0,-12.739999999999998,-12.38,-59.91,-6.58,0.4799999999999969,3.6099999999999994,32.19,-38.989999999999995,39.64,-6.699999999999999,94.77000000000001,-44.35
2025-07-28T18:23:35.735405,-10.0,-5.0,-57.0,-13.0,-125.0,62.0,-23.0,-64.0,-112.0,15.0,29.0,-19.0,-30.74,4.619999999999999,-55.91,-11.58,-84.52000000000001,50.61,-18.81,-33.989999999999995,-82.36,-7.699999999999999,68.77000000000001,-43.35
2025-07-28T18:23:35.739547,96.0,1.0,-29.0,-7.0,-60.0,-31.0,5.0,12.0,35.0,-28.0,17.0,-44.0,75.26,10.62,-27.91,-5.58,-19.520000000000003,-42.39,9.190000000000001,42.010000000000005,64.64,-50.7,56.77,-68.35
2025-07-28T18:23:35.747810,90.0,30.0,-43.0,-12.0,-73.0,-26.0,51.0,-52.0,-116.0,-27.0,55.0,-65.0,69.26,39.62,-41.91,-10.58,-32.52,-37.39,55.19,-21.99,-86.36,-49.7,94.77000000000001,-89.35
2025-07-28T18:23:35.751831,95.0,-12.0,17.0,17.0,-1.0,3.0,-12.0,-64.0,-8.0,-38.0,-14.0,-34.0,74.26,-2.380000000000001,18.09,18.42,39.48,-8.39,-7.81,-33.989999999999995,21.64,-60.7,25.770000000000003,-58.35
2025-07-28T18:23:35.760055,-10.0,5.0,-31.0,-9.0,-1.0,-25.0,12.0,-80.0,-7.0,-105.0,58.0,-92.0,-30.74,14.62,-29.91,-7.58,39.48,-36.39,16.19,-49.989999999999995,22.64,-127.7,97.77000000000001,-116.35
2025-07-28T18:23:35.768032,-4.0,-22.0,-22.0,17.0,-55.0,-47.0,-98.0,-52.0,-100.0,-63.0,28.0,-115.0,-24.74,-12.38,-20.91,18.42,-14.520000000000003,-58.39,-93.81,-21.99,-70.36,-85.7,67.77000000000001,-139.35
2025-07-28T18:23:35.772238,5.0,40.0,17.0,22.0,-56.0,10.0,-11.0,18.0,-12.0,33.0,38.0,-11.0,-15.739999999999998,49.62,18.09,23.42,-15.520000000000003,-1.3900000000000006,-6.81,48.010000000000005,17.64,10.3,77.77000000000001,-35.35
2025-07-28T18:23:35.776854,19.0,77.0,-32.0,-93.0,34.0,-5.0,-65.0,-69.0,-20.0,-19.0,-6.0,-19.0,-1.7399999999999984,86.62,-30.91,-91.58,74.47999999999999,-16.39,-60.81,-38.989999999999995,9.64,-41.7,33.77,-43.35
2025-07-28T18:23:35.784456,138.0,49.0,-104.0,-20.0,0.0,-1.0,-65.0,-13.0,-62.0,-76.0,7.0,-107.0,117.26,58.62,-102.91,-18.58,40.48,-12.39,-60.81,17.01,-32.36,-98.7,46.77,-131.35
2025-07-28T18:23:35.789099,48.0,-50.0,-85.0,-7.0,-75.0,-17.0,-51.0,-55.0,21.0,-108.0,-9.0,-19.0,27.26,-40.38,-83.91,-5.58,-34.52,-28.39,-46.81,-24.99,50.64,-130.7,30.770000000000003,-43.35
2025-07-28T18:23:35.796948,79.0,-22.0,-26.0,67.0,-131.0,-47.0,-95.0,20.0,8.0,-10.0,-29.0,-57.0,58.260000000000005,-12.38,-24.91,68.42,-90.52000000000001,-58.39,-90.81,50.010000000000005,37.64,-32.7,10.770000000000003,-81.35
2025-07-28T18:23:35.801006,-20.0,23.0,83.0,64.0,-71.0,32.0,-2.0,-80.0,-21.0,-30.0,63.0,-46.0,-40.739999999999995,32.62,84.09,65.42,-30.520000000000003,20.61,2.1900000000000004,-49.989999999999995,8.64,-52.7,102.77000000000001,-70.35
2025-07-28T18:23:35.809100,11.0,-4.0,-23.0,-5.0,-40.0,-17.0,-21.0,-6.0,-113.0,-35.0,11.0,-8.0,-9.739999999999998,5.619999999999999,-21.91,-3.58,0.4799999999999969,-28.39,-16.81,24.01,-83.36,-57.7,50.77,-32.35
2025-07-28T18:23:35.813256,41.0,6.0,48.0,4.0,-47.0,-23.0,-3.0,-30.0,-87.0,-23.0,39.0,-32.0,20.26,15.62,49.09,5.42,-6.520000000000003,-34.39,1.1900000000000004,0.010000000000001563,-57.36,-45.7,78.77000000000001,-56.35
2025-07-28T18:23:35.821532,16.0,48.0,-31.0,19.0,-55.0,-11.0,-41.0,6.0,-61.0,-31.0,20.0,-113.0,-4.739999999999998,57.62,-29.91,20.42,-14.520000000000003,-22.39,-36.81,36.010000000000005,-31.36,-53.7,59.77,-137.35
2025-07-28T18:23:35.825722,108.0,43.0,-86.0,50.0,-71.0,-19.0,2.0,-15.0,-75.0,-56.0,-8.0,-73.0,87.26,52.62,-84.91,51.42,-30.520000000000003,-30.39,6.19,15.010000000000002,-45.36,-78.7,31.770000000000003,-97.35
2025-07-28T18:23:35.833767,120.0,24.0,-93.0,-4.0,47.0,36.0,-9.0,-59.0,-49.0,-23.0,49.0,-41.0,99.26,33.62,-91.91,-2.58,87.47999999999999,24.61,-4.81,-28.99,-19.36,-45.7,88.77000000000001,-65.35
2025-07-28T18:23:35.837913,121.0,13.0,-82.0,6.0,-45.0,31.0,-44.0,-32.0,-37.0,-3.0,-5.0,-7.0,100.26,22.619999999999997,-80.91,7.42,-4.520000000000003,19.61,-39.81,-1.9899999999999984,-7.359999999999999,-25.7,34.77,-31.35
2025-07-28T18:23:35.846144,126.0,45.0,-100.0,64.0,-32.0,-8.0,-31.0,-32.0,-1.0,-61.0,37.0,-60.0,105.26,54.62,-98.91,65.42,8.479999999999997,-19.39,-26.81,-1.9899999999999984,28.64,-83.7,76.77000000000001,-84.35
2025-07-28T18:23:35.850378,35.0,83.0,-4.0,48.0,-54.0,52.0,-23.0,12.0,-55.0,-33.0,24.0,-11.0,14.260000000000002,92.62,-2.91,49.42,-13.520000000000003,40.61,-18.81,42.010000000000005,-25.36,-55.7,63.77,-35.35
2025-07-28T18:23:35.858286,80.0,-28.0,-31.0,-69.0,-44.0,-12.0,56.0,-9.0,-47.0,-30.0,63.0,-40.0,59.260000000000005,-18.380000000000003,-29.91,-67.58,-3.520000000000003,-23.39,60.19,21.01,-17.36,-52.7,102.77000000000001,-64.35
2025-07-28T18:23:35.862513,-39.0,-46.0,90.0,-18.0,-7.0,12.0,-37.0,-66.0,1.0,-52.0,-48.0,-47.0,-59.739999999999995,-36.38,91.09,-16.58,33.48,0.6099999999999994,-32.81,-35.989999999999995,30.64,-74.7,-8.229999999999997,-71.35
2025-07-28T18:23:35.870509,50.0,64.0,-49.0,-1.0,-30.0,1.0,-39.0,-127.0,-57.0,-62.0,14.0,-44.0,29.26,73.62,-47.91,0.41999999999999993,10.479999999999997,-10.39,-34.81,-96.99,-27.36,-84.7,53.77,-68.35
2025-07-28T18:23:35.874882,-42.0,42.0,-65.0,52.0,-11.0,14.0,-31.0,-51.0,-58.0,-16.0,40.0,-56.0,-62.739999999999995,51.62,-63.91,53.42,29.479999999999997,2.6099999999999994,-26.81,-20.99,-28.36,-38.7,79.77000000000001,-80.35
2025-07-28T18:23:35.882832,13.0,19.0,-26.0,63.0,-65.0,13.0,22.0,37.0,-76.0,-34.0,-33.0,-39.0,-7.739999999999998,28.619999999999997,-24.91,64.42,-24.520000000000003,1.6099999999999994,26.19,67.01,-46.36,-56.7,6.770000000000003,-63.35
2025-07-28T18:23:35.887208,21.0,-7.0,-88.0,-22.0,-88.0,49.0,-23.0,-7.0,-66.0,-19.0,21.0,-89.0,0.26000000000000156,2.619999999999999,-86.91,-20.58,-47.52,37.61,-18.81,23.01,-36.36,-41.7,60.77,-113.35
2025-07-28T18:23:35.895250,71.0,-49.0,-80.0,-1.0,-24.0,-14.0,8.0,-16.0,-18.0,-15.0,-16.0,-101.0,50.260000000000005,-39.38,-78.91,0.41999999999999993,16.479999999999997,-25.39,12.190000000000001,14.010000000000002,11.64,-37.7,23.770000000000003,-125.35
2025-07-28T18:23:35.899563,127.0,-20.0,17.0,-30.0,-2.0,-10.0,-60.0,-53.0,-105.0,-34.0,-9.0,-33.0,106.26,-10.38,18.09,-28.58,38.48,-21.39,-55.81,-22.99,-75.36,-56.7,30.770000000000003,-57.35
2025-07-28T18:23:35.907490,45.0,-20.0,4.0,-21.0,7.0,-34.0,-7.0,-25.0,16.0,-58.0,44.0,-118.0,24.26,-10.38,5.09,-19.58,47.48,-45.39,-2.8099999999999996,5.010000000000002,45.64,-80.7,83.77000000000001,-142.35
2025-07-28T18:23:35.911630,71.0,-8.0,11.0,-4.0,-39.0,-57.0,48.0,-73.0,-66.0,-50.0,90.0,18.0,50.260000000000005,1.6199999999999992,12.09,-2.58,1.4799999999999969,-68.39,52.19,-42.989999999999995,-36.36,-72.7,129.77,-6.350000000000001
2025-07-28T18:23:35.919807,-14.0,-22.0,-33.0,56.0,-81.0,-10.0,-74.0,24.0,-32.0,-59.0,-34.0,-61.0,-34.739999999999995,-12.38,-31.91,57.42,-40.52,-21.39,-69.81,54.010000000000005,-2.3599999999999994,-81.7,5.770000000000003,-85.35
2025-07-28T18:23:35.924040,-47.0,44.0,8.0,36.0,-102.0,32.0,-21.0,46.0,-76.0,-12.0,74.0,-111.0,-67.74,53.62,9.09,37.42,-61.52,20.61,-16.81,76.01,-46.36,-34.7,113.77000000000001,-135.35
2025-07-28T18:23:35.931977,23.0,-31.0,-47.0,-37.0,0.0,19.0,3.0,-14.0,-37.0,-62.0,21.0,-57.0,2.2600000000000016,-21.380000000000003,-45.91,-35.58,40.48,7.609999999999999,7.19,16.01,-7.359999999999999,-84.7,60.77,-81.35
2025-07-28T18:23:35.936344,71.0,-1.0,-33.0,-37.0,-5.0,-3.0,-22.0,-38.0,-56.0,-56.0,9.0,-22.0,50.260000000000005,8.62,-31.91,-35.58,35.48,-14.39,-17.81,-7.989999999999998,-26.36,-78.7,48.77,-46.35
2025-07-28T18:23:35.944428,76.0,123.0,-76.0,45.0,-28.0,-55.0,32.0,17.0,-24.0,-70.0,0.0,-29.0,55.260000000000005,132.62,-74.91,46.42,12.479999999999997,-66.39,36.19,47.010000000000005,5.640000000000001,-92.7,39.77,-53.35
2025-07-28T18:23:35.948530,78.0,-33.0,-63.0,-19.0,-29.0,-51.0,-58.0,1.0,-1.0,-31.0,-23.0,-41.0,57.260000000000005,-23.380000000000003,-61.91,-17.58,11.479999999999997,-62.39,-53.81,31.01,28.64,-53.7,16.770000000000003,-65.35
2025-07-28T18:23:35.956500,73.0,-83.0,-72.0,67.0,-29.0,-37.0,-28.0,-17.0,-4.0,-58.0,-27.0,12.0,52.260000000000005,-73.38,-70.91,68.42,11.479999999999997,-48.39,-23.81,13.010000000000002,25.64,-80.7,12.770000000000003,-12.350000000000001
2025-07-28T18:23:35.960881,42.0,-34.0,24.0,31.0,-93.0,-39.0,24.0,-32.0,-19.0,21.0,-4.0,-20.0,21.26,-24.380000000000003,25.09,32.42,-52.52,-50.39,28.19,-1.9899999999999984,10.64,-1.6999999999999993,35.77,-44.35
2025-07-28T18:23:35.969012,-39.0,-78.0,-2.0,-63.0,-88.0,-26.0,-55.0,-31.0,-77.0,-41.0,-16.0,-18.0,-59.739999999999995,-68.38,-0.9099999999999999,-61.58,-47.52,-37.39,-50.81,-0.9899999999999984,-47.36,-63.7,23.770000000000003,-42.35
2025-07-28T18:23:35.973208,-19.0,24.0,-41.0,-40.0,-4.0,-18.0,0.0,-11.0,-39.0,-48.0,-6.0,-45.0,-39.739999999999995,33.62,-39.91,-38.58,36.48,-29.39,4.19,19.01,-9.36,-70.7,33.77,-69.35
2025-07-28T18:23:35.981024,43.0,14.0,-84.0,-8.0,-58.0,-28.0,31.0,-23.0,-29.0,6.0,16.0,-34.0,22.26,23.619999999999997,-82.91,-6.58,-17.520000000000003,-39.39,35.19,7.010000000000002,0.6400000000000006,-16.7,55.77,-58.35
2025-07-28T18:23:35.985339,-25.0,-5.0,-63.0,28.0,3.0,-32.0,-2.0,-58.0,-61.0,-95.0,41.0,-72.0,-45.739999999999995,4.619999999999999,-61.91,29.42,43.48,-43.39,2.1900000000000004,-27.99,-31.36,-117.7,80.77000000000001,-96.35
2025-07-28T18:23:35.993491,-29.0,39.0,-42.0,29.0,35.0,-27.0,-135.0,-2.0,-59.0,-17.0,29.0,-44.0,-49.739999999999995,48.62,-40.91,30.42,75.47999999999999,-38.39,-130.81,28.01,-29.36,-39.7,68.77000000000001,-68.35
2025-07-28T18:23:35.997662,104.0,-20.0,-22.0,44.0,-42.0,-61.0,0.0,-41.0,-53.0,-27.0,35.0,-59.0,83.26,-10.38,-20.91,45.42,-1.5200000000000031,-72.39,4.19,-10.989999999999998,-23.36,-49.7,74.77000000000001,-83.35
2025-07-28T18:23:36.005758,145.0,-39.0,-68.0,61.0,-127.0,-4.0,-48.0,-35.0,-124.0,25.0,28.0,-82.0,124.26,-29.380000000000003,-66.91,62.42,-86.52000000000001,-15.39,-43.81,-4.989999999999998,-94.36,2.3000000000000007,67.77000000000001,-106.35
2025-07-28T18:23:36.009820,27.0,-18.0,-1.0,-18.0,-83.0,4.0,-1.0,-64.0,-68.0,-2.0,23.0,-84.0,6.260000000000002,-8.38,0.09000000000000008,-16.58,-42.52,-7.390000000000001,3.1900000000000004,-33.989999999999995,-38.36,-24.7,62.77,-108.35
2025-07-28T18:23:36.014073,40.0,20.0,-54.0,1.0,-79.0,8.0,-35.0,-143.0,-66.0,4.0,28.0,-15.0,19.26,29.619999999999997,-52.91,2.42,-38.52,-3.3900000000000006,-30.81,-112.99,-36.36,-18.7,67.77000000000001,-39.35
2025-07-28T18:23:36.022255,30.0,4.0,-5.0,19.0,-6.0,-9.0,30.0,-50.0,-20.0,-20.0,4.0,-38.0,9.260000000000002,13.62,-3.91,20.42,34.48,-20.39,34.19,-19.99,9.64,-42.7,43.77,-62.35
2025-07-28T18:23:36.030174,152.0,-160.0,23.0,-35.0,-25.0,30.0,19.0,-73.0,-100.0,-39.0,84.0,-32.0,131.26,-150.38,24.09,-33.58,15.479999999999997,18.61,23.19,-42.989999999999995,-70.36,-61.7,123.77000000000001,-56.35
2025-07-28T18:23:36.034412,-8.0,-29.0,-8.0,8.0,-3.0,-35.0,77.0,-38.0,-58.0,60.0,51.0,-48.0,-28.74,-19.380000000000003,-6.91,9.42,37.48,-46.39,81.19,-7.989999999999998,-28.36,37.3,90.77000000000001,-72.35
2025-07-28T18:23:36.038502,46.0,-36.0,9.0,7.0,-40.0,-46.0,34.0,-121.0,-17.0,96.0,66.0,-52.0,25.26,-26.380000000000003,10.09,8.42,0.4799999999999969,-57.39,38.19,-90.99,12.64,73.3,105.77000000000001,-76.35
2025-07-28T18:23:36.046820,22.0,5.0,-74.0,-46.0,-51.0,-20.0,-38.0,-102.0,-56.0,61.0,12.0,-24.0,1.2600000000000016,14.62,-72.91,-44.58,-10.520000000000003,-31.39,-33.81,-71.99,-26.36,38.3,51.77,-48.35
2025-07-28T18:23:36.050792,22.0,28.0,-58.0,-24.0,-82.0,15.0,-1.0,-59.0,26.0,79.0,17.0,-80.0,1.2600000000000016,37.62,-56.91,-22.58,-41.52,3.6099999999999994,3.1900000000000004,-28.99,55.64,56.3,56.77,-104.35
2025-07-28T18:23:36.058934,72.0,41.0,-47.0,-3.0,-9.0,60.0,-49.0,-43.0,-14.0,81.0,57.0,-60.0,51.260000000000005,50.62,-45.91,-1.58,31.479999999999997,48.61,-44.81,-12.989999999999998,15.64,58.3,96.77000000000001,-84.35
2025-07-28T18:23:36.063119,2.0,-78.0,-68.0,-79.0,-2.0,5.0,29.0,-57.0,-69.0,61.0,39.0,-16.0,-18.74,-68.38,-66.91,-77.58,38.48,-6.390000000000001,33.19,-26.99,-39.36,38.3,78.77000000000001,-40.35
2025-07-28T18:23:36.071355,42.0,-86.0,-61.0,55.0,62.0,45.0,-1.0,-35.0,12.0,13.0,75.0,-92.0,21.26,-76.38,-59.91,56.42,102.47999999999999,33.61,3.1900000000000004,-4.989999999999998,41.64,-9.7,114.77000000000001,-116.35
2025-07-28T18:23:36.075462,58.0,-26.0,-19.0,-25.0,-21.0,-58.0,-13.0,-130.0,-69.0,-16.0,-12.0,-60.0,37.260000000000005,-16.380000000000003,-17.91,-23.58,19.479999999999997,-69.39,-8.809999999999999,-99.99,-39.36,-38.7,27.770000000000003,-84.35
2025-07-28T18:23:36.083525,-57.0,-35.0,-44.0,80.0,32.0,-29.0,27.0,-17.0,-98.0,-5.0,30.0,-6.0,-77.74,-25.380000000000003,-42.91,81.42,72.47999999999999,-40.39,31.19,13.010000000000002,-68.36,-27.7,69.77000000000001,-30.35
2025-07-28T18:23:36.087725,21.0,-28.0,4.0,11.0,-45.0,-15.0,-25.0,-33.0,-62.0,-30.0,7.0,-84.0,0.26000000000000156,-18.380000000000003,5.09,12.42,-4.520000000000003,-26.39,-20.81,-2.9899999999999984,-32.36,-52.7,46.77,-108.35
2025-07-28T18:23:36.095930,-16.0,-39.0,-37.0,35.0,-134.0,-16.0,-53.0,-34.0,-50.0,-66.0,-30.0,-45.0,-36.739999999999995,-29.380000000000003,-35.91,36.42,-93.52000000000001,-27.39,-48.81,-3.9899999999999984,-20.36,-88.7,9.770000000000003,-69.35
2025-07-28T18:23:36.100207,-29.0,41.0,55.0,-19.0,-30.0,14.0,-18.0,-98.0,-75.0,-57.0,5.0,-52.0,-49.739999999999995,50.62,56.09,-17.58,10.479999999999997,2.6099999999999994,-13.809999999999999,-67.99,-45.36,-79.7,44.77,-76.35
2025-07-28T18:23:36.108105,-18.0,16.0,-28.0,-107.0,-34.0,-16.0,-67.0,-59.0,-45.0,-75.0,64.0,-64.0,-38.739999999999995,25.619999999999997,-26.91,-105.58,6.479999999999997,-27.39,-62.81,-28.99,-15.36,-97.7,103.77000000000001,-88.35
2025-07-28T18:23:36.112353,30.0,68.0,-78.0,23.0,-20.0,-11.0,-5.0,-81.0,-59.0,-51.0,-16.0,-58.0,9.260000000000002,77.62,-76.91,24.42,20.479999999999997,-22.39,-0.8099999999999996,-50.989999999999995,-29.36,-73.7,23.770000000000003,-82.35
2025-07-28T18:23:36.120466,65.0,18.0,-65.0,78.0,-57.0,18.0,9.0,-14.0,-94.0,-15.0,47.0,-61.0,44.260000000000005,27.619999999999997,-63.91,79.42,-16.520000000000003,6.609999999999999,13.190000000000001,16.01,-64.36,-37.7,86.77000000000001,-85.35
2025-07-28T18:23:36.124741,109.0,-45.0,10.0,15.0,-23.0,18.0,48.0,-61.0,-30.0,-43.0,-32.0,-6.0,88.26,-35.38,11.09,16.42,17.479999999999997,6.609999999999999,52.19,-30.99,-0.35999999999999943,-65.7,7.770000000000003,-30.35
2025-07-28T18:23:36.132639,24.0,1.0,12.0,11.0,-123.0,-34.0,4.0,-81.0,-33.0,-15.0,42.0,-9.0,3.2600000000000016,10.62,13.09,12.42,-82.52000000000001,-45.39,8.190000000000001,-50.989999999999995,-3.3599999999999994,-37.7,81.77000000000001,-33.35
2025-07-28T18:23:36.137046,-27.0,-2.0,15.0,-48.0,-56.0,-39.0,38.0,5.0,-60.0,17.0,12.0,7.0,-47.739999999999995,7.619999999999999,16.09,-46.58,-15.520000000000003,-50.39,42.19,35.010000000000005,-30.36,-5.699999999999999,51.77,-17.35
2025-07-28T18:23:36.145126,22.0,-17.0,21.0,19.0,-56.0,-23.0,44.0,-71.0,-26.0,-4.0,-12.0,16.0,1.2600000000000016,-7.380000000000001,22.09,20.42,-15.520000000000003,-34.39,48.19,-40.989999999999995,3.6400000000000006,-26.7,27.770000000000003,-8.350000000000001
2025-07-28T18:23:36.149246,42.0,20.0,-55.0,51.0,-79.0,-13.0,49.0,-78.0,-44.0,15.0,-15.0,4.0,21.26,29.619999999999997,-53.91,52.42,-38.52,-24.39,53.19,-47.989999999999995,-14.36,-7.699999999999999,24.770000000000003,-20.35
2025-07-28T18:23:36.157281,117.0,-17.0,-10.0,-21.0,-20.0,-46.0,97.0,-56.0,-30.0,-2.0,-67.0,10.0,96.26,-7.380000000000001,-8.91,-19.58,20.479999999999997,-57.39,101.19,-25.99,-0.35999999999999943,-24.7,-27.229999999999997,-14.350000000000001
2025-07-28T18:23:36.161564,89.0,-37.0,-22.0,59.0,5.0,21.0,51.0,-89.0,35.0,45.0,33.0,-21.0,68.26,-27.380000000000003,-20.91,60.42,45.48,9.61,55.19,-58.989999999999995,64.64,22.3,72.77000000000001,-45.35
2025-07-28T18:23:36.169496,149.0,-89.0,8.0,9.0,49.0,-13.0,47.0,-83.0,50.0,25.0,40.0,5.0,128.26,-79.38,9.09,10.42,89.47999999999999,-24.39,51.19,-52.989999999999995,79.64,2.3000000000000007,79.77000000000001,-19.35
2025-07-28T18:23:36.173773,33.0,-86.0,8.0,75.0,-50.0,0.0,-13.0,-10.0,-29.0,18.0,-25.0,16.0,12.260000000000002,-76.38,9.09,76.42,-9.520000000000003,-11.39,-8.809999999999999,20.01,0.6400000000000006,-4.699999999999999,14.770000000000003,-8.350000000000001
2025-07-28T18:23:36.181739,-12.0,-33.0,54.0,24.0,54.0,-27.0,71.0,-78.0,11.0,8.0,-14.0,-17.0,-32.739999999999995,-23.380000000000003,55.09,25.42,94.47999999999999,-38.39,75.19,-47.989999999999995,40.64,-14.7,25.770000000000003,-41.35
2025-07-28T18:23:36.186199,12.0,42.0,-4.0,96.0,38.0,-39.0,21.0,-61.0,-4.0,38.0,80.0,25.0,-8.739999999999998,51.62,-2.91,97.42,78.47999999999999,-50.39,25.19,-30.99,25.64,15.3,119.77000000000001,0.6499999999999986
2025-07-28T18:23:36.194043,168.0,21.0,-28.0,81.0,-63.0,42.0,21.0,-16.0,-29.0,44.0,27.0,-5.0,147.26,30.619999999999997,-26.91,82.42,-22.520000000000003,30.61,25.19,14.010000000000002,0.6400000000000006,21.3,66.77000000000001,-29.35
2025-07-28T18:23:36.198422,112.0,-5.0,20.0,67.0,-42.0,87.0,60.0,12.0,-7.0,86.0,76.0,28.0,91.26,4.619999999999999,21.09,68.42,-1.5200000000000031,75.61,64.19,42.010000000000005,22.64,63.3,115.77000000000001,3.6499999999999986
2025-07-28T18:23:36.206385,102.0,-24.0,14.0,63.0,12.0,47.0,-17.0,-24.0,-31.0,114.0,17.0,1.0,81.26,-14.38,15.09,64.42,52.48,35.61,-12.809999999999999,6.010000000000002,-1.3599999999999994,91.3,56.77,-23.35
2025-07-28T18:23:36.210777,85.0,-49.0,72.0,111.0,-9.0,86.0,12.0,-22.0,-72.0,61.0,19.0,-7.0,64.26,-39.38,73.09,112.42,31.479999999999997,74.61,16.19,8.010000000000002,-42.36,38.3,58.77,-31.35
2025-07-28T18:23:36.218803,42.0,-15.0,33.0,31.0,-40.0,-1.0,25.0,-29.0,-35.0,147.0,64.0,-15.0,21.26,-5.380000000000001,34.09,32.42,0.4799999999999969,-12.39,29.19,1.0100000000000016,-5.359999999999999,124.3,103.77000000000001,-39.35
2025-07-28T18:23:36.222934,87.0,20.0,65.0,145.0,32.0,18.0,96.0,1.0,-29.0,115.0,107.0,87.0,66.26,29.619999999999997,66.09,146.42,72.47999999999999,6.609999999999999,100.19,31.01,0.6400000000000006,92.3,146.77,62.65
2025-07-28T18:23:36.231002,48.0,52.0,23.0,157.0,-45.0,19.0,57.0,21.0,-6.0,38.0,103.0,-13.0,27.26,61.62,24.09,158.42,-4.520000000000003,7.609999999999999,61.19,51.010000000000005,23.64,15.3,142.77,-37.35
2025-07-28T18:23:36.235341,147.0,111.0,58.0,129.0,-73.0,15.0,71.0,-49.0,-56.0,48.0,109.0,-2.0,126.26,120.62,59.09,130.42,-32.52,3.6099999999999994,75.19,-18.99,-26.36,25.3,148.77,-26.35
2025-07-28T18:23:36.243315,119.0,12.0,92.0,152.0,32.0,10.0,28.0,24.0,-32.0,113.0,101.0,8.0,98.26,21.619999999999997,93.09,153.42,72.47999999999999,-1.3900000000000006,32.19,54.010000000000005,-2.3599999999999994,90.3,140.77,-16.35
2025-07-28T18:23:36.247403,140.0,-4.0,63.0,107.0,-29.0,-25.0,45.0,81.0,-30.0,160.0,109.0,-9.0,119.26,5.619999999999999,64.09,108.42,11.479999999999997,-36.39,49.19,111.01,-0.35999999999999943,137.3,148.77,-33.35
2025-07-28T18:23:36.255543,158.0,104.0,99.0,171.0,-8.0,-9.0,-25.0,-35.0,-82.0,167.0,183.0,17.0,137.26,113.62,100.09,172.42,32.48,-20.39,-20.81,-4.989999999999998,-52.36,144.3,222.77,-7.350000000000001
2025-07-28T18:23:36.259636,168.0,142.0,68.0,89.0,0.0,-40.0,54.0,51.0,-20.0,110.0,151.0,88.0,147.26,151.62,69.09,90.42,40.48,-51.39,58.19,81.01,9.64,87.3,190.77,63.65
2025-07-28T18:23:36.267906,205.0,129.0,63.0,177.0,-31.0,-24.0,54.0,-1.0,-25.0,132.0,153.0,44.0,184.26,138.62,64.09,178.42,9.479999999999997,-35.39,58.19,29.01,4.640000000000001,109.3,192.77,19.65
2025-07-28T18:23:36.271984,193.0,45.0,92.0,125.0,20.0,18.0,12.0,-59.0,-72.0,161.0,222.0,35.0,172.26,54.62,93.09,126.42,60.48,6.609999999999999,16.19,-28.99,-42.36,138.3,261.77,10.649999999999999
2025-07-28T18:23:36.280402,167.0,47.0,90.0,138.0,39.0,-38.0,37.0,-25.0,-79.0,223.0,189.0,57.0,146.26,56.62,91.09,139.42,79.47999999999999,-49.39,41.19,5.010000000000002,-49.36,200.3,228.77,32.65
2025-07-28T18:23:36.288426,147.0,111.0,60.0,250.0,-33.0,-57.0,-16.0,13.0,-62.0,124.0,217.0,1.0,126.26,120.62,61.09,251.42,7.479999999999997,-68.39,-11.809999999999999,43.010000000000005,-32.36,101.3,256.77,-23.35
2025-07-28T18:23:36.292562,46.0,111.0,144.0,138.0,-80.0,-37.0,11.0,-1.0,-81.0,145.0,94.0,-13.0,25.26,120.62,145.09,139.42,-39.52,-48.39,15.190000000000001,29.01,-51.36,122.3,133.77,-37.35
2025-07-28T18:23:36.300934,186.0,142.0,89.0,168.0,-62.0,-4.0,132.0,2.0,-119.0,74.0,106.0,14.0,165.26,151.62,90.09,169.42,-21.520000000000003,-15.39,136.19,32.010000000000005,-89.36,51.3,145.77,-10.350000000000001
2025-07-28T18:23:36.304862,251.0,56.0,37.0,121.0,12.0,-54.0,66.0,11.0,-149.0,131.0,127.0,44.0,230.26,65.62,38.09,122.42,52.48,-65.39,70.19,41.010000000000005,-119.36,108.3,166.77,19.65
2025-07-28T18:23:36.312940,203.0,122.0,52.0,137.0,-22.0,12.0,93.0,-42.0,-94.0,169.0,198.0,108.0,182.26,131.62,53.09,138.42,18.479999999999997,0.6099999999999994,97.19,-11.989999999999998,-64.36,146.3,237.77,83.65
2025-07-28T18:23:36.317070,115.0,163.0,62.0,147.0,17.0,26.0,86.0,-8.0,-99.0,149.0,63.0,2.0,94.26,172.62,63.09,148.42,57.48,14.61,90.19,22.01,-69.36,126.3,102.77000000000001,-22.35
2025-07-28T18:23:36.325051,98.0,102.0,58.0,78.0,-23.0,-65.0,10.0,6.0,-67.0,106.0,88.0,97.0,77.26,111.62,59.09,79.42,17.479999999999997,-76.39,14.190000000000001,36.010000000000005,-37.36,83.3,127.77000000000001,72.65
2025-07-28T18:23:36.329502,150.0,147.0,10.0,136.0,57.0,-21.0,15.0,-4.0,-127.0,81.0,138.0,87.0,129.26,156.62,11.09,137.42,97.47999999999999,-32.39,19.19,26.01,-97.36,58.3,177.77,62.65
2025-07-28T18:23:36.337435,178.0,117.0,-4.0,164.0,-59.0,14.0,15.0,16.0,-93.0,89.0,192.0,34.0,157.26,126.62,-2.91,165.42,-18.520000000000003,2.6099999999999994,19.19,46.010000000000005,-63.36,66.3,231.77,9.649999999999999
2025-07-28T18:23:36.341851,190.0,125.0,153.0,144.0,-57.0,0.0,43.0,-18.0,-83.0,78.0,83.0,115.0,169.26,134.62,154.09,145.42,-16.520000000000003,-11.39,47.19,12.010000000000002,-53.36,55.3,122.77000000000001,90.65
2025-07-28T18:23:36.349705,124.0,83.0,135.0,89.0,-39.0,-48.0,63.0,-49.0,29.0,137.0,137.0,62.0,103.26,92.62,136.09,90.42,1.4799999999999969,-59.39,67.19,-18.99,58.64,114.3,176.77,37.65
2025-07-28T18:23:36.353893,130.0,167.0,72.0,93.0,26.0,-30.0,-1.0,-37.0,-47.0,103.0,151.0,41.0,109.26,176.62,73.09,94.42,66.47999999999999,-41.39,3.1900000000000004,-6.989999999999998,-17.36,80.3,190.77,16.65
2025-07-28T18:23:36.362203,84.0,142.0,22.0,195.0,27.0,-44.0,-17.0,26.0,-68.0,102.0,151.0,111.0,63.260000000000005,151.62,23.09,196.42,67.47999999999999,-55.39,-12.809999999999999,56.010000000000005,-38.36,79.3,190.77,86.65
2025-07-28T18:23:36.366140,178.0,45.0,30.0,77.0,-88.0,36.0,-18.0,31.0,-146.0,98.0,168.0,55.0,157.26,54.62,31.09,78.42,-47.52,24.61,-13.809999999999999,61.010000000000005,-116.36,75.3,207.77,30.65
2025-07-28T18:23:36.374421,198.0,70.0,106.0,153.0,-51.0,-4.0,117.0,-7.0,-69.0,48.0,158.0,17.0,177.26,79.62,107.09,154.42,-10.520000000000003,-15.39,121.19,23.01,-39.36,25.3,197.77,-7.350000000000001
2025-07-28T18:23:36.382436,134.0,64.0,44.0,184.0,48.0,-30.0,100.0,-1.0,-125.0,44.0,233.0,4.0,113.26,73.62,45.09,185.42,88.47999999999999,-41.39,104.19,29.01,-95.36,21.3,272.77,-20.35
2025-07-28T18:23:36.386753,181.0,177.0,120.0,166.0,5.0,-70.0,-13.0,-31.0,-36.0,-19.0,166.0,40.0,160.26,186.62,121.09,167.42,45.48,-81.39,-8.809999999999999,-0.9899999999999984,-6.359999999999999,-41.7,205.77,15.649999999999999
2025-07-28T18:23:36.394873,122.0,146.0,38.0,111.0,-43.0,-69.0,20.0,-45.0,-62.0,132.0,137.0,0.0,101.26,155.62,39.09,112.42,-2.520000000000003,-80.39,24.19,-14.989999999999998,-32.36,109.3,176.77,-24.35
2025-07-28T18:23:36.399138,248.0,102.0,29.0,138.0,15.0,59.0,16.0,-47.0,-14.0,156.0,170.0,28.0,227.26,111.62,30.09,139.42,55.48,47.61,20.19,-16.99,15.64,133.3,209.77,3.6499999999999986
2025-07-28T18:23:36.407030,213.0,38.0,31.0,97.0,-5.0,25.0,59.0,51.0,-77.0,215.0,107.0,40.0,192.26,47.62,32.09,98.42,35.48,13.61,63.19,81.01,-47.36,192.3,146.77,15.649999999999999
2025-07-28T18:23:36.411346,130.0,111.0,32.0,61.0,66.0,-34.0,41.0,4.0,-84.0,140.0,139.0,11.0,109.26,120.62,33.09,62.42,106.47999999999999,-45.39,45.19,34.010000000000005,-54.36,117.3,178.77,-13.350000000000001
2025-07-28T18:23:36.419466,73.0,118.0,117.0,171.0,-4.0,-24.0,46.0,18.0,-83.0,174.0,112.0,-44.0,52.260000000000005,127.62,118.09,172.42,36.48,-35.39,50.19,48.010000000000005,-53.36,151.3,151.77,-68.35
2025-07-28T18:23:36.423625,147.0,143.0,-62.0,146.0,-10.0,-77.0,52.0,-5.0,-91.0,193.0,119.0,53.0,126.26,152.62,-60.91,147.42,30.479999999999997,-88.39,56.19,25.01,-61.36,170.3,158.77,28.65
2025-07-28T18:23:36.431824,217.0,120.0,-36.0,157.0,-50.0,-29.0,45.0,-4.0,-84.0,121.0,136.0,42.0,196.26,129.62,-34.91,158.42,-9.520000000000003,-40.39,49.19,26.01,-54.36,98.3,175.77,17.65
2025-07-28T18:23:36.435928,181.0,121.0,104.0,177.0,72.0,-21.0,-15.0,-3.0,-67.0,77.0,221.0,103.0,160.26,130.62,105.09,178.42,112.47999999999999,-32.39,-10.809999999999999,27.01,-37.36,54.3,260.77,78.65
2025-07-28T18:23:36.443944,95.0,165.0,91.0,176.0,-13.0,-63.0,-25.0,-8.0,-73.0,74.0,153.0,-1.0,74.26,174.62,92.09,177.42,27.479999999999997,-74.39,-20.81,22.01,-43.36,51.3,192.77,-25.35
2025-07-28T18:23:36.448095,98.0,90.0,-8.0,237.0,-7.0,3.0,-48.0,-16.0,-80.0,81.0,102.0,43.0,77.26,99.62,-6.91,238.42,33.48,-8.39,-43.81,14.010000000000002,-50.36,58.3,141.77,18.65
2025-07-28T18:23:36.456318,158.0,94.0,21.0,121.0,-10.0,-16.0,55.0,-80.0,-89.0,163.0,162.0,-7.0,137.26,103.62,22.09,122.42,30.479999999999997,-27.39,59.19,-49.989999999999995,-59.36,140.3,201.77,-31.35
2025-07-28T18:23:36.460422,146.0,123.0,-5.0,124.0,-16.0,-22.0,35.0,-5.0,-106.0,55.0,181.0,59.0,125.26,132.62,-3.91,125.42,24.479999999999997,-33.39,39.19,25.01,-76.36,32.3,220.77,34.65
2025-07-28T18:23:36.468638,177.0,97.0,25.0,88.0,-35.0,-70.0,22.0,30.0,-20.0,76.0,149.0,-10.0,156.26,106.62,26.09,89.42,5.479999999999997,-81.39,26.19,60.010000000000005,9.64,53.3,188.77,-34.35
2025-07-28T18:23:36.472609,221.0,76.0,96.0,125.0,29.0,-77.0,-8.0,-78.0,-73.0,72.0,199.0,28.0,200.26,85.62,97.09,126.42,69.47999999999999,-88.39,-3.8099999999999996,-47.989999999999995,-43.36,49.3,238.77,3.6499999999999986
2025-07-28T18:23:36.481054,113.0,70.0,42.0,140.0,-47.0,-73.0,-23.0,-31.0,-62.0,93.0,163.0,9.0,92.26,79.62,43.09,141.42,-6.520000000000003,-84.39,-18.81,-0.9899999999999984,-32.36,70.3,202.77,-15.350000000000001
2025-07-28T18:23:36.489033,122.0,123.0,79.0,144.0,-25.0,61.0,0.0,-50.0,-121.0,93.0,183.0,11.0,101.26,132.62,80.09,145.42,15.479999999999997,49.61,4.19,-19.99,-91.36,70.3,222.77,-13.350000000000001
2025-07-28T18:23:36.493303,184.0,134.0,46.0,145.0,17.0,-39.0,-24.0,-17.0,-135.0,19.0,108.0,10.0,163.26,143.62,47.09,146.42,57.48,-50.39,-19.81,13.010000000000002,-105.36,-3.6999999999999993,147.77,-14.350000000000001
2025-07-28T18:23:36.501440,194.0,100.0,0.0,163.0,-14.0,-4.0,58.0,19.0,-72.0,190.0,144.0,24.0,173.26,109.62,1.09,164.42,26.479999999999997,-15.39,62.19,49.010000000000005,-42.36,167.3,183.77,-0.3500000000000014
2025-07-28T18:23:36.505660,172.0,67.0,127.0,189.0,-34.0,-29.0,-18.0,21.0,-50.0,150.0,196.0,-75.0,151.26,76.62,128.09,190.42,6.479999999999997,-40.39,-13.809999999999999,51.010000000000005,-20.36,127.3,235.77,-99.35
2025-07-28T18:23:36.513456,186.0,119.0,79.0,180.0,-29.0,20.0,64.0,-56.0,-93.0,180.0,147.0,6.0,165.26,128.62,80.09,181.42,11.479999999999997,8.61,68.19,-25.99,-63.36,157.3,186.77,-18.35
2025-07-28T18:23:36.517888,167.0,102.0,12.0,120.0,43.0,-11.0,53.0,-67.0,-64.0,146.0,136.0,-19.0,146.26,111.62,13.09,121.42,83.47999999999999,-22.39,57.19,-36.989999999999995,-34.36,123.3,175.77,-43.35
2025-07-28T18:23:36.525889,159.0,97.0,32.0,60.0,-43.0,-132.0,-23.0,-32.0,-99.0,171.0,70.0,83.0,138.26,106.62,33.09,61.42,-2.520000000000003,-143.39,-18.81,-1.9899999999999984,-69.36,148.3,109.77000000000001,58.65
2025-07-28T18:23:36.530245,232.0,54.0,11.0,141.0,45.0,-83.0,36.0,-59.0,-57.0,97.0,72.0,105.0,211.26,63.62,12.09,142.42,85.47999999999999,-94.39,40.19,-28.99,-27.36,74.3,111.77000000000001,80.65
2025-07-28T18:23:36.538293,142.0,16.0,101.0,140.0,-28.0,-40.0,60.0,-39.0,-116.0,146.0,148.0,77.0,121.26,25.619999999999997,102.09,141.42,12.479999999999997,-51.39,64.19,-8.989999999999998,-86.36,123.3,187.77,52.65
2025-07-28T18:23:36.542398,132.0,128.0,17.0,92.0,3.0,27.0,76.0,-51.0,-75.0,91.0,156.0,80.0,111.26,137.62,18.09,93.42,43.48,15.61,80.19,-20.99,-45.36,68.3,195.77,55.65
2025-07-28T18:23:36.550525,216.0,128.0,36.0,147.0,-13.0,-30.0,1.0,-20.0,-59.0,68.0,127.0,138.0,195.26,137.62,37.09,148.42,27.479999999999997,-41.39,5.19,10.010000000000002,-29.36,45.3,166.77,113.65
2025-07-28T18:23:36.554538,195.0,80.0,78.0,129.0,49.0,-67.0,7.0,37.0,-61.0,44.0,150.0,100.0,174.26,89.62,79.09,130.42,89.47999999999999,-78.39,11.190000000000001,67.01,-31.36,21.3,189.77,75.65
2025-07-28T18:23:36.562841,149.0,88.0,102.0,189.0,47.0,-38.0,42.0,-21.0,4.0,60.0,143.0,64.0,128.26,97.62,103.09,190.42,87.47999999999999,-49.39,46.19,9.010000000000002,33.64,37.3,182.77,39.65
2025-07-28T18:23:36.566906,52.0,142.0,114.0,151.0,-73.0,21.0,48.0,-59.0,-139.0,89.0,149.0,65.0,31.26,151.62,115.09,152.42,-32.52,9.61,52.19,-28.99,-109.36,66.3,188.77,40.65
2025-07-28T18:23:36.575309,150.0,147.0,93.0,153.0,-14.0,-32.0,13.0,-83.0,-65.0,57.0,107.0,52.0,129.26,156.62,94.09,154.42,26.479999999999997,-43.39,17.19,-52.989999999999995,-35.36,34.3,146.77,27.65
2025-07-28T18:23:36.583205,200.0,78.0,41.0,106.0,-5.0,25.0,85.0,-47.0,-70.0,116.0,147.0,79.0,179.26,87.62,42.09,107.42,35.48,13.61,89.19,-16.99,-40.36,93.3,186.77,54.65
2025-07-28T18:23:36.587517,234.0,78.0,131.0,91.0,-11.0,-89.0,-11.0,-18.0,-92.0,83.0,214.0,62.0,213.26,87.62,132.09,92.42,29.479999999999997,-100.39,-6.81,12.010000000000002,-62.36,60.3,253.77,37.65
2025-07-28T18:23:36.595513,132.0,86.0,18.0,104.0,-5.0,-31.0,56.0,20.0,6.0,124.0,174.0,47.0,111.26,95.62,19.09,105.42,35.48,-42.39,60.19,50.010000000000005,35.64,101.3,213.77,22.65
2025-07-28T18:23:36.599886,181.0,125.0,72.0,137.0,-12.0,55.0,-46.0,-15.0,-62.0,121.0,250.0,-14.0,160.26,134.62,73.09,138.42,28.479999999999997,43.61,-41.81,15.010000000000002,-32.36,98.3,289.77,-38.35
2025-07-28T18:23:36.607769,78.0,85.0,-5.0,111.0,14.0,-25.0,55.0,-16.0,-48.0,147.0,166.0,22.0,57.260000000000005,94.62,-3.91,112.42,54.48,-36.39,59.19,14.010000000000002,-18.36,124.3,205.77,-2.3500000000000014
2025-07-28T18:23:36.612087,197.0,91.0,55.0,126.0,-4.0,-115.0,22.0,-50.0,-162.0,89.0,153.0,-14.0,176.26,100.62,56.09,127.42,36.48,-126.39,26.19,-19.99,-132.36,66.3,192.77,-38.35
2025-07-28T18:23:36.620146,183.0,110.0,48.0,145.0,0.0,-24.0,-5.0,-38.0,-48.0,159.0,110.0,31.0,162.26,119.62,49.09,146.42,40.48,-35.39,-0.8099999999999996,-7.989999999999998,-18.36,136.3,149.77,6.649999999999999
2025-07-28T18:23:36.624441,170.0,72.0,32.0,144.0,7.0,-9.0,-11.0,15.0,-95.0,157.0,152.0,98.0,149.26,81.62,33.09,145.42,47.48,-20.39,-6.81,45.010000000000005,-65.36,134.3,191.77,73.65
2025-07-28T18:23:36.632434,129.0,82.0,87.0,173.0,-34.0,34.0,32.0,-37.0,-68.0,93.0,72.0,62.0,108.26,91.62,88.09,174.42,6.479999999999997,22.61,36.19,-6.989999999999998,-38.36,70.3,111.77000000000001,37.65
2025-07-28T18:23:36.636588,98.0,87.0,28.0,90.0,-34.0,-43.0,22.0,-42.0,-150.0,172.0,185.0,-3.0,77.26,96.62,29.09,91.42,6.479999999999997,-54.39,26.19,-11.989999999999998,-120.36,149.3,224.77,-27.35
2025-07-28T18:23:36.644831,213.0,132.0,15.0,155.0,13.0,12.0,34.0,-36.0,-100.0,95.0,98.0,26.0,192.26,141.62,16.09,156.42,53.48,0.6099999999999994,38.19,-5.989999999999998,-70.36,72.3,137.77,1.6499999999999986
2025-07-28T18:23:36.649303,207.0,101.0,-16.0,193.0,-24.0,-84.0,-14.0,13.0,-75.0,96.0,66.0,98.0,186.26,110.62,-14.91,194.42,16.479999999999997,-95.39,-9.809999999999999,43.010000000000005,-45.36,73.3,105.77000000000001,73.65
2025-07-28T18:23:36.657181,193.0,64.0,35.0,146.0,10.0,-15.0,98.0,-40.0,-118.0,105.0,128.0,87.0,172.26,73.62,36.09,147.42,50.48,-26.39,102.19,-9.989999999999998,-88.36,82.3,167.77,62.65
2025-07-28T18:23:36.661040,187.0,66.0,59.0,151.0,-37.0,-12.0,-39.0,-62.0,-97.0,92.0,89.0,82.0,166.26,75.62,60.09,152.42,3.479999999999997,-23.39,-34.81,-31.99,-67.36,69.3,128.77,57.65
2025-07-28T18:23:36.669304,144.0,44.0,74.0,98.0,-4.0,-22.0,22.0,93.0,-83.0,133.0,83.0,83.0,123.26,53.62,75.09,99.42,36.48,-33.39,26.19,123.01,-53.36,110.3,122.77000000000001,58.65
2025-07-28T18:23:36.673382,73.0,68.0,67.0,162.0,1.0,-27.0,42.0,-38.0,-87.0,88.0,113.0,111.0,52.260000000000005,77.62,68.09,163.42,41.48,-38.39,46.19,-7.989999999999998,-57.36,65.3,152.77,86.65
2025-07-28T18:23:36.681590,118.0,118.0,24.0,153.0,-90.0,-31.0,-2.0,-14.0,-25.0,82.0,82.0,2.0,97.26,127.62,25.09,154.42,-49.52,-42.39,2.1900000000000004,16.01,4.640000000000001,59.3,121.77000000000001,-22.35
2025-07-28T18:23:36.689698,224.0,127.0,68.0,151.0,-14.0,34.0,35.0,29.0,-132.0,78.0,50.0,89.0,203.26,136.62,69.09,152.42,26.479999999999997,22.61,39.19,59.010000000000005,-102.36,55.3,89.77000000000001,64.65
2025-07-28T18:23:36.693941,190.0,35.0,81.0,134.0,1.0,7.0,-35.0,-8.0,-148.0,66.0,97.0,83.0,169.26,44.62,82.09,135.42,41.48,-4.390000000000001,-30.81,22.01,-118.36,43.3,136.77,58.65
2025-07-28T18:23:36.701792,193.0,78.0,110.0,92.0,35.0,-84.0,97.0,-42.0,-89.0,36.0,99.0,78.0,172.26,87.62,111.09,93.42,75.47999999999999,-95.39,101.19,-11.989999999999998,-59.36,13.3,138.77,53.65
2025-07-28T18:23:36.706208,111.0,70.0,100.0,140.0,69.0,20.0,56.0,-56.0,-40.0,125.0,67.0,89.0,90.26,79.62,101.09,141.42,109.47999999999999,8.61,60.19,-25.99,-10.36,102.3,106.77000000000001,64.65
2025-07-28T18:23:36.714273,147.0,71.0,95.0,172.0,10.0,-53.0,41.0,3.0,-47.0,52.0,107.0,54.0,126.26,80.62,96.09,173.42,50.48,-64.39,45.19,33.010000000000005,-17.36,29.3,146.77,29.65
2025-07-28T18:23:36.718471,132.0,108.0,34.0,133.0,-16.0,-3.0,72.0,-25.0,-49.0,81.0,118.0,109.0,111.26,117.62,35.09,134.42,24.479999999999997,-14.39,76.19,5.010000000000002,-19.36,58.3,157.77,84.65
2025-07-28T18:23:36.726570,236.0,146.0,85.0,111.0,11.0,-41.0,-19.0,25.0,-12.0,5.0,186.0,85.0,215.26,155.62,86.09,112.42,51.48,-52.39,-14.809999999999999,55.010000000000005,17.64,-17.7,225.77,60.65
2025-07-28T18:23:36.730787,213.0,88.0,31.0,246.0,19.0,-57.0,35.0,63.0,-116.0,67.0,186.0,68.0,192.26,97.62,32.09,247.42,59.48,-68.39,39.19,93.01,-86.36,44.3,225.77,43.65
2025-07-28T18:23:36.738737,132.0,91.0,95.0,186.0,-16.0,-8.0,24.0,23.0,-121.0,55.0,184.0,40.0,111.26,100.62,96.09,187.42,24.479999999999997,-19.39,28.19,53.010000000000005,-91.36,32.3,223.77,15.649999999999999
2025-07-28T18:23:36.743276,173.0,171.0,94.0,143.0,-43.0,16.0,-3.0,1.0,-65.0,67.0,122.0,49.0,152.26,180.62,95.09,144.42,-2.520000000000003,4.609999999999999,1.1900000000000004,31.01,-35.36,44.3,161.77,24.65
2025-07-28T18:23:36.751148,109.0,159.0,85.0,152.0,-23.0,6.0,19.0,-53.0,-54.0,110.0,145.0,-20.0,88.26,168.62,86.09,153.42,17.479999999999997,-5.390000000000001,23.19,-22.99,-24.36,87.3,184.77,-44.35
2025-07-28T18:23:36.755456,149.0,116.0,-13.0,109.0,-22.0,-73.0,27.0,31.0,-52.0,151.0,195.0,35.0,128.26,125.62,-11.91,110.42,18.479999999999997,-84.39,31.19,61.010000000000005,-22.36,128.3,234.77,10.649999999999999
2025-07-28T18:23:36.764106,194.0,68.0,26.0,125.0,-11.0,-54.0,16.0,19.0,-132.0,104.0,148.0,-24.0,173.26,77.62,27.09,126.42,29.479999999999997,-65.39,20.19,49.010000000000005,-102.36,81.3,187.77,-48.35
2025-07-28T18:23:36.767666,195.0,109.0,74.0,125.0,-63.0,-16.0,14.0,7.0,-127.0,163.0,116.0,27.0,174.26,118.62,75.09,126.42,-22.520000000000003,-27.39,18.19,37.010000000000005,-97.36,140.3,155.77,2.6499999999999986
2025-07-28T18:23:36.775686,172.0,110.0,50.0,135.0,-3.0,-53.0,37.0,13.0,-64.0,53.0,93.0,91.0,151.26,119.62,51.09,136.42,37.48,-64.39,41.19,43.010000000000005,-34.36,30.3,132.77,66.65
2025-07-28T18:23:36.779878,112.0,194.0,86.0,153.0,6.0,-26.0,30.0,-68.0,-89.0,116.0,77.0,73.0,91.26,203.62,87.09,154.42,46.48,-37.39,34.19,-37.989999999999995,-59.36,93.3,116.77000000000001,48.65
2025-07-28T18:23:36.788213,197.0,101.0,12.0,123.0,-55.0,24.0,24.0,-22.0,-61.0,83.0,140.0,93.0,176.26,110.62,13.09,124.42,-14.520000000000003,12.61,28.19,8.010000000000002,-31.36,60.3,179.77,68.65
2025-07-28T18:23:36.796081,193.0,85.0,44.0,197.0,-5.0,38.0,-12.0,-42.0,-117.0,31.0,191.0,42.0,172.26,94.62,45.09,198.42,35.48,26.61,-7.81,-11.989999999999998,-87.36,8.3,230.77,17.65
2025-07-28T18:23:36.800511,176.0,112.0,83.0,170.0,-15.0,-4.0,22.0,-9.0,-37.0,77.0,171.0,17.0,155.26,121.62,84.09,171.42,25.479999999999997,-15.39,26.19,21.01,-7.359999999999999,54.3,210.77,-7.350000000000001
2025-07-28T18:23:36.808271,129.0,35.0,48.0,64.0,30.0,-17.0,31.0,-40.0,-178.0,72.0,149.0,77.0,108.26,44.62,49.09,65.42,70.47999999999999,-28.39,35.19,-9.989999999999998,-148.36,49.3,188.77,52.65
2025-07-28T18:23:36.812743,70.0,138.0,31.0,128.0,5.0,-61.0,5.0,12.0,-49.0,134.0,277.0,75.0,49.260000000000005,147.62,32.09,129.42,45.48,-72.39,9.190000000000001,42.010000000000005,-19.36,111.3,316.77,50.65
2025-07-28T18:23:36.820897,98.0,80.0,32.0,106.0,-50.0,-87.0,10.0,-34.0,-136.0,111.0,172.0,43.0,77.26,89.62,33.09,107.42,-9.520000000000003,-98.39,14.190000000000001,-3.9899999999999984,-106.36,88.3,211.77,18.65
2025-07-28T18:23:36.825107,146.0,144.0,27.0,196.0,-68.0,-8.0,47.0,18.0,-89.0,40.0,143.0,28.0,125.26,153.62,28.09,197.42,-27.520000000000003,-19.39,51.19,48.010000000000005,-59.36,17.3,182.77,3.6499999999999986
2025-07-28T18:23:36.833062,216.0,90.0,48.0,126.0,-17.0,17.0,62.0,4.0,-28.0,33.0,144.0,21.0,195.26,99.62,49.09,127.42,23.479999999999997,5.609999999999999,66.19,34.010000000000005,1.6400000000000006,10.3,183.77,-3.3500000000000014
2025-07-28T18:23:36.837423,131.0,22.0,86.0,88.0,-31.0,-21.0,29.0,11.0,-91.0,77.0,113.0,32.0,110.26,31.619999999999997,87.09,89.42,9.479999999999997,-32.39,33.19,41.010000000000005,-61.36,54.3,152.77,7.649999999999999
2025-07-28T18:23:36.845338,145.0,-2.0,71.0,137.0,-23.0,-7.0,30.0,-103.0,-85.0,74.0,185.0,-4.0,124.26,7.619999999999999,72.09,138.42,17.479999999999997,-18.39,34.19,-72.99,-55.36,51.3,224.77,-28.35
2025-07-28T18:23:36.849527,120.0,141.0,79.0,153.0,47.0,-43.0,21.0,-54.0,-156.0,40.0,178.0,-18.0,99.26,150.62,80.09,154.42,87.47999999999999,-54.39,25.19,-23.99,-126.36,17.3,217.77,-42.35
2025-07-28T18:23:36.857724,111.0,93.0,40.0,65.0,-106.0,42.0,41.0,-50.0,-91.0,87.0,174.0,17.0,90.26,102.62,41.09,66.42,-65.52000000000001,30.61,45.19,-19.99,-61.36,64.3,213.77,-7.350000000000001
2025-07-28T18:23:36.862047,192.0,110.0,-21.0,126.0,-62.0,-26.0,34.0,-8.0,-37.0,111.0,119.0,26.0,171.26,119.62,-19.91,127.42,-21.520000000000003,-37.39,38.19,22.01,-7.359999999999999,88.3,158.77,1.6499999999999986
2025-07-28T18:23:36.869973,173.0,20.0,81.0,128.0,-23.0,-44.0,17.0,18.0,-58.0,111.0,82.0,-14.0,152.26,29.619999999999997,82.09,129.42,17.479999999999997,-55.39,21.19,48.010000000000005,-28.36,88.3,121.77000000000001,-38.35
2025-07-28T18:23:36.874293,155.0,92.0,51.0,129.0,49.0,-39.0,-37.0,0.0,-128.0,138.0,110.0,-46.0,134.26,101.62,52.09,130.42,89.47999999999999,-50.39,-32.81,30.01,-98.36,115.3,149.77,-70.35
2025-07-28T18:23:36.882201,96.0,74.0,75.0,115.0,6.0,20.0,25.0,31.0,-154.0,156.0,99.0,79.0,75.26,83.62,76.09,116.42,46.48,8.61,29.19,61.010000000000005,-124.36,133.3,138.77,54.65
2025-07-28T18:23:36.886407,114.0,154.0,21.0,165.0,-12.0,29.0,84.0,-29.0,-155.0,144.0,126.0,73.0,93.26,163.62,22.09,166.42,28.479999999999997,17.61,88.19,1.0100000000000016,-125.36,121.3,165.77,48.65
2025-07-28T18:23:36.894597,238.0,94.0,-6.0,93.0,-14.0,-40.0,-9.0,-81.0,-46.0,60.0,109.0,81.0,217.26,103.62,-4.91,94.42,26.479999999999997,-51.39,-4.81,-50.989999999999995,-16.36,37.3,148.77,56.65
2025-07-28T18:23:36.898661,206.0,41.0,73.0,189.0,-9.0,-39.0,71.0,-88.0,-24.0,144.0,103.0,58.0,185.26,50.62,74.09,190.42,31.479999999999997,-50.39,75.19,-57.989999999999995,5.640000000000001,121.3,142.77,33.65
2025-07-28T18:23:36.906783,111.0,116.0,103.0,199.0,21.0,-43.0,43.0,-66.0,-105.0,70.0,141.0,107.0,90.26,125.62,104.09,200.42,61.48,-54.39,47.19,-35.989999999999995,-75.36,47.3,180.77,82.65
2025-07-28T18:23:36.915011,109.0,102.0,23.0,146.0,-53.0,-5.0,-34.0,14.0,-70.0,78.0,100.0,91.0,88.26,111.62,24.09,147.42,-12.520000000000003,-16.39,-29.81,44.010000000000005,-40.36,55.3,139.77,66.65
2025-07-28T18:23:36.919285,230.0,109.0,-5.0,96.0,-61.0,59.0,-12.0,33.0,-106.0,71.0,196.0,108.0,209.26,118.62,-3.91,97.42,-20.520000000000003,47.61,-7.81,63.010000000000005,-76.36,48.3,235.77,83.65
2025-07-28T18:23:36.927317,195.0,7.0,29.0,81.0,-5.0,-12.0,32.0,-55.0,-109.0,128.0,168.0,-19.0,174.26,16.619999999999997,30.09,82.42,35.48,-23.39,36.19,-24.99,-79.36,105.3,207.77,-43.35
2025-07-28T18:23:36.931429,164.0,38.0,80.0,249.0,38.0,-37.0,79.0,-64.0,-82.0,43.0,154.0,15.0,143.26,47.62,81.09,250.42,78.47999999999999,-48.39,83.19,-33.989999999999995,-52.36,20.3,193.77,-9.350000000000001
2025-07-28T18:23:36.939539,184.0,84.0,105.0,120.0,-16.0,-72.0,69.0,-58.0,-60.0,12.0,195.0,14.0,163.26,93.62,106.09,121.42,24.479999999999997,-83.39,73.19,-27.99,-30.36,-10.7,234.77,-10.350000000000001
2025-07-28T18:23:36.943743,164.0,117.0,64.0,169.0,-44.0,24.0,61.0,-50.0,-76.0,129.0,190.0,25.0,143.26,126.62,65.09,170.42,-3.520000000000003,12.61,65.19,-19.99,-46.36,106.3,229.77,0.6499999999999986
2025-07-28T18:23:36.951733,37.0,85.0,32.0,133.0,61.0,27.0,17.0,-1.0,-131.0,92.0,189.0,-72.0,16.26,94.62,33.09,134.42,101.47999999999999,15.61,21.19,29.01,-101.36,69.3,228.77,-96.35
2025-07-28T18:23:36.956219,84.0,62.0,-13.0,164.0,3.0,-1.0,34.0,30.0,-93.0,82.0,111.0,-45.0,63.260000000000005,71.62,-11.91,165.42,43.48,-12.39,38.19,60.010000000000005,-63.36,59.3,150.77,-69.35
2025-07-28T18:23:36.964134,123.0,27.0,10.0,131.0,-53.0,-77.0,7.0,-23.0,-43.0,150.0,158.0,-29.0,102.26,36.62,11.09,132.42,-12.520000000000003,-88.39,11.190000000000001,7.010000000000002,-13.36,127.3,197.77,-53.35
2025-07-28T18:23:36.968493,103.0,48.0,20.0,115.0,-110.0,-52.0,70.0,-123.0,-90.0,184.0,181.0,-39.0,82.26,57.62,21.09,116.42,-69.52000000000001,-63.39,74.19,-92.99,-60.36,161.3,220.77,-63.35
2025-07-28T18:23:36.976454,66.0,121.0,72.0,95.0,-5.0,-8.0,35.0,-96.0,-52.0,145.0,43.0,-33.0,45.260000000000005,130.62,73.09,96.42,35.48,-19.39,39.19,-65.99,-22.36,122.3,82.77000000000001,-57.35
2025-07-28T18:23:36.980675,67.0,67.0,-26.0,19.0,-15.0,-49.0,25.0,-49.0,-96.0,53.0,60.0,-47.0,46.260000000000005,76.62,-24.91,20.42,25.479999999999997,-60.39,29.19,-18.99,-66.36,30.3,99.77000000000001,-71.35
2025-07-28T18:23:36.988799,192.0,5.0,-11.0,125.0,43.0,-28.0,75.0,-37.0,-57.0,114.0,110.0,-2.0,171.26,14.62,-9.91,126.42,83.47999999999999,-39.39,79.19,-6.989999999999998,-27.36,91.3,149.77,-26.35
2025-07-28T18:23:36.993111,141.0,-20.0,-80.0,117.0,-113.0,15.0,10.0,-111.0,-65.0,100.0,1.0,41.0,120.26,-10.38,-78.91,118.42,-72.52000000000001,3.6099999999999994,14.190000000000001,-80.99,-35.36,77.3,40.77,16.65
2025-07-28T18:23:37.000897,70.0,-7.0,15.0,93.0,-55.0,2.0,16.0,-24.0,-84.0,-23.0,20.0,36.0,49.260000000000005,2.619999999999999,16.09,94.42,-14.520000000000003,-9.39,20.19,6.010000000000002,-54.36,-45.7,59.77,11.649999999999999
2025-07-28T18:23:37.005308,118.0,11.0,76.0,7.0,-35.0,29.0,14.0,-5.0,-102.0,68.0,-15.0,62.0,97.26,20.619999999999997,77.09,8.42,5.479999999999997,17.61,18.19,25.01,-72.36,45.3,24.770000000000003,37.65
2025-07-28T18:23:37.013280,53.0,54.0,38.0,24.0,21.0,-43.0,-18.0,6.0,-92.0,57.0,-20.0,-49.0,32.260000000000005,63.62,39.09,25.42,61.48,-54.39,-13.809999999999999,36.010000000000005,-62.36,34.3,19.770000000000003,-73.35
2025-07-28T18:23:37.017674,15.0,78.0,-7.0,48.0,3.0,-11.0,-44.0,-65.0,-37.0,67.0,-55.0,-4.0,-5.739999999999998,87.62,-5.91,49.42,43.48,-22.39,-39.81,-34.989999999999995,-7.359999999999999,44.3,-15.229999999999997,-28.35
2025-07-28T18:23:37.025568,75.0,74.0,-77.0,69.0,-38.0,7.0,-37.0,-50.0,-51.0,36.0,8.0,-31.0,54.260000000000005,83.62,-75.91,70.42,2.479999999999997,-4.390000000000001,-32.81,-19.99,-21.36,13.3,47.77,-55.35
2025-07-28T18:23:37.029896,57.0,70.0,-6.0,46.0,-62.0,0.0,25.0,-58.0,-100.0,46.0,29.0,-10.0,36.260000000000005,79.62,-4.91,47.42,-21.520000000000003,-11.39,29.19,-27.99,-70.36,23.3,68.77000000000001,-34.35
2025-07-28T18:23:37.037981,67.0,47.0,-55.0,48.0,-76.0,-1.0,14.0,-11.0,-60.0,64.0,-58.0,42.0,46.260000000000005,56.62,-53.91,49.42,-35.52,-12.39,18.19,19.01,-30.36,41.3,-18.229999999999997,17.65
2025-07-28T18:23:37.042249,38.0,-25.0,-107.0,28.0,-65.0,-6.0,20.0,-52.0,-89.0,12.0,-99.0,-10.0,17.26,-15.38,-105.91,29.42,-24.520000000000003,-17.39,24.19,-21.99,-59.36,-10.7,-59.23,-34.35
2025-07-28T18:23:37.050238,81.0,2.0,1.0,-14.0,-42.0,-12.0,-49.0,59.0,-66.0,38.0,15.0,-9.0,60.260000000000005,11.62,2.09,-12.58,-1.5200000000000031,-23.39,-44.81,89.01,-36.36,15.3,54.77,-33.35
2025-07-28T18:23:37.055096,134.0,-30.0,6.0,104.0,-13.0,-55.0,-32.0,-8.0,-94.0,37.0,-91.0,6.0,113.26,-20.380000000000003,7.09,105.42,27.479999999999997,-66.39,-27.81,22.01,-64.36,14.3,-51.23,-18.35
2025-07-28T18:23:37.062537,9.0,38.0,-14.0,38.0,13.0,11.0,-71.0,-53.0,-77.0,16.0,-91.0,44.0,-11.739999999999998,47.62,-12.91,39.42,53.48,-0.39000000000000057,-66.81,-22.99,-47.36,-6.699999999999999,-51.23,19.65
2025-07-28T18:23:37.066573,14.0,25.0,-54.0,29.0,-76.0,-45.0,-34.0,-8.0,-10.0,37.0,-40.0,75.0,-6.739999999999998,34.62,-52.91,30.42,-35.52,-56.39,-29.81,22.01,19.64,14.3,-0.22999999999999687,50.65
2025-07-28T18:23:37.074694,-7.0,16.0,-30.0,30.0,-50.0,3.0,-49.0,-37.0,-24.0,-21.0,-38.0,-10.0,-27.74,25.619999999999997,-28.91,31.42,-9.520000000000003,-8.39,-44.81,-6.989999999999998,5.640000000000001,-43.7,1.7700000000000031,-34.35
2025-07-28T18:23:37.079071,85.0,38.0,-109.0,-26.0,-41.0,-21.0,19.0,-27.0,-71.0,18.0,-52.0,59.0,64.26,47.62,-107.91,-24.58,-0.5200000000000031,-32.39,23.19,3.0100000000000016,-41.36,-4.699999999999999,-12.229999999999997,34.65
2025-07-28T18:23:37.087153,130.0,-67.0,-64.0,39.0,77.0,-45.0,-17.0,-81.0,-83.0,13.0,-16.0,39.0,109.26,-57.38,-62.91,40.42,117.47999999999999,-56.39,-12.809999999999999,-50.989999999999995,-53.36,-9.7,23.770000000000003,14.649999999999999
2025-07-28T18:23:37.091354,110.0,-28.0,-71.0,-22.0,45.0,-99.0,16.0,1.0,-45.0,25.0,-38.0,-17.0,89.26,-18.380000000000003,-69.91,-20.58,85.47999999999999,-110.39,20.19,31.01,-15.36,2.3000000000000007,1.7700000000000031,-41.35
2025-07-28T18:23:37.099384,-39.0,35.0,-5.0,62.0,-31.0,-28.0,-46.0,-22.0,-96.0,12.0,24.0,-25.0,-59.739999999999995,44.62,-3.91,63.42,9.479999999999997,-39.39,-41.81,8.010000000000002,-66.36,-10.7,63.77,-49.35
2025-07-28T18:23:37.103646,45.0,82.0,26.0,45.0,-35.0,-8.0,30.0,-10.0,-32.0,37.0,-16.0,30.0,24.26,91.62,27.09,46.42,5.479999999999997,-19.39,34.19,20.01,-2.3599999999999994,14.3,23.770000000000003,5.649999999999999
2025-07-28T18:23:37.111612,39.0,-42.0,15.0,49.0,-29.0,-23.0,-72.0,-55.0,-67.0,-19.0,-55.0,19.0,18.26,-32.38,16.09,50.42,11.479999999999997,-34.39,-67.81,-24.99,-37.36,-41.7,-15.229999999999997,-5.350000000000001
2025-07-28T18:23:37.115886,106.0,85.0,-70.0,9.0,-54.0,-87.0,30.0,-39.0,-93.0,63.0,-35.0,58.0,85.26,94.62,-68.91,10.42,-13.520000000000003,-98.39,34.19,-8.989999999999998,-63.36,40.3,4.770000000000003,33.65
2025-07-28T18:23:37.123897,80.0,36.0,-98.0,21.0,-65.0,3.0,-18.0,-28.0,-43.0,25.0,-2.0,48.0,59.260000000000005,45.62,-96.91,22.42,-24.520000000000003,-8.39,-13.809999999999999,2.0100000000000016,-13.36,2.3000000000000007,37.77,23.65
2025-07-28T18:23:37.128259,5.0,11.0,-76.0,41.0,-95.0,-33.0,-1.0,-36.0,-63.0,48.0,-55.0,13.0,-15.739999999999998,20.619999999999997,-74.91,42.42,-54.52,-44.39,3.1900000000000004,-5.989999999999998,-33.36,25.3,-15.229999999999997,-11.350000000000001
2025-07-28T18:23:37.136069,-3.0,-26.0,-107.0,24.0,-57.0,-26.0,-42.0,-53.0,-38.0,-7.0,-70.0,-29.0,-23.74,-16.380000000000003,-105.91,25.42,-16.520000000000003,-37.39,-37.81,-22.99,-8.36,-29.7,-30.229999999999997,-53.35
2025-07-28T18:23:37.140294,71.0,15.0,-11.0,2.0,-56.0,33.0,6.0,-3.0,-122.0,63.0,-46.0,20.0,50.260000000000005,24.619999999999997,-9.91,3.42,-15.520000000000003,21.61,10.190000000000001,27.01,-92.36,40.3,-6.229999999999997,-4.350000000000001
2025-07-28T18:23:37.148505,12.0,-32.0,35.0,28.0,-57.0,44.0,-63.0,-68.0,-83.0,21.0,-47.0,73.0,-8.739999999999998,-22.380000000000003,36.09,29.42,-16.520000000000003,32.61,-58.81,-37.989999999999995,-53.36,-1.6999999999999993,-7.229999999999997,48.65
2025-07-28T18:23:37.152692,5.0,-8.0,3.0,10.0,-101.0,54.0,51.0,-9.0,-76.0,24.0,-85.0,-1.0,-15.739999999999998,1.6199999999999992,4.09,11.42,-60.52,42.61,55.19,21.01,-46.36,1.3000000000000007,-45.23,-25.35
2025-07-28T18:23:37.156624,2.0,-78.0,14.0,8.0,-46.0,-9.0,-19.0,-42.0,-96.0,-13.0,-29.0,44.0,-18.74,-68.38,15.09,9.42,-5.520000000000003,-20.39,-14.809999999999999,-11.989999999999998,-66.36,-35.7,10.770000000000003,19.65
2025-07-28T18:23:37.165065,25.0,-48.0,-34.0,-4.0,-103.0,1.0,24.0,-60.0,-67.0,68.0,-60.0,56.0,4.260000000000002,-38.38,-32.91,-2.58,-62.52,-10.39,28.19,-29.99,-37.36,45.3,-20.229999999999997,31.65
2025-07-28T18:23:37.169120,35.0,63.0,16.0,32.0,-62.0,14.0,-45.0,-46.0,-120.0,74.0,-44.0,-29.0,14.260000000000002,72.62,17.09,33.42,-21.520000000000003,2.6099999999999994,-40.81,-15.989999999999998,-90.36,51.3,-4.229999999999997,-53.35
2025-07-28T18:23:37.177293,-27.0,15.0,-82.0,-17.0,8.0,-14.0,-9.0,-73.0,-61.0,12.0,-46.0,53.0,-47.739999999999995,24.619999999999997,-80.91,-15.58,48.48,-25.39,-4.81,-42.989999999999995,-31.36,-10.7,-6.229999999999997,28.65
2025-07-28T18:23:37.181307,13.0,76.0,-52.0,-40.0,-32.0,-6.0,29.0,-90.0,-50.0,-7.0,-14.0,11.0,-7.739999999999998,85.62,-50.91,-38.58,8.479999999999997,-17.39,33.19,-59.989999999999995,-20.36,-29.7,25.770000000000003,-13.350000000000001
2025-07-28T18:23:37.189424,63.0,51.0,-72.0,86.0,-88.0,-51.0,12.0,-67.0,-71.0,-5.0,-63.0,11.0,42.260000000000005,60.62,-70.91,87.42,-47.52,-62.39,16.19,-36.989999999999995,-41.36,-27.7,-23.229999999999997,-13.350000000000001
2025-07-28T18:23:37.193496,104.0,-32.0,-34.0,35.0,-71.0,19.0,0.0,21.0,-119.0,37.0,-6.0,10.0,83.26,-22.380000000000003,-32.91,36.42,-30.520000000000003,7.609999999999999,4.19,51.010000000000005,-89.36,14.3,33.77,-14.350000000000001
2025-07-28T18:23:37.201680,103.0,-86.0,13.0,-40.0,-64.0,58.0,42.0,-48.0,-91.0,28.0,-49.0,-12.0,82.26,-76.38,14.09,-38.58,-23.520000000000003,46.61,46.19,-17.99,-61.36,5.300000000000001,-9.229999999999997,-36.35
2025-07-28T18:23:37.205794,20.0,-24.0,61.0,-22.0,11.0,19.0,-95.0,0.0,-35.0,-39.0,36.0,20.0,-0.7399999999999984,-14.38,62.09,-20.58,51.48,7.609999999999999,-90.81,30.01,-5.359999999999999,-61.7,75.77000000000001,-4.350000000000001
2025-07-28T18:23:37.214067,-23.0,-70.0,12.0,-28.0,-61.0,-43.0,-19.0,-58.0,-17.0,21.0,7.0,50.0,-43.739999999999995,-60.38,13.09,-26.58,-20.520000000000003,-54.39,-14.809999999999999,-27.99,12.64,-1.6999999999999993,46.77,25.65
2025-07-28T18:23:37.218272,-21.0,7.0,70.0,38.0,-83.0,-48.0,-17.0,-68.0,-123.0,41.0,-47.0,10.0,-41.739999999999995,16.619999999999997,71.09,39.42,-42.52,-59.39,-12.809999999999999,-37.989999999999995,-93.36,18.3,-7.229999999999997,-14.350000000000001
2025-07-28T18:23:37.226279,52.0,8.0,-107.0,15.0,-63.0,-5.0,53.0,-34.0,-64.0,12.0,-26.0,-39.0,31.26,17.619999999999997,-105.91,16.42,-22.520000000000003,-16.39,57.19,-3.9899999999999984,-34.36,-10.7,13.770000000000003,-63.35
2025-07-28T18:23:37.230848,62.0,37.0,-29.0,61.0,-142.0,34.0,43.0,-4.0,14.0,-19.0,-75.0,-32.0,41.260000000000005,46.62,-27.91,62.42,-101.52000000000001,22.61,47.19,26.01,43.64,-41.7,-35.23,-56.35
2025-07-28T18:23:37.238497,75.0,-21.0,-45.0,56.0,-38.0,-38.0,-43.0,-38.0,-60.0,32.0,-86.0,15.0,54.260000000000005,-11.38,-43.91,57.42,2.479999999999997,-49.39,-38.81,-7.989999999999998,-30.36,9.3,-46.23,-9.350000000000001
2025-07-28T18:23:37.243217,58.0,9.0,-14.0,-11.0,28.0,28.0,-30.0,-101.0,-111.0,32.0,-64.0,-21.0,37.260000000000005,18.619999999999997,-12.91,-9.58,68.47999999999999,16.61,-25.81,-70.99,-81.36,9.3,-24.229999999999997,-45.35
2025-07-28T18:23:37.250814,34.0,-48.0,35.0,7.0,-5.0,31.0,-3.0,-9.0,-98.0,-3.0,-30.0,43.0,13.260000000000002,-38.38,36.09,8.42,35.48,19.61,1.1900000000000004,21.01,-68.36,-25.7,9.770000000000003,18.65
2025-07-28T18:23:37.255200,55.0,-6.0,-8.0,29.0,0.0,-34.0,-36.0,-39.0,-47.0,29.0,10.0,-82.0,34.260000000000005,3.619999999999999,-6.91,30.42,40.48,-45.39,-31.81,-8.989999999999998,-17.36,6.300000000000001,49.77,-106.35
2025-07-28T18:23:37.263093,35.0,55.0,22.0,-23.0,-79.0,-36.0,-5.0,-12.0,-81.0,97.0,26.0,-56.0,14.260000000000002,64.62,23.09,-21.58,-38.52,-47.39,-0.8099999999999996,18.01,-51.36,74.3,65.77000000000001,-80.35
2025-07-28T18:23:37.267446,16.0,50.0,14.0,22.0,-58.0,-73.0,-54.0,-41.0,-129.0,48.0,24.0,-27.0,-4.739999999999998,59.62,15.09,23.42,-17.520000000000003,-84.39,-49.81,-10.989999999999998,-99.36,25.3,63.77,-51.35
2025-07-28T18:23:37.275374,-10.0,-4.0,-38.0,60.0,-19.0,-21.0,72.0,-21.0,-140.0,54.0,28.0,-62.0,-30.74,5.619999999999999,-36.91,61.42,21.479999999999997,-32.39,76.19,9.010000000000002,-110.36,31.3,67.77000000000001,-86.35
2025-07-28T18:23:37.279625,36.0,-43.0,-80.0,63.0,-43.0,-10.0,17.0,-71.0,-100.0,-8.0,41.0,-75.0,15.260000000000002,-33.38,-78.91,64.42,-2.520000000000003,-21.39,21.19,-40.989999999999995,-70.36,-30.7,80.77000000000001,-99.35
2025-07-28T18:23:37.287624,78.0,14.0,-44.0,5.0,-41.0,-7.0,-58.0,-158.0,-39.0,13.0,9.0,-21.0,57.260000000000005,23.619999999999997,-42.91,6.42,-0.5200000000000031,-18.39,-53.81,-127.99,-9.36,-9.7,48.77,-45.35
2025-07-28T18:23:37.291888,25.0,9.0,4.0,38.0,-17.0,-15.0,-9.0,-61.0,-64.0,23.0,11.0,-15.0,4.260000000000002,18.619999999999997,5.09,39.42,23.479999999999997,-26.39,-4.81,-30.99,-34.36,0.3000000000000007,50.77,-39.35
2025-07-28T18:23:37.300080,23.0,-62.0,-30.0,32.0,-66.0,14.0,-38.0,-29.0,15.0,-60.0,58.0,-81.0,2.2600000000000016,-52.38,-28.91,33.42,-25.520000000000003,2.6099999999999994,-33.81,1.0100000000000016,44.64,-82.7,97.77000000000001,-105.35
2025-07-28T18:23:37.304295,3.0,-20.0,21.0,-5.0,-38.0,-49.0,13.0,-115.0,-90.0,-41.0,13.0,-19.0,-17.74,-10.38,22.09,-3.58,2.479999999999997,-60.39,17.19,-84.99,-60.36,-63.7,52.77,-43.35
2025-07-28T18:23:37.312412,58.0,15.0,11.0,18.0,-31.0,-42.0,0.0,-65.0,-86.0,-33.0,15.0,34.0,37.260000000000005,24.619999999999997,12.09,19.42,9.479999999999997,-53.39,4.19,-34.989999999999995,-56.36,-55.7,54.77,9.649999999999999
2025-07-28T18:23:37.316490,-16.0,4.0,-8.0,34.0,-25.0,0.0,-19.0,-18.0,-64.0,-56.0,-9.0,15.0,-36.739999999999995,13.62,-6.91,35.42,15.479999999999997,-11.39,-14.809999999999999,12.010000000000002,-34.36,-78.7,30.770000000000003,-9.350000000000001
2025-07-28T18:23:37.324524,32.0,28.0,-26.0,18.0,-77.0,-3.0,38.0,-57.0,-62.0,-13.0,78.0,-84.0,11.260000000000002,37.62,-24.91,19.42,-36.52,-14.39,42.19,-26.99,-32.36,-35.7,117.77000000000001,-108.35
2025-07-28T18:23:37.328745,18.0,1.0,-82.0,33.0,-64.0,14.0,-57.0,-17.0,-56.0,-33.0,51.0,-114.0,-2.7399999999999984,10.62,-80.91,34.42,-23.520000000000003,2.6099999999999994,-52.81,13.010000000000002,-26.36,-55.7,90.77000000000001,-138.35
2025-07-28T18:23:37.336741,14.0,14.0,-60.0,53.0,-40.0,-59.0,45.0,-52.0,-42.0,-33.0,63.0,-66.0,-6.739999999999998,23.619999999999997,-58.91,54.42,0.4799999999999969,-70.39,49.19,-21.99,-12.36,-55.7,102.77000000000001,-90.35
2025-07-28T18:23:37.341053,106.0,7.0,-81.0,-25.0,-47.0,59.0,23.0,-63.0,-95.0,1.0,32.0,-70.0,85.26,16.619999999999997,-79.91,-23.58,-6.520000000000003,47.61,27.19,-32.989999999999995,-65.36,-21.7,71.77000000000001,-94.35
2025-07-28T18:23:37.349201,41.0,-38.0,-38.0,16.0,-23.0,58.0,29.0,-41.0,-63.0,-20.0,11.0,-23.0,20.26,-28.380000000000003,-36.91,17.42,17.479999999999997,46.61,33.19,-10.989999999999998,-33.36,-42.7,50.77,-47.35
2025-07-28T18:23:37.353426,80.0,-10.0,0.0,14.0,-33.0,-58.0,26.0,-105.0,-71.0,-55.0,-30.0,-61.0,59.260000000000005,-0.3800000000000008,1.09,15.42,7.479999999999997,-69.39,30.19,-74.99,-41.36,-77.7,9.770000000000003,-85.35
2025-07-28T18:23:37.361472,-34.0,-47.0,61.0,1.0,-97.0,-33.0,-40.0,-23.0,-75.0,-37.0,-8.0,-17.0,-54.739999999999995,-37.38,62.09,2.42,-56.52,-44.39,-35.81,7.010000000000002,-45.36,-59.7,31.770000000000003,-41.35
2025-07-28T18:23:37.365755,5.0,-31.0,36.0,51.0,-52.0,-3.0,-27.0,-48.0,-53.0,-65.0,67.0,-71.0,-15.739999999999998,-21.380000000000003,37.09,52.42,-11.520000000000003,-14.39,-22.81,-17.99,-23.36,-87.7,106.77000000000001,-95.35
2025-07-28T18:23:37.373800,-23.0,-55.0,-42.0,-43.0,-89.0,-44.0,68.0,-50.0,-55.0,-74.0,49.0,-87.0,-43.739999999999995,-45.38,-40.91,-41.58,-48.52,-55.39,72.19,-19.99,-25.36,-96.7,88.77000000000001,-111.35
2025-07-28T18:23:37.377976,30.0,21.0,-7.0,-37.0,-100.0,43.0,23.0,-46.0,-38.0,-44.0,-15.0,-65.0,9.260000000000002,30.619999999999997,-5.91,-35.58,-59.52,31.61,27.19,-15.989999999999998,-8.36,-66.7,24.770000000000003,-89.35
2025-07-28T18:23:37.385999,19.0,-14.0,-72.0,-12.0,-80.0,-81.0,-116.0,-68.0,-26.0,-36.0,39.0,-100.0,-1.7399999999999984,-4.380000000000001,-70.91,-10.58,-39.52,-92.39,-111.81,-37.989999999999995,3.6400000000000006,-58.7,78.77000000000001,-124.35
2025-07-28T18:23:37.390307,92.0,14.0,-110.0,29.0,-45.0,-45.0,-14.0,-25.0,-66.0,-47.0,76.0,-46.0,71.26,23.619999999999997,-108.91,30.42,-4.520000000000003,-56.39,-9.809999999999999,5.010000000000002,-36.36,-69.7,115.77000000000001,-70.35
2025-07-28T18:23:37.398382,29.0,-54.0,-9.0,67.0,-41.0,-54.0,40.0,-33.0,-53.0,12.0,47.0,-53.0,8.260000000000002,-44.38,-7.91,68.42,-0.5200000000000031,-65.39,44.19,-2.9899999999999984,-23.36,-10.7,86.77000000000001,-77.35
2025-07-28T18:23:37.402563,110.0,-60.0,-25.0,2.0,-107.0,34.0,18.0,-46.0,-6.0,-46.0,24.0,-69.0,89.26,-50.38,-23.91,3.42,-66.52000000000001,22.61,22.19,-15.989999999999998,23.64,-68.7,63.77,-93.35
2025-07-28T18:23:37.410501,-2.0,-45.0,55.0,42.0,-96.0,52.0,18.0,-88.0,23.0,-69.0,17.0,-41.0,-22.74,-35.38,56.09,43.42,-55.52,40.61,22.19,-57.989999999999995,52.64,-91.7,56.77,-65.35
2025-07-28T18:23:37.414715,84.0,-8.0,19.0,3.0,-2.0,48.0,-8.0,-28.0,-96.0,-78.0,7.0,-64.0,63.260000000000005,1.6199999999999992,20.09,4.42,38.48,36.61,-3.8099999999999996,2.0100000000000016,-66.36,-100.7,46.77,-88.35
2025-07-28T18:23:37.422805,-60.0,-39.0,-37.0,110.0,-59.0,43.0,-15.0,-58.0,-89.0,-13.0,-10.0,-18.0,-80.74,-29.380000000000003,-35.91,111.42,-18.520000000000003,31.61,-10.809999999999999,-27.99,-59.36,-35.7,29.770000000000003,-42.35
2025-07-28T18:23:37.426963,24.0,12.0,-96.0,-28.0,0.0,-35.0,11.0,-22.0,1.0,37.0,110.0,15.0,3.2600000000000016,21.619999999999997,-94.91,-26.58,40.48,-46.39,15.190000000000001,8.010000000000002,30.64,14.3,149.77,-9.350000000000001
2025-07-28T18:23:37.434969,39.0,68.0,-39.0,25.0,-30.0,-28.0,3.0,68.0,-45.0,-73.0,82.0,-21.0,18.26,77.62,-37.91,26.42,10.479999999999997,-39.39,7.19,98.01,-15.36,-95.7,121.77000000000001,-45.35
2025-07-28T18:23:37.439272,36.0,6.0,-95.0,-15.0,-16.0,-13.0,-48.0,-44.0,-11.0,-65.0,-14.0,11.0,15.260000000000002,15.62,-93.91,-13.58,24.479999999999997,-24.39,-43.81,-13.989999999999998,18.64,-87.7,25.770000000000003,-13.350000000000001
2025-07-28T18:23:37.447481,48.0,-31.0,28.0,61.0,-74.0,36.0,-30.0,37.0,-13.0,-52.0,-22.0,22.0,27.26,-21.380000000000003,29.09,62.42,-33.52,24.61,-25.81,67.01,16.64,-74.7,17.770000000000003,-2.3500000000000014
2025-07-28T18:23:37.451636,-6.0,16.0,50.0,20.0,-54.0,-2.0,-50.0,-40.0,-58.0,-72.0,-49.0,-10.0,-26.74,25.619999999999997,51.09,21.42,-13.520000000000003,-13.39,-45.81,-9.989999999999998,-28.36,-94.7,-9.229999999999997,-34.35
2025-07-28T18:23:37.459703,42.0,14.0,-4.0,66.0,-27.0,-3.0,-18.0,-48.0,-19.0,-58.0,1.0,-15.0,21.26,23.619999999999997,-2.91,67.42,13.479999999999997,-14.39,-13.809999999999999,-17.99,10.64,-80.7,40.77,-39.35
2025-07-28T18:23:37.463854,8.0,0.0,-42.0,3.0,-47.0,7.0,-37.0,-53.0,-31.0,-21.0,-23.0,-31.0,-12.739999999999998,9.62,-40.91,4.42,-6.520000000000003,-4.390000000000001,-32.81,-22.99,-1.3599999999999994,-43.7,16.770000000000003,-55.35
2025-07-28T18:23:37.472057,-14.0,69.0,38.0,14.0,-17.0,-33.0,-75.0,-35.0,-38.0,-58.0,-81.0,51.0,-34.739999999999995,78.62,39.09,15.42,23.479999999999997,-44.39,-70.81,-4.989999999999998,-8.36,-80.7,-41.23,26.65
2025-07-28T18:23:37.476326,-24.0,25.0,14.0,16.0,-132.0,-11.0,-7.0,-42.0,-42.0,-71.0,-17.0,13.0,-44.739999999999995,34.62,15.09,17.42,-91.52000000000001,-22.39,-2.8099999999999996,-11.989999999999998,-12.36,-93.7,22.770000000000003,-11.350000000000001
2025-07-28T18:23:37.484249,63.0,3.0,-68.0,41.0,-111.0,-23.0,-5.0,-4.0,-50.0,20.0,-47.0,-20.0,42.260000000000005,12.62,-66.91,42.42,-70.52000000000001,-34.39,-0.8099999999999996,26.01,-20.36,-2.6999999999999993,-7.229999999999997,-44.35
2025-07-28T18:23:37.488528,49.0,2.0,-78.0,-49.0,-22.0,-24.0,-2.0,8.0,-64.0,-67.0,-61.0,5.0,28.26,11.62,-76.91,-47.58,18.479999999999997,-35.39,2.1900000000000004,38.010000000000005,-34.36,-89.7,-21.229999999999997,-19.35
2025-07-28T18:23:37.492483,76.0,38.0,-32.0,-39.0,-27.0,18.0,-15.0,-31.0,-101.0,18.0,12.0,24.0,55.260000000000005,47.62,-30.91,-37.58,13.479999999999997,6.609999999999999,-10.809999999999999,-0.9899999999999984,-71.36,-4.699999999999999,51.77,-0.3500000000000014
2025-07-28T18:23:37.500787,56.0,-20.0,-37.0,6.0,10.0,50.0,-69.0,-112.0,-107.0,65.0,-42.0,-1.0,35.260000000000005,-10.38,-35.91,7.42,50.48,38.61,-64.81,-81.99,-77.36,42.3,-2.229999999999997,-25.35
2025-07-28T18:23:37.506027,81.0,10.0,-5.0,-17.0,-30.0,-34.0,-31.0,-38.0,-50.0,54.0,-25.0,50.0,60.260000000000005,19.619999999999997,-3.91,-15.58,10.479999999999997,-45.39,-26.81,-7.989999999999998,-20.36,31.3,14.770000000000003,25.65
2025-07-28T18:23:37.513094,3.0,-4.0,-35.0,-15.0,-51.0,-69.0,-11.0,7.0,-48.0,45.0,-61.0,6.0,-17.74,5.619999999999999,-33.91,-13.58,-10.520000000000003,-80.39,-6.81,37.010000000000005,-18.36,22.3,-21.229999999999997,-18.35
2025-07-28T18:23:37.517132,11.0,-35.0,-51.0,35.0,-23.0,-9.0,-37.0,-38.0,-23.0,15.0,4.0,36.0,-9.739999999999998,-25.380000000000003,-49.91,36.42,17.479999999999997,-20.39,-32.81,-7.989999999999998,6.640000000000001,-7.699999999999999,43.77,11.649999999999999
2025-07-28T18:23:37.525265,-38.0,75.0,-9.0,24.0,-13.0,-23.0,-3.0,-63.0,-2.0,2.0,-16.0,47.0,-58.739999999999995,84.62,-7.91,25.42,27.479999999999997,-34.39,1.1900000000000004,-32.989999999999995,27.64,-20.7,23.770000000000003,22.65
2025-07-28T18:23:37.529408,66.0,-4.0,-32.0,-31.0,-38.0,16.0,14.0,-106.0,-66.0,1.0,-31.0,-28.0,45.260000000000005,5.619999999999999,-30.91,-29.58,2.479999999999997,4.609999999999999,18.19,-75.99,-36.36,-21.7,8.770000000000003,-52.35
2025-07-28T18:23:37.537560,86.0,50.0,-41.0,14.0,-67.0,26.0,-23.0,-120.0,10.0,4.0,-52.0,24.0,65.26,59.62,-39.91,15.42,-26.520000000000003,14.61,-18.81,-89.99,39.64,-18.7,-12.229999999999997,-0.3500000000000014
2025-07-28T18:23:37.541674,23.0,-2.0,-77.0,11.0,-7.0,-35.0,-17.0,-12.0,-35.0,55.0,-52.0,40.0,2.2600000000000016,7.619999999999999,-75.91,12.42,33.48,-46.39,-12.809999999999999,18.01,-5.359999999999999,32.3,-12.229999999999997,15.649999999999999
2025-07-28T18:23:37.549813,5.0,85.0,-77.0,-55.0,-98.0,-52.0,-38.0,5.0,-43.0,31.0,-18.0,24.0,-15.739999999999998,94.62,-75.91,-53.58,-57.52,-63.39,-33.81,35.010000000000005,-13.36,8.3,21.770000000000003,-0.3500000000000014
2025-07-28T18:23:37.554308,27.0,10.0,-55.0,69.0,12.0,49.0,-29.0,-110.0,-45.0,59.0,-16.0,-45.0,6.260000000000002,19.619999999999997,-53.91,70.42,52.48,37.61,-24.81,-79.99,-15.36,36.3,23.770000000000003,-69.35
2025-07-28T18:23:37.562136,45.0,-1.0,-62.0,34.0,-40.0,-17.0,-45.0,12.0,-67.0,94.0,-20.0,23.0,24.26,8.62,-60.91,35.42,0.4799999999999969,-28.39,-40.81,42.010000000000005,-37.36,71.3,19.770000000000003,-1.3500000000000014
2025-07-28T18:23:37.566444,54.0,-6.0,-33.0,30.0,-42.0,10.0,-1.0,57.0,-13.0,45.0,-24.0,66.0,33.260000000000005,3.619999999999999,-31.91,31.42,-1.5200000000000031,-1.3900000000000006,3.1900000000000004,87.01,16.64,22.3,15.770000000000003,41.65
2025-07-28T18:23:37.574346,64.0,-30.0,19.0,1.0,-13.0,-21.0,-88.0,0.0,-131.0,48.0,-60.0,40.0,43.260000000000005,-20.380000000000003,20.09,2.42,27.479999999999997,-32.39,-83.81,30.01,-101.36,25.3,-20.229999999999997,15.649999999999999
2025-07-28T18:23:37.578628,-15.0,-23.0,-28.0,-30.0,-21.0,6.0,-32.0,-1.0,24.0,-11.0,-17.0,-11.0,-35.739999999999995,-13.38,-26.91,-28.58,19.479999999999997,-5.390000000000001,-27.81,29.01,53.64,-33.7,22.770000000000003,-35.35
2025-07-28T18:23:37.586826,-60.0,-18.0,46.0,-39.0,-10.0,-31.0,6.0,-55.0,-22.0,-32.0,12.0,38.0,-80.74,-8.38,47.09,-37.58,30.479999999999997,-42.39,10.190000000000001,-24.99,7.640000000000001,-54.7,51.77,13.649999999999999
2025-07-28T18:23:37.591010,-16.0,-1.0,-91.0,19.0,-2.0,-11.0,-8.0,15.0,-100.0,19.0,-86.0,-8.0,-36.739999999999995,8.62,-89.91,20.42,38.48,-22.39,-3.8099999999999996,45.010000000000005,-70.36,-3.6999999999999993,-46.23,-32.35
2025-07-28T18:23:37.599038,38.0,38.0,-57.0,60.0,-9.0,4.0,-45.0,-6.0,-80.0,85.0,-90.0,-41.0,17.26,47.62,-55.91,61.42,31.479999999999997,-7.390000000000001,-40.81,24.01,-50.36,62.3,-50.23,-65.35
2025-07-28T18:23:37.603231,14.0,63.0,-3.0,24.0,26.0,-51.0,16.0,-22.0,-25.0,1.0,-36.0,65.0,-6.739999999999998,72.62,-1.91,25.42,66.47999999999999,-62.39,20.19,8.010000000000002,4.640000000000001,-21.7,3.770000000000003,40.65
2025-07-28T18:23:37.611240,-45.0,3.0,-39.0,40.0,-22.0,-53.0,-59.0,57.0,-74.0,44.0,-78.0,54.0,-65.74,12.62,-37.91,41.42,18.479999999999997,-64.39,-54.81,87.01,-44.36,21.3,-38.23,29.65
2025-07-28T18:23:37.615549,18.0,7.0,-52.0,71.0,-121.0,12.0,16.0,-8.0,-73.0,13.0,-34.0,72.0,-2.7399999999999984,16.619999999999997,-50.91,72.42,-80.52000000000001,0.6099999999999994,20.19,22.01,-43.36,-9.7,5.770000000000003,47.65
2025-07-28T18:23:37.623485,45.0,-5.0,-12.0,21.0,-66.0,26.0,-28.0,-31.0,-62.0,5.0,1.0,71.0,24.26,4.619999999999999,-10.91,22.42,-25.520000000000003,14.61,-23.81,-0.9899999999999984,-32.36,-17.7,40.77,46.65
2025-07-28T18:23:37.627786,39.0,12.0,-42.0,-75.0,-114.0,-17.0,1.0,-51.0,-26.0,42.0,-3.0,-1.0,18.26,21.619999999999997,-40.91,-73.58,-73.52000000000001,-28.39,5.19,-20.99,3.6400000000000006,19.3,36.77,-25.35
2025-07-28T18:23:37.635861,100.0,-43.0,-32.0,-32.0,-11.0,23.0,-27.0,-94.0,-13.0,20.0,2.0,-9.0,79.26,-33.38,-30.91,-30.58,29.479999999999997,11.61,-22.81,-63.989999999999995,16.64,-2.6999999999999993,41.77,-33.35
2025-07-28T18:23:37.640033,-21.0,-112.0,34.0,-9.0,-22.0,-36.0,47.0,-44.0,-59.0,5.0,-66.0,16.0,-41.739999999999995,-102.38,35.09,-7.58,18.479999999999997,-47.39,51.19,-13.989999999999998,-29.36,-17.7,-26.229999999999997,-8.350000000000001
2025-07-28T18:23:37.648243,-36.0,-10.0,-29.0,34.0,58.0,-74.0,38.0,-48.0,-71.0,108.0,-49.0,10.0,-56.739999999999995,-0.3800000000000008,-27.91,35.42,98.47999999999999,-85.39,42.19,-17.99,-41.36,85.3,-9.229999999999997,-14.350000000000001
2025-07-28T18:23:37.652415,55.0,52.0,-54.0,-16.0,-64.0,-57.0,-10.0,-48.0,-85.0,40.0,24.0,-22.0,34.260000000000005,61.62,-52.91,-14.58,-23.520000000000003,-68.39,-5.81,-17.99,-55.36,17.3,63.77,-46.35
2025-07-28T18:23:37.660365,75.0,-2.0,-61.0,61.0,-56.0,24.0,-35.0,-65.0,-74.0,8.0,-28.0,23.0,54.260000000000005,7.619999999999999,-59.91,62.42,-15.520000000000003,12.61,-30.81,-34.989999999999995,-44.36,-14.7,11.770000000000003,-1.3500000000000014
2025-07-28T18:23:37.664528,83.0,27.0,-33.0,4.0,-43.0,42.0,24.0,-55.0,-81.0,-3.0,-28.0,9.0,62.260000000000005,36.62,-31.91,5.42,-2.520000000000003,30.61,28.19,-24.99,-51.36,-25.7,11.770000000000003,-15.350000000000001
2025-07-28T18:23:37.672704,5.0,-14.0,-27.0,-7.0,-62.0,-8.0,22.0,-85.0,-99.0,5.0,-55.0,-16.0,-15.739999999999998,-4.380000000000001,-25.91,-5.58,-21.520000000000003,-19.39,26.19,-54.989999999999995,-69.36,-17.7,-15.229999999999997,-40.35
2025-07-28T18:23:37.676870,16.0,33.0,22.0,-43.0,-103.0,-5.0,3.0,-91.0,1.0,-4.0,33.0,-15.0,-4.739999999999998,42.62,23.09,-41.58,-62.52,-16.39,7.19,-60.989999999999995,30.64,-26.7,72.77000000000001,-39.35
2025-07-28T18:23:37.681068,40.0,63.0,-49.0,40.0,-25.0,-77.0,-7.0,60.0,-82.0,23.0,-53.0,-2.0,19.26,72.62,-47.91,41.42,15.479999999999997,-88.39,-2.8099999999999996,90.01,-52.36,0.3000000000000007,-13.229999999999997,-26.35
2025-07-28T18:23:37.689228,71.0,51.0,-25.0,20.0,-35.0,13.0,36.0,-85.0,-127.0,64.0,-130.0,4.0,50.260000000000005,60.62,-23.91,21.42,5.479999999999997,1.6099999999999994,40.19,-54.989999999999995,-97.36,41.3,-90.22999999999999,-20.35
2025-07-28T18:23:37.693200,42.0,-54.0,24.0,82.0,-40.0,-3.0,54.0,-53.0,-8.0,54.0,-19.0,-13.0,21.26,-44.38,25.09,83.42,0.4799999999999969,-14.39,58.19,-22.99,21.64,31.3,20.770000000000003,-37.35
2025-07-28T18:23:37.701457,29.0,-22.0,51.0,23.0,-70.0,-53.0,36.0,-90.0,-30.0,17.0,-21.0,11.0,8.260000000000002,-12.38,52.09,24.42,-29.520000000000003,-64.39,40.19,-59.989999999999995,-0.35999999999999943,-5.699999999999999,18.770000000000003,-13.350000000000001
2025-07-28T18:23:37.709393,-29.0,-58.0,-38.0,44.0,-93.0,48.0,-69.0,-23.0,-106.0,69.0,-69.0,16.0,-49.739999999999995,-48.38,-36.91,45.42,-52.52,36.61,-64.81,7.010000000000002,-76.36,46.3,-29.229999999999997,-8.350000000000001
2025-07-28T18:23:37.713774,5.0,19.0,40.0,10.0,2.0,68.0,-11.0,-71.0,-59.0,31.0,-17.0,-28.0,-15.739999999999998,28.619999999999997,41.09,11.42,42.48,56.61,-6.81,-40.989999999999995,-29.36,8.3,22.770000000000003,-52.35
2025-07-28T18:23:37.717765,-5.0,23.0,47.0,32.0,-15.0,-44.0,-24.0,-40.0,-105.0,12.0,-28.0,32.0,-25.74,32.62,48.09,33.42,25.479999999999997,-55.39,-19.81,-9.989999999999998,-75.36,-10.7,11.770000000000003,7.649999999999999
2025-07-28T18:23:37.726082,0.0,50.0,-76.0,-33.0,-33.0,-69.0,-22.0,-54.0,-32.0,25.0,-25.0,-24.0,-20.74,59.62,-74.91,-31.58,7.479999999999997,-80.39,-17.81,-23.99,-2.3599999999999994,2.3000000000000007,14.770000000000003,-48.35
2025-07-28T18:23:37.730122,98.0,-9.0,-57.0,80.0,-29.0,-67.0,42.0,-6.0,9.0,85.0,-41.0,-46.0,77.26,0.6199999999999992,-55.91,81.42,11.479999999999997,-78.39,46.19,24.01,38.64,62.3,-1.2299999999999969,-70.35
2025-07-28T18:23:37.738308,11.0,11.0,-38.0,-2.0,18.0,-39.0,-14.0,-53.0,-52.0,17.0,-10.0,30.0,-9.739999999999998,20.619999999999997,-36.91,-0.5800000000000001,58.48,-50.39,-9.809999999999999,-22.99,-22.36,-5.699999999999999,29.770000000000003,5.649999999999999
2025-07-28T18:23:37.742607,61.0,-86.0,-75.0,13.0,-43.0,-95.0,-57.0,-57.0,-51.0,52.0,-6.0,32.0,40.260000000000005,-76.38,-73.91,14.42,-2.520000000000003,-106.39,-52.81,-26.99,-21.36,29.3,33.77,7.649999999999999
2025-07-28T18:23:37.750470,77.0,-13.0,17.0,40.0,-87.0,3.0,-35.0,5.0,-64.0,2.0,6.0,18.0,56.260000000000005,-3.380000000000001,18.09,41.42,-46.52,-8.39,-30.81,35.010000000000005,-34.36,-20.7,45.77,-6.350000000000001
2025-07-28T18:23:37.754743,124.0,-78.0,-26.0,85.0,-23.0,-21.0,-40.0,34.0,-99.0,56.0,40.0,26.0,103.26,-68.38,-24.91,86.42,17.479999999999997,-32.39,-35.81,64.01,-69.36,33.3,79.77000000000001,1.6499999999999986
2025-07-28T18:23:37.762834,-24.0,-56.0,7.0,-19.0,-28.0,-45.0,8.0,-47.0,-87.0,46.0,-46.0,-25.0,-44.739999999999995,-46.38,8.09,-17.58,12.479999999999997,-56.39,12.190000000000001,-16.99,-57.36,23.3,-6.229999999999997,-49.35
2025-07-28T18:23:37.767172,35.0,33.0,35.0,22.0,23.0,-7.0,-6.0,-23.0,-74.0,-6.0,-7.0,-74.0,14.260000000000002,42.62,36.09,23.42,63.48,-18.39,-1.8099999999999996,7.010000000000002,-44.36,-28.7,32.77,-98.35
2025-07-28T18:23:37.775228,32.0,-42.0,10.0,1.0,-73.0,30.0,26.0,20.0,-46.0,30.0,47.0,-32.0,11.260000000000002,-32.38,11.09,2.42,-32.52,18.61,30.19,50.010000000000005,-16.36,7.300000000000001,86.77000000000001,-56.35
2025-07-28T18:23:37.779325,46.0,8.0,-2.0,59.0,-56.0,-80.0,56.0,40.0,-71.0,-38.0,-15.0,-107.0,25.26,17.619999999999997,-0.9099999999999999,60.42,-15.520000000000003,-91.39,60.19,70.01,-41.36,-60.7,24.770000000000003,-131.35
2025-07-28T18:23:37.787612,28.0,21.0,-65.0,45.0,-23.0,-42.0,-12.0,-42.0,-91.0,-32.0,15.0,-39.0,7.260000000000002,30.619999999999997,-63.91,46.42,17.479999999999997,-53.39,-7.81,-11.989999999999998,-61.36,-54.7,54.77,-63.35
2025-07-28T18:23:37.791688,87.0,-43.0,-2.0,80.0,-100.0,8.0,-30.0,-30.0,-85.0,33.0,47.0,-48.0,66.26,-33.38,-0.9099999999999999,81.42,-59.52,-3.3900000000000006,-25.81,0.010000000000001563,-55.36,10.3,86.77000000000001,-72.35
2025-07-28T18:23:37.799562,89.0,-17.0,-27.0,2.0,-43.0,-23.0,11.0,-16.0,-28.0,51.0,-3.0,-58.0,68.26,-7.380000000000001,-25.91,3.42,-2.520000000000003,-34.39,15.190000000000001,14.010000000000002,1.6400000000000006,28.3,36.77,-82.35
2025-07-28T18:23:37.803942,28.0,-33.0,60.0,26.0,-61.0,27.0,-22.0,18.0,-35.0,40.0,41.0,-55.0,7.260000000000002,-23.380000000000003,61.09,27.42,-20.520000000000003,15.61,-17.81,48.010000000000005,-5.359999999999999,17.3,80.77000000000001,-79.35
2025-07-28T18:23:37.812063,-19.0,-30.0,-28.0,31.0,-40.0,26.0,54.0,-40.0,-68.0,78.0,23.0,-7.0,-39.739999999999995,-20.380000000000003,-26.91,32.42,0.4799999999999969,14.61,58.19,-9.989999999999998,-38.36,55.3,62.77,-31.35
2025-07-28T18:23:37.816315,-10.0,23.0,17.0,-26.0,-70.0,-11.0,-21.0,-62.0,-83.0,82.0,-21.0,-24.0,-30.74,32.62,18.09,-24.58,-29.520000000000003,-22.39,-16.81,-31.99,-53.36,59.3,18.770000000000003,-48.35
2025-07-28T18:23:37.824237,47.0,71.0,-22.0,29.0,-49.0,-61.0,47.0,-91.0,-56.0,23.0,58.0,-59.0,26.26,80.62,-20.91,30.42,-8.520000000000003,-72.39,51.19,-60.989999999999995,-26.36,0.3000000000000007,97.77000000000001,-83.35
2025-07-28T18:23:37.828523,61.0,71.0,-39.0,102.0,-47.0,-51.0,28.0,-56.0,-29.0,110.0,-12.0,-60.0,40.260000000000005,80.62,-37.91,103.42,-6.520000000000003,-62.39,32.19,-25.99,0.6400000000000006,87.3,27.770000000000003,-84.35
2025-07-28T18:23:37.836518,47.0,-69.0,-54.0,3.0,-82.0,81.0,29.0,-77.0,-36.0,29.0,-57.0,-26.0,26.26,-59.38,-52.91,4.42,-41.52,69.61,33.19,-46.989999999999995,-6.359999999999999,6.300000000000001,-17.229999999999997,-50.35
2025-07-28T18:23:37.840775,75.0,-41.0,22.0,-9.0,-19.0,-22.0,10.0,-38.0,17.0,6.0,26.0,15.0,54.260000000000005,-31.380000000000003,23.09,-7.58,21.479999999999997,-33.39,14.190000000000001,-7.989999999999998,46.64,-16.7,65.77000000000001,-9.350000000000001
2025-07-28T18:23:37.848960,-6.0,4.0,62.0,-30.0,3.0,6.0,26.0,-65.0,-109.0,27.0,-53.0,-71.0,-26.74,13.62,63.09,-28.58,43.48,-5.390000000000001,30.19,-34.989999999999995,-79.36,4.300000000000001,-13.229999999999997,-95.35
2025-07-28T18:23:37.853171,34.0,-30.0,38.0,-25.0,-33.0,-9.0,34.0,-59.0,-61.0,115.0,20.0,-58.0,13.260000000000002,-20.380000000000003,39.09,-23.58,7.479999999999997,-20.39,38.19,-28.99,-31.36,92.3,59.77,-82.35
2025-07-28T18:23:37.861244,56.0,-10.0,6.0,-12.0,-36.0,15.0,-30.0,-106.0,-30.0,23.0,29.0,-31.0,35.260000000000005,-0.3800000000000008,7.09,-10.58,4.479999999999997,3.6099999999999994,-25.81,-75.99,-0.35999999999999943,0.3000000000000007,68.77000000000001,-55.35
2025-07-28T18:23:37.865457,15.0,10.0,-61.0,24.0,-4.0,-24.0,8.0,-61.0,-42.0,4.0,-8.0,-56.0,-5.739999999999998,19.619999999999997,-59.91,25.42,36.48,-35.39,12.190000000000001,-30.99,-12.36,-18.7,31.770000000000003,-80.35
2025-07-28T18:23:37.873426,6.0,41.0,-72.0,21.0,36.0,68.0,15.0,-55.0,-11.0,-11.0,-27.0,-25.0,-14.739999999999998,50.62,-70.91,22.42,76.47999999999999,56.61,19.19,-24.99,18.64,-33.7,12.770000000000003,-49.35
2025-07-28T18:23:37.877708,44.0,28.0,-25.0,41.0,-100.0,22.0,-35.0,-32.0,-48.0,-4.0,-21.0,-27.0,23.26,37.62,-23.91,42.42,-59.52,10.61,-30.81,-1.9899999999999984,-18.36,-26.7,18.770000000000003,-51.35
2025-07-28T18:23:37.885757,20.0,-24.0,-53.0,103.0,-4.0,-35.0,-77.0,21.0,-26.0,-70.0,48.0,-12.0,-0.7399999999999984,-14.38,-51.91,104.42,36.48,-46.39,-72.81,51.010000000000005,3.6400000000000006,-92.7,87.77000000000001,-36.35
2025-07-28T18:23:37.890001,54.0,-80.0,47.0,52.0,-47.0,-18.0,-33.0,-18.0,-68.0,-75.0,-36.0,0.0,33.260000000000005,-70.38,48.09,53.42,-6.520000000000003,-29.39,-28.81,12.010000000000002,-38.36,-97.7,3.770000000000003,-24.35
2025-07-28T18:23:37.898040,84.0,-70.0,-14.0,-4.0,-64.0,64.0,-3.0,-29.0,-57.0,-23.0,72.0,-61.0,63.260000000000005,-60.38,-12.91,-2.58,-23.520000000000003,52.61,1.1900000000000004,1.0100000000000016,-27.36,-45.7,111.77000000000001,-85.35
2025-07-28T18:23:37.902275,96.0,-46.0,58.0,26.0,50.0,-18.0,0.0,33.0,-106.0,-53.0,-46.0,5.0,75.26,-36.38,59.09,27.42,90.47999999999999,-29.39,4.19,63.010000000000005,-76.36,-75.7,-6.229999999999997,-19.35
2025-07-28T18:23:37.910125,-9.0,22.0,59.0,43.0,2.0,9.0,-24.0,-17.0,-80.0,19.0,18.0,-127.0,-29.74,31.619999999999997,60.09,44.42,42.48,-2.3900000000000006,-19.81,13.010000000000002,-50.36,-3.6999999999999993,57.77,-151.35
2025-07-28T18:23:37.914426,-44.0,51.0,9.0,-9.0,-13.0,6.0,-74.0,-5.0,-59.0,-7.0,63.0,-44.0,-64.74,60.62,10.09,-7.58,27.479999999999997,-5.390000000000001,-69.81,25.01,-29.36,-29.7,102.77000000000001,-68.35
2025-07-28T18:23:37.922413,-14.0,53.0,6.0,39.0,-46.0,-17.0,-25.0,33.0,-19.0,-78.0,84.0,-65.0,-34.739999999999995,62.62,7.09,40.42,-5.520000000000003,-28.39,-20.81,63.010000000000005,10.64,-100.7,123.77000000000001,-89.35
2025-07-28T18:23:37.926718,-61.0,-20.0,-65.0,-34.0,-64.0,11.0,19.0,-6.0,-80.0,-1.0,-2.0,-37.0,-81.74,-10.38,-63.91,-32.58,-23.520000000000003,-0.39000000000000057,23.19,24.01,-50.36,-23.7,37.77,-61.35
2025-07-28T18:23:37.930729,20.0,13.0,-23.0,5.0,-53.0,19.0,6.0,-9.0,5.0,-90.0,26.0,-28.0,-0.7399999999999984,22.619999999999997,-21.91,6.42,-12.520000000000003,7.609999999999999,10.190000000000001,21.01,34.64,-112.7,65.77000000000001,-52.35
2025-07-28T18:23:37.939083,-20.0,62.0,-67.0,40.0,-1.0,-11.0,-20.0,10.0,-83.0,-33.0,42.0,-55.0,-40.739999999999995,71.62,-65.91,41.42,39.48,-22.39,-15.809999999999999,40.010000000000005,-53.36,-55.7,81.77000000000001,-79.35
2025-07-28T18:23:37.946949,32.0,-20.0,-22.0,-67.0,-73.0,13.0,-11.0,-32.0,-77.0,-104.0,-10.0,-75.0,11.260000000000002,-10.38,-20.91,-65.58,-32.52,1.6099999999999994,-6.81,-1.9899999999999984,-47.36,-126.7,29.770000000000003,-99.35
2025-07-28T18:23:37.951315,81.0,14.0,-60.0,-19.0,18.0,2.0,-34.0,-4.0,-67.0,21.0,-37.0,-9.0,60.260000000000005,23.619999999999997,-58.91,-17.58,58.48,-9.39,-29.81,26.01,-37.36,-1.6999999999999993,2.770000000000003,-33.35
2025-07-28T18:23:37.955325,95.0,-56.0,-46.0,-15.0,-39.0,-7.0,31.0,-49.0,-45.0,11.0,91.0,-23.0,74.26,-46.38,-44.91,-13.58,1.4799999999999969,-18.39,35.19,-18.99,-15.36,-11.7,130.77,-47.35
2025-07-28T18:23:37.963828,117.0,-45.0,4.0,2.0,-51.0,1.0,27.0,-29.0,16.0,-65.0,13.0,-25.0,96.26,-35.38,5.09,3.42,-10.520000000000003,-10.39,31.19,1.0100000000000016,45.64,-87.7,52.77,-49.35
2025-07-28T18:23:37.967774,-41.0,7.0,11.0,34.0,16.0,-48.0,-55.0,-12.0,-70.0,-44.0,70.0,0.0,-61.739999999999995,16.619999999999997,12.09,35.42,56.48,-59.39,-50.81,18.01,-40.36,-66.7,109.77000000000001,-24.35
2025-07-28T18:23:37.975973,7.0,14.0,-16.0,8.0,-56.0,35.0,-32.0,-17.0,-48.0,-14.0,-24.0,-50.0,-13.739999999999998,23.619999999999997,-14.91,9.42,-15.520000000000003,23.61,-27.81,13.010000000000002,-18.36,-36.7,15.770000000000003,-74.35
2025-07-28T18:23:37.980170,-10.0,-12.0,52.0,28.0,-77.0,-13.0,-4.0,-73.0,-5.0,-21.0,-15.0,-21.0,-30.74,-2.380000000000001,53.09,29.42,-36.52,-24.39,0.1900000000000004,-42.989999999999995,24.64,-43.7,24.770000000000003,-45.35
2025-07-28T18:23:37.988034,61.0,9.0,-42.0,-7.0,-67.0,11.0,47.0,-14.0,-12.0,-57.0,8.0,10.0,40.260000000000005,18.619999999999997,-40.91,-5.58,-26.520000000000003,-0.39000000000000057,51.19,16.01,17.64,-79.7,47.77,-14.350000000000001
2025-07-28T18:23:37.992442,-10.0,10.0,-64.0,-3.0,8.0,0.0,-2.0,-95.0,-6.0,-52.0,38.0,-54.0,-30.74,19.619999999999997,-62.91,-1.58,48.48,-11.39,2.1900000000000004,-64.99,23.64,-74.7,77.77000000000001,-78.35
2025-07-28T18:23:38.000291,-6.0,53.0,-78.0,-19.0,4.0,-9.0,-8.0,-44.0,-6.0,6.0,49.0,-24.0,-26.74,62.62,-76.91,-17.58,44.48,-20.39,-3.8099999999999996,-13.989999999999998,23.64,-16.7,88.77000000000001,-48.35
2025-07-28T18:23:38.004629,7.0,-51.0,-88.0,-59.0,-60.0,41.0,-84.0,-9.0,-58.0,-24.0,-65.0,-5.0,-13.739999999999998,-41.38,-86.91,-57.58,-19.520000000000003,29.61,-79.81,21.01,-28.36,-46.7,-25.229999999999997,-29.35
2025-07-28T18:23:38.012671,-16.0,29.0,-34.0,-63.0,-28.0,25.0,27.0,-35.0,-27.0,16.0,-96.0,71.0,-36.739999999999995,38.62,-32.91,-61.58,12.479999999999997,13.61,31.19,-4.989999999999998,2.6400000000000006,-6.699999999999999,-56.23,46.65
2025-07-28T18:23:38.016981,36.0,-35.0,-42.0,-13.0,-5.0,4.0,-23.0,-97.0,-57.0,-16.0,1.0,21.0,15.260000000000002,-25.380000000000003,-40.91,-11.58,35.48,-7.390000000000001,-18.81,-66.99,-27.36,-38.7,40.77,-3.3500000000000014
2025-07-28T18:23:38.025022,49.0,-24.0,-46.0,118.0,30.0,-25.0,22.0,-7.0,-82.0,80.0,-47.0,25.0,28.26,-14.38,-44.91,119.42,70.47999999999999,-36.39,26.19,23.01,-52.36,57.3,-7.229999999999997,0.6499999999999986
2025-07-28T18:23:38.029078,92.0,-54.0,19.0,66.0,8.0,-20.0,1.0,-10.0,-73.0,-6.0,-88.0,18.0,71.26,-44.38,20.09,67.42,48.48,-31.39,5.19,20.01,-43.36,-28.7,-48.23,-6.350000000000001
2025-07-28T18:23:38.037168,87.0,20.0,10.0,38.0,-49.0,0.0,-33.0,10.0,-58.0,-23.0,-69.0,36.0,66.26,29.619999999999997,11.09,39.42,-8.520000000000003,-11.39,-28.81,40.010000000000005,-28.36,-45.7,-29.229999999999997,11.649999999999999
2025-07-28T18:23:38.041600,-17.0,-51.0,37.0,-9.0,-22.0,49.0,6.0,-78.0,-44.0,60.0,-53.0,-19.0,-37.739999999999995,-41.38,38.09,-7.58,18.479999999999997,37.61,10.190000000000001,-47.989999999999995,-14.36,37.3,-13.229999999999997,-43.35
2025-07-28T18:23:38.049482,10.0,3.0,38.0,1.0,-70.0,-53.0,-37.0,-45.0,-25.0,35.0,-39.0,11.0,-10.739999999999998,12.62,39.09,2.42,-29.520000000000003,-64.39,-32.81,-14.989999999999998,4.640000000000001,12.3,0.7700000000000031,-13.350000000000001
2025-07-28T18:23:38.053681,-39.0,5.0,4.0,-25.0,0.0,71.0,-19.0,-21.0,-63.0,8.0,-33.0,47.0,-59.739999999999995,14.62,5.09,-23.58,40.48,59.61,-14.809999999999999,9.010000000000002,-33.36,-14.7,6.770000000000003,22.65
2025-07-28T18:23:38.061735,-22.0,12.0,-63.0,-5.0,-34.0,12.0,4.0,-50.0,-94.0,74.0,-77.0,-33.0,-42.739999999999995,21.619999999999997,-61.91,-3.58,6.479999999999997,0.6099999999999994,8.190000000000001,-19.99,-64.36,51.3,-37.23,-57.35
2025-07-28T18:23:38.066059,23.0,28.0,-46.0,-25.0,-85.0,-24.0,15.0,24.0,-48.0,5.0,7.0,-32.0,2.2600000000000016,37.62,-44.91,-23.58,-44.52,-35.39,19.19,54.010000000000005,-18.36,-17.7,46.77,-56.35
2025-07-28T18:23:38.074135,84.0,-13.0,-44.0,13.0,-45.0,0.0,-47.0,-28.0,-18.0,118.0,-27.0,-51.0,63.260000000000005,-3.380000000000001,-42.91,14.42,-4.520000000000003,-11.39,-42.81,2.0100000000000016,11.64,95.3,12.770000000000003,-75.35
2025-07-28T18:23:38.078423,81.0,-21.0,-46.0,51.0,-26.0,-33.0,82.0,-54.0,-82.0,18.0,-27.0,-17.0,60.260000000000005,-11.38,-44.91,52.42,14.479999999999997,-44.39,86.19,-23.99,-52.36,-4.699999999999999,12.770000000000003,-41.35
2025-07-28T18:23:38.082515,4.0,-87.0,70.0,-8.0,-31.0,5.0,21.0,-78.0,-11.0,81.0,-22.0,-35.0,-16.74,-77.38,71.09,-6.58,9.479999999999997,-6.390000000000001,25.19,-47.989999999999995,18.64,58.3,17.770000000000003,-59.35
2025-07-28T18:23:38.090560,53.0,-32.0,78.0,-10.0,-50.0,67.0,-27.0,-68.0,-80.0,16.0,53.0,17.0,32.260000000000005,-22.380000000000003,79.09,-8.58,-9.520000000000003,55.61,-22.81,-37.989999999999995,-50.36,-6.699999999999999,92.77000000000001,-7.350000000000001
2025-07-28T18:23:38.094566,-33.0,-70.0,19.0,36.0,-31.0,7.0,104.0,-63.0,-12.0,14.0,-2.0,-45.0,-53.739999999999995,-60.38,20.09,37.42,9.479999999999997,-4.390000000000001,108.19,-32.989999999999995,17.64,-8.7,37.77,-69.35
2025-07-28T18:23:38.102686,-12.0,32.0,30.0,8.0,-55.0,20.0,17.0,-70.0,-9.0,36.0,-12.0,11.0,-32.739999999999995,41.62,31.09,9.42,-14.520000000000003,8.61,21.19,-39.989999999999995,20.64,13.3,27.770000000000003,-13.350000000000001
2025-07-28T18:23:38.110876,32.0,-62.0,-16.0,-39.0,25.0,-28.0,-22.0,-50.0,-55.0,61.0,19.0,-47.0,11.260000000000002,-52.38,-14.91,-37.58,65.47999999999999,-39.39,-17.81,-19.99,-25.36,38.3,58.77,-71.35
2025-07-28T18:23:38.115179,85.0,30.0,-61.0,-26.0,-17.0,-72.0,-38.0,-80.0,-38.0,-13.0,87.0,45.0,64.26,39.62,-59.91,-24.58,23.479999999999997,-83.39,-33.81,-49.989999999999995,-8.36,-35.7,126.77000000000001,20.65
2025-07-28T18:23:38.119136,49.0,-4.0,-42.0,38.0,-65.0,20.0,-16.0,-115.0,-26.0,47.0,16.0,2.0,28.26,5.619999999999999,-40.91,39.42,-24.520000000000003,8.61,-11.809999999999999,-84.99,3.6400000000000006,24.3,55.77,-22.35
2025-07-28T18:23:38.127461,87.0,-65.0,27.0,32.0,-72.0,-22.0,63.0,-30.0,-55.0,10.0,13.0,-50.0,66.26,-55.38,28.09,33.42,-31.520000000000003,-33.39,67.19,0.010000000000001563,-25.36,-12.7,52.77,-74.35
2025-07-28T18:23:38.131701,3.0,-24.0,52.0,44.0,-56.0,32.0,-44.0,1.0,-4.0,-11.0,27.0,-75.0,-17.74,-14.38,53.09,45.42,-15.520000000000003,20.61,-39.81,31.01,25.64,-33.7,66.77000000000001,-99.35
2025-07-28T18:23:38.139621,-38.0,-37.0,20.0,36.0,-27.0,-9.0,15.0,-38.0,-64.0,27.0,53.0,-52.0,-58.739999999999995,-27.380000000000003,21.09,37.42,13.479999999999997,-20.39,19.19,-7.989999999999998,-34.36,4.300000000000001,92.77000000000001,-76.35
2025-07-28T18:23:38.143771,5.0,-37.0,20.0,33.0,11.0,74.0,-55.0,41.0,14.0,49.0,47.0,-17.0,-15.739999999999998,-27.380000000000003,21.09,34.42,51.48,62.61,-50.81,71.01,43.64,26.3,86.77000000000001,-41.35
2025-07-28T18:23:38.151850,-28.0,55.0,-79.0,8.0,-61.0,-54.0,-11.0,-74.0,27.0,-19.0,54.0,14.0,-48.739999999999995,64.62,-77.91,9.42,-20.520000000000003,-65.39,-6.81,-43.989999999999995,56.64,-41.7,93.77000000000001,-10.350000000000001
2025-07-28T18:23:38.156005,66.0,12.0,-64.0,13.0,-21.0,-23.0,-9.0,-41.0,19.0,-16.0,25.0,-32.0,45.260000000000005,21.619999999999997,-62.91,14.42,19.479999999999997,-34.39,-4.81,-10.989999999999998,48.64,-38.7,64.77000000000001,-56.35
2025-07-28T18:23:38.164243,77.0,-18.0,-13.0,-19.0,-1.0,-10.0,-48.0,-54.0,-4.0,-94.0,42.0,-20.0,56.260000000000005,-8.38,-11.91,-17.58,39.48,-21.39,-43.81,-23.99,25.64,-116.7,81.77000000000001,-44.35
2025-07-28T18:23:38.168493,47.0,-43.0,4.0,25.0,-86.0,63.0,-41.0,-16.0,-17.0,-64.0,49.0,-15.0,26.26,-33.38,5.09,26.42,-45.52,51.61,-36.81,14.010000000000002,12.64,-86.7,88.77000000000001,-39.35
2025-07-28T18:23:38.176526,-16.0,69.0,24.0,-18.0,-4.0,25.0,-65.0,-91.0,-1.0,-31.0,-31.0,-15.0,-36.739999999999995,78.62,25.09,-16.58,36.48,13.61,-60.81,-60.989999999999995,28.64,-53.7,8.770000000000003,-39.35
2025-07-28T18:23:38.180785,7.0,58.0,-34.0,-28.0,-32.0,58.0,-25.0,-72.0,-13.0,-4.0,-11.0,-146.0,-13.739999999999998,67.62,-32.91,-26.58,8.479999999999997,46.61,-20.81,-41.989999999999995,16.64,-26.7,28.770000000000003,-170.35
2025-07-28T18:23:38.188864,-9.0,4.0,-17.0,-42.0,-42.0,-27.0,3.0,7.0,-8.0,-53.0,-41.0,-33.0,-29.74,13.62,-15.91,-40.58,-1.5200000000000031,-38.39,7.19,37.010000000000005,21.64,-75.7,-1.2299999999999969,-57.35
2025-07-28T18:23:38.193109,11.0,-1.0,-91.0,1.0,-87.0,-57.0,2.0,-64.0,-41.0,-10.0,30.0,-43.0,-9.739999999999998,8.62,-89.91,2.42,-46.52,-68.39,6.19,-33.989999999999995,-11.36,-32.7,69.77000000000001,-67.35
2025-07-28T18:23:38.201021,2.0,31.0,-2.0,-19.0,-57.0,57.0,1.0,-10.0,7.0,-64.0,-71.0,-66.0,-18.74,40.62,-0.9099999999999999,-17.58,-16.520000000000003,45.61,5.19,20.01,36.64,-86.7,-31.229999999999997,-90.35
2025-07-28T18:23:38.205382,-21.0,84.0,13.0,-70.0,34.0,-48.0,-13.0,-35.0,-19.0,-42.0,66.0,-37.0,-41.739999999999995,93.62,14.09,-68.58,74.47999999999999,-59.39,-8.809999999999999,-4.989999999999998,10.64,-64.7,105.77000000000001,-61.35
2025-07-28T18:23:38.213355,75.0,-20.0,-61.0,4.0,35.0,47.0,-70.0,-18.0,-45.0,-121.0,22.0,31.0,54.260000000000005,-10.38,-59.91,5.42,75.47999999999999,35.61,-65.81,12.010000000000002,-15.36,-143.7,61.77,6.649999999999999
2025-07-28T18:23:38.217629,47.0,-75.0,-37.0,-5.0,-69.0,-6.0,-35.0,-11.0,-103.0,-64.0,-6.0,8.0,26.26,-65.38,-35.91,-3.58,-28.520000000000003,-17.39,-30.81,19.01,-73.36,-86.7,33.77,-16.35
2025-07-28T18:23:38.225609,34.0,-20.0,-15.0,7.0,-61.0,-3.0,14.0,-16.0,-22.0,-11.0,-28.0,54.0,13.260000000000002,-10.38,-13.91,8.42,-20.520000000000003,-14.39,18.19,14.010000000000002,7.640000000000001,-33.7,11.770000000000003,29.65
2025-07-28T18:23:38.229954,132.0,-101.0,-10.0,28.0,-54.0,33.0,-14.0,-14.0,-16.0,-10.0,-84.0,38.0,111.26,-91.38,-8.91,29.42,-13.520000000000003,21.61,-9.809999999999999,16.01,13.64,-32.7,-44.23,13.649999999999999
2025-07-28T18:23:38.237994,-28.0,-45.0,57.0,-18.0,-11.0,-10.0,41.0,-35.0,-48.0,-61.0,75.0,66.0,-48.739999999999995,-35.38,58.09,-16.58,29.479999999999997,-21.39,45.19,-4.989999999999998,-18.36,-83.7,114.77000000000001,41.65
2025-07-28T18:23:38.242310,67.0,31.0,54.0,58.0,-9.0,-33.0,67.0,-16.0,-55.0,-22.0,-11.0,20.0,46.260000000000005,40.62,55.09,59.42,31.479999999999997,-44.39,71.19,14.010000000000002,-25.36,-44.7,28.770000000000003,-4.350000000000001
2025-07-28T18:23:38.250242,-8.0,0.0,-64.0,1.0,16.0,-78.0,-35.0,-94.0,-13.0,-23.0,89.0,39.0,-28.74,9.62,-62.91,2.42,56.48,-89.39,-30.81,-63.989999999999995,16.64,-45.7,128.77,14.649999999999999
2025-07-28T18:23:38.254542,12.0,13.0,-61.0,40.0,2.0,-28.0,32.0,18.0,34.0,-12.0,-41.0,37.0,-8.739999999999998,22.619999999999997,-59.91,41.42,42.48,-39.39,36.19,48.010000000000005,63.64,-34.7,-1.2299999999999969,12.649999999999999
2025-07-28T18:23:38.262473,-45.0,19.0,-35.0,53.0,-64.0,-49.0,-26.0,-18.0,-45.0,-57.0,-73.0,77.0,-65.74,28.619999999999997,-33.91,54.42,-23.520000000000003,-60.39,-21.81,12.010000000000002,-15.36,-79.7,-33.23,52.65
2025-07-28T18:23:38.266730,40.0,74.0,-56.0,-1.0,-16.0,29.0,18.0,5.0,-45.0,-44.0,9.0,70.0,19.26,83.62,-54.91,0.41999999999999993,24.479999999999997,17.61,22.19,35.010000000000005,-15.36,-66.7,48.77,45.65
2025-07-28T18:23:38.274857,97.0,16.0,-45.0,-10.0,-88.0,0.0,37.0,-114.0,19.0,61.0,-72.0,38.0,76.26,25.619999999999997,-43.91,-8.58,-47.52,-11.39,41.19,-83.99,48.64,38.3,-32.23,13.649999999999999
2025-07-28T18:23:38.279148,48.0,-51.0,22.0,20.0,-67.0,22.0,-54.0,-70.0,28.0,38.0,-11.0,3.0,27.26,-41.38,23.09,21.42,-26.520000000000003,10.61,-49.81,-39.989999999999995,57.64,15.3,28.770000000000003,-21.35
2025-07-28T18:23:38.286972,67.0,-43.0,-2.0,-6.0,3.0,42.0,62.0,-47.0,13.0,49.0,-42.0,17.0,46.260000000000005,-33.38,-0.9099999999999999,-4.58,43.48,30.61,66.19,-16.99,42.64,26.3,-2.229999999999997,-7.350000000000001
2025-07-28T18:23:38.291335,33.0,-20.0,61.0,-41.0,-76.0,-39.0,-12.0,43.0,-81.0,23.0,-105.0,57.0,12.260000000000002,-10.38,62.09,-39.58,-35.52,-50.39,-7.81,73.01,-51.36,0.3000000000000007,-65.22999999999999,32.65
2025-07-28T18:23:38.299439,-64.0,-22.0,40.0,32.0,24.0,-24.0,-7.0,-45.0,-67.0,-18.0,-51.0,5.0,-84.74,-12.38,41.09,33.42,64.47999999999999,-35.39,-2.8099999999999996,-14.989999999999998,-37.36,-40.7,-11.229999999999997,-19.35
2025-07-28T18:23:38.303517,23.0,-55.0,23.0,28.0,-1.0,-25.0,13.0,18.0,-71.0,20.0,-27.0,-26.0,2.2600000000000016,-45.38,24.09,29.42,39.48,-36.39,17.19,48.010000000000005,-41.36,-2.6999999999999993,12.770000000000003,-50.35
2025-07-28T18:23:38.307649,-79.0,24.0,71.0,24.0,-97.0,21.0,-62.0,7.0,-42.0,4.0,-15.0,1.0,-99.74,33.62,72.09,25.42,-56.52,9.61,-57.81,37.010000000000005,-12.36,-18.7,24.770000000000003,-23.35
2025-07-28T18:23:38.315858,-45.0,-56.0,26.0,9.0,-51.0,37.0,-3.0,-37.0,-93.0,53.0,-71.0,78.0,-65.74,-46.38,27.09,10.42,-10.520000000000003,25.61,1.1900000000000004,-6.989999999999998,-63.36,30.3,-31.229999999999997,53.65
2025-07-28T18:23:38.320040,-24.0,-24.0,31.0,-8.0,-36.0,34.0,-4.0,-38.0,-71.0,29.0,1.0,48.0,-44.739999999999995,-14.38,32.09,-6.58,4.479999999999997,22.61,0.1900000000000004,-7.989999999999998,-41.36,6.300000000000001,40.77,23.65
2025-07-28T18:23:38.328003,19.0,27.0,26.0,77.0,-108.0,69.0,-56.0,-47.0,-6.0,70.0,-85.0,78.0,-1.7399999999999984,36.62,27.09,78.42,-67.52000000000001,57.61,-51.81,-16.99,23.64,47.3,-45.23,53.65
2025-07-28T18:23:38.332138,-1.0,33.0,-64.0,-14.0,-56.0,40.0,25.0,-2.0,-3.0,84.0,35.0,23.0,-21.74,42.62,-62.91,-12.58,-15.520000000000003,28.61,29.19,28.01,26.64,61.3,74.77000000000001,-1.3500000000000014
2025-07-28T18:23:38.340369,-42.0,-43.0,-17.0,-81.0,-64.0,74.0,-34.0,60.0,-39.0,2.0,-4.0,17.0,-62.739999999999995,-33.38,-15.91,-79.58,-23.520000000000003,62.61,-29.81,90.01,-9.36,-20.7,35.77,-7.350000000000001
2025-07-28T18:23:38.344431,10.0,13.0,-104.0,-22.0,-57.0,16.0,49.0,-20.0,-59.0,7.0,-4.0,46.0,-10.739999999999998,22.619999999999997,-102.91,-20.58,-16.520000000000003,4.609999999999999,53.19,10.010000000000002,-29.36,-15.7,35.77,21.65
2025-07-28T18:23:38.352603,113.0,-18.0,-24.0,-10.0,10.0,-46.0,-64.0,-11.0,-22.0,46.0,8.0,51.0,92.26,-8.38,-22.91,-8.58,50.48,-57.39,-59.81,19.01,7.640000000000001,23.3,47.77,26.65
2025-07-28T18:23:38.356773,79.0,-45.0,-18.0,57.0,-50.0,-11.0,29.0,-77.0,-60.0,33.0,-18.0,13.0,58.260000000000005,-35.38,-16.91,58.42,-9.520000000000003,-22.39,33.19,-46.989999999999995,-30.36,10.3,21.770000000000003,-11.350000000000001
2025-07-28T18:23:38.364906,58.0,-71.0,-25.0,24.0,-117.0,35.0,13.0,-60.0,0.0,48.0,-50.0,41.0,37.260000000000005,-61.38,-23.91,25.42,-76.52000000000001,23.61,17.19,-29.99,29.64,25.3,-10.229999999999997,16.65
2025-07-28T18:23:38.369202,-17.0,5.0,-36.0,16.0,-104.0,31.0,-13.0,20.0,62.0,10.0,-54.0,-12.0,-37.739999999999995,14.62,-34.91,17.42,-63.52,19.61,-8.809999999999999,50.010000000000005,91.64,-12.7,-14.229999999999997,-36.35
2025-07-28T18:23:38.377258,27.0,48.0,-4.0,-35.0,-31.0,51.0,-22.0,-10.0,-62.0,89.0,-74.0,-3.0,6.260000000000002,57.62,-2.91,-33.58,9.479999999999997,39.61,-17.81,20.01,-32.36,66.3,-34.23,-27.35
2025-07-28T18:23:38.381444,-61.0,54.0,-12.0,-35.0,35.0,61.0,52.0,-74.0,-48.0,52.0,12.0,22.0,-81.74,63.62,-10.91,-33.58,75.47999999999999,49.61,56.19,-43.989999999999995,-18.36,29.3,51.77,-2.3500000000000014
2025-07-28T18:23:38.389638,26.0,57.0,-12.0,-12.0,-14.0,-21.0,-6.0,-24.0,-9.0,40.0,-78.0,125.0,5.260000000000002,66.62,-10.91,-10.58,26.479999999999997,-32.39,-1.8099999999999996,6.010000000000002,20.64,17.3,-38.23,100.65
2025-07-28T18:23:38.393644,121.0,-40.0,-10.0,-70.0,11.0,63.0,92.0,-34.0,-82.0,49.0,-46.0,-13.0,100.26,-30.380000000000003,-8.91,-68.58,51.48,51.61,96.19,-3.9899999999999984,-52.36,26.3,-6.229999999999997,-37.35
2025-07-28T18:23:38.402288,103.0,-42.0,11.0,50.0,-71.0,-69.0,-31.0,-37.0,-31.0,25.0,-24.0,48.0,82.26,-32.38,12.09,51.42,-30.520000000000003,-80.39,-26.81,-6.989999999999998,-1.3599999999999994,2.3000000000000007,15.770000000000003,23.65
2025-07-28T18:23:38.405941,70.0,-89.0,37.0,-6.0,-47.0,60.0,57.0,-17.0,-56.0,22.0,-94.0,63.0,49.260000000000005,-79.38,38.09,-4.58,-6.520000000000003,48.61,61.19,13.010000000000002,-26.36,-0.6999999999999993,-54.23,38.65
2025-07-28T18:23:38.413963,-30.0,-19.0,54.0,-4.0,-64.0,80.0,5.0,-60.0,-42.0,8.0,-90.0,51.0,-50.739999999999995,-9.38,55.09,-2.58,-23.520000000000003,68.61,9.190000000000001,-29.99,-12.36,-14.7,-50.23,26.65
2025-07-28T18:23:38.418403,-60.0,-34.0,92.0,-5.0,-48.0,30.0,-14.0,42.0,-13.0,52.0,-88.0,17.0,-80.74,-24.380000000000003,93.09,-3.58,-7.520000000000003,18.61,-9.809999999999999,72.01,16.64,29.3,-48.23,-7.350000000000001
2025-07-28T18:23:38.426316,-28.0,18.0,8.0,-10.0,17.0,30.0,-37.0,-19.0,5.0,21.0,-4.0,36.0,-48.739999999999995,27.619999999999997,9.09,-8.58,57.48,18.61,-32.81,11.010000000000002,34.64,-1.6999999999999993,35.77,11.649999999999999
2025-07-28T18:23:38.430494,-73.0,22.0,43.0,9.0,-61.0,20.0,-38.0,4.0,-67.0,-9.0,-49.0,85.0,-93.74,31.619999999999997,44.09,10.42,-20.520000000000003,8.61,-33.81,34.010000000000005,-37.36,-31.7,-9.229999999999997,60.65
2025-07-28T18:23:38.438520,-12.0,62.0,53.0,-6.0,45.0,-52.0,-23.0,24.0,-28.0,23.0,-4.0,95.0,-32.739999999999995,71.62,54.09,-4.58,85.47999999999999,-63.39,-18.81,54.010000000000005,1.6400000000000006,0.3000000000000007,35.77,70.65
2025-07-28T18:23:38.442900,8.0,73.0,40.0,-16.0,-4.0,-76.0,8.0,-46.0,-45.0,-22.0,-116.0,55.0,-12.739999999999998,82.62,41.09,-14.58,36.48,-87.39,12.190000000000001,-15.989999999999998,-15.36,-44.7,-76.22999999999999,30.65
2025-07-28T18:23:38.450930,6.0,-46.0,67.0,-42.0,-41.0,-54.0,4.0,22.0,-10.0,78.0,-8.0,41.0,-14.739999999999998,-36.38,68.09,-40.58,-0.5200000000000031,-65.39,8.190000000000001,52.010000000000005,19.64,55.3,31.770000000000003,16.65
2025-07-28T18:23:38.455067,24.0,-14.0,32.0,23.0,-94.0,24.0,-20.0,-53.0,0.0,-29.0,-39.0,46.0,3.2600000000000016,-4.380000000000001,33.09,24.42,-53.52,12.61,-15.809999999999999,-22.99,29.64,-51.7,0.7700000000000031,21.65
2025-07-28T18:23:38.463122,29.0,34.0,-91.0,3.0,-105.0,28.0,42.0,12.0,-56.0,55.0,-31.0,52.0,8.260000000000002,43.62,-89.91,4.42,-64.52000000000001,16.61,46.19,42.010000000000005,-26.36,32.3,8.770000000000003,27.65
2025-07-28T18:23:38.467453,57.0,-13.0,-94.0,-66.0,-50.0,69.0,-37.0,-5.0,-42.0,63.0,-40.0,35.0,36.260000000000005,-3.380000000000001,-92.91,-64.58,-9.520000000000003,57.61,-32.81,25.01,-12.36,40.3,-0.22999999999999687,10.649999999999999
2025-07-28T18:23:38.475395,56.0,-70.0,-26.0,-41.0,-69.0,66.0,25.0,13.0,-79.0,9.0,18.0,14.0,35.260000000000005,-60.38,-24.91,-39.58,-28.520000000000003,54.61,29.19,43.010000000000005,-49.36,-13.7,57.77,-10.350000000000001
2025-07-28T18:23:38.479638,32.0,-88.0,-16.0,-25.0,-24.0,-2.0,-53.0,-16.0,-37.0,47.0,-40.0,17.0,11.260000000000002,-78.38,-14.91,-23.58,16.479999999999997,-13.39,-48.81,14.010000000000002,-7.359999999999999,24.3,-0.22999999999999687,-7.350000000000001
2025-07-28T18:23:38.487702,85.0,-64.0,37.0,3.0,-26.0,-8.0,-36.0,-6.0,-6.0,15.0,-12.0,50.0,64.26,-54.38,38.09,4.42,14.479999999999997,-19.39,-31.81,24.01,23.64,-7.699999999999999,27.770000000000003,25.65
2025-07-28T18:23:38.492114,81.0,-10.0,109.0,11.0,-27.0,-36.0,-54.0,-24.0,-61.0,29.0,-61.0,-26.0,60.260000000000005,-0.3800000000000008,110.09,12.42,13.479999999999997,-47.39,-49.81,6.010000000000002,-31.36,6.300000000000001,-21.229999999999997,-50.35
2025-07-28T18:23:38.500176,30.0,-2.0,8.0,-28.0,-61.0,25.0,-29.0,-114.0,-73.0,81.0,-49.0,74.0,9.260000000000002,7.619999999999999,9.09,-26.58,-20.520000000000003,13.61,-24.81,-83.99,-43.36,58.3,-9.229999999999997,49.65
2025-07-28T18:23:38.504298,-17.0,-2.0,55.0,-23.0,-101.0,20.0,42.0,-98.0,-27.0,47.0,-57.0,-12.0,-37.739999999999995,7.619999999999999,56.09,-21.58,-60.52,8.61,46.19,-67.99,2.6400000000000006,24.3,-17.229999999999997,-36.35
2025-07-28T18:23:38.512280,-29.0,8.0,-24.0,-49.0,-14.0,94.0,-2.0,-105.0,-15.0,-34.0,-24.0,83.0,-49.739999999999995,17.619999999999997,-22.91,-47.58,26.479999999999997,82.61,2.1900000000000004,-74.99,14.64,-56.7,15.770000000000003,58.65
2025-07-28T18:23:38.516557,62.0,32.0,-51.0,34.0,32.0,26.0,26.0,-30.0,-55.0,1.0,-14.0,21.0,41.260000000000005,41.62,-49.91,35.42,72.47999999999999,14.61,30.19,0.010000000000001563,-25.36,-21.7,25.770000000000003,-3.3500000000000014
2025-07-28T18:23:38.524664,24.0,-93.0,2.0,-16.0,-63.0,-21.0,-29.0,-74.0,6.0,42.0,-51.0,70.0,3.2600000000000016,-83.38,3.09,-14.58,-22.520000000000003,-32.39,-24.81,-43.989999999999995,35.64,19.3,-11.229999999999997,45.65
2025-07-28T18:23:38.528933,63.0,-15.0,-86.0,-6.0,10.0,8.0,12.0,-23.0,-41.0,52.0,-43.0,41.0,42.260000000000005,-5.380000000000001,-84.91,-4.58,50.48,-3.3900000000000006,16.19,7.010000000000002,-11.36,29.3,-3.229999999999997,16.65
2025-07-28T18:23:38.536963,52.0,19.0,-23.0,0.0,-115.0,-69.0,-25.0,-21.0,-29.0,7.0,-67.0,51.0,31.26,28.619999999999997,-21.91,1.42,-74.52000000000001,-80.39,-20.81,9.010000000000002,0.6400000000000006,-15.7,-27.229999999999997,26.65
2025-07-28T18:23:38.541068,30.0,3.0,-27.0,50.0,-38.0,66.0,37.0,-106.0,-25.0,19.0,-70.0,86.0,9.260000000000002,12.62,-25.91,51.42,2.479999999999997,54.61,41.19,-75.99,4.640000000000001,-3.6999999999999993,-30.229999999999997,61.65
2025-07-28T18:23:38.545115,40.0,-113.0,33.0,-94.0,-97.0,-8.0,-8.0,-34.0,1.0,36.0,-16.0,15.0,19.26,-103.38,34.09,-92.58,-56.52,-19.39,-3.8099999999999996,-3.9899999999999984,30.64,13.3,23.770000000000003,-9.350000000000001
2025-07-28T18:23:38.553341,-3.0,-28.0,-22.0,-47.0,-35.0,10.0,3.0,-61.0,16.0,44.0,-55.0,32.0,-23.74,-18.380000000000003,-20.91,-45.58,5.479999999999997,-1.3900000000000006,7.19,-30.99,45.64,21.3,-15.229999999999997,7.649999999999999
2025-07-28T18:23:38.557396,-65.0,-31.0,-54.0,-58.0,-77.0,24.0,1.0,-23.0,-15.0,46.0,29.0,16.0,-85.74,-21.380000000000003,-52.91,-56.58,-36.52,12.61,5.19,7.010000000000002,14.64,23.3,68.77000000000001,-8.350000000000001
2025-07-28T18:23:38.565601,50.0,-5.0,-49.0,9.0,-8.0,-42.0,-19.0,-39.0,43.0,11.0,-19.0,19.0,29.26,4.619999999999999,-47.91,10.42,32.48,-53.39,-14.809999999999999,-8.989999999999998,72.64,-11.7,20.770000000000003,-5.350000000000001
2025-07-28T18:23:38.569671,71.0,27.0,-17.0,3.0,-118.0,47.0,35.0,-33.0,14.0,60.0,-69.0,54.0,50.260000000000005,36.62,-15.91,4.42,-77.52000000000001,35.61,39.19,-2.9899999999999984,43.64,37.3,-29.229999999999997,29.65
2025-07-28T18:23:38.578089,22.0,-49.0,1.0,45.0,-135.0,-6.0,-20.0,-58.0,-20.0,1.0,-20.0,25.0,1.2600000000000016,-39.38,2.09,46.42,-94.52000000000001,-17.39,-15.809999999999999,-27.99,9.64,-21.7,19.770000000000003,0.6499999999999986
2025-07-28T18:23:38.582031,94.0,-29.0,37.0,-34.0,-31.0,62.0,-54.0,-74.0,-29.0,30.0,-40.0,11.0,73.26,-19.380000000000003,38.09,-32.58,9.479999999999997,50.61,-49.81,-43.989999999999995,0.6400000000000006,7.300000000000001,-0.22999999999999687,-13.350000000000001
2025-07-28T18:23:38.590341,26.0,-35.0,55.0,-30.0,-35.0,36.0,17.0,-22.0,-42.0,50.0,-40.0,47.0,5.260000000000002,-25.380000000000003,56.09,-28.58,5.479999999999997,24.61,21.19,8.010000000000002,-12.36,27.3,-0.22999999999999687,22.65
2025-07-28T18:23:38.594321,-12.0,83.0,-8.0,4.0,-26.0,-25.0,-32.0,-38.0,-103.0,58.0,-35.0,11.0,-32.739999999999995,92.62,-6.91,5.42,14.479999999999997,-36.39,-27.81,-7.989999999999998,-73.36,35.3,4.770000000000003,-13.350000000000001
2025-07-28T18:23:38.602369,-28.0,-9.0,-51.0,3.0,-46.0,14.0,-60.0,1.0,-18.0,19.0,-2.0,82.0,-48.739999999999995,0.6199999999999992,-49.91,4.42,-5.520000000000003,2.6099999999999994,-55.81,31.01,11.64,-3.6999999999999993,37.77,57.65
2025-07-28T18:23:38.606552,21.0,51.0,-43.0,-19.0,-27.0,17.0,-2.0,-5.0,18.0,35.0,-7.0,54.0,0.26000000000000156,60.62,-41.91,-17.58,13.479999999999997,5.609999999999999,2.1900000000000004,25.01,47.64,12.3,32.77,29.65
2025-07-28T18:23:38.614860,-53.0,58.0,-17.0,32.0,-18.0,36.0,-30.0,-38.0,-4.0,81.0,-43.0,3.0,-73.74,67.62,-15.91,33.42,22.479999999999997,24.61,-25.81,-7.989999999999998,25.64,58.3,-3.229999999999997,-21.35
2025-07-28T18:23:38.619118,-13.0,-8.0,-15.0,37.0,-73.0,13.0,-53.0,-52.0,16.0,32.0,-29.0,18.0,-33.739999999999995,1.6199999999999992,-13.91,38.42,-32.52,1.6099999999999994,-48.81,-21.99,45.64,9.3,10.770000000000003,-6.350000000000001
2025-07-28T18:23:38.627167,48.0,-36.0,-15.0,-31.0,-89.0,88.0,6.0,-35.0,-65.0,33.0,-14.0,24.0,27.26,-26.380000000000003,-13.91,-29.58,-48.52,76.61,10.190000000000001,-4.989999999999998,-35.36,10.3,25.770000000000003,-0.3500000000000014
2025-07-28T18:23:38.631391,74.0,-10.0,43.0,-12.0,-7.0,58.0,30.0,-104.0,-71.0,-9.0,16.0,54.0,53.260000000000005,-0.3800000000000008,44.09,-10.58,33.48,46.61,34.19,-73.99,-41.36,-31.7,55.77,29.65
2025-07-28T18:23:38.639439,-20.0,-76.0,20.0,-62.0,-28.0,-34.0,-42.0,9.0,-30.0,21.0,-146.0,31.0,-40.739999999999995,-66.38,21.09,-60.58,12.479999999999997,-45.39,-37.81,39.010000000000005,-0.35999999999999943,-1.6999999999999993,-106.22999999999999,6.649999999999999
2025-07-28T18:23:38.643711,10.0,14.0,10.0,-10.0,-26.0,-20.0,7.0,-35.0,-46.0,-20.0,-46.0,17.0,-10.739999999999998,23.619999999999997,11.09,-8.58,14.479999999999997,-31.39,11.190000000000001,-4.989999999999998,-16.36,-42.7,-6.229999999999997,-7.350000000000001
2025-07-28T18:23:38.651562,-6.0,23.0,-31.0,13.0,-134.0,-18.0,23.0,-68.0,-52.0,53.0,-57.0,51.0,-26.74,32.62,-29.91,14.42,-93.52000000000001,-29.39,27.19,-37.989999999999995,-22.36,30.3,-17.229999999999997,26.65
2025-07-28T18:23:38.655772,118.0,-19.0,-53.0,63.0,-56.0,-6.0,-23.0,-36.0,-29.0,44.0,-60.0,68.0,97.26,-9.38,-51.91,64.42,-15.520000000000003,-17.39,-18.81,-5.989999999999998,0.6400000000000006,21.3,-20.229999999999997,43.65
2025-07-28T18:23:38.663889,62.0,-17.0,-11.0,-24.0,-17.0,67.0,-28.0,-2.0,1.0,-36.0,-77.0,18.0,41.260000000000005,-7.380000000000001,-9.91,-22.58,23.479999999999997,55.61,-23.81,28.01,30.64,-58.7,-37.23,-6.350000000000001
2025-07-28T18:23:38.668117,68.0,-36.0,-58.0,10.0,32.0,15.0,27.0,-41.0,27.0,36.0,-47.0,48.0,47.260000000000005,-26.380000000000003,-56.91,11.42,72.47999999999999,3.6099999999999994,31.19,-10.989999999999998,56.64,13.3,-7.229999999999997,23.65
2025-07-28T18:23:38.676265,-25.0,-11.0,12.0,-1.0,-27.0,-39.0,-22.0,-36.0,-30.0,42.0,-39.0,49.0,-45.739999999999995,-1.3800000000000008,13.09,0.41999999999999993,13.479999999999997,-50.39,-17.81,-5.989999999999998,-0.35999999999999943,19.3,0.7700000000000031,24.65
2025-07-28T18:23:38.680365,-21.0,-38.0,0.0,87.0,-78.0,-49.0,63.0,-39.0,-14.0,43.0,-71.0,62.0,-41.739999999999995,-28.380000000000003,1.09,88.42,-37.52,-60.39,67.19,-8.989999999999998,15.64,20.3,-31.229999999999997,37.65
2025-07-28T18:23:38.688538,-18.0,33.0,18.0,30.0,-21.0,44.0,-63.0,-48.0,-13.0,-32.0,-26.0,33.0,-38.739999999999995,42.62,19.09,31.42,19.479999999999997,32.61,-58.81,-17.99,16.64,-54.7,13.770000000000003,8.649999999999999
2025-07-28T18:23:38.692623,-28.0,11.0,-28.0,13.0,-82.0,-28.0,-47.0,4.0,-80.0,67.0,-33.0,-9.0,-48.739999999999995,20.619999999999997,-26.91,14.42,-41.52,-39.39,-42.81,34.010000000000005,-50.36,44.3,6.770000000000003,-33.35
2025-07-28T18:23:38.700781,38.0,-27.0,-26.0,-59.0,-9.0,27.0,25.0,-28.0,-56.0,101.0,-93.0,13.0,17.26,-17.380000000000003,-24.91,-57.58,31.479999999999997,15.61,29.19,2.0100000000000016,-26.36,78.3,-53.23,-11.350000000000001
2025-07-28T18:23:38.705123,110.0,5.0,-61.0,8.0,-10.0,62.0,-14.0,-10.0,-28.0,64.0,-99.0,12.0,89.26,14.62,-59.91,9.42,30.479999999999997,50.61,-9.809999999999999,20.01,1.6400000000000006,41.3,-59.23,-12.350000000000001
2025-07-28T18:23:38.712931,89.0,9.0,-59.0,-29.0,0.0,4.0,9.0,-13.0,-16.0,22.0,-42.0,68.0,68.26,18.619999999999997,-57.91,-27.58,40.48,-7.390000000000001,13.190000000000001,17.01,13.64,-0.6999999999999993,-2.229999999999997,43.65
2025-07-28T18:23:38.717199,49.0,25.0,-23.0,-4.0,-31.0,-5.0,-29.0,-42.0,-47.0,53.0,-85.0,-82.0,28.26,34.62,-21.91,-2.58,9.479999999999997,-16.39,-24.81,-11.989999999999998,-17.36,30.3,-45.23,-106.35
2025-07-28T18:23:38.725512,33.0,34.0,-61.0,-14.0,-2.0,13.0,21.0,-59.0,-65.0,54.0,-69.0,-3.0,12.260000000000002,43.62,-59.91,-12.58,38.48,1.6099999999999994,25.19,-28.99,-35.36,31.3,-29.229999999999997,-27.35
2025-07-28T18:23:38.729666,63.0,38.0,-69.0,-16.0,-94.0,37.0,-38.0,-30.0,-72.0,3.0,-28.0,-44.0,42.260000000000005,47.62,-67.91,-14.58,-53.52,25.61,-33.81,0.010000000000001563,-42.36,-19.7,11.770000000000003,-68.35
2025-07-28T18:23:38.737659,92.0,-27.0,-62.0,37.0,-66.0,40.0,-37.0,-27.0,-12.0,-6.0,-45.0,-37.0,71.26,-17.380000000000003,-60.91,38.42,-25.520000000000003,28.61,-32.81,3.0100000000000016,17.64,-28.7,-5.229999999999997,-61.35
2025-07-28T18:23:38.741869,42.0,-115.0,40.0,19.0,-10.0,38.0,-4.0,-77.0,-63.0,45.0,-47.0,-60.0,21.26,-105.38,41.09,20.42,30.479999999999997,26.61,0.1900000000000004,-46.989999999999995,-33.36,22.3,-7.229999999999997,-84.35
2025-07-28T18:23:38.750042,-28.0,-47.0,60.0,-70.0,-6.0,45.0,4.0,-45.0,-14.0,82.0,-107.0,8.0,-48.739999999999995,-37.38,61.09,-68.58,34.48,33.61,8.190000000000001,-14.989999999999998,15.64,59.3,-67.22999999999999,-16.35
2025-07-28T18:23:38.754097,-16.0,9.0,46.0,-1.0,-38.0,23.0,64.0,-27.0,-34.0,26.0,-33.0,-22.0,-36.739999999999995,18.619999999999997,47.09,0.41999999999999993,2.479999999999997,11.61,68.19,3.0100000000000016,-4.359999999999999,3.3000000000000007,6.770000000000003,-46.35
2025-07-28T18:23:38.762134,6.0,28.0,-7.0,-35.0,-59.0,7.0,59.0,-38.0,-49.0,10.0,-65.0,-21.0,-14.739999999999998,37.62,-5.91,-33.58,-18.520000000000003,-4.390000000000001,63.19,-7.989999999999998,-19.36,-12.7,-25.229999999999997,-45.35
2025-07-28T18:23:38.766562,50.0,18.0,-57.0,86.0,-30.0,0.0,-1.0,6.0,-44.0,21.0,-95.0,-16.0,29.26,27.619999999999997,-55.91,87.42,10.479999999999997,-11.39,3.1900000000000004,36.010000000000005,-14.36,-1.6999999999999993,-55.23,-40.35
2025-07-28T18:23:38.774545,-55.0,31.0,-43.0,-15.0,-18.0,-9.0,22.0,-21.0,-44.0,-29.0,-18.0,-33.0,-75.74,40.62,-41.91,-13.58,22.479999999999997,-20.39,26.19,9.010000000000002,-14.36,-51.7,21.770000000000003,-57.35
2025-07-28T18:23:38.778786,96.0,34.0,20.0,10.0,-138.0,9.0,-23.0,-103.0,-16.0,44.0,-68.0,10.0,75.26,43.62,21.09,11.42,-97.52000000000001,-2.3900000000000006,-18.81,-72.99,13.64,21.3,-28.229999999999997,-14.350000000000001
2025-07-28T18:23:38.786909,37.0,-23.0,-31.0,-2.0,35.0,15.0,-26.0,-82.0,-12.0,20.0,-29.0,-26.0,16.26,-13.38,-29.91,-0.5800000000000001,75.47999999999999,3.6099999999999994,-21.81,-51.989999999999995,17.64,-2.6999999999999993,10.770000000000003,-50.35
2025-07-28T18:23:38.791109,83.0,-22.0,50.0,-7.0,-3.0,-5.0,-45.0,-24.0,-13.0,50.0,-30.0,37.0,62.260000000000005,-12.38,51.09,-5.58,37.48,-16.39,-40.81,6.010000000000002,16.64,27.3,9.770000000000003,12.649999999999999
2025-07-28T18:23:38.799120,58.0,-63.0,56.0,48.0,-9.0,4.0,-53.0,-21.0,73.0,-7.0,-48.0,-60.0,37.260000000000005,-53.38,57.09,49.42,31.479999999999997,-7.390000000000001,-48.81,9.010000000000002,102.64,-29.7,-8.229999999999997,-84.35
2025-07-28T18:23:38.803338,91.0,-119.0,32.0,1.0,6.0,25.0,-26.0,-39.0,0.0,88.0,-2.0,22.0,70.26,-109.38,33.09,2.42,46.48,13.61,-21.81,-8.989999999999998,29.64,65.3,37.77,-2.3500000000000014
2025-07-28T18:23:38.811419,20.0,-66.0,19.0,-6.0,-118.0,23.0,-38.0,-36.0,-25.0,68.0,64.0,53.0,-0.7399999999999984,-56.38,20.09,-4.58,-77.52000000000001,11.61,-33.81,-5.989999999999998,4.640000000000001,45.3,103.77000000000001,28.65
2025-07-28T18:23:38.815631,-37.0,-42.0,32.0,29.0,-35.0,48.0,-30.0,-47.0,12.0,75.0,-19.0,1.0,-57.739999999999995,-32.38,33.09,30.42,5.479999999999997,36.61,-25.81,-16.99,41.64,52.3,20.770000000000003,-23.35
2025-07-28T18:23:38.823660,8.0,69.0,26.0,-29.0,-50.0,12.0,6.0,-66.0,-63.0,32.0,-17.0,-35.0,-12.739999999999998,78.62,27.09,-27.58,-9.520000000000003,0.6099999999999994,10.190000000000001,-35.989999999999995,-33.36,9.3,22.770000000000003,-59.35
2025-07-28T18:23:38.827905,-1.0,69.0,21.0,-44.0,0.0,46.0,1.0,-85.0,-44.0,-42.0,54.0,-28.0,-21.74,78.62,22.09,-42.58,40.48,34.61,5.19,-54.989999999999995,-14.36,-64.7,93.77000000000001,-52.35
2025-07-28T18:23:38.831774,-32.0,27.0,41.0,-4.0,3.0,-14.0,-28.0,6.0,-35.0,-15.0,1.0,-19.0,-52.739999999999995,36.62,42.09,-2.58,43.48,-25.39,-23.81,36.010000000000005,-5.359999999999999,-37.7,40.77,-43.35
2025-07-28T18:23:38.840101,-56.0,93.0,36.0,-10.0,-7.0,-13.0,0.0,-2.0,-13.0,35.0,35.0,-4.0,-76.74,102.62,37.09,-8.58,33.48,-24.39,4.19,28.01,16.64,12.3,74.77000000000001,-28.35
2025-07-28T18:23:38.844124,30.0,28.0,22.0,-34.0,-20.0,-45.0,-27.0,-16.0,-20.0,-8.0,10.0,-8.0,9.260000000000002,37.62,23.09,-32.58,20.479999999999997,-56.39,-22.81,14.010000000000002,9.64,-30.7,49.77,-32.35
2025-07-28T18:23:38.852350,1.0,58.0,-75.0,-6.0,8.0,23.0,-31.0,17.0,-36.0,-96.0,7.0,6.0,-19.74,67.62,-73.91,-4.58,48.48,11.61,-26.81,47.010000000000005,-6.359999999999999,-118.7,46.77,-18.35
2025-07-28T18:23:38.856365,27.0,-8.0,-13.0,38.0,-52.0,33.0,-24.0,15.0,8.0,-20.0,1.0,24.0,6.260000000000002,1.6199999999999992,-11.91,39.42,-11.520000000000003,21.61,-19.81,45.010000000000005,37.64,-42.7,40.77,-0.3500000000000014
2025-07-28T18:23:38.864570,10.0,4.0,17.0,-17.0,-89.0,-11.0,-93.0,34.0,-73.0,-41.0,-1.0,52.0,-10.739999999999998,13.62,18.09,-15.58,-48.52,-22.39,-88.81,64.01,-43.36,-63.7,38.77,27.65
2025-07-28T18:23:38.868820,-6.0,80.0,-44.0,-22.0,-83.0,-28.0,4.0,-54.0,-88.0,-15.0,-43.0,55.0,-26.74,89.62,-42.91,-20.58,-42.52,-39.39,8.190000000000001,-23.99,-58.36,-37.7,-3.229999999999997,30.65
2025-07-28T18:23:38.876896,-1.0,0.0,-32.0,-42.0,-22.0,22.0,2.0,-39.0,-28.0,-61.0,-32.0,72.0,-21.74,9.62,-30.91,-40.58,18.479999999999997,10.61,6.19,-8.989999999999998,1.6400000000000006,-83.7,7.770000000000003,47.65
2025-07-28T18:23:38.881058,45.0,68.0,0.0,-58.0,-66.0,41.0,-41.0,-49.0,-15.0,-72.0,-75.0,70.0,24.26,77.62,1.09,-56.58,-25.520000000000003,29.61,-36.81,-18.99,14.64,-94.7,-35.23,45.65
2025-07-28T18:23:38.889113,58.0,-47.0,-34.0,-37.0,-27.0,60.0,-31.0,-5.0,-8.0,-45.0,-52.0,62.0,37.260000000000005,-37.38,-32.91,-35.58,13.479999999999997,48.61,-26.81,25.01,21.64,-67.7,-12.229999999999997,37.65
2025-07-28T18:23:38.893502,47.0,-55.0,-10.0,-31.0,-93.0,114.0,4.0,24.0,14.0,-14.0,-77.0,2.0,26.26,-45.38,-8.91,-29.58,-52.52,102.61,8.190000000000001,54.010000000000005,43.64,-36.7,-37.23,-22.35
2025-07-28T18:23:38.901428,90.0,7.0,-38.0,11.0,-61.0,-53.0,11.0,-9.0,-52.0,-30.0,-23.0,41.0,69.26,16.619999999999997,-36.91,12.42,-20.520000000000003,-64.39,15.190000000000001,21.01,-22.36,-52.7,16.770000000000003,16.65
2025-07-28T18:23:38.905716,34.0,-12.0,-44.0,17.0,-105.0,-48.0,-48.0,-41.0,37.0,-26.0,12.0,35.0,13.260000000000002,-2.380000000000001,-42.91,18.42,-64.52000000000001,-59.39,-43.81,-10.989999999999998,66.64,-48.7,51.77,10.649999999999999
2025-07-28T18:23:38.913740,10.0,-45.0,-24.0,-32.0,-24.0,0.0,-39.0,25.0,14.0,-45.0,-30.0,85.0,-10.739999999999998,-35.38,-22.91,-30.58,16.479999999999997,-11.39,-34.81,55.010000000000005,43.64,-67.7,9.770000000000003,60.65
2025-07-28T18:23:38.917831,-51.0,30.0,22.0,-112.0,1.0,43.0,7.0,-10.0,-12.0,-1.0,-63.0,35.0,-71.74,39.62,23.09,-110.58,41.48,31.61,11.190000000000001,20.01,17.64,-23.7,-23.229999999999997,10.649999999999999
2025-07-28T18:23:38.926083,-21.0,50.0,-57.0,-18.0,-4.0,52.0,28.0,-4.0,-73.0,-11.0,-24.0,12.0,-41.739999999999995,59.62,-55.91,-16.58,36.48,40.61,32.19,26.01,-43.36,-33.7,15.770000000000003,-12.350000000000001
2025-07-28T18:23:38.930088,55.0,-6.0,-6.0,-36.0,-68.0,9.0,14.0,8.0,-25.0,-22.0,-68.0,50.0,34.260000000000005,3.619999999999999,-4.91,-34.58,-27.520000000000003,-2.3900000000000006,18.19,38.010000000000005,4.640000000000001,-44.7,-28.229999999999997,25.65
2025-07-28T18:23:38.938382,26.0,-20.0,32.0,16.0,-63.0,36.0,-1.0,-58.0,-37.0,-45.0,-13.0,16.0,5.260000000000002,-10.38,33.09,17.42,-22.520000000000003,24.61,3.1900000000000004,-27.99,-7.359999999999999,-67.7,26.770000000000003,-8.350000000000001
2025-07-28T18:23:38.942428,66.0,10.0,19.0,7.0,-121.0,-43.0,-51.0,-48.0,-43.0,-14.0,-8.0,-16.0,45.260000000000005,19.619999999999997,20.09,8.42,-80.52000000000001,-54.39,-46.81,-17.99,-13.36,-36.7,31.770000000000003,-40.35
2025-07-28T18:23:38.950673,-35.0,-35.0,-59.0,-41.0,-25.0,7.0,75.0,-32.0,12.0,-45.0,-47.0,92.0,-55.739999999999995,-25.380000000000003,-57.91,-39.58,15.479999999999997,-4.390000000000001,79.19,-1.9899999999999984,41.64,-67.7,-7.229999999999997,67.65
2025-07-28T18:23:38.954646,26.0,-9.0,51.0,-9.0,-8.0,34.0,63.0,-51.0,-39.0,-76.0,-27.0,65.0,5.260000000000002,0.6199999999999992,52.09,-7.58,32.48,22.61,67.19,-20.99,-9.36,-98.7,12.770000000000003,40.65
2025-07-28T18:23:38.962907,102.0,-59.0,30.0,6.0,-14.0,96.0,-50.0,-37.0,-33.0,36.0,-39.0,39.0,81.26,-49.38,31.09,7.42,26.479999999999997,84.61,-45.81,-6.989999999999998,-3.3599999999999994,13.3,0.7700000000000031,14.649999999999999
2025-07-28T18:23:38.967235,-76.0,-8.0,29.0,-32.0,-47.0,-34.0,0.0,-48.0,10.0,17.0,-57.0,17.0,-96.74,1.6199999999999992,30.09,-30.58,-6.520000000000003,-45.39,4.19,-17.99,39.64,-5.699999999999999,-17.229999999999997,-7.350000000000001
2025-07-28T18:23:38.975223,9.0,-44.0,41.0,41.0,-11.0,19.0,-10.0,4.0,10.0,-1.0,-108.0,4.0,-11.739999999999998,-34.38,42.09,42.42,29.479999999999997,7.609999999999999,-5.81,34.010000000000005,39.64,-23.7,-68.22999999999999,-20.35
2025-07-28T18:23:38.979504,-3.0,7.0,32.0,42.0,-2.0,4.0,25.0,-74.0,-57.0,47.0,-29.0,52.0,-23.74,16.619999999999997,33.09,43.42,38.48,-7.390000000000001,29.19,-43.989999999999995,-27.36,24.3,10.770000000000003,27.65
2025-07-28T18:23:38.983380,-4.0,13.0,-53.0,15.0,-15.0,-8.0,10.0,11.0,32.0,36.0,1.0,85.0,-24.74,22.619999999999997,-51.91,16.42,25.479999999999997,-19.39,14.190000000000001,41.010000000000005,61.64,13.3,40.77,60.65
2025-07-28T18:23:38.991681,-6.0,7.0,-16.0,18.0,-39.0,-71.0,-73.0,-66.0,-91.0,36.0,-21.0,51.0,-26.74,16.619999999999997,-14.91,19.42,1.4799999999999969,-82.39,-68.81,-35.989999999999995,-61.36,13.3,18.770000000000003,26.65
2025-07-28T18:23:38.995626,-24.0,11.0,-85.0,13.0,-25.0,-87.0,44.0,-99.0,22.0,-15.0,-71.0,19.0,-44.739999999999995,20.619999999999997,-83.91,14.42,15.479999999999997,-98.39,48.19,-68.99,51.64,-37.7,-31.229999999999997,-5.350000000000001
2025-07-28T18:23:39.003747,70.0,-9.0,-34.0,9.0,-12.0,2.0,40.0,-94.0,-7.0,8.0,-34.0,44.0,49.260000000000005,0.6199999999999992,-32.91,10.42,28.479999999999997,-9.39,44.19,-63.989999999999995,22.64,-14.7,5.770000000000003,19.65
2025-07-28T18:23:39.007941,81.0,2.0,-31.0,-14.0,-59.0,61.0,27.0,-22.0,-43.0,-20.0,-71.0,64.0,60.260000000000005,11.62,-29.91,-12.58,-18.520000000000003,49.61,31.19,8.010000000000002,-13.36,-42.7,-31.229999999999997,39.65
2025-07-28T18:23:39.016294,11.0,-36.0,-11.0,10.0,-37.0,-18.0,-23.0,-32.0,18.0,38.0,-22.0,15.0,-9.739999999999998,-26.380000000000003,-9.91,11.42,3.479999999999997,-29.39,-18.81,-1.9899999999999984,47.64,15.3,17.770000000000003,-9.350000000000001
2025-07-28T18:23:39.020429,41.0,-30.0,52.0,-23.0,-7.0,51.0,-79.0,-45.0,37.0,56.0,-32.0,54.0,20.26,-20.380000000000003,53.09,-21.58,33.48,39.61,-74.81,-14.989999999999998,66.64,33.3,7.770000000000003,29.65
2025-07-28T18:23:39.028400,-1.0,-54.0,16.0,-35.0,13.0,-1.0,44.0,-26.0,-43.0,43.0,-21.0,39.0,-21.74,-44.38,17.09,-33.58,53.48,-12.39,48.19,4.010000000000002,-13.36,20.3,18.770000000000003,14.649999999999999
2025-07-28T18:23:39.032577,-4.0,-3.0,-29.0,76.0,34.0,-36.0,-71.0,-64.0,-14.0,34.0,-12.0,12.0,-24.74,6.619999999999999,-27.91,77.42,74.47999999999999,-47.39,-66.81,-33.989999999999995,15.64,11.3,27.770000000000003,-12.350000000000001
2025-07-28T18:23:39.040792,-29.0,-22.0,-36.0,-17.0,-117.0,-6.0,20.0,-15.0,-32.0,91.0,-32.0,79.0,-49.739999999999995,-12.38,-34.91,-15.58,-76.52000000000001,-17.39,24.19,15.010000000000002,-2.3599999999999994,68.3,7.770000000000003,54.65
2025-07-28T18:23:39.044840,40.0,28.0,-4.0,65.0,-45.0,33.0,-2.0,-99.0,32.0,23.0,-88.0,70.0,19.26,37.62,-2.91,66.42,-4.520000000000003,21.61,2.1900000000000004,-68.99,61.64,0.3000000000000007,-48.23,45.65
2025-07-28T18:23:39.053457,60.0,7.0,12.0,0.0,-98.0,-4.0,-52.0,-143.0,-85.0,12.0,-107.0,33.0,39.260000000000005,16.619999999999997,13.09,1.42,-57.52,-15.39,-47.81,-112.99,-55.36,-10.7,-67.22999999999999,8.649999999999999
2025-07-28T18:23:39.057129,48.0,-78.0,-76.0,15.0,-54.0,31.0,-11.0,7.0,8.0,19.0,-96.0,62.0,27.26,-68.38,-74.91,16.42,-13.520000000000003,19.61,-6.81,37.010000000000005,37.64,-3.6999999999999993,-56.23,37.65
2025-07-28T18:23:39.065555,7.0,-15.0,5.0,-13.0,-9.0,-48.0,-58.0,-23.0,-11.0,34.0,-81.0,3.0,-13.739999999999998,-5.380000000000001,6.09,-11.58,31.479999999999997,-59.39,-53.81,7.010000000000002,18.64,11.3,-41.23,-21.35
2025-07-28T18:23:39.069567,60.0,-69.0,-39.0,19.0,-29.0,20.0,24.0,-61.0,-47.0,-22.0,33.0,48.0,39.260000000000005,-59.38,-37.91,20.42,11.479999999999997,8.61,28.19,-30.99,-17.36,-44.7,72.77000000000001,23.65
2025-07-28T18:23:39.077904,61.0,-34.0,-2.0,88.0,-71.0,-32.0,-2.0,-20.0,-53.0,-4.0,-6.0,46.0,40.260000000000005,-24.380000000000003,-0.9099999999999999,89.42,-30.520000000000003,-43.39,2.1900000000000004,10.010000000000002,-23.36,-26.7,33.77,21.65
2025-07-28T18:23:39.081686,5.0,62.0,40.0,7.0,-38.0,-23.0,-12.0,18.0,8.0,-14.0,-113.0,63.0,-15.739999999999998,71.62,41.09,8.42,2.479999999999997,-34.39,-7.81,48.010000000000005,37.64,-36.7,-73.22999999999999,38.65
2025-07-28T18:23:39.090026,78.0,-56.0,10.0,-48.0,-102.0,16.0,47.0,-73.0,-5.0,91.0,-66.0,37.0,57.260000000000005,-46.38,11.09,-46.58,-61.52,4.609999999999999,51.19,-42.989999999999995,24.64,68.3,-26.229999999999997,12.649999999999999
2025-07-28T18:23:39.094243,-28.0,-48.0,1.0,-13.0,-6.0,37.0,-27.0,-12.0,-15.0,56.0,-112.0,41.0,-48.739999999999995,-38.38,2.09,-11.58,34.48,25.61,-22.81,18.01,14.64,33.3,-72.22999999999999,16.65
2025-07-28T18:23:39.102409,-52.0,-12.0,45.0,-21.0,-94.0,-1.0,-29.0,28.0,-7.0,34.0,-26.0,65.0,-72.74,-2.380000000000001,46.09,-19.58,-53.52,-12.39,-24.81,58.010000000000005,22.64,11.3,13.770000000000003,40.65
2025-07-28T18:23:39.106230,-28.0,-5.0,26.0,9.0,-7.0,-74.0,-69.0,-60.0,-57.0,69.0,-55.0,71.0,-48.739999999999995,4.619999999999999,27.09,10.42,33.48,-85.39,-64.81,-29.99,-27.36,46.3,-15.229999999999997,46.65
2025-07-28T18:23:39.114277,-21.0,90.0,33.0,21.0,18.0,-29.0,12.0,29.0,3.0,72.0,-29.0,7.0,-41.739999999999995,99.62,34.09,22.42,58.48,-40.39,16.19,59.010000000000005,32.64,49.3,10.770000000000003,-17.35
2025-07-28T18:23:39.118616,36.0,-6.0,-18.0,1.0,-136.0,-49.0,92.0,-38.0,28.0,-56.0,-65.0,28.0,15.260000000000002,3.619999999999999,-16.91,2.42,-95.52000000000001,-60.39,96.19,-7.989999999999998,57.64,-78.7,-25.229999999999997,3.6499999999999986
2025-07-28T18:23:39.126707,101.0,75.0,-66.0,15.0,-103.0,11.0,10.0,-16.0,-83.0,29.0,-73.0,68.0,80.26,84.62,-64.91,16.42,-62.52,-0.39000000000000057,14.190000000000001,14.010000000000002,-53.36,6.300000000000001,-33.23,43.65
2025-07-28T18:23:39.130936,58.0,-6.0,-28.0,6.0,-18.0,35.0,-11.0,-40.0,-45.0,14.0,-39.0,38.0,37.260000000000005,3.619999999999999,-26.91,7.42,22.479999999999997,23.61,-6.81,-9.989999999999998,-15.36,-8.7,0.7700000000000031,13.649999999999999
2025-07-28T18:23:39.138912,72.0,-15.0,-29.0,-29.0,-29.0,67.0,9.0,-27.0,-29.0,11.0,-8.0,93.0,51.260000000000005,-5.380000000000001,-27.91,-27.58,11.479999999999997,55.61,13.190000000000001,3.0100000000000016,0.6400000000000006,-11.7,31.770000000000003,68.65
2025-07-28T18:23:39.143338,42.0,-99.0,92.0,-34.0,-56.0,15.0,15.0,-73.0,-138.0,83.0,-6.0,20.0,21.26,-89.38,93.09,-32.58,-15.520000000000003,3.6099999999999994,19.19,-42.989999999999995,-108.36,60.3,33.77,-4.350000000000001
2025-07-28T18:23:39.151313,6.0,-63.0,69.0,81.0,-81.0,14.0,2.0,-112.0,-49.0,35.0,-84.0,4.0,-14.739999999999998,-53.38,70.09,82.42,-40.52,2.6099999999999994,6.19,-81.99,-19.36,12.3,-44.23,-20.35
2025-07-28T18:23:39.155470,-28.0,-60.0,59.0,30.0,-9.0,12.0,4.0,-28.0,-15.0,-4.0,-31.0,77.0,-48.739999999999995,-50.38,60.09,31.42,31.479999999999997,0.6099999999999994,8.190000000000001,2.0100000000000016,14.64,-26.7,8.770000000000003,52.65
2025-07-28T18:23:39.163832,-8.0,-19.0,29.0,53.0,-56.0,-8.0,31.0,-6.0,-55.0,-19.0,-64.0,58.0,-28.74,-9.38,30.09,54.42,-15.520000000000003,-19.39,35.19,24.01,-25.36,-41.7,-24.229999999999997,33.65
2025-07-28T18:23:39.167855,25.0,-8.0,2.0,41.0,-120.0,-42.0,-15.0,-19.0,-33.0,-28.0,-88.0,41.0,4.260000000000002,1.6199999999999992,3.09,42.42,-79.52000000000001,-53.39,-10.809999999999999,11.010000000000002,-3.3599999999999994,-50.7,-48.23,16.65
2025-07-28T18:23:39.175929,-6.0,64.0,5.0,-84.0,-74.0,65.0,-24.0,-78.0,-42.0,30.0,-69.0,3.0,-26.74,73.62,6.09,-82.58,-33.52,53.61,-19.81,-47.989999999999995,-12.36,7.300000000000001,-29.229999999999997,-21.35
2025-07-28T18:23:39.180099,-20.0,0.0,-35.0,-27.0,-58.0,52.0,13.0,-34.0,-40.0,31.0,-72.0,-13.0,-40.739999999999995,9.62,-33.91,-25.58,-17.520000000000003,40.61,17.19,-3.9899999999999984,-10.36,8.3,-32.23,-37.35
2025-07-28T18:23:39.188106,71.0,-34.0,-10.0,40.0,8.0,16.0,28.0,-11.0,-13.0,10.0,-36.0,39.0,50.260000000000005,-24.380000000000003,-8.91,41.42,48.48,4.609999999999999,32.19,19.01,16.64,-12.7,3.770000000000003,14.649999999999999
2025-07-28T18:23:39.192465,66.0,-11.0,-26.0,-44.0,27.0,27.0,-54.0,-93.0,-17.0,81.0,-19.0,38.0,45.260000000000005,-1.3800000000000008,-24.91,-42.58,67.47999999999999,15.61,-49.81,-62.989999999999995,12.64,58.3,20.770000000000003,13.649999999999999
2025-07-28T18:23:39.200461,64.0,-22.0,20.0,-47.0,-11.0,-18.0,-32.0,-7.0,-31.0,54.0,-28.0,-12.0,43.260000000000005,-12.38,21.09,-45.58,29.479999999999997,-29.39,-27.81,23.01,-1.3599999999999994,31.3,11.770000000000003,-36.35
2025-07-28T18:23:39.204671,-41.0,-33.0,5.0,-25.0,-23.0,-9.0,-39.0,-72.0,-17.0,43.0,-22.0,59.0,-61.739999999999995,-23.380000000000003,6.09,-23.58,17.479999999999997,-20.39,-34.81,-41.989999999999995,12.64,20.3,17.770000000000003,34.65
2025-07-28T18:23:39.212723,18.0,-31.0,-6.0,3.0,-55.0,-36.0,-60.0,-52.0,-69.0,65.0,-72.0,44.0,-2.7399999999999984,-21.380000000000003,-4.91,4.42,-14.520000000000003,-47.39,-55.81,-21.99,-39.36,42.3,-32.23,19.65
2025-07-28T18:23:39.216888,-54.0,23.0,6.0,87.0,-97.0,-10.0,-50.0,-28.0,-102.0,16.0,-113.0,64.0,-74.74,32.62,7.09,88.42,-56.52,-21.39,-45.81,2.0100000000000016,-72.36,-6.699999999999999,-73.22999999999999,39.65
2025-07-28T18:23:39.221147,16.0,-44.0,-30.0,26.0,6.0,18.0,4.0,-15.0,-5.0,77.0,-16.0,2.0,-4.739999999999998,-34.38,-28.91,27.42,46.48,6.609999999999999,8.190000000000001,15.010000000000002,24.64,54.3,23.770000000000003,-22.35
2025-07-28T18:23:39.229299,-9.0,13.0,-22.0,-41.0,-49.0,23.0,14.0,-35.0,-111.0,-24.0,2.0,63.0,-29.74,22.619999999999997,-20.91,-39.58,-8.520000000000003,11.61,18.19,-4.989999999999998,-81.36,-46.7,41.77,38.65
2025-07-28T18:23:39.233153,78.0,-3.0,8.0,-76.0,-13.0,57.0,22.0,-62.0,-32.0,33.0,-69.0,27.0,57.260000000000005,6.619999999999999,9.09,-74.58,27.479999999999997,45.61,26.19,-31.99,-2.3599999999999994,10.3,-29.229999999999997,2.6499999999999986
2025-07-28T18:23:39.241311,114.0,15.0,7.0,-43.0,-4.0,-19.0,48.0,52.0,13.0,16.0,-75.0,22.0,93.26,24.619999999999997,8.09,-41.58,36.48,-30.39,52.19,82.01,42.64,-6.699999999999999,-35.23,-2.3500000000000014
2025-07-28T18:23:39.245499,48.0,-59.0,51.0,9.0,-5.0,-31.0,25.0,-41.0,-71.0,74.0,-7.0,36.0,27.26,-49.38,52.09,10.42,35.48,-42.39,29.19,-10.989999999999998,-41.36,51.3,32.77,11.649999999999999
2025-07-28T18:23:39.253814,27.0,-50.0,30.0,-9.0,21.0,40.0,32.0,-71.0,18.0,41.0,-11.0,13.0,6.260000000000002,-40.38,31.09,-7.58,61.48,28.61,36.19,-40.989999999999995,47.64,18.3,28.770000000000003,-11.350000000000001
2025-07-28T18:23:39.257790,11.0,-69.0,40.0,75.0,-85.0,-57.0,-39.0,-26.0,-5.0,51.0,-31.0,63.0,-9.739999999999998,-59.38,41.09,76.42,-44.52,-68.39,-34.81,4.010000000000002,24.64,28.3,8.770000000000003,38.65
2025-07-28T18:23:39.266159,-31.0,65.0,33.0,-57.0,-28.0,28.0,-11.0,-32.0,-29.0,21.0,-51.0,67.0,-51.739999999999995,74.62,34.09,-55.58,12.479999999999997,16.61,-6.81,-1.9899999999999984,0.6400000000000006,-1.6999999999999993,-11.229999999999997,42.65
2025-07-28T18:23:39.270094,-33.0,33.0,-89.0,20.0,-53.0,50.0,-16.0,20.0,4.0,31.0,-81.0,26.0,-53.739999999999995,42.62,-87.91,21.42,-12.520000000000003,38.61,-11.809999999999999,50.010000000000005,33.64,8.3,-41.23,1.6499999999999986
2025-07-28T18:23:39.278409,0.0,-10.0,-11.0,-42.0,-32.0,41.0,-35.0,-2.0,-53.0,19.0,-2.0,4.0,-20.74,-0.3800000000000008,-9.91,-40.58,8.479999999999997,29.61,-30.81,28.01,-23.36,-3.6999999999999993,37.77,-20.35
2025-07-28T18:23:39.282412,-3.0,-27.0,-17.0,-15.0,1.0,-9.0,-18.0,-18.0,-50.0,-37.0,-32.0,47.0,-23.74,-17.380000000000003,-15.91,-13.58,41.48,-20.39,-13.809999999999999,12.010000000000002,-20.36,-59.7,7.770000000000003,22.65
2025-07-28T18:23:39.290550,36.0,18.0,-20.0,75.0,-34.0,-50.0,61.0,-7.0,-57.0,-24.0,-20.0,34.0,15.260000000000002,27.619999999999997,-18.91,76.42,6.479999999999997,-61.39,65.19,23.01,-27.36,-46.7,19.770000000000003,9.649999999999999
2025-07-28T18:23:39.294695,40.0,-54.0,-55.0,62.0,-91.0,14.0,-11.0,-24.0,-6.0,55.0,-28.0,19.0,19.26,-44.38,-53.91,63.42,-50.52,2.6099999999999994,-6.81,6.010000000000002,23.64,32.3,11.770000000000003,-5.350000000000001
2025-07-28T18:23:39.302911,103.0,-24.0,68.0,-6.0,-17.0,29.0,0.0,-95.0,-44.0,19.0,-40.0,40.0,82.26,-14.38,69.09,-4.58,23.479999999999997,17.61,4.19,-64.99,-14.36,-3.6999999999999993,-0.22999999999999687,15.649999999999999
2025-07-28T18:23:39.307100,-17.0,-36.0,24.0,-47.0,-57.0,106.0,14.0,-63.0,-41.0,83.0,-54.0,39.0,-37.739999999999995,-26.380000000000003,25.09,-45.58,-16.520000000000003,94.61,18.19,-32.989999999999995,-11.36,60.3,-14.229999999999997,14.649999999999999
2025-07-28T18:23:39.315159,-33.0,14.0,-9.0,2.0,-67.0,-3.0,-53.0,-35.0,14.0,10.0,2.0,62.0,-53.739999999999995,23.619999999999997,-7.91,3.42,-26.520000000000003,-14.39,-48.81,-4.989999999999998,43.64,-12.7,41.77,37.65
2025-07-28T18:23:39.319527,17.0,42.0,22.0,-26.0,-11.0,46.0,-43.0,-39.0,-12.0,33.0,-25.0,-5.0,-3.7399999999999984,51.62,23.09,-24.58,29.479999999999997,34.61,-38.81,-8.989999999999998,17.64,10.3,14.770000000000003,-29.35
2025-07-28T18:23:39.327442,38.0,11.0,31.0,-16.0,11.0,-41.0,-12.0,-59.0,-9.0,-13.0,-96.0,-65.0,17.26,20.619999999999997,32.09,-14.58,51.48,-52.39,-7.81,-28.99,20.64,-35.7,-56.23,-89.35
2025-07-28T18:23:39.331570,-17.0,30.0,22.0,35.0,-16.0,-54.0,-26.0,-30.0,-6.0,-15.0,-72.0,0.0,-37.739999999999995,39.62,23.09,36.42,24.479999999999997,-65.39,-21.81,0.010000000000001563,23.64,-37.7,-32.23,-24.35
2025-07-28T18:23:39.339767,75.0,-27.0,-39.0,43.0,-51.0,-20.0,-35.0,-66.0,-8.0,102.0,-76.0,-24.0,54.260000000000005,-17.380000000000003,-37.91,44.42,-10.520000000000003,-31.39,-30.81,-35.989999999999995,21.64,79.3,-36.23,-48.35
2025-07-28T18:23:39.343851,-9.0,-25.0,64.0,23.0,-84.0,24.0,-58.0,-24.0,55.0,24.0,-52.0,3.0,-29.74,-15.38,65.09,24.42,-43.52,12.61,-53.81,6.010000000000002,84.64,1.3000000000000007,-12.229999999999997,-21.35
2025-07-28T18:23:39.352042,65.0,-43.0,-5.0,-29.0,-35.0,57.0,-76.0,-3.0,6.0,-14.0,-44.0,-40.0,44.260000000000005,-33.38,-3.91,-27.58,5.479999999999997,45.61,-71.81,27.01,35.64,-36.7,-4.229999999999997,-64.35
2025-07-28T18:23:39.356265,12.0,-53.0,5.0,32.0,-8.0,58.0,-116.0,-68.0,-3.0,23.0,-48.0,-47.0,-8.739999999999998,-43.38,6.09,33.42,32.48,46.61,-111.81,-37.989999999999995,26.64,0.3000000000000007,-8.229999999999997,-71.35
2025-07-28T18:23:39.364236,22.0,46.0,-3.0,-29.0,-56.0,14.0,-19.0,-88.0,1.0,90.0,-16.0,-58.0,1.2600000000000016,55.62,-1.91,-27.58,-15.520000000000003,2.6099999999999994,-14.809999999999999,-57.989999999999995,30.64,67.3,23.770000000000003,-82.35
2025-07-28T18:23:39.368551,-11.0,-22.0,-68.0,-29.0,-63.0,-17.0,-13.0,4.0,-15.0,7.0,-16.0,-7.0,-31.74,-12.38,-66.91,-27.58,-22.520000000000003,-28.39,-8.809999999999999,34.010000000000005,14.64,-15.7,23.770000000000003,-31.35
2025-07-28T18:23:39.376465,-20.0,-39.0,-31.0,37.0,-34.0,-6.0,-6.0,-12.0,2.0,34.0,39.0,18.0,-40.739999999999995,-29.380000000000003,-29.91,38.42,6.479999999999997,-17.39,-1.8099999999999996,18.01,31.64,11.3,78.77000000000001,-6.350000000000001
