timestamp,x1,y1,z1,x2,y2,z2,x3,y3,z3,x4,y4,z4,x1_calib,y1_calib,z1_calib,x2_calib,y2_calib,z2_calib,x3_calib,y3_calib,z3_calib,x4_calib,y4_calib,z4_calib
2025-08-04T17:51:20.138143,-37.0,5.0,-43.0,-38.0,10.0,71.0,12.0,-20.0,-2.0,34.0,83.0,46.0,-1.5700000000000003,-13.98,-34.11,-54.86,4.86,52.44,33.57,8.969999999999999,7.869999999999999,13.399999999999999,75.97,32.31
2025-08-04T17:51:20.146259,109.0,-38.0,-94.0,-38.0,82.0,40.0,-26.0,-14.0,-20.0,90.0,10.0,10.0,144.43,-56.980000000000004,-85.11,-54.86,76.86,21.44,-4.43,14.969999999999999,-10.13,69.4,2.9699999999999998,-3.6899999999999995
2025-08-04T17:51:20.150455,-23.0,-3.0,-14.0,27.0,48.0,3.0,-22.0,12.0,-25.0,19.0,5.0,-3.0,12.43,-21.98,-5.109999999999999,10.14,42.86,-15.559999999999999,-0.4299999999999997,40.97,-15.13,-1.6000000000000014,-2.0300000000000002,-16.689999999999998
2025-08-04T17:51:20.154561,-15.0,-40.0,14.0,-50.0,1.0,-52.0,-13.0,-57.0,-6.0,74.0,-6.0,4.0,20.43,-58.980000000000004,22.89,-66.86,-4.14,-70.56,8.57,-28.03,3.869999999999999,53.4,-13.030000000000001,-9.69
2025-08-04T17:51:20.162704,2.0,34.0,-20.0,45.0,23.0,83.0,-86.0,22.0,-1.0,89.0,10.0,58.0,37.43,15.02,-11.11,28.14,17.86,64.44,-64.43,50.97,8.87,68.4,2.9699999999999998,44.31
2025-08-04T17:51:20.167085,13.0,1.0,3.0,98.0,38.0,-3.0,-27.0,17.0,-44.0,50.0,48.0,22.0,48.43,-17.98,11.89,81.14,32.86,-21.56,-5.43,45.97,-34.13,29.4,40.97,8.31
2025-08-04T17:51:20.174930,-29.0,-20.0,3.0,65.0,6.0,-16.0,8.0,-16.0,-91.0,39.0,26.0,2.0,6.43,-38.980000000000004,11.89,48.14,0.8600000000000003,-34.56,29.57,12.969999999999999,-81.13,18.4,18.97,-11.69
2025-08-04T17:51:20.179215,28.0,-31.0,92.0,-17.0,20.0,14.0,-87.0,-62.0,5.0,4.0,-34.0,-98.0,63.43,-49.980000000000004,100.89,-33.86,14.86,-4.559999999999999,-65.43,-33.03,14.87,-16.6,-41.03,-111.69
2025-08-04T17:51:20.187307,60.0,2.0,14.0,44.0,-40.0,-38.0,-13.0,-12.0,-37.0,47.0,87.0,-16.0,95.43,-16.98,22.89,27.14,-45.14,-56.56,8.57,16.97,-27.130000000000003,26.4,79.97,-29.689999999999998
2025-08-04T17:51:20.191559,-48.0,3.0,-53.0,62.0,-62.0,57.0,-39.0,-120.0,-72.0,64.0,36.0,19.0,-12.57,-15.98,-44.11,45.14,-67.14,38.44,-17.43,-91.03,-62.13,43.4,28.97,5.3100000000000005
2025-08-04T17:51:20.199550,-63.0,60.0,-26.0,-28.0,-84.0,65.0,-45.0,3.0,-18.0,82.0,16.0,-90.0,-27.57,41.019999999999996,-17.11,-44.86,-89.14,46.44,-23.43,31.97,-8.13,61.4,8.969999999999999,-103.69
2025-08-04T17:51:20.203898,-66.0,30.0,-59.0,-26.0,1.0,-6.0,-21.0,12.0,-26.0,31.0,8.0,28.0,-30.57,11.02,-50.11,-42.86,-4.14,-24.56,0.5700000000000003,40.97,-16.130000000000003,10.399999999999999,0.9699999999999998,14.31
2025-08-04T17:51:20.211842,-15.0,55.0,-12.0,11.0,37.0,46.0,31.0,-50.0,-61.0,23.0,53.0,17.0,20.43,36.019999999999996,-3.1099999999999994,-5.859999999999999,31.86,27.44,52.57,-21.03,-51.13,2.3999999999999986,45.97,3.3100000000000005
2025-08-04T17:51:20.216181,-29.0,60.0,-36.0,51.0,-13.0,11.0,31.0,21.0,-72.0,114.0,-16.0,-26.0,6.43,41.019999999999996,-27.11,34.14,-18.14,-7.559999999999999,52.57,49.97,-62.13,93.4,-23.03,-39.69
2025-08-04T17:51:20.224343,-17.0,3.0,-48.0,30.0,-23.0,0.0,17.0,-19.0,-47.0,43.0,20.0,-29.0,18.43,-15.98,-39.11,13.14,-28.14,-18.56,38.57,9.969999999999999,-37.13,22.4,12.969999999999999,-42.69
2025-08-04T17:51:20.228381,22.0,7.0,-24.0,40.0,-79.0,14.0,10.0,-51.0,-51.0,8.0,69.0,22.0,57.43,-11.98,-15.11,23.14,-84.14,-4.559999999999999,31.57,-22.03,-41.13,-12.600000000000001,61.97,8.31
2025-08-04T17:51:20.236351,-73.0,-30.0,14.0,17.0,-3.0,57.0,-33.0,-62.0,-12.0,84.0,66.0,-16.0,-37.57,-48.980000000000004,22.89,0.14000000000000057,-8.14,38.44,-11.43,-33.03,-2.130000000000001,63.4,58.97,-29.689999999999998
2025-08-04T17:51:20.240682,-56.0,8.0,-9.0,-67.0,-8.0,31.0,-46.0,-53.0,-7.0,42.0,9.0,37.0,-20.57,-10.98,-0.10999999999999943,-83.86,-13.14,12.440000000000001,-24.43,-24.03,2.869999999999999,21.4,1.9699999999999998,23.310000000000002
2025-08-04T17:51:20.248619,-42.0,80.0,48.0,-22.0,-12.0,31.0,86.0,-114.0,-8.0,-41.0,62.0,-44.0,-6.57,61.019999999999996,56.89,-38.86,-17.14,12.440000000000001,107.57,-85.03,1.8699999999999992,-61.6,54.97,-57.69
2025-08-04T17:51:20.253057,-65.0,11.0,-50.0,10.0,-47.0,5.0,15.0,-81.0,-56.0,-42.0,-57.0,-20.0,-29.57,-7.98,-41.11,-6.859999999999999,-52.14,-13.559999999999999,36.57,-52.03,-46.13,-62.6,-64.03,-33.69
2025-08-04T17:51:20.260918,-51.0,-25.0,-71.0,19.0,-27.0,46.0,-11.0,-12.0,50.0,-50.0,14.0,2.0,-15.57,-43.980000000000004,-62.11,2.1400000000000006,-32.14,27.44,10.57,16.97,59.87,-70.6,6.97,-11.69
2025-08-04T17:51:20.265210,38.0,-28.0,-39.0,88.0,-25.0,20.0,-69.0,37.0,-42.0,-30.0,44.0,-21.0,73.43,-46.980000000000004,-30.11,71.14,-30.14,1.4400000000000013,-47.43,65.97,-32.13,-50.6,36.97,-34.69
2025-08-04T17:51:20.273261,39.0,-25.0,-51.0,102.0,-71.0,16.0,-69.0,12.0,-26.0,-22.0,-5.0,-55.0,74.43,-43.980000000000004,-42.11,85.14,-76.14,-2.5599999999999987,-47.43,40.97,-16.130000000000003,-42.6,-12.030000000000001,-68.69
2025-08-04T17:51:20.277400,-89.0,-22.0,-35.0,-34.0,-40.0,52.0,-36.0,2.0,-34.0,35.0,45.0,-4.0,-53.57,-40.980000000000004,-26.11,-50.86,-45.14,33.44,-14.43,30.97,-24.130000000000003,14.399999999999999,37.97,-17.689999999999998
2025-08-04T17:51:20.285505,-68.0,87.0,77.0,27.0,108.0,-7.0,-35.0,-60.0,-19.0,-12.0,60.0,3.0,-32.57,68.02,85.89,10.14,102.86,-25.56,-13.43,-31.03,-9.13,-32.6,52.97,-10.69
2025-08-04T17:51:20.289887,-102.0,-6.0,-44.0,-16.0,22.0,-31.0,-31.0,53.0,-50.0,-46.0,36.0,-12.0,-66.57,-24.98,-35.11,-32.86,16.86,-49.56,-9.43,81.97,-40.13,-66.6,28.97,-25.689999999999998
2025-08-04T17:51:20.297949,-23.0,51.0,-23.0,69.0,32.0,47.0,19.0,-56.0,8.0,-38.0,49.0,-47.0,12.43,32.019999999999996,-14.11,52.14,26.86,28.44,40.57,-27.03,17.869999999999997,-58.6,41.97,-60.69
2025-08-04T17:51:20.302116,-28.0,-22.0,-16.0,46.0,-27.0,24.0,-13.0,-24.0,46.0,0.0,78.0,-82.0,7.43,-40.980000000000004,-7.109999999999999,29.14,-32.14,5.440000000000001,8.57,4.969999999999999,55.87,-20.6,70.97,-95.69
2025-08-04T17:51:20.310113,-13.0,45.0,19.0,81.0,-40.0,89.0,-35.0,-36.0,-4.0,40.0,27.0,-24.0,22.43,26.02,27.89,64.14,-45.14,70.44,-13.43,-7.030000000000001,5.869999999999999,19.4,19.97,-37.69
2025-08-04T17:51:20.314396,-36.0,-6.0,3.0,-17.0,-44.0,39.0,62.0,-8.0,-29.0,-29.0,-9.0,-77.0,-0.5700000000000003,-24.98,11.89,-33.86,-49.14,20.44,83.57,20.97,-19.130000000000003,-49.6,-16.03,-90.69
2025-08-04T17:51:20.322527,-5.0,44.0,39.0,14.0,-56.0,5.0,-59.0,-37.0,22.0,-22.0,10.0,-24.0,30.43,25.02,47.89,-2.8599999999999994,-61.14,-13.559999999999999,-37.43,-8.030000000000001,31.869999999999997,-42.6,2.9699999999999998,-37.69
2025-08-04T17:51:20.326700,-45.0,108.0,47.0,-19.0,36.0,24.0,50.0,-57.0,62.0,-26.0,88.0,9.0,-9.57,89.02,55.89,-35.86,30.86,5.440000000000001,71.57,-28.03,71.87,-46.6,80.97,-4.6899999999999995
2025-08-04T17:51:20.334656,27.0,40.0,-48.0,-52.0,43.0,24.0,2.0,4.0,-29.0,-42.0,103.0,-5.0,62.43,21.02,-39.11,-68.86,37.86,5.440000000000001,23.57,32.97,-19.130000000000003,-62.6,95.97,-18.689999999999998
2025-08-04T17:51:20.339118,-25.0,56.0,-99.0,82.0,34.0,-7.0,-65.0,-6.0,-30.0,-28.0,36.0,16.0,10.43,37.019999999999996,-90.11,65.14,28.86,-25.56,-43.43,22.97,-20.130000000000003,-48.6,28.97,2.3100000000000005
2025-08-04T17:51:20.347077,-16.0,15.0,21.0,69.0,1.0,0.0,-37.0,-70.0,2.0,29.0,81.0,16.0,19.43,-3.9800000000000004,29.89,52.14,-4.14,-18.56,-15.43,-41.03,11.87,8.399999999999999,73.97,2.3100000000000005
2025-08-04T17:51:20.351226,22.0,34.0,8.0,73.0,3.0,45.0,-50.0,-105.0,-6.0,-52.0,64.0,-37.0,57.43,15.02,16.89,56.14,-2.1399999999999997,26.44,-28.43,-76.03,3.869999999999999,-72.6,56.97,-50.69
2025-08-04T17:51:20.359271,40.0,6.0,-58.0,14.0,44.0,122.0,13.0,-69.0,-68.0,-16.0,67.0,-58.0,75.43,-12.98,-49.11,-2.8599999999999994,38.86,103.44,34.57,-40.03,-58.13,-36.6,59.97,-71.69
2025-08-04T17:51:20.363490,-26.0,9.0,-17.0,34.0,61.0,57.0,-5.0,3.0,-59.0,-26.0,53.0,-65.0,9.43,-9.98,-8.11,17.14,55.86,38.44,16.57,31.97,-49.13,-46.6,45.97,-78.69
2025-08-04T17:51:20.371680,-61.0,-18.0,-14.0,-23.0,-42.0,-7.0,-9.0,-101.0,-8.0,-13.0,-21.0,-40.0,-25.57,-36.980000000000004,-5.109999999999999,-39.86,-47.14,-25.56,12.57,-72.03,1.8699999999999992,-33.6,-28.03,-53.69
2025-08-04T17:51:20.375828,-55.0,-8.0,24.0,48.0,6.0,-21.0,-59.0,-44.0,-35.0,7.0,45.0,-33.0,-19.57,-26.98,32.89,31.14,0.8600000000000003,-39.56,-37.43,-15.030000000000001,-25.130000000000003,-13.600000000000001,37.97,-46.69
2025-08-04T17:51:20.379771,-55.0,8.0,87.0,46.0,22.0,29.0,17.0,-45.0,-42.0,-25.0,42.0,-67.0,-19.57,-10.98,95.89,29.14,16.86,10.440000000000001,38.57,-16.03,-32.13,-45.6,34.97,-80.69
2025-08-04T17:51:20.388089,14.0,16.0,-21.0,22.0,-20.0,45.0,-26.0,-43.0,50.0,-62.0,80.0,25.0,49.43,-2.9800000000000004,-12.11,5.140000000000001,-25.14,26.44,-4.43,-14.030000000000001,59.87,-82.6,72.97,11.31
2025-08-04T17:51:20.396210,-96.0,88.0,52.0,60.0,-27.0,-11.0,-17.0,-29.0,-53.0,-7.0,47.0,-29.0,-60.57,69.02,60.89,43.14,-32.14,-29.56,4.57,-0.030000000000001137,-43.13,-27.6,39.97,-42.69
2025-08-04T17:51:20.400333,-57.0,102.0,-56.0,-1.0,-73.0,80.0,-16.0,75.0,23.0,-7.0,42.0,-5.0,-21.57,83.02,-47.11,-17.86,-78.14,61.44,5.57,103.97,32.87,-27.6,34.97,-18.689999999999998
2025-08-04T17:51:20.404354,-25.0,-7.0,-24.0,43.0,-69.0,30.0,3.0,4.0,-33.0,-32.0,-23.0,-66.0,10.43,-25.98,-15.11,26.14,-74.14,11.440000000000001,24.57,32.97,-23.130000000000003,-52.6,-30.03,-79.69
2025-08-04T17:51:20.412459,-13.0,50.0,-81.0,-47.0,1.0,-18.0,10.0,17.0,-49.0,-77.0,82.0,33.0,22.43,31.02,-72.11,-63.86,-4.14,-36.56,31.57,45.97,-39.13,-97.6,74.97,19.310000000000002
2025-08-04T17:51:20.416650,-18.0,22.0,-46.0,-16.0,32.0,28.0,33.0,-3.0,35.0,97.0,21.0,-47.0,17.43,3.0199999999999996,-37.11,-32.86,26.86,9.440000000000001,54.57,25.97,44.87,76.4,13.969999999999999,-60.69
2025-08-04T17:51:20.424865,-15.0,-17.0,-37.0,-2.0,52.0,18.0,-21.0,-11.0,-31.0,-53.0,-10.0,-37.0,20.43,-35.980000000000004,-28.11,-18.86,46.86,-0.5599999999999987,0.5700000000000003,17.97,-21.130000000000003,-73.6,-17.03,-50.69
2025-08-04T17:51:20.428997,-29.0,7.0,39.0,58.0,-43.0,-25.0,-26.0,-26.0,-34.0,33.0,57.0,-21.0,6.43,-11.98,47.89,41.14,-48.14,-43.56,-4.43,2.969999999999999,-24.130000000000003,12.399999999999999,49.97,-34.69
2025-08-04T17:51:20.437318,-56.0,-29.0,-13.0,-40.0,-104.0,-57.0,-48.0,-27.0,-4.0,-25.0,102.0,-23.0,-20.57,-47.980000000000004,-4.109999999999999,-56.86,-109.14,-75.56,-26.43,1.9699999999999989,5.869999999999999,-45.6,94.97,-36.69
2025-08-04T17:51:20.441380,-94.0,119.0,-8.0,8.0,11.0,53.0,-26.0,-15.0,3.0,15.0,53.0,-68.0,-58.57,100.02,0.8900000000000006,-8.86,5.86,34.44,-4.43,13.969999999999999,12.87,-5.600000000000001,45.97,-81.69
2025-08-04T17:51:20.449576,54.0,113.0,6.0,-52.0,20.0,-3.0,-40.0,-12.0,-58.0,-69.0,73.0,-49.0,89.43,94.02,14.89,-68.86,14.86,-21.56,-18.43,16.97,-48.13,-89.6,65.97,-62.69
2025-08-04T17:51:20.453526,-68.0,64.0,-40.0,-3.0,-2.0,0.0,27.0,-1.0,-22.0,10.0,59.0,-45.0,-32.57,45.019999999999996,-31.11,-19.86,-7.14,-18.56,48.57,27.97,-12.13,-10.600000000000001,51.97,-58.69
2025-08-04T17:51:20.461754,-44.0,53.0,-68.0,-3.0,38.0,32.0,28.0,-61.0,-55.0,-30.0,35.0,-32.0,-8.57,34.019999999999996,-59.11,-19.86,32.86,13.440000000000001,49.57,-32.03,-45.13,-50.6,27.97,-45.69
2025-08-04T17:51:20.465825,5.0,126.0,-31.0,86.0,-29.0,-23.0,37.0,-41.0,-51.0,-60.0,120.0,-5.0,40.43,107.02,-22.11,69.14,-34.14,-41.56,58.57,-12.030000000000001,-41.13,-80.6,112.97,-18.689999999999998
2025-08-04T17:51:20.473954,48.0,-34.0,-93.0,29.0,1.0,24.0,-1.0,-29.0,2.0,-33.0,106.0,-3.0,83.43,-52.980000000000004,-84.11,12.14,-4.14,5.440000000000001,20.57,-0.030000000000001137,11.87,-53.6,98.97,-16.689999999999998
2025-08-04T17:51:20.478162,29.0,-33.0,-7.0,43.0,-47.0,3.0,-18.0,-58.0,10.0,-22.0,89.0,-65.0,64.43,-51.980000000000004,1.8900000000000006,26.14,-52.14,-15.559999999999999,3.5700000000000003,-29.03,19.869999999999997,-42.6,81.97,-78.69
2025-08-04T17:51:20.486272,11.0,-10.0,-14.0,-51.0,-23.0,42.0,-44.0,1.0,2.0,-21.0,113.0,-37.0,46.43,-28.98,-5.109999999999999,-67.86,-28.14,23.44,-22.43,29.97,11.87,-41.6,105.97,-50.69
2025-08-04T17:51:20.490652,-35.0,-49.0,-8.0,-22.0,23.0,20.0,-97.0,11.0,26.0,-39.0,58.0,-51.0,0.4299999999999997,-67.98,0.8900000000000006,-38.86,17.86,1.4400000000000013,-75.43,39.97,35.87,-59.6,50.97,-64.69
2025-08-04T17:51:20.498709,-82.0,-15.0,-31.0,-17.0,55.0,-28.0,-43.0,-92.0,40.0,-5.0,1.0,1.0,-46.57,-33.980000000000004,-22.11,-33.86,49.86,-46.56,-21.43,-63.03,49.87,-25.6,-6.03,-12.69
2025-08-04T17:51:20.502906,-21.0,-47.0,8.0,-6.0,41.0,13.0,-47.0,-43.0,-9.0,-6.0,39.0,2.0,14.43,-65.98,16.89,-22.86,35.86,-5.559999999999999,-25.43,-14.030000000000001,0.8699999999999992,-26.6,31.97,-11.69
2025-08-04T17:51:20.510892,-58.0,60.0,-17.0,58.0,11.0,-16.0,-46.0,3.0,-41.0,59.0,48.0,-35.0,-22.57,41.019999999999996,-8.11,41.14,5.86,-34.56,-24.43,31.97,-31.130000000000003,38.4,40.97,-48.69
2025-08-04T17:51:20.515243,-38.0,42.0,5.0,15.0,-64.0,-21.0,-24.0,-32.0,17.0,-28.0,4.0,12.0,-2.5700000000000003,23.02,13.89,-1.8599999999999994,-69.14,-39.56,-2.4299999999999997,-3.030000000000001,26.869999999999997,-48.6,-3.0300000000000002,-1.6899999999999995
2025-08-04T17:51:20.523245,-27.0,75.0,-80.0,-29.0,-13.0,7.0,-65.0,-82.0,-8.0,8.0,117.0,-26.0,8.43,56.019999999999996,-71.11,-45.86,-18.14,-11.559999999999999,-43.43,-53.03,1.8699999999999992,-12.600000000000001,109.97,-39.69
2025-08-04T17:51:20.527427,-130.0,16.0,-83.0,-54.0,-57.0,68.0,-27.0,3.0,-28.0,31.0,53.0,-18.0,-94.57,-2.9800000000000004,-74.11,-70.86,-62.14,49.44,-5.43,31.97,-18.130000000000003,10.399999999999999,45.97,-31.689999999999998
2025-08-04T17:51:20.535402,-22.0,82.0,19.0,17.0,28.0,36.0,-25.0,-35.0,32.0,14.0,78.0,-23.0,13.43,63.019999999999996,27.89,0.14000000000000057,22.86,17.44,-3.4299999999999997,-6.030000000000001,41.87,-6.600000000000001,70.97,-36.69
2025-08-04T17:51:20.539710,-17.0,-62.0,-32.0,-29.0,3.0,5.0,-33.0,-35.0,16.0,-64.0,18.0,-90.0,18.43,-80.98,-23.11,-45.86,-2.1399999999999997,-13.559999999999999,-11.43,-6.030000000000001,25.869999999999997,-84.6,10.969999999999999,-103.69
2025-08-04T17:51:20.547826,31.0,48.0,-43.0,37.0,2.0,3.0,20.0,-80.0,44.0,-57.0,23.0,-26.0,66.43,29.02,-34.11,20.14,-3.1399999999999997,-15.559999999999999,41.57,-51.03,53.87,-77.6,15.969999999999999,-39.69
2025-08-04T17:51:20.552018,30.0,-59.0,23.0,82.0,-15.0,-20.0,-66.0,-57.0,43.0,-53.0,53.0,8.0,65.43,-77.98,31.89,65.14,-20.14,-38.56,-44.43,-28.03,52.87,-73.6,45.97,-5.6899999999999995
2025-08-04T17:51:20.560107,-73.0,-29.0,23.0,44.0,-17.0,58.0,31.0,-56.0,25.0,-8.0,122.0,9.0,-37.57,-47.980000000000004,31.89,27.14,-22.14,39.44,52.57,-27.03,34.87,-28.6,114.97,-4.6899999999999995
2025-08-04T17:51:20.564219,-53.0,46.0,24.0,-35.0,-8.0,35.0,-51.0,39.0,16.0,13.0,52.0,28.0,-17.57,27.02,32.89,-51.86,-13.14,16.44,-29.43,67.97,25.869999999999997,-7.600000000000001,44.97,14.31
2025-08-04T17:51:20.572374,-91.0,105.0,-74.0,20.0,43.0,96.0,46.0,-12.0,-14.0,-42.0,63.0,-7.0,-55.57,86.02,-65.11,3.1400000000000006,37.86,77.44,67.57,16.97,-4.130000000000001,-62.6,55.97,-20.689999999999998
2025-08-04T17:51:20.576544,-3.0,55.0,-62.0,32.0,51.0,61.0,-59.0,60.0,-34.0,-6.0,100.0,-69.0,32.43,36.019999999999996,-53.11,15.14,45.86,42.44,-37.43,88.97,-24.130000000000003,-26.6,92.97,-82.69
2025-08-04T17:51:20.584572,0.0,26.0,8.0,103.0,25.0,-29.0,1.0,-63.0,-46.0,-27.0,55.0,-76.0,35.43,7.02,16.89,86.14,19.86,-47.56,22.57,-34.03,-36.13,-47.6,47.97,-89.69
2025-08-04T17:51:20.588866,28.0,30.0,-51.0,45.0,-49.0,-44.0,53.0,-82.0,-46.0,-40.0,64.0,-59.0,63.43,11.02,-42.11,28.14,-54.14,-62.56,74.57,-53.03,-36.13,-60.6,56.97,-72.69
2025-08-04T17:51:20.596994,20.0,-66.0,-36.0,86.0,-37.0,-16.0,-98.0,7.0,-8.0,-49.0,23.0,-47.0,55.43,-84.98,-27.11,69.14,-42.14,-34.56,-76.43,35.97,1.8699999999999992,-69.6,15.969999999999999,-60.69
2025-08-04T17:51:20.601103,-36.0,-10.0,34.0,63.0,-26.0,62.0,-34.0,-27.0,-33.0,15.0,27.0,-36.0,-0.5700000000000003,-28.98,42.89,46.14,-31.14,43.44,-12.43,1.9699999999999989,-23.130000000000003,-5.600000000000001,19.97,-49.69
2025-08-04T17:51:20.609066,-67.0,69.0,3.0,-63.0,21.0,-17.0,-3.0,-23.0,-26.0,-14.0,-24.0,-41.0,-31.57,50.019999999999996,11.89,-79.86,15.86,-35.56,18.57,5.969999999999999,-16.130000000000003,-34.6,-31.03,-54.69
2025-08-04T17:51:20.613281,-59.0,65.0,14.0,3.0,10.0,-22.0,-94.0,-37.0,-70.0,-23.0,81.0,-17.0,-23.57,46.019999999999996,22.89,-13.86,4.86,-40.56,-72.43,-8.030000000000001,-60.13,-43.6,73.97,-30.689999999999998
2025-08-04T17:51:20.621572,-3.0,2.0,-32.0,30.0,-4.0,-32.0,-32.0,-9.0,-28.0,31.0,-10.0,19.0,32.43,-16.98,-23.11,13.14,-9.14,-50.56,-10.43,19.97,-18.130000000000003,10.399999999999999,-17.03,5.3100000000000005
2025-08-04T17:51:20.625752,-37.0,79.0,22.0,41.0,-13.0,2.0,-84.0,-33.0,29.0,-58.0,73.0,-12.0,-1.5700000000000003,60.019999999999996,30.89,24.14,-18.14,-16.56,-62.43,-4.030000000000001,38.87,-78.6,65.97,-25.689999999999998
2025-08-04T17:51:20.633684,11.0,-18.0,-24.0,93.0,-19.0,-33.0,44.0,1.0,-20.0,-76.0,56.0,-6.0,46.43,-36.980000000000004,-15.11,76.14,-24.14,-51.56,65.57,29.97,-10.13,-96.6,48.97,-19.689999999999998
2025-08-04T17:51:20.637912,-48.0,-69.0,41.0,27.0,-31.0,34.0,-63.0,-51.0,-52.0,41.0,55.0,5.0,-12.57,-87.98,49.89,10.14,-36.14,15.440000000000001,-41.43,-22.03,-42.13,20.4,47.97,-8.69
2025-08-04T17:51:20.646035,-19.0,-17.0,30.0,25.0,53.0,36.0,53.0,-29.0,-63.0,-38.0,41.0,3.0,16.43,-35.980000000000004,38.89,8.14,47.86,17.44,74.57,-0.030000000000001137,-53.13,-58.6,33.97,-10.69
2025-08-04T17:51:20.650335,-69.0,47.0,5.0,65.0,-31.0,-23.0,-38.0,-32.0,-19.0,23.0,88.0,-10.0,-33.57,28.02,13.89,48.14,-36.14,-41.56,-16.43,-3.030000000000001,-9.13,2.3999999999999986,80.97,-23.689999999999998
2025-08-04T17:51:20.654476,-19.0,57.0,16.0,-12.0,36.0,42.0,1.0,-110.0,21.0,1.0,9.0,-71.0,16.43,38.019999999999996,24.89,-28.86,30.86,23.44,22.57,-81.03,30.869999999999997,-19.6,1.9699999999999998,-84.69
2025-08-04T17:51:20.662439,-52.0,88.0,21.0,19.0,36.0,-10.0,-5.0,-5.0,-32.0,-8.0,119.0,-32.0,-16.57,69.02,29.89,2.1400000000000006,30.86,-28.56,16.57,23.97,-22.130000000000003,-28.6,111.97,-45.69
2025-08-04T17:51:20.670577,-48.0,81.0,-70.0,116.0,-59.0,-92.0,40.0,-31.0,-26.0,-65.0,12.0,1.0,-12.57,62.019999999999996,-61.11,99.14,-64.14,-110.56,61.57,-2.030000000000001,-16.130000000000003,-85.6,4.97,-12.69
2025-08-04T17:51:20.674731,2.0,63.0,-59.0,10.0,31.0,52.0,2.0,13.0,-47.0,-25.0,46.0,37.0,37.43,44.019999999999996,-50.11,-6.859999999999999,25.86,33.44,23.57,41.97,-37.13,-45.6,38.97,23.310000000000002
2025-08-04T17:51:20.682928,-36.0,6.0,-31.0,-98.0,-24.0,94.0,22.0,-47.0,-47.0,-4.0,35.0,16.0,-0.5700000000000003,-12.98,-22.11,-114.86,-29.14,75.44,43.57,-18.03,-37.13,-24.6,27.97,2.3100000000000005
2025-08-04T17:51:20.687110,15.0,-22.0,-62.0,-22.0,71.0,39.0,-17.0,0.0,-21.0,-59.0,4.0,13.0,50.43,-40.980000000000004,-53.11,-38.86,65.86,20.44,4.57,28.97,-11.13,-79.6,-3.0300000000000002,-0.6899999999999995
2025-08-04T17:51:20.691156,32.0,-43.0,-29.0,0.0,2.0,13.0,-60.0,-41.0,-31.0,-82.0,65.0,-12.0,67.43,-61.980000000000004,-20.11,-16.86,-3.1399999999999997,-5.559999999999999,-38.43,-12.030000000000001,-21.130000000000003,-102.6,57.97,-25.689999999999998
2025-08-04T17:51:20.699239,-35.0,-22.0,-36.0,67.0,-13.0,-34.0,-57.0,-8.0,8.0,-34.0,9.0,-21.0,0.4299999999999997,-40.980000000000004,-27.11,50.14,-18.14,-52.56,-35.43,20.97,17.869999999999997,-54.6,1.9699999999999998,-34.69
2025-08-04T17:51:20.703398,-30.0,29.0,1.0,28.0,4.0,33.0,-15.0,-13.0,6.0,-43.0,59.0,-31.0,5.43,10.02,9.89,11.14,-1.1399999999999997,14.440000000000001,6.57,15.969999999999999,15.87,-63.6,51.97,-44.69
2025-08-04T17:51:20.711575,-80.0,-44.0,43.0,22.0,-21.0,-13.0,-23.0,-37.0,-60.0,-41.0,60.0,-14.0,-44.57,-62.980000000000004,51.89,5.140000000000001,-26.14,-31.56,-1.4299999999999997,-8.030000000000001,-50.13,-61.6,52.97,-27.689999999999998
2025-08-04T17:51:20.715705,-46.0,82.0,-22.0,6.0,39.0,75.0,-52.0,-26.0,31.0,-20.0,31.0,-18.0,-10.57,63.019999999999996,-13.11,-10.86,33.86,56.44,-30.43,2.969999999999999,40.87,-40.6,23.97,-31.689999999999998
2025-08-04T17:51:20.723803,27.0,56.0,-42.0,-33.0,81.0,69.0,-26.0,-25.0,64.0,-29.0,74.0,-50.0,62.43,37.019999999999996,-33.11,-49.86,75.86,50.44,-4.43,3.969999999999999,73.87,-49.6,66.97,-63.69
2025-08-04T17:51:20.727900,6.0,39.0,-44.0,45.0,66.0,40.0,17.0,-8.0,-30.0,-35.0,71.0,3.0,41.43,20.02,-35.11,28.14,60.86,21.44,38.57,20.97,-20.130000000000003,-55.6,63.97,-10.69
2025-08-04T17:51:20.736184,42.0,88.0,-31.0,41.0,-43.0,-30.0,25.0,-34.0,-46.0,-14.0,46.0,-48.0,77.43,69.02,-22.11,24.14,-48.14,-48.56,46.57,-5.030000000000001,-36.13,-34.6,38.97,-61.69
2025-08-04T17:51:20.740251,22.0,48.0,-28.0,50.0,-30.0,43.0,-104.0,-5.0,-72.0,54.0,38.0,-31.0,57.43,29.02,-19.11,33.14,-35.14,24.44,-82.43,23.97,-62.13,33.4,30.97,-44.69
2025-08-04T17:51:20.748471,-1.0,29.0,26.0,27.0,-5.0,41.0,33.0,-51.0,-76.0,-23.0,10.0,-10.0,34.43,10.02,34.89,10.14,-10.14,22.44,54.57,-22.03,-66.13,-43.6,2.9699999999999998,-23.689999999999998
2025-08-04T17:51:20.752798,-37.0,-15.0,64.0,43.0,-50.0,20.0,-83.0,-87.0,-27.0,-14.0,62.0,-26.0,-1.5700000000000003,-33.980000000000004,72.89,26.14,-55.14,1.4400000000000013,-61.43,-58.03,-17.130000000000003,-34.6,54.97,-39.69
2025-08-04T17:51:20.760830,5.0,16.0,51.0,26.0,-68.0,50.0,-71.0,-3.0,-91.0,-28.0,47.0,-10.0,40.43,-2.9800000000000004,59.89,9.14,-73.14,31.44,-49.43,25.97,-81.13,-48.6,39.97,-23.689999999999998
2025-08-04T17:51:20.764985,-132.0,-20.0,15.0,-44.0,-12.0,-37.0,-44.0,9.0,37.0,-3.0,45.0,-26.0,-96.57,-38.980000000000004,23.89,-60.86,-17.14,-55.56,-22.43,37.97,46.87,-23.6,37.97,-39.69
2025-08-04T17:51:20.773056,-74.0,31.0,24.0,48.0,21.0,47.0,34.0,-26.0,5.0,-44.0,41.0,-29.0,-38.57,12.02,32.89,31.14,15.86,28.44,55.57,2.969999999999999,14.87,-64.6,33.97,-42.69
2025-08-04T17:51:20.777292,-59.0,13.0,-44.0,62.0,-70.0,25.0,-48.0,-50.0,-47.0,-19.0,33.0,-45.0,-23.57,-5.98,-35.11,45.14,-75.14,6.440000000000001,-26.43,-21.03,-37.13,-39.6,25.97,-58.69
2025-08-04T17:51:20.785312,43.0,32.0,-12.0,27.0,-6.0,76.0,-20.0,-17.0,37.0,-12.0,18.0,-16.0,78.43,13.02,-3.1099999999999994,10.14,-11.14,57.44,1.5700000000000003,11.969999999999999,46.87,-32.6,10.969999999999999,-29.689999999999998
2025-08-04T17:51:20.789559,45.0,29.0,-43.0,-37.0,-45.0,18.0,11.0,29.0,-9.0,34.0,-31.0,-8.0,80.43,10.02,-34.11,-53.86,-50.14,-0.5599999999999987,32.57,57.97,0.8699999999999992,13.399999999999999,-38.03,-21.689999999999998
2025-08-04T17:51:20.797624,-24.0,-59.0,30.0,5.0,19.0,49.0,-42.0,14.0,-32.0,-44.0,62.0,-66.0,11.43,-77.98,38.89,-11.86,13.86,30.44,-20.43,42.97,-22.130000000000003,-64.6,54.97,-79.69
2025-08-04T17:51:20.802027,-93.0,35.0,-8.0,-7.0,7.0,-21.0,-128.0,-22.0,60.0,-5.0,52.0,-68.0,-57.57,16.02,0.8900000000000006,-23.86,1.8600000000000003,-39.56,-106.43,6.969999999999999,69.87,-25.6,44.97,-81.69
2025-08-04T17:51:20.810131,-39.0,22.0,20.0,6.0,36.0,16.0,-88.0,-35.0,-28.0,-35.0,110.0,-15.0,-3.5700000000000003,3.0199999999999996,28.89,-10.86,30.86,-2.5599999999999987,-66.43,-6.030000000000001,-18.130000000000003,-55.6,102.97,-28.689999999999998
2025-08-04T17:51:20.814086,-58.0,5.0,-6.0,28.0,-17.0,-4.0,-40.0,24.0,-78.0,12.0,47.0,-6.0,-22.57,-13.98,2.8900000000000006,11.14,-22.14,-22.56,-18.43,52.97,-68.13,-8.600000000000001,39.97,-19.689999999999998
2025-08-04T17:51:20.822321,-51.0,93.0,4.0,118.0,-27.0,60.0,-46.0,10.0,-64.0,-39.0,25.0,-54.0,-15.57,74.02,12.89,101.14,-32.14,41.44,-24.43,38.97,-54.13,-59.6,17.97,-67.69
2025-08-04T17:51:20.826292,-40.0,86.0,-95.0,28.0,-7.0,-9.0,-48.0,-16.0,-45.0,-43.0,15.0,-9.0,-4.57,67.02,-86.11,11.14,-12.14,-27.56,-26.43,12.969999999999999,-35.13,-63.6,7.97,-22.689999999999998
2025-08-04T17:51:20.834303,-98.0,82.0,-57.0,-21.0,-62.0,-4.0,-47.0,21.0,-79.0,0.0,59.0,-25.0,-62.57,63.019999999999996,-48.11,-37.86,-67.14,-22.56,-25.43,49.97,-69.13,-20.6,51.97,-38.69
2025-08-04T17:51:20.838598,19.0,93.0,-57.0,29.0,4.0,19.0,-41.0,-25.0,-32.0,23.0,50.0,-18.0,54.43,74.02,-48.11,12.14,-1.1399999999999997,0.4400000000000013,-19.43,3.969999999999999,-22.130000000000003,2.3999999999999986,42.97,-31.689999999999998
2025-08-04T17:51:20.846603,6.0,67.0,-13.0,20.0,-26.0,52.0,16.0,-1.0,30.0,-91.0,-46.0,-35.0,41.43,48.019999999999996,-4.109999999999999,3.1400000000000006,-31.14,33.44,37.57,27.97,39.87,-111.6,-53.03,-48.69
2025-08-04T17:51:20.850951,3.0,-15.0,-58.0,56.0,-2.0,11.0,-79.0,14.0,-13.0,-20.0,14.0,29.0,38.43,-33.980000000000004,-49.11,39.14,-7.14,-7.559999999999999,-57.43,42.97,-3.130000000000001,-40.6,6.97,15.31
2025-08-04T17:51:20.858974,28.0,-7.0,8.0,-2.0,44.0,48.0,-13.0,-22.0,-76.0,-13.0,7.0,-45.0,63.43,-25.98,16.89,-18.86,38.86,29.44,8.57,6.969999999999999,-66.13,-33.6,-0.03000000000000025,-58.69
2025-08-04T17:51:20.863175,-8.0,44.0,-30.0,61.0,8.0,11.0,24.0,0.0,-19.0,12.0,63.0,-11.0,27.43,25.02,-21.11,44.14,2.8600000000000003,-7.559999999999999,45.57,28.97,-9.13,-8.600000000000001,55.97,-24.689999999999998
2025-08-04T17:51:20.871138,-70.0,-21.0,30.0,46.0,39.0,-36.0,-35.0,17.0,-45.0,7.0,56.0,3.0,-34.57,-39.980000000000004,38.89,29.14,33.86,-54.56,-13.43,45.97,-35.13,-13.600000000000001,48.97,-10.69
2025-08-04T17:51:20.875449,-37.0,62.0,23.0,62.0,-66.0,33.0,10.0,-57.0,-19.0,23.0,24.0,-27.0,-1.5700000000000003,43.019999999999996,31.89,45.14,-71.14,14.440000000000001,31.57,-28.03,-9.13,2.3999999999999986,16.97,-40.69
2025-08-04T17:51:20.883709,-85.0,23.0,-38.0,-43.0,-48.0,49.0,-24.0,-127.0,-73.0,-19.0,-6.0,-23.0,-49.57,4.02,-29.11,-59.86,-53.14,30.44,-2.4299999999999997,-98.03,-63.13,-39.6,-13.030000000000001,-36.69
2025-08-04T17:51:20.887759,-8.0,59.0,-70.0,24.0,-35.0,55.0,-3.0,-16.0,-38.0,-75.0,49.0,8.0,27.43,40.019999999999996,-61.11,7.140000000000001,-40.14,36.44,18.57,12.969999999999999,-28.130000000000003,-95.6,41.97,-5.6899999999999995
2025-08-04T17:51:20.895950,33.0,31.0,-44.0,-12.0,-28.0,90.0,40.0,-66.0,-38.0,-48.0,33.0,-12.0,68.43,12.02,-35.11,-28.86,-33.14,71.44,61.57,-37.03,-28.130000000000003,-68.6,25.97,-25.689999999999998
2025-08-04T17:51:20.900229,12.0,-27.0,-36.0,11.0,-25.0,-73.0,-6.0,-27.0,20.0,-16.0,-23.0,-103.0,47.43,-45.980000000000004,-27.11,-5.859999999999999,-30.14,-91.56,15.57,1.9699999999999989,29.869999999999997,-36.6,-30.03,-116.69
2025-08-04T17:51:20.904246,-39.0,-17.0,-36.0,-65.0,73.0,68.0,8.0,5.0,37.0,-39.0,73.0,-36.0,-3.5700000000000003,-35.980000000000004,-27.11,-81.86,67.86,49.44,29.57,33.97,46.87,-59.6,65.97,-49.69
2025-08-04T17:51:20.912283,-40.0,58.0,-19.0,53.0,53.0,28.0,-71.0,-65.0,11.0,30.0,64.0,-44.0,-4.57,39.019999999999996,-10.11,36.14,47.86,9.440000000000001,-49.43,-36.03,20.869999999999997,9.399999999999999,56.97,-57.69
2025-08-04T17:51:20.920487,-77.0,-14.0,14.0,37.0,-19.0,57.0,-74.0,-108.0,19.0,54.0,75.0,-6.0,-41.57,-32.980000000000004,22.89,20.14,-24.14,38.44,-52.43,-79.03,28.869999999999997,33.4,67.97,-19.689999999999998
2025-08-04T17:51:20.924568,-26.0,26.0,61.0,18.0,-45.0,12.0,-75.0,56.0,-11.0,12.0,25.0,-18.0,9.43,7.02,69.89,1.1400000000000006,-50.14,-6.559999999999999,-53.43,84.97,-1.1300000000000008,-8.600000000000001,17.97,-31.689999999999998
2025-08-04T17:51:20.932819,-101.0,67.0,-97.0,-15.0,-57.0,80.0,-45.0,-48.0,49.0,22.0,58.0,-25.0,-65.57,48.019999999999996,-88.11,-31.86,-62.14,61.44,-23.43,-19.03,58.87,1.3999999999999986,50.97,-38.69
2025-08-04T17:51:20.937003,90.0,99.0,-11.0,-15.0,64.0,60.0,-64.0,20.0,-13.0,16.0,21.0,-92.0,125.43,80.02,-2.1099999999999994,-31.86,58.86,41.44,-42.43,48.97,-3.130000000000001,-4.600000000000001,13.969999999999999,-105.69
2025-08-04T17:51:20.945028,43.0,-12.0,-71.0,18.0,22.0,18.0,65.0,-61.0,-30.0,14.0,80.0,-42.0,78.43,-30.98,-62.11,1.1400000000000006,16.86,-0.5599999999999987,86.57,-32.03,-20.130000000000003,-6.600000000000001,72.97,-55.69
2025-08-04T17:51:20.949259,-14.0,-2.0,15.0,57.0,75.0,12.0,-37.0,29.0,22.0,25.0,21.0,-27.0,21.43,-20.98,23.89,40.14,69.86,-6.559999999999999,-15.43,57.97,31.869999999999997,4.399999999999999,13.969999999999999,-40.69
2025-08-04T17:51:20.957179,-65.0,-47.0,11.0,20.0,10.0,-10.0,-47.0,-6.0,-72.0,19.0,-3.0,-50.0,-29.57,-65.98,19.89,3.1400000000000006,4.86,-28.56,-25.43,22.97,-62.13,-1.6000000000000014,-10.030000000000001,-63.69
2025-08-04T17:51:20.961611,-93.0,-13.0,85.0,58.0,-13.0,-27.0,-49.0,-38.0,-30.0,-33.0,43.0,54.0,-57.57,-31.98,93.89,41.14,-18.14,-45.56,-27.43,-9.030000000000001,-20.130000000000003,-53.6,35.97,40.31
2025-08-04T17:51:20.969529,11.0,77.0,-70.0,-15.0,-20.0,15.0,-18.0,-28.0,-8.0,-2.0,42.0,-110.0,46.43,58.019999999999996,-61.11,-31.86,-25.14,-3.5599999999999987,3.5700000000000003,0.9699999999999989,1.8699999999999992,-22.6,34.97,-123.69
2025-08-04T17:51:20.973701,-6.0,63.0,-77.0,-46.0,-23.0,68.0,-31.0,5.0,-36.0,-42.0,73.0,-36.0,29.43,44.019999999999996,-68.11,-62.86,-28.14,49.44,-9.43,33.97,-26.130000000000003,-62.6,65.97,-49.69
2025-08-04T17:51:20.977810,-72.0,37.0,-2.0,-70.0,23.0,-17.0,-59.0,-22.0,-99.0,-29.0,17.0,-16.0,-36.57,18.02,6.890000000000001,-86.86,17.86,-35.56,-37.43,6.969999999999999,-89.13,-49.6,9.969999999999999,-29.689999999999998
2025-08-04T17:51:20.986061,16.0,77.0,-54.0,-1.0,27.0,-38.0,18.0,5.0,0.0,24.0,29.0,-50.0,51.43,58.019999999999996,-45.11,-17.86,21.86,-56.56,39.57,33.97,9.87,3.3999999999999986,21.97,-63.69
2025-08-04T17:51:20.990138,-36.0,4.0,-5.0,48.0,-53.0,-4.0,-4.0,27.0,-2.0,21.0,34.0,-81.0,-0.5700000000000003,-14.98,3.8900000000000006,31.14,-58.14,-22.56,17.57,55.97,7.869999999999999,0.3999999999999986,26.97,-94.69
2025-08-04T17:51:20.998292,-28.0,76.0,-48.0,78.0,-56.0,-29.0,33.0,-27.0,-45.0,-29.0,32.0,35.0,7.43,57.019999999999996,-39.11,61.14,-61.14,-47.56,54.57,1.9699999999999989,-35.13,-49.6,24.97,21.310000000000002
2025-08-04T17:51:21.002626,-4.0,35.0,-1.0,-17.0,-49.0,101.0,11.0,-17.0,-54.0,-32.0,29.0,69.0,31.43,16.02,7.890000000000001,-33.86,-54.14,82.44,32.57,11.969999999999999,-44.13,-52.6,21.97,55.31
2025-08-04T17:51:21.010620,61.0,-26.0,52.0,0.0,7.0,-5.0,-9.0,-34.0,11.0,-48.0,39.0,80.0,96.43,-44.980000000000004,60.89,-16.86,1.8600000000000003,-23.56,12.57,-5.030000000000001,20.869999999999997,-68.6,31.97,66.31
2025-08-04T17:51:21.014848,29.0,-24.0,15.0,-36.0,-14.0,44.0,-18.0,-38.0,-29.0,-55.0,-5.0,13.0,64.43,-42.980000000000004,23.89,-52.86,-19.14,25.44,3.5700000000000003,-9.030000000000001,-19.130000000000003,-75.6,-12.030000000000001,-0.6899999999999995
2025-08-04T17:51:21.022810,-60.0,0.0,8.0,-25.0,3.0,-16.0,55.0,-32.0,-39.0,16.0,-33.0,20.0,-24.57,-18.98,16.89,-41.86,-2.1399999999999997,-34.56,76.57,-3.030000000000001,-29.130000000000003,-4.600000000000001,-40.03,6.3100000000000005
2025-08-04T17:51:21.027083,-28.0,11.0,35.0,56.0,76.0,95.0,28.0,-24.0,-59.0,3.0,69.0,17.0,7.43,-7.98,43.89,39.14,70.86,76.44,49.57,4.969999999999999,-49.13,-17.6,61.97,3.3100000000000005
2025-08-04T17:51:21.035149,-24.0,-17.0,54.0,30.0,69.0,58.0,-28.0,-28.0,-24.0,-78.0,12.0,6.0,11.43,-35.980000000000004,62.89,13.14,63.86,39.44,-6.43,0.9699999999999989,-14.13,-98.6,4.97,-7.6899999999999995
2025-08-04T17:51:21.039302,-76.0,50.0,-2.0,-17.0,-15.0,-28.0,-13.0,-45.0,15.0,29.0,-19.0,55.0,-40.57,31.02,6.890000000000001,-33.86,-20.14,-46.56,8.57,-16.03,24.869999999999997,8.399999999999999,-26.03,41.31
2025-08-04T17:51:21.047494,-32.0,-3.0,-52.0,18.0,-62.0,53.0,-61.0,-52.0,3.0,19.0,-65.0,58.0,3.4299999999999997,-21.98,-43.11,1.1400000000000006,-67.14,34.44,-39.43,-23.03,12.87,-1.6000000000000014,-72.03,44.31
2025-08-04T17:51:21.051763,2.0,76.0,-38.0,33.0,-52.0,56.0,11.0,-71.0,-7.0,1.0,-65.0,1.0,37.43,57.019999999999996,-29.11,16.14,-57.14,37.44,32.57,-42.03,2.869999999999999,-19.6,-72.03,-12.69
2025-08-04T17:51:21.059665,56.0,59.0,-51.0,30.0,-73.0,103.0,17.0,-50.0,8.0,13.0,-39.0,-21.0,91.43,40.019999999999996,-42.11,13.14,-78.14,84.44,38.57,-21.03,17.869999999999997,-7.600000000000001,-46.03,-34.69
2025-08-04T17:51:21.063937,13.0,-31.0,-92.0,33.0,30.0,32.0,-61.0,-68.0,-63.0,14.0,16.0,55.0,48.43,-49.980000000000004,-83.11,16.14,24.86,13.440000000000001,-39.43,-39.03,-53.13,-6.600000000000001,8.969999999999999,41.31
2025-08-04T17:51:21.072079,46.0,-19.0,19.0,23.0,-69.0,-28.0,41.0,-63.0,4.0,61.0,29.0,57.0,81.43,-37.980000000000004,27.89,6.140000000000001,-74.14,-46.56,62.57,-34.03,13.87,40.4,21.97,43.31
2025-08-04T17:51:21.076150,-45.0,-17.0,0.0,39.0,14.0,-2.0,-15.0,-13.0,-46.0,23.0,-51.0,37.0,-9.57,-35.980000000000004,8.89,22.14,8.86,-20.56,6.57,15.969999999999999,-36.13,2.3999999999999986,-58.03,23.310000000000002
2025-08-04T17:51:21.084129,-65.0,-2.0,36.0,68.0,-2.0,28.0,7.0,-108.0,1.0,47.0,-39.0,-32.0,-29.57,-20.98,44.89,51.14,-7.14,9.440000000000001,28.57,-79.03,10.87,26.4,-46.03,-45.69
2025-08-04T17:51:21.088669,-117.0,58.0,11.0,-21.0,24.0,46.0,35.0,-80.0,21.0,51.0,19.0,19.0,-81.57,39.019999999999996,19.89,-37.86,18.86,27.44,56.57,-51.03,30.869999999999997,30.4,11.969999999999999,5.3100000000000005
2025-08-04T17:51:21.096537,-112.0,57.0,8.0,28.0,-31.0,8.0,-29.0,-1.0,-32.0,13.0,-25.0,50.0,-76.57,38.019999999999996,16.89,11.14,-36.14,-10.559999999999999,-7.43,27.97,-22.130000000000003,-7.600000000000001,-32.03,36.31
2025-08-04T17:51:21.100767,54.0,78.0,-87.0,17.0,12.0,-19.0,-6.0,-21.0,38.0,13.0,-34.0,-19.0,89.43,59.019999999999996,-78.11,0.14000000000000057,6.86,-37.56,15.57,7.969999999999999,47.87,-7.600000000000001,-41.03,-32.69
2025-08-04T17:51:21.108837,72.0,27.0,-48.0,-73.0,-18.0,-19.0,-5.0,21.0,47.0,49.0,-2.0,57.0,107.43,8.02,-39.11,-89.86,-23.14,-37.56,16.57,49.97,56.87,28.4,-9.030000000000001,43.31
2025-08-04T17:51:21.112911,-19.0,-27.0,-7.0,11.0,-17.0,-61.0,-54.0,32.0,-34.0,62.0,69.0,-27.0,16.43,-45.980000000000004,1.8900000000000006,-5.859999999999999,-22.14,-79.56,-32.43,60.97,-24.130000000000003,41.4,61.97,-40.69
2025-08-04T17:51:21.121159,-96.0,-26.0,34.0,81.0,-22.0,-36.0,-64.0,-11.0,14.0,14.0,-20.0,-17.0,-60.57,-44.980000000000004,42.89,64.14,-27.14,-54.56,-42.43,17.97,23.869999999999997,-6.600000000000001,-27.03,-30.689999999999998
2025-08-04T17:51:21.125363,-21.0,46.0,18.0,-24.0,-85.0,-8.0,-30.0,-12.0,-59.0,98.0,36.0,67.0,14.43,27.02,26.89,-40.86,-90.14,-26.56,-8.43,16.97,-49.13,77.4,28.97,53.31
2025-08-04T17:51:21.133280,-31.0,91.0,-8.0,32.0,-29.0,17.0,-45.0,19.0,-7.0,67.0,19.0,21.0,4.43,72.02,0.8900000000000006,15.14,-34.14,-1.5599999999999987,-23.43,47.97,2.869999999999999,46.4,11.969999999999999,7.3100000000000005
2025-08-04T17:51:21.137694,15.0,86.0,-19.0,-34.0,54.0,54.0,-13.0,-50.0,-78.0,89.0,-45.0,50.0,50.43,67.02,-10.11,-50.86,48.86,35.44,8.57,-21.03,-68.13,68.4,-52.03,36.31
2025-08-04T17:51:21.145781,-12.0,9.0,-78.0,-55.0,23.0,21.0,-33.0,-11.0,-65.0,39.0,-9.0,24.0,23.43,-9.98,-69.11,-71.86,17.86,2.4400000000000013,-11.43,17.97,-55.13,18.4,-16.03,10.31
2025-08-04T17:51:21.149923,18.0,-14.0,32.0,49.0,70.0,-76.0,0.0,-86.0,6.0,43.0,-31.0,5.0,53.43,-32.980000000000004,40.89,32.14,64.86,-94.56,21.57,-57.03,15.87,22.4,-38.03,-8.69
2025-08-04T17:51:21.153851,-13.0,85.0,4.0,29.0,-49.0,24.0,-49.0,-3.0,-64.0,44.0,-87.0,41.0,22.43,66.02,12.89,12.14,-54.14,5.440000000000001,-27.43,25.97,-54.13,23.4,-94.03,27.310000000000002
2025-08-04T17:51:21.162276,13.0,16.0,29.0,32.0,-63.0,21.0,32.0,-31.0,-19.0,72.0,13.0,63.0,48.43,-2.9800000000000004,37.89,15.14,-68.14,2.4400000000000013,53.57,-2.030000000000001,-9.13,51.4,5.97,49.31
2025-08-04T17:51:21.166157,33.0,-15.0,33.0,23.0,-6.0,20.0,-53.0,-24.0,-41.0,52.0,-38.0,9.0,68.43,-33.980000000000004,41.89,6.140000000000001,-11.14,1.4400000000000013,-31.43,4.969999999999999,-31.130000000000003,31.4,-45.03,-4.6899999999999995
2025-08-04T17:51:21.174292,-1.0,15.0,24.0,-14.0,-1.0,2.0,23.0,41.0,-7.0,17.0,13.0,4.0,34.43,-3.9800000000000004,32.89,-30.86,-6.14,-16.56,44.57,69.97,2.869999999999999,-3.6000000000000014,5.97,-9.69
2025-08-04T17:51:21.182492,-15.0,-36.0,-25.0,-20.0,-17.0,24.0,-42.0,-26.0,-23.0,20.0,-50.0,33.0,20.43,-54.980000000000004,-16.11,-36.86,-22.14,5.440000000000001,-20.43,2.969999999999999,-13.13,-0.6000000000000014,-57.03,19.310000000000002
2025-08-04T17:51:21.186853,-42.0,53.0,-12.0,59.0,70.0,14.0,61.0,-41.0,-64.0,-24.0,-15.0,63.0,-6.57,34.019999999999996,-3.1099999999999994,42.14,64.86,-4.559999999999999,82.57,-12.030000000000001,-54.13,-44.6,-22.03,49.31
2025-08-04T17:51:21.190781,-96.0,46.0,-16.0,-5.0,38.0,34.0,-31.0,-18.0,-46.0,22.0,5.0,11.0,-60.57,27.02,-7.109999999999999,-21.86,32.86,15.440000000000001,-9.43,10.969999999999999,-36.13,1.3999999999999986,-2.0300000000000002,-2.6899999999999995
2025-08-04T17:51:21.199065,-15.0,29.0,-38.0,61.0,-12.0,12.0,-44.0,37.0,-30.0,-3.0,-15.0,-46.0,20.43,10.02,-29.11,44.14,-17.14,-6.559999999999999,-22.43,65.97,-20.130000000000003,-23.6,-22.03,-59.69
2025-08-04T17:51:21.203175,31.0,-31.0,29.0,72.0,-44.0,0.0,-22.0,-37.0,-76.0,38.0,44.0,-10.0,66.43,-49.980000000000004,37.89,55.14,-49.14,-18.56,-0.4299999999999997,-8.030000000000001,-66.13,17.4,36.97,-23.689999999999998
2025-08-04T17:51:21.211360,-54.0,7.0,0.0,-14.0,-62.0,-13.0,-37.0,-45.0,-51.0,79.0,43.0,-14.0,-18.57,-11.98,8.89,-30.86,-67.14,-31.56,-15.43,-16.03,-41.13,58.4,35.97,-27.689999999999998
2025-08-04T17:51:21.215430,-68.0,18.0,53.0,-56.0,-15.0,35.0,-26.0,-27.0,-1.0,71.0,32.0,86.0,-32.57,-0.9800000000000004,61.89,-72.86,-20.14,16.44,-4.43,1.9699999999999989,8.87,50.4,24.97,72.31
2025-08-04T17:51:21.223672,-72.0,32.0,-23.0,87.0,-11.0,21.0,-42.0,-91.0,-8.0,28.0,-22.0,21.0,-36.57,13.02,-14.11,70.14,-16.14,2.4400000000000013,-20.43,-62.03,1.8699999999999992,7.399999999999999,-29.03,7.3100000000000005
2025-08-04T17:51:21.227646,10.0,25.0,-66.0,0.0,-5.0,2.0,7.0,-78.0,-51.0,49.0,5.0,57.0,45.43,6.02,-57.11,-16.86,-10.14,-16.56,28.57,-49.03,-41.13,28.4,-2.0300000000000002,43.31
2025-08-04T17:51:21.235923,-29.0,34.0,-29.0,61.0,-31.0,10.0,-14.0,-52.0,-6.0,-2.0,-6.0,-19.0,6.43,15.02,-20.11,44.14,-36.14,-8.559999999999999,7.57,-23.03,3.869999999999999,-22.6,-13.030000000000001,-32.69
2025-08-04T17:51:21.240211,-26.0,89.0,-78.0,23.0,6.0,-82.0,-31.0,21.0,13.0,30.0,-39.0,-57.0,9.43,70.02,-69.11,6.140000000000001,0.8600000000000003,-100.56,-9.43,49.97,22.869999999999997,9.399999999999999,-46.03,-70.69
2025-08-04T17:51:21.248180,-5.0,44.0,-51.0,42.0,5.0,13.0,21.0,-24.0,-47.0,48.0,33.0,-60.0,30.43,25.02,-42.11,25.14,-0.13999999999999968,-5.559999999999999,42.57,4.969999999999999,-37.13,27.4,25.97,-73.69
2025-08-04T17:51:21.253130,39.0,-8.0,32.0,-3.0,-41.0,-2.0,-20.0,-16.0,-68.0,37.0,-2.0,-57.0,74.43,-26.98,40.89,-19.86,-46.14,-20.56,1.5700000000000003,12.969999999999999,-58.13,16.4,-9.030000000000001,-70.69
2025-08-04T17:51:21.260546,32.0,17.0,82.0,-14.0,-33.0,47.0,46.0,-46.0,45.0,36.0,17.0,-36.0,67.43,-1.9800000000000004,90.89,-30.86,-38.14,28.44,67.57,-17.03,54.87,15.399999999999999,9.969999999999999,-49.69
2025-08-04T17:51:21.264621,-38.0,13.0,70.0,-29.0,17.0,-52.0,-29.0,41.0,-26.0,56.0,38.0,-19.0,-2.5700000000000003,-5.98,78.89,-45.86,11.86,-70.56,-7.43,69.97,-16.130000000000003,35.4,30.97,-32.69
2025-08-04T17:51:21.272772,-22.0,105.0,-23.0,-52.0,28.0,50.0,30.0,-4.0,-23.0,92.0,30.0,-6.0,13.43,86.02,-14.11,-68.86,22.86,31.44,51.57,24.97,-13.13,71.4,22.97,-19.689999999999998
2025-08-04T17:51:21.276956,-67.0,67.0,-7.0,-17.0,63.0,-13.0,0.0,19.0,18.0,15.0,-15.0,-92.0,-31.57,48.019999999999996,1.8900000000000006,-33.86,57.86,-31.56,21.57,47.97,27.869999999999997,-5.600000000000001,-22.03,-105.69
2025-08-04T17:51:21.284944,-92.0,2.0,-15.0,56.0,-35.0,20.0,60.0,-17.0,-15.0,48.0,35.0,-59.0,-56.57,-16.98,-6.109999999999999,39.14,-40.14,1.4400000000000013,81.57,11.969999999999999,-5.130000000000001,27.4,27.97,-72.69
2025-08-04T17:51:21.289173,35.0,55.0,-49.0,-78.0,27.0,-47.0,-18.0,-58.0,-35.0,20.0,35.0,-26.0,70.43,36.019999999999996,-40.11,-94.86,21.86,-65.56,3.5700000000000003,-29.03,-25.130000000000003,-0.6000000000000014,27.97,-39.69
2025-08-04T17:51:21.297233,45.0,44.0,-11.0,43.0,-25.0,47.0,-50.0,-118.0,-48.0,70.0,53.0,-13.0,80.43,25.02,-2.1099999999999994,26.14,-30.14,28.44,-28.43,-89.03,-38.13,49.4,45.97,-26.689999999999998
2025-08-04T17:51:21.301579,10.0,-26.0,20.0,-1.0,-62.0,-12.0,-30.0,16.0,-43.0,94.0,46.0,-65.0,45.43,-44.980000000000004,28.89,-17.86,-67.14,-30.56,-8.43,44.97,-33.13,73.4,38.97,-78.69
2025-08-04T17:51:21.309677,-92.0,19.0,57.0,-12.0,51.0,13.0,-69.0,-32.0,-33.0,67.0,85.0,-5.0,-56.57,0.019999999999999574,65.89,-28.86,45.86,-5.559999999999999,-47.43,-3.030000000000001,-23.130000000000003,46.4,77.97,-18.689999999999998
2025-08-04T17:51:21.313998,-62.0,108.0,-65.0,19.0,-26.0,5.0,-16.0,-66.0,-69.0,55.0,42.0,-59.0,-26.57,89.02,-56.11,2.1400000000000006,-31.14,-13.559999999999999,5.57,-37.03,-59.13,34.4,34.97,-72.69
2025-08-04T17:51:21.322051,-56.0,93.0,-52.0,69.0,32.0,-8.0,-1.0,-38.0,-4.0,65.0,70.0,11.0,-20.57,74.02,-43.11,52.14,26.86,-26.56,20.57,-9.030000000000001,5.869999999999999,44.4,62.97,-2.6899999999999995
2025-08-04T17:51:21.326031,31.0,44.0,-82.0,37.0,-58.0,-54.0,12.0,6.0,-26.0,89.0,-24.0,-42.0,66.43,25.02,-73.11,20.14,-63.14,-72.56,33.57,34.97,-16.130000000000003,68.4,-31.03,-55.69
2025-08-04T17:51:21.334342,-1.0,22.0,-30.0,16.0,-68.0,-40.0,-68.0,-51.0,-60.0,70.0,14.0,-36.0,34.43,3.0199999999999996,-21.11,-0.8599999999999994,-73.14,-58.56,-46.43,-22.03,-50.13,49.4,6.97,-49.69
2025-08-04T17:51:21.338262,34.0,0.0,-28.0,-57.0,-27.0,32.0,-88.0,-82.0,13.0,48.0,11.0,-46.0,69.43,-18.98,-19.11,-73.86,-32.14,13.440000000000001,-66.43,-53.03,22.869999999999997,27.4,3.9699999999999998,-59.69
2025-08-04T17:51:21.346305,-7.0,4.0,-16.0,-62.0,26.0,22.0,-29.0,20.0,-22.0,97.0,41.0,-5.0,28.43,-14.98,-7.109999999999999,-78.86,20.86,3.4400000000000013,-7.43,48.97,-12.13,76.4,33.97,-18.689999999999998
2025-08-04T17:51:21.350763,43.0,-31.0,44.0,3.0,81.0,-41.0,13.0,-41.0,-42.0,38.0,41.0,-23.0,78.43,-49.980000000000004,52.89,-13.86,75.86,-59.56,34.57,-12.030000000000001,-32.13,17.4,33.97,-36.69
2025-08-04T17:51:21.358581,-42.0,9.0,8.0,34.0,7.0,16.0,-37.0,-58.0,6.0,71.0,-2.0,-44.0,-6.57,-9.98,16.89,17.14,1.8600000000000003,-2.5599999999999987,-15.43,-29.03,15.87,50.4,-9.030000000000001,-57.69
2025-08-04T17:51:21.362894,-51.0,64.0,1.0,47.0,-30.0,19.0,-88.0,14.0,-24.0,-8.0,41.0,-38.0,-15.57,45.019999999999996,9.89,30.14,-35.14,0.4400000000000013,-66.43,42.97,-14.13,-28.6,33.97,-51.69
2025-08-04T17:51:21.371091,-93.0,59.0,56.0,55.0,-52.0,-10.0,6.0,-81.0,-18.0,17.0,48.0,-5.0,-57.57,40.019999999999996,64.89,38.14,-57.14,-28.56,27.57,-52.03,-8.13,-3.6000000000000014,40.97,-18.689999999999998
2025-08-04T17:51:21.375281,-86.0,96.0,-102.0,39.0,0.0,15.0,-4.0,2.0,-57.0,-18.0,-13.0,-59.0,-50.57,77.02,-93.11,22.14,-5.14,-3.5599999999999987,17.57,30.97,-47.13,-38.6,-20.03,-72.69
2025-08-04T17:51:21.383097,-45.0,88.0,1.0,-31.0,-29.0,47.0,50.0,18.0,-3.0,-102.0,51.0,2.0,-9.57,69.02,9.89,-47.86,-34.14,28.44,71.57,46.97,6.869999999999999,-122.6,43.97,-11.69
2025-08-04T17:51:21.387447,-81.0,42.0,7.0,-49.0,-31.0,-22.0,1.0,37.0,14.0,8.0,27.0,-26.0,-45.57,23.02,15.89,-65.86,-36.14,-40.56,22.57,65.97,23.869999999999997,-12.600000000000001,19.97,-39.69
2025-08-04T17:51:21.395368,-38.0,56.0,-5.0,20.0,44.0,-44.0,63.0,-4.0,-99.0,20.0,44.0,-95.0,-2.5700000000000003,37.019999999999996,3.8900000000000006,3.1400000000000006,38.86,-62.56,84.57,24.97,-89.13,-0.6000000000000014,36.97,-108.69
2025-08-04T17:51:21.399653,34.0,83.0,-46.0,105.0,-2.0,7.0,3.0,-98.0,-22.0,-10.0,66.0,33.0,69.43,64.02,-37.11,88.14,-7.14,-11.559999999999999,24.57,-69.03,-12.13,-30.6,58.97,19.310000000000002
2025-08-04T17:51:21.403688,-64.0,13.0,-90.0,20.0,-41.0,8.0,23.0,7.0,-44.0,-55.0,81.0,-25.0,-28.57,-5.98,-81.11,3.1400000000000006,-46.14,-10.559999999999999,44.57,35.97,-34.13,-75.6,73.97,-38.69
2025-08-04T17:51:21.412052,-32.0,-38.0,-77.0,81.0,-70.0,51.0,39.0,-37.0,34.0,-17.0,76.0,-55.0,3.4299999999999997,-56.980000000000004,-68.11,64.14,-75.14,32.44,60.57,-8.030000000000001,43.87,-37.6,68.97,-68.69
2025-08-04T17:51:21.416095,-42.0,-65.0,-8.0,5.0,55.0,33.0,12.0,-12.0,-59.0,-14.0,42.0,-7.0,-6.57,-83.98,0.8900000000000006,-11.86,49.86,14.440000000000001,33.57,16.97,-49.13,-34.6,34.97,-20.689999999999998
2025-08-04T17:51:21.424318,-2.0,14.0,22.0,-90.0,30.0,-19.0,-20.0,17.0,-38.0,7.0,95.0,-59.0,33.43,-4.98,30.89,-106.86,24.86,-37.56,1.5700000000000003,45.97,-28.130000000000003,-13.600000000000001,87.97,-72.69
2025-08-04T17:51:21.428359,-58.0,-37.0,18.0,-10.0,28.0,18.0,-11.0,45.0,-102.0,48.0,59.0,-47.0,-22.57,-55.980000000000004,26.89,-26.86,22.86,-0.5599999999999987,10.57,73.97,-92.13,27.4,51.97,-60.69
2025-08-04T17:51:21.436487,-62.0,90.0,23.0,22.0,46.0,44.0,47.0,-85.0,-92.0,-56.0,65.0,-2.0,-26.57,71.02,31.89,5.140000000000001,40.86,25.44,68.57,-56.03,-82.13,-76.6,57.97,-15.69
2025-08-04T17:51:21.440650,-101.0,28.0,-9.0,39.0,39.0,-9.0,-3.0,-31.0,-95.0,11.0,41.0,31.0,-65.57,9.02,-0.10999999999999943,22.14,33.86,-27.56,18.57,-2.030000000000001,-85.13,-9.600000000000001,33.97,17.310000000000002
2025-08-04T17:51:21.448785,-7.0,50.0,6.0,68.0,22.0,-8.0,41.0,-71.0,-49.0,-37.0,89.0,-52.0,28.43,31.02,14.89,51.14,16.86,-26.56,62.57,-42.03,-39.13,-57.6,81.97,-65.69
2025-08-04T17:51:21.452883,-12.0,79.0,7.0,24.0,-68.0,15.0,16.0,4.0,-73.0,-44.0,93.0,-73.0,23.43,60.019999999999996,15.89,7.140000000000001,-73.14,-3.5599999999999987,37.57,32.97,-63.13,-64.6,85.97,-86.69
2025-08-04T17:51:21.460944,-89.0,30.0,-63.0,1.0,-32.0,7.0,12.0,-13.0,-15.0,1.0,-6.0,-33.0,-53.57,11.02,-54.11,-15.86,-37.14,-11.559999999999999,33.57,15.969999999999999,-5.130000000000001,-19.6,-13.030000000000001,-46.69
2025-08-04T17:51:21.465219,6.0,7.0,-28.0,6.0,-10.0,-49.0,4.0,-31.0,-89.0,-63.0,13.0,16.0,41.43,-11.98,-19.11,-10.86,-15.14,-67.56,25.57,-2.030000000000001,-79.13,-83.6,5.97,2.3100000000000005
2025-08-04T17:51:21.473299,-73.0,68.0,-71.0,0.0,-2.0,48.0,-14.0,10.0,7.0,-29.0,-38.0,11.0,-37.57,49.019999999999996,-62.11,-16.86,-7.14,29.44,7.57,38.97,16.869999999999997,-49.6,-45.03,-2.6899999999999995
2025-08-04T17:51:21.477771,-74.0,100.0,-84.0,0.0,59.0,42.0,-20.0,-37.0,-84.0,16.0,4.0,39.0,-38.57,81.02,-75.11,-16.86,53.86,23.44,1.5700000000000003,-8.030000000000001,-74.13,-4.600000000000001,-3.0300000000000002,25.310000000000002
2025-08-04T17:51:21.485827,29.0,25.0,-99.0,28.0,82.0,-28.0,-15.0,-26.0,-47.0,54.0,11.0,-13.0,64.43,6.02,-90.11,11.14,76.86,-46.56,6.57,2.969999999999999,-37.13,33.4,3.9699999999999998,-26.689999999999998
2025-08-04T17:51:21.489907,66.0,24.0,-17.0,2.0,-6.0,-43.0,14.0,-90.0,-66.0,27.0,-3.0,-23.0,101.43,5.02,-8.11,-14.86,-11.14,-61.56,35.57,-61.03,-56.13,6.399999999999999,-10.030000000000001,-36.69
2025-08-04T17:51:21.498149,-42.0,-48.0,-52.0,35.0,-10.0,-16.0,-103.0,-34.0,-84.0,55.0,-51.0,-15.0,-6.57,-66.98,-43.11,18.14,-15.14,-34.56,-81.43,-5.030000000000001,-74.13,34.4,-58.03,-28.689999999999998
2025-08-04T17:51:21.502204,19.0,-16.0,-18.0,18.0,-34.0,-2.0,7.0,-105.0,-50.0,10.0,-53.0,32.0,54.43,-34.980000000000004,-9.11,1.1400000000000006,-39.14,-20.56,28.57,-76.03,-40.13,-10.600000000000001,-60.03,18.310000000000002
2025-08-04T17:51:21.510151,2.0,-32.0,95.0,31.0,-23.0,36.0,-79.0,-10.0,10.0,47.0,-13.0,20.0,37.43,-50.980000000000004,103.89,14.14,-28.14,17.44,-57.43,18.97,19.869999999999997,26.4,-20.03,6.3100000000000005
2025-08-04T17:51:21.514528,-63.0,4.0,-33.0,-54.0,-15.0,22.0,-32.0,-46.0,7.0,47.0,-9.0,1.0,-27.57,-14.98,-24.11,-70.86,-20.14,3.4400000000000013,-10.43,-17.03,16.869999999999997,26.4,-16.03,-12.69
2025-08-04T17:51:21.522508,-35.0,68.0,25.0,37.0,-9.0,1.0,38.0,-14.0,-23.0,69.0,62.0,-11.0,0.4299999999999997,49.019999999999996,33.89,20.14,-14.14,-17.56,59.57,14.969999999999999,-13.13,48.4,54.97,-24.689999999999998
2025-08-04T17:51:21.526731,-30.0,48.0,-79.0,-57.0,14.0,41.0,-32.0,-53.0,-44.0,28.0,-28.0,17.0,5.43,29.02,-70.11,-73.86,8.86,22.44,-10.43,-24.03,-34.13,7.399999999999999,-35.03,3.3100000000000005
2025-08-04T17:51:21.534877,13.0,100.0,-50.0,-8.0,-15.0,3.0,-18.0,-13.0,-36.0,55.0,-47.0,45.0,48.43,81.02,-41.11,-24.86,-20.14,-15.559999999999999,3.5700000000000003,15.969999999999999,-26.130000000000003,34.4,-54.03,31.310000000000002
2025-08-04T17:51:21.539016,9.0,-32.0,-45.0,64.0,17.0,-45.0,11.0,-80.0,-5.0,10.0,-68.0,-3.0,44.43,-50.980000000000004,-36.11,47.14,11.86,-63.56,32.57,-51.03,4.869999999999999,-10.600000000000001,-75.03,-16.689999999999998
2025-08-04T17:51:21.547241,64.0,-50.0,-41.0,15.0,-32.0,-39.0,27.0,-23.0,-42.0,-4.0,54.0,33.0,99.43,-68.98,-32.11,-1.8599999999999994,-37.14,-57.56,48.57,5.969999999999999,-32.13,-24.6,46.97,19.310000000000002
2025-08-04T17:51:21.551399,-52.0,-21.0,67.0,38.0,-89.0,35.0,-51.0,-66.0,-1.0,59.0,-53.0,-19.0,-16.57,-39.980000000000004,75.89,21.14,-94.14,16.44,-29.43,-37.03,8.87,38.4,-60.03,-32.69
2025-08-04T17:51:21.559350,-52.0,56.0,-49.0,69.0,-28.0,20.0,-6.0,-60.0,-85.0,70.0,-40.0,56.0,-16.57,37.019999999999996,-40.11,52.14,-33.14,1.4400000000000013,15.57,-31.03,-75.13,49.4,-47.03,42.31
2025-08-04T17:51:21.563742,-40.0,56.0,-30.0,17.0,72.0,-51.0,-37.0,-7.0,-53.0,46.0,43.0,61.0,-4.57,37.019999999999996,-21.11,0.14000000000000057,66.86,-69.56,-15.43,21.97,-43.13,25.4,35.97,47.31
2025-08-04T17:51:21.571771,-28.0,61.0,-34.0,44.0,-15.0,-28.0,-8.0,-86.0,-64.0,-25.0,-3.0,13.0,7.43,42.019999999999996,-25.11,27.14,-20.14,-46.56,13.57,-57.03,-54.13,-45.6,-10.030000000000001,-0.6899999999999995
2025-08-04T17:51:21.575931,-5.0,15.0,-68.0,18.0,-10.0,-71.0,-7.0,-65.0,-22.0,15.0,91.0,15.0,30.43,-3.9800000000000004,-59.11,1.1400000000000006,-15.14,-89.56,14.57,-36.03,-12.13,-5.600000000000001,83.97,1.3100000000000005
2025-08-04T17:51:21.579841,-33.0,62.0,-58.0,-4.0,-7.0,-57.0,63.0,0.0,-95.0,69.0,-28.0,-4.0,2.4299999999999997,43.019999999999996,-49.11,-20.86,-12.14,-75.56,84.57,28.97,-85.13,48.4,-35.03,-17.689999999999998
2025-08-04T17:51:21.588846,-14.0,-57.0,-40.0,29.0,-47.0,27.0,-39.0,-16.0,-5.0,-18.0,-12.0,14.0,21.43,-75.98,-31.11,12.14,-52.14,8.440000000000001,-17.43,12.969999999999999,4.869999999999999,-38.6,-19.03,0.3100000000000005
2025-08-04T17:51:21.592353,16.0,53.0,-54.0,18.0,-44.0,-1.0,-49.0,-97.0,-97.0,13.0,-19.0,8.0,51.43,34.019999999999996,-45.11,1.1400000000000006,-49.14,-19.56,-27.43,-68.03,-87.13,-7.600000000000001,-26.03,-5.6899999999999995
2025-08-04T17:51:21.600307,-13.0,-18.0,-65.0,15.0,-82.0,-20.0,16.0,21.0,-47.0,-6.0,17.0,61.0,22.43,-36.980000000000004,-56.11,-1.8599999999999994,-87.14,-38.56,37.57,49.97,-37.13,-26.6,9.969999999999999,47.31
2025-08-04T17:51:21.606503,-35.0,-38.0,-60.0,24.0,-19.0,-18.0,-42.0,-32.0,-50.0,4.0,-41.0,12.0,0.4299999999999997,-56.980000000000004,-51.11,7.140000000000001,-24.14,-36.56,-20.43,-3.030000000000001,-40.13,-16.6,-48.03,-1.6899999999999995
2025-08-04T17:51:21.612516,-73.0,-23.0,9.0,53.0,-12.0,-26.0,-41.0,7.0,1.0,81.0,-22.0,28.0,-37.57,-41.980000000000004,17.89,36.14,-17.14,-44.56,-19.43,35.97,10.87,60.4,-29.03,14.31
2025-08-04T17:51:21.616784,-35.0,-46.0,-15.0,22.0,25.0,-65.0,33.0,-11.0,-53.0,42.0,-18.0,58.0,0.4299999999999997,-64.98,-6.109999999999999,5.140000000000001,19.86,-83.56,54.57,17.97,-43.13,21.4,-25.03,44.31
2025-08-04T17:51:21.624818,-56.0,-17.0,-50.0,82.0,-6.0,-2.0,26.0,-52.0,-55.0,10.0,-8.0,38.0,-20.57,-35.980000000000004,-41.11,65.14,-11.14,-20.56,47.57,-23.03,-45.13,-10.600000000000001,-15.030000000000001,24.310000000000002
2025-08-04T17:51:21.629040,-19.0,47.0,-74.0,50.0,21.0,-6.0,-28.0,-11.0,-41.0,62.0,-71.0,17.0,16.43,28.02,-65.11,33.14,15.86,-24.56,-6.43,17.97,-31.130000000000003,41.4,-78.03,3.3100000000000005
2025-08-04T17:51:21.637126,-1.0,122.0,-48.0,-22.0,-26.0,20.0,-17.0,33.0,14.0,23.0,22.0,40.0,34.43,103.02,-39.11,-38.86,-31.14,1.4400000000000013,4.57,61.97,23.869999999999997,2.3999999999999986,14.969999999999999,26.310000000000002
2025-08-04T17:51:21.641317,67.0,-23.0,-50.0,71.0,53.0,48.0,13.0,-4.0,28.0,49.0,-70.0,38.0,102.43,-41.980000000000004,-41.11,54.14,47.86,29.44,34.57,24.97,37.87,28.4,-77.03,24.310000000000002
2025-08-04T17:51:21.649379,63.0,-35.0,-17.0,43.0,50.0,-33.0,-57.0,-12.0,17.0,106.0,16.0,10.0,98.43,-53.980000000000004,-8.11,26.14,44.86,-51.56,-35.43,16.97,26.869999999999997,85.4,8.969999999999999,-3.6899999999999995
2025-08-04T17:51:21.653643,-2.0,41.0,-55.0,-15.0,-4.0,-16.0,-10.0,-65.0,9.0,38.0,-36.0,79.0,33.43,22.02,-46.11,-31.86,-9.14,-34.56,11.57,-36.03,18.869999999999997,17.4,-43.03,65.31
2025-08-04T17:51:21.661701,-103.0,-3.0,-17.0,-7.0,13.0,-30.0,-20.0,-60.0,-9.0,43.0,-5.0,91.0,-67.57,-21.98,-8.11,-23.86,7.86,-48.56,1.5700000000000003,-31.03,0.8699999999999992,22.4,-12.030000000000001,77.31
2025-08-04T17:51:21.665960,28.0,-59.0,4.0,69.0,10.0,-17.0,38.0,2.0,9.0,79.0,-1.0,47.0,63.43,-77.98,12.89,52.14,4.86,-35.56,59.57,30.97,18.869999999999997,58.4,-8.030000000000001,33.31
2025-08-04T17:51:21.674120,-41.0,-50.0,-16.0,-11.0,7.0,-10.0,-17.0,-40.0,17.0,53.0,-17.0,108.0,-5.57,-68.98,-7.109999999999999,-27.86,1.8600000000000003,-28.56,4.57,-11.030000000000001,26.869999999999997,32.4,-24.03,94.31
2025-08-04T17:51:21.678413,-59.0,87.0,10.0,56.0,-13.0,-55.0,-17.0,6.0,-30.0,58.0,-10.0,65.0,-23.57,68.02,18.89,39.14,-18.14,-73.56,4.57,34.97,-20.130000000000003,37.4,-17.03,51.31
2025-08-04T17:51:21.686225,-3.0,61.0,15.0,-21.0,-65.0,-26.0,0.0,-24.0,-58.0,72.0,-39.0,96.0,32.43,42.019999999999996,23.89,-37.86,-70.14,-44.56,21.57,4.969999999999999,-48.13,51.4,-46.03,82.31
2025-08-04T17:51:21.690471,-19.0,97.0,-59.0,-39.0,-51.0,-28.0,14.0,-62.0,14.0,62.0,30.0,85.0,16.43,78.02,-50.11,-55.86,-56.14,-46.56,35.57,-33.03,23.869999999999997,41.4,22.97,71.31
2025-08-04T17:51:21.698513,32.0,-20.0,-36.0,-23.0,-20.0,51.0,-4.0,-46.0,-3.0,10.0,-25.0,2.0,67.43,-38.980000000000004,-27.11,-39.86,-25.14,32.44,17.57,-17.03,6.869999999999999,-10.600000000000001,-32.03,-11.69
2025-08-04T17:51:21.702812,24.0,-40.0,-59.0,-7.0,23.0,-40.0,1.0,-30.0,18.0,95.0,-21.0,29.0,59.43,-58.980000000000004,-50.11,-23.86,17.86,-58.56,22.57,-1.0300000000000011,27.869999999999997,74.4,-28.03,15.31
2025-08-04T17:51:21.710847,-31.0,-61.0,-41.0,90.0,-5.0,-31.0,-19.0,-17.0,-27.0,63.0,20.0,120.0,4.43,-79.98,-32.11,73.14,-10.14,-49.56,2.5700000000000003,11.969999999999999,-17.130000000000003,42.4,12.969999999999999,106.31
2025-08-04T17:51:21.715060,-46.0,-91.0,-31.0,42.0,-38.0,11.0,-68.0,-6.0,-22.0,119.0,6.0,60.0,-10.57,-109.98,-22.11,25.14,-43.14,-7.559999999999999,-46.43,22.97,-12.13,98.4,-1.0300000000000002,46.31
2025-08-04T17:51:21.723081,-57.0,44.0,4.0,29.0,-79.0,-3.0,12.0,0.0,-35.0,59.0,-24.0,74.0,-21.57,25.02,12.89,12.14,-84.14,-21.56,33.57,28.97,-25.130000000000003,38.4,-31.03,60.31
2025-08-04T17:51:21.727382,-46.0,53.0,0.0,82.0,-38.0,13.0,-73.0,-12.0,-63.0,76.0,-18.0,4.0,-10.57,34.019999999999996,8.89,65.14,-43.14,-5.559999999999999,-51.43,16.97,-53.13,55.4,-25.03,-9.69
2025-08-04T17:51:21.735416,-49.0,79.0,-1.0,41.0,-19.0,-2.0,-14.0,-46.0,-38.0,62.0,26.0,93.0,-13.57,60.019999999999996,7.890000000000001,24.14,-24.14,-20.56,7.57,-17.03,-28.130000000000003,41.4,18.97,79.31
2025-08-04T17:51:21.739636,-76.0,3.0,12.0,-32.0,-29.0,-35.0,-35.0,-77.0,-63.0,88.0,-1.0,29.0,-40.57,-15.98,20.89,-48.86,-34.14,-53.56,-13.43,-48.03,-53.13,67.4,-8.030000000000001,15.31
2025-08-04T17:51:21.747631,-28.0,69.0,12.0,-6.0,13.0,29.0,55.0,-39.0,-54.0,22.0,78.0,90.0,7.43,50.019999999999996,20.89,-22.86,7.86,10.440000000000001,76.57,-10.030000000000001,-44.13,1.3999999999999986,70.97,76.31
2025-08-04T17:51:21.751793,-32.0,47.0,-73.0,2.0,-14.0,7.0,53.0,22.0,10.0,63.0,0.0,15.0,3.4299999999999997,28.02,-64.11,-14.86,-19.14,-11.559999999999999,74.57,50.97,19.869999999999997,42.4,-7.03,1.3100000000000005
2025-08-04T17:51:21.755957,7.0,37.0,-100.0,45.0,-45.0,6.0,-3.0,-12.0,-37.0,74.0,39.0,104.0,42.43,18.02,-91.11,28.14,-50.14,-12.559999999999999,18.57,16.97,-27.130000000000003,53.4,31.97,90.31
2025-08-04T17:51:21.764095,-44.0,8.0,-88.0,14.0,-108.0,-38.0,-55.0,-27.0,-6.0,92.0,12.0,53.0,-8.57,-10.98,-79.11,-2.8599999999999994,-113.14,-56.56,-33.43,1.9699999999999989,3.869999999999999,71.4,4.97,39.31
2025-08-04T17:51:21.768254,-5.0,40.0,-105.0,25.0,-16.0,17.0,0.0,34.0,-112.0,59.0,-59.0,25.0,30.43,21.02,-96.11,8.14,-21.14,-1.5599999999999987,21.57,62.97,-102.13,38.4,-66.03,11.31
2025-08-04T17:51:21.776462,-6.0,-9.0,-58.0,10.0,-37.0,-48.0,-10.0,49.0,-9.0,71.0,-45.0,73.0,29.43,-27.98,-49.11,-6.859999999999999,-42.14,-66.56,11.57,77.97,0.8699999999999992,50.4,-52.03,59.31
2025-08-04T17:51:21.780566,21.0,-14.0,-35.0,-26.0,-26.0,-2.0,30.0,17.0,-94.0,64.0,0.0,70.0,56.43,-32.980000000000004,-26.11,-42.86,-31.14,-20.56,51.57,45.97,-84.13,43.4,-7.03,56.31
2025-08-04T17:51:21.789196,87.0,-39.0,-64.0,-8.0,37.0,-16.0,16.0,57.0,-67.0,69.0,-33.0,93.0,122.43,-57.980000000000004,-55.11,-24.86,31.86,-34.56,37.57,85.97,-57.13,48.4,-40.03,79.31
2025-08-04T17:51:21.793024,14.0,26.0,5.0,-31.0,-5.0,-41.0,-43.0,-32.0,-53.0,42.0,7.0,50.0,49.43,7.02,13.89,-47.86,-10.14,-59.56,-21.43,-3.030000000000001,-43.13,21.4,-0.03000000000000025,36.31
2025-08-04T17:51:21.802549,-41.0,31.0,58.0,40.0,-36.0,-41.0,58.0,11.0,-67.0,20.0,9.0,37.0,-5.57,12.02,66.89,23.14,-41.14,-59.56,79.57,39.97,-57.13,-0.6000000000000014,1.9699999999999998,23.310000000000002
2025-08-04T17:51:21.805307,-11.0,-43.0,-37.0,44.0,-63.0,-72.0,-28.0,22.0,-47.0,11.0,10.0,10.0,24.43,-61.980000000000004,-28.11,27.14,-68.14,-90.56,-6.43,50.97,-37.13,-9.600000000000001,2.9699999999999998,-3.6899999999999995
2025-08-04T17:51:21.813369,8.0,141.0,-5.0,75.0,-99.0,18.0,-46.0,-69.0,-16.0,29.0,-51.0,107.0,43.43,122.02,3.8900000000000006,58.14,-104.14,-0.5599999999999987,-24.43,-40.03,-6.130000000000001,8.399999999999999,-58.03,93.31
2025-08-04T17:51:21.817685,-22.0,-8.0,-68.0,-53.0,-29.0,37.0,-28.0,-6.0,-19.0,-12.0,-19.0,65.0,13.43,-26.98,-59.11,-69.86,-34.14,18.44,-6.43,22.97,-9.13,-32.6,-26.03,51.31
2025-08-04T17:51:21.825692,-41.0,58.0,-163.0,21.0,28.0,50.0,-30.0,-42.0,-82.0,28.0,-65.0,45.0,-5.57,39.019999999999996,-154.11,4.140000000000001,22.86,31.44,-8.43,-13.030000000000001,-72.13,7.399999999999999,-72.03,31.310000000000002
2025-08-04T17:51:21.832315,6.0,71.0,-21.0,52.0,-16.0,-45.0,-11.0,26.0,-43.0,99.0,-4.0,24.0,41.43,52.019999999999996,-12.11,35.14,-21.14,-63.56,10.57,54.97,-33.13,78.4,-11.030000000000001,10.31
2025-08-04T17:51:21.837933,83.0,-20.0,-71.0,71.0,42.0,-47.0,19.0,4.0,-24.0,-10.0,-13.0,60.0,118.43,-38.980000000000004,-62.11,54.14,36.86,-65.56,40.57,32.97,-14.13,-30.6,-20.03,46.31
2025-08-04T17:51:21.842208,53.0,-23.0,67.0,18.0,-31.0,27.0,37.0,-2.0,-6.0,78.0,-16.0,76.0,88.43,-41.980000000000004,75.89,1.1400000000000006,-36.14,8.440000000000001,58.57,26.97,3.869999999999999,57.4,-23.03,62.31
2025-08-04T17:51:21.850207,22.0,-7.0,-33.0,13.0,-54.0,-37.0,-32.0,30.0,-28.0,72.0,-29.0,47.0,57.43,-25.98,-24.11,-3.8599999999999994,-59.14,-55.56,-10.43,58.97,-18.130000000000003,51.4,-36.03,33.31
2025-08-04T17:51:21.854370,-51.0,-22.0,-17.0,90.0,-17.0,38.0,5.0,1.0,14.0,61.0,-15.0,75.0,-15.57,-40.980000000000004,-8.11,73.14,-22.14,19.44,26.57,29.97,23.869999999999997,40.4,-22.03,61.31
2025-08-04T17:51:21.862448,-78.0,22.0,30.0,-24.0,46.0,-22.0,-40.0,-69.0,-27.0,15.0,-27.0,66.0,-42.57,3.0199999999999996,38.89,-40.86,40.86,-40.56,-18.43,-40.03,-17.130000000000003,-5.600000000000001,-34.03,52.31
2025-08-04T17:51:21.866791,-26.0,15.0,46.0,-4.0,-2.0,-49.0,-97.0,-67.0,-8.0,52.0,-39.0,72.0,9.43,-3.9800000000000004,54.89,-20.86,-7.14,-67.56,-75.43,-38.03,1.8699999999999992,31.4,-46.03,58.31
2025-08-04T17:51:21.874707,-41.0,18.0,-21.0,-7.0,64.0,-10.0,-35.0,-91.0,4.0,81.0,68.0,70.0,-5.57,-0.9800000000000004,-12.11,-23.86,58.86,-28.56,-13.43,-62.03,13.87,60.4,60.97,56.31
2025-08-04T17:51:21.879112,-50.0,-3.0,12.0,17.0,45.0,-65.0,-34.0,-28.0,-70.0,78.0,-10.0,92.0,-14.57,-21.98,20.89,0.14000000000000057,39.86,-83.56,-12.43,0.9699999999999989,-60.13,57.4,-17.03,78.31
2025-08-04T17:51:21.887182,-12.0,-35.0,-52.0,-29.0,-37.0,-32.0,28.0,-78.0,-59.0,57.0,-35.0,79.0,23.43,-53.980000000000004,-43.11,-45.86,-42.14,-50.56,49.57,-49.03,-49.13,36.4,-42.03,65.31
2025-08-04T17:51:21.891355,63.0,104.0,-89.0,94.0,68.0,16.0,-51.0,-77.0,-85.0,74.0,-50.0,68.0,98.43,85.02,-80.11,77.14,62.86,-2.5599999999999987,-29.43,-48.03,-75.13,53.4,-57.03,54.31
2025-08-04T17:51:21.899204,80.0,-68.0,-122.0,25.0,-34.0,1.0,-5.0,-79.0,-16.0,65.0,-22.0,69.0,115.43,-86.98,-113.11,8.14,-39.14,-17.56,16.57,-50.03,-6.130000000000001,44.4,-29.03,55.31
2025-08-04T17:51:21.903609,105.0,-28.0,33.0,3.0,45.0,20.0,68.0,-22.0,-20.0,48.0,-22.0,20.0,140.43,-46.980000000000004,41.89,-13.86,39.86,1.4400000000000013,89.57,6.969999999999999,-10.13,27.4,-29.03,6.3100000000000005
2025-08-04T17:51:21.911492,-25.0,-43.0,10.0,-65.0,-5.0,8.0,-36.0,-99.0,-43.0,99.0,-53.0,49.0,10.43,-61.980000000000004,18.89,-81.86,-10.14,-10.559999999999999,-14.43,-70.03,-33.13,78.4,-60.03,35.31
2025-08-04T17:51:21.915803,-41.0,-11.0,0.0,52.0,11.0,-32.0,14.0,-26.0,-34.0,68.0,-50.0,49.0,-5.57,-29.98,8.89,35.14,5.86,-50.56,35.57,2.969999999999999,-24.130000000000003,47.4,-57.03,35.31
2025-08-04T17:51:21.923837,-102.0,49.0,-132.0,113.0,-1.0,-40.0,0.0,-24.0,3.0,55.0,-41.0,75.0,-66.57,30.02,-123.11,96.14,-6.14,-58.56,21.57,4.969999999999999,12.87,34.4,-48.03,61.31
2025-08-04T17:51:21.928117,59.0,50.0,-74.0,84.0,-29.0,12.0,-17.0,-35.0,-33.0,40.0,-40.0,95.0,94.43,31.02,-65.11,67.14,-34.14,-6.559999999999999,4.57,-6.030000000000001,-23.130000000000003,19.4,-47.03,81.31
2025-08-04T17:51:21.936121,-14.0,44.0,-71.0,-13.0,-27.0,48.0,-28.0,-5.0,-53.0,55.0,-21.0,28.0,21.43,25.02,-62.11,-29.86,-32.14,29.44,-6.43,23.97,-43.13,34.4,-28.03,14.31
2025-08-04T17:51:21.940382,49.0,-34.0,-31.0,-30.0,49.0,35.0,-7.0,-11.0,-50.0,89.0,-23.0,20.0,84.43,-52.980000000000004,-22.11,-46.86,43.86,16.44,14.57,17.97,-40.13,68.4,-30.03,6.3100000000000005
2025-08-04T17:51:21.948468,-5.0,-5.0,7.0,37.0,-9.0,-12.0,2.0,-33.0,-28.0,52.0,-58.0,128.0,30.43,-23.98,15.89,20.14,-14.14,-30.56,23.57,-4.030000000000001,-18.130000000000003,31.4,-65.03,114.31
2025-08-04T17:51:21.952817,-29.0,-70.0,20.0,-17.0,29.0,-16.0,16.0,-8.0,-65.0,112.0,-46.0,81.0,6.43,-88.98,28.89,-33.86,23.86,-34.56,37.57,20.97,-55.13,91.4,-53.03,67.31
2025-08-04T17:51:21.960686,-75.0,99.0,-32.0,-4.0,-20.0,-17.0,-17.0,-9.0,-61.0,66.0,27.0,52.0,-39.57,80.02,-23.11,-20.86,-25.14,-35.56,4.57,19.97,-51.13,45.4,19.97,38.31
2025-08-04T17:51:21.964945,-41.0,38.0,-16.0,93.0,-77.0,11.0,-1.0,-11.0,-55.0,19.0,-79.0,65.0,-5.57,19.02,-7.109999999999999,76.14,-82.14,-7.559999999999999,20.57,17.97,-45.13,-1.6000000000000014,-86.03,51.31
2025-08-04T17:51:21.973095,-61.0,15.0,-75.0,21.0,-49.0,-28.0,-25.0,65.0,-92.0,83.0,-45.0,88.0,-25.57,-3.9800000000000004,-66.11,4.140000000000001,-54.14,-46.56,-3.4299999999999997,93.97,-82.13,62.4,-52.03,74.31
2025-08-04T17:51:21.977337,-2.0,115.0,-62.0,-35.0,-45.0,16.0,15.0,-12.0,-29.0,78.0,-18.0,19.0,33.43,96.02,-53.11,-51.86,-50.14,-2.5599999999999987,36.57,16.97,-19.130000000000003,57.4,-25.03,5.3100000000000005
2025-08-04T17:51:21.985228,21.0,-4.0,-47.0,37.0,25.0,50.0,-12.0,-50.0,-37.0,114.0,-51.0,54.0,56.43,-22.98,-38.11,20.14,19.86,31.44,9.57,-21.03,-27.130000000000003,93.4,-58.03,40.31
2025-08-04T17:51:21.989627,92.0,-37.0,-58.0,47.0,-4.0,-32.0,-52.0,6.0,-40.0,67.0,63.0,116.0,127.43,-55.980000000000004,-49.11,30.14,-9.14,-50.56,-30.43,34.97,-30.130000000000003,46.4,55.97,102.31
2025-08-04T17:51:21.997546,-27.0,-60.0,-35.0,37.0,-58.0,22.0,31.0,-80.0,-78.0,42.0,-7.0,29.0,8.43,-78.98,-26.11,20.14,-63.14,3.4400000000000013,52.57,-51.03,-68.13,21.4,-14.030000000000001,15.31
2025-08-04T17:51:22.001895,-47.0,14.0,-36.0,9.0,-104.0,-43.0,39.0,-50.0,-34.0,48.0,30.0,100.0,-11.57,-4.98,-27.11,-7.859999999999999,-109.14,-61.56,60.57,-21.03,-24.130000000000003,27.4,22.97,86.31
2025-08-04T17:51:22.006121,-1.0,55.0,-102.0,4.0,6.0,85.0,39.0,-77.0,-93.0,73.0,-97.0,11.0,34.43,36.019999999999996,-93.11,-12.86,0.8600000000000003,66.44,60.57,-48.03,-83.13,52.4,-104.03,-2.6899999999999995
2025-08-04T17:51:22.014063,-15.0,-20.0,-122.0,-44.0,-46.0,8.0,10.0,-77.0,-41.0,118.0,40.0,60.0,20.43,-38.980000000000004,-113.11,-60.86,-51.14,-10.559999999999999,31.57,-48.03,-31.130000000000003,97.4,32.97,46.31
2025-08-04T17:51:22.018409,-2.0,14.0,-82.0,-7.0,-36.0,-23.0,2.0,-61.0,-64.0,75.0,-25.0,60.0,33.43,-4.98,-73.11,-23.86,-41.14,-41.56,23.57,-32.03,-54.13,54.4,-32.03,46.31
2025-08-04T17:51:22.026384,46.0,20.0,-107.0,-21.0,-34.0,61.0,61.0,-37.0,-15.0,78.0,-22.0,46.0,81.43,1.0199999999999996,-98.11,-37.86,-39.14,42.44,82.57,-8.030000000000001,-5.130000000000001,57.4,-29.03,32.31
2025-08-04T17:51:22.030402,-18.0,82.0,-59.0,68.0,-32.0,9.0,-13.0,-23.0,-7.0,83.0,-78.0,34.0,17.43,63.019999999999996,-50.11,51.14,-37.14,-9.559999999999999,8.57,5.969999999999999,2.869999999999999,62.4,-85.03,20.310000000000002
2025-08-04T17:51:22.038695,58.0,-30.0,70.0,46.0,-30.0,-39.0,-56.0,-46.0,-20.0,50.0,44.0,108.0,93.43,-48.980000000000004,78.89,29.14,-35.14,-57.56,-34.43,-17.03,-10.13,29.4,36.97,94.31
2025-08-04T17:51:22.042740,-70.0,-6.0,-18.0,135.0,2.0,-44.0,40.0,-63.0,-10.0,56.0,72.0,73.0,-34.57,-24.98,-9.11,118.14,-3.1399999999999997,-62.56,61.57,-34.03,-0.13000000000000078,35.4,64.97,59.31
2025-08-04T17:51:22.050944,7.0,19.0,-41.0,79.0,-35.0,-10.0,-32.0,6.0,-54.0,63.0,-20.0,61.0,42.43,0.019999999999999574,-32.11,62.14,-40.14,-28.56,-10.43,34.97,-44.13,42.4,-27.03,47.31
2025-08-04T17:51:22.055116,-42.0,-24.0,-6.0,-18.0,-54.0,2.0,-29.0,-2.0,-65.0,107.0,-26.0,10.0,-6.57,-42.980000000000004,2.8900000000000006,-34.86,-59.14,-16.56,-7.43,26.97,-55.13,86.4,-33.03,-3.6899999999999995
2025-08-04T17:51:22.063108,-54.0,-3.0,0.0,96.0,17.0,19.0,-37.0,34.0,39.0,76.0,25.0,52.0,-18.57,-21.98,8.89,79.14,11.86,0.4400000000000013,-15.43,62.97,48.87,55.4,17.97,38.31
2025-08-04T17:51:22.067359,-48.0,58.0,-56.0,-33.0,14.0,-26.0,-24.0,-91.0,-64.0,66.0,19.0,48.0,-12.57,39.019999999999996,-47.11,-49.86,8.86,-44.56,-2.4299999999999997,-62.03,-54.13,45.4,11.969999999999999,34.31
2025-08-04T17:51:22.075399,80.0,58.0,-64.0,63.0,9.0,-116.0,-41.0,11.0,-10.0,48.0,-45.0,80.0,115.43,39.019999999999996,-55.11,46.14,3.8600000000000003,-134.56,-19.43,39.97,-0.13000000000000078,27.4,-52.03,66.31
2025-08-04T17:51:22.079619,1.0,-19.0,-30.0,8.0,-26.0,19.0,-27.0,-53.0,11.0,59.0,-31.0,-15.0,36.43,-37.980000000000004,-21.11,-8.86,-31.14,0.4400000000000013,-5.43,-24.03,20.869999999999997,38.4,-38.03,-28.689999999999998
2025-08-04T17:51:22.087723,-25.0,-19.0,24.0,31.0,-25.0,47.0,55.0,-15.0,-24.0,36.0,3.0,121.0,10.43,-37.980000000000004,32.89,14.14,-30.14,28.44,76.57,13.969999999999999,-14.13,15.399999999999999,-4.03,107.31
2025-08-04T17:51:22.092369,-60.0,-46.0,34.0,13.0,-26.0,-81.0,-27.0,-55.0,-59.0,56.0,-29.0,34.0,-24.57,-64.98,42.89,-3.8599999999999994,-31.14,-99.56,-5.43,-26.03,-49.13,35.4,-36.03,20.310000000000002
2025-08-04T17:51:22.100069,-17.0,13.0,33.0,-8.0,9.0,33.0,4.0,-16.0,-4.0,48.0,-23.0,29.0,18.43,-5.98,41.89,-24.86,3.8600000000000003,14.440000000000001,25.57,12.969999999999999,5.869999999999999,27.4,-30.03,15.31
2025-08-04T17:51:22.104420,-8.0,70.0,-65.0,-12.0,6.0,10.0,2.0,-22.0,-14.0,59.0,-17.0,81.0,27.43,51.019999999999996,-56.11,-28.86,0.8600000000000003,-8.559999999999999,23.57,6.969999999999999,-4.130000000000001,38.4,-24.03,67.31
2025-08-04T17:51:22.112238,46.0,13.0,0.0,-57.0,11.0,-20.0,-9.0,-2.0,-52.0,120.0,-82.0,58.0,81.43,-5.98,8.89,-73.86,5.86,-38.56,12.57,26.97,-42.13,99.4,-89.03,44.31
2025-08-04T17:51:22.116671,-44.0,40.0,-43.0,-45.0,67.0,-17.0,57.0,-26.0,-7.0,55.0,-21.0,58.0,-8.57,21.02,-34.11,-61.86,61.86,-35.56,78.57,2.969999999999999,2.869999999999999,34.4,-28.03,44.31
2025-08-04T17:51:22.124625,73.0,85.0,-40.0,66.0,23.0,-12.0,-22.0,-63.0,-15.0,37.0,21.0,58.0,108.43,66.02,-31.11,49.14,17.86,-30.56,-0.4299999999999997,-34.03,-5.130000000000001,16.4,13.969999999999999,44.31
2025-08-04T17:51:22.129055,67.0,-50.0,-43.0,111.0,-13.0,-8.0,7.0,25.0,-84.0,85.0,-54.0,69.0,102.43,-68.98,-34.11,94.14,-18.14,-26.56,28.57,53.97,-74.13,64.4,-61.03,55.31
2025-08-04T17:51:22.136922,-13.0,-22.0,10.0,21.0,-25.0,16.0,-23.0,-2.0,-43.0,78.0,-3.0,41.0,22.43,-40.980000000000004,18.89,4.140000000000001,-30.14,-2.5599999999999987,-1.4299999999999997,26.97,-33.13,57.4,-10.030000000000001,27.310000000000002
2025-08-04T17:51:22.141206,-64.0,-41.0,23.0,35.0,-25.0,32.0,83.0,-49.0,-31.0,15.0,-49.0,72.0,-28.57,-59.980000000000004,31.89,18.14,-30.14,13.440000000000001,104.57,-20.03,-21.130000000000003,-5.600000000000001,-56.03,58.31
2025-08-04T17:51:22.149249,-33.0,89.0,-3.0,-34.0,40.0,3.0,37.0,-8.0,-2.0,84.0,-12.0,26.0,2.4299999999999997,70.02,5.890000000000001,-50.86,34.86,-15.559999999999999,58.57,20.97,7.869999999999999,63.4,-19.03,12.31
2025-08-04T17:51:22.153377,-48.0,22.0,38.0,19.0,12.0,7.0,73.0,27.0,-89.0,65.0,60.0,75.0,-12.57,3.0199999999999996,46.89,2.1400000000000006,6.86,-11.559999999999999,94.57,55.97,-79.13,44.4,52.97,61.31
2025-08-04T17:51:22.161370,6.0,97.0,49.0,-47.0,7.0,-35.0,-14.0,-36.0,1.0,88.0,-13.0,22.0,41.43,78.02,57.89,-63.86,1.8600000000000003,-53.56,7.57,-7.030000000000001,10.87,67.4,-20.03,8.31
2025-08-04T17:51:22.165874,-43.0,-3.0,38.0,47.0,27.0,12.0,66.0,-6.0,-17.0,57.0,23.0,35.0,-7.57,-21.98,46.89,30.14,21.86,-6.559999999999999,87.57,22.97,-7.130000000000001,36.4,15.969999999999999,21.310000000000002
2025-08-04T17:51:22.173836,-28.0,54.0,-96.0,47.0,-21.0,23.0,42.0,4.0,-79.0,60.0,-16.0,19.0,7.43,35.019999999999996,-87.11,30.14,-26.14,4.440000000000001,63.57,32.97,-69.13,39.4,-23.03,5.3100000000000005
2025-08-04T17:51:22.178112,-70.0,95.0,-77.0,-3.0,-23.0,52.0,40.0,-19.0,-51.0,25.0,-14.0,29.0,-34.57,76.02,-68.11,-19.86,-28.14,33.44,61.57,9.969999999999999,-41.13,4.399999999999999,-21.03,15.31
2025-08-04T17:51:22.186118,-3.0,0.0,-31.0,-31.0,-25.0,-3.0,10.0,-60.0,-48.0,57.0,-64.0,63.0,32.43,-18.98,-22.11,-47.86,-30.14,-21.56,31.57,-31.03,-38.13,36.4,-71.03,49.31
2025-08-04T17:51:22.190214,-2.0,46.0,-54.0,9.0,-78.0,12.0,8.0,4.0,-48.0,54.0,-34.0,113.0,33.43,27.02,-45.11,-7.859999999999999,-83.14,-6.559999999999999,29.57,32.97,-38.13,33.4,-41.03,99.31
2025-08-04T17:51:22.198263,113.0,68.0,-15.0,8.0,10.0,8.0,-16.0,-74.0,-33.0,53.0,-36.0,53.0,148.43,49.019999999999996,-6.109999999999999,-8.86,4.86,-10.559999999999999,5.57,-45.03,-23.130000000000003,32.4,-43.03,39.31
2025-08-04T17:51:22.202652,54.0,-53.0,-59.0,-18.0,-16.0,17.0,14.0,-28.0,-36.0,48.0,16.0,26.0,89.43,-71.98,-50.11,-34.86,-21.14,-1.5599999999999987,35.57,0.9699999999999989,-26.130000000000003,27.4,8.969999999999999,12.31
2025-08-04T17:51:22.210551,-59.0,-1.0,-26.0,-1.0,-23.0,-78.0,-8.0,-26.0,-6.0,52.0,3.0,98.0,-23.57,-19.98,-17.11,-17.86,-28.14,-96.56,13.57,2.969999999999999,3.869999999999999,31.4,-4.03,84.31
2025-08-04T17:51:22.214863,34.0,-38.0,13.0,49.0,-50.0,-29.0,-35.0,-80.0,-12.0,1.0,-27.0,-21.0,69.43,-56.980000000000004,21.89,32.14,-55.14,-47.56,-13.43,-51.03,-2.130000000000001,-19.6,-34.03,-34.69
2025-08-04T17:51:22.219127,9.0,-16.0,-9.0,3.0,-10.0,-50.0,-45.0,30.0,-8.0,78.0,22.0,-30.0,44.43,-34.980000000000004,-0.10999999999999943,-13.86,-15.14,-68.56,-23.43,58.97,1.8699999999999992,57.4,14.969999999999999,-43.69
2025-08-04T17:51:22.227126,-28.0,-13.0,-26.0,26.0,18.0,26.0,-17.0,18.0,-9.0,137.0,90.0,27.0,7.43,-31.98,-17.11,9.14,12.86,7.440000000000001,4.57,46.97,0.8699999999999992,116.4,82.97,13.31
2025-08-04T17:51:22.235107,-64.0,55.0,-41.0,42.0,26.0,-44.0,54.0,-30.0,-38.0,112.0,42.0,20.0,-28.57,36.019999999999996,-32.11,25.14,20.86,-62.56,75.57,-1.0300000000000011,-28.130000000000003,91.4,34.97,6.3100000000000005
2025-08-04T17:51:22.239336,-17.0,48.0,-16.0,77.0,-25.0,-12.0,-13.0,-22.0,-23.0,22.0,5.0,-68.0,18.43,29.02,-7.109999999999999,60.14,-30.14,-30.56,8.57,6.969999999999999,-13.13,1.3999999999999986,-2.0300000000000002,-81.69
2025-08-04T17:51:22.247517,24.0,74.0,-51.0,45.0,-84.0,-11.0,-39.0,-2.0,-65.0,112.0,49.0,-19.0,59.43,55.019999999999996,-42.11,28.14,-89.14,-29.56,-17.43,26.97,-55.13,91.4,41.97,-32.69
2025-08-04T17:51:22.251715,47.0,-37.0,-18.0,29.0,-16.0,-29.0,14.0,-23.0,6.0,33.0,72.0,-36.0,82.43,-55.980000000000004,-9.11,12.14,-21.14,-47.56,35.57,5.969999999999999,15.87,12.399999999999999,64.97,-49.69
2025-08-04T17:51:22.255725,17.0,-50.0,37.0,25.0,15.0,-87.0,-26.0,-13.0,-17.0,44.0,36.0,34.0,52.43,-68.98,45.89,8.14,9.86,-105.56,-4.43,15.969999999999999,-7.130000000000001,23.4,28.97,20.310000000000002
2025-08-04T17:51:22.263924,-48.0,-36.0,3.0,78.0,-8.0,-67.0,37.0,40.0,-106.0,14.0,64.0,-9.0,-12.57,-54.980000000000004,11.89,61.14,-13.14,-85.56,58.57,68.97,-96.13,-6.600000000000001,56.97,-22.689999999999998
2025-08-04T17:51:22.268132,4.0,-9.0,36.0,62.0,0.0,-24.0,3.0,-14.0,-73.0,-27.0,-15.0,-37.0,39.43,-27.98,44.89,45.14,-5.14,-42.56,24.57,14.969999999999999,-63.13,-47.6,-22.03,-50.69
2025-08-04T17:51:22.276127,-86.0,2.0,-78.0,81.0,3.0,5.0,-29.0,-103.0,-73.0,-11.0,42.0,-11.0,-50.57,-16.98,-69.11,64.14,-2.1399999999999997,-13.559999999999999,-7.43,-74.03,-63.13,-31.6,34.97,-24.689999999999998
2025-08-04T17:51:22.280224,-70.0,13.0,-20.0,83.0,-78.0,3.0,-24.0,-3.0,15.0,77.0,33.0,11.0,-34.57,-5.98,-11.11,66.14,-83.14,-15.559999999999999,-2.4299999999999997,25.97,24.869999999999997,56.4,25.97,-2.6899999999999995
2025-08-04T17:51:22.288782,-50.0,63.0,-17.0,-3.0,19.0,-31.0,-37.0,-30.0,39.0,-42.0,42.0,-5.0,-14.57,44.019999999999996,-8.11,-19.86,13.86,-49.56,-15.43,-1.0300000000000011,48.87,-62.6,34.97,-18.689999999999998
2025-08-04T17:51:22.292508,-44.0,56.0,-35.0,3.0,44.0,-1.0,25.0,-4.0,-47.0,32.0,34.0,-1.0,-8.57,37.019999999999996,-26.11,-13.86,38.86,-19.56,46.57,24.97,-37.13,11.399999999999999,26.97,-14.69
2025-08-04T17:51:22.300630,23.0,-4.0,-59.0,37.0,31.0,-30.0,-48.0,8.0,48.0,27.0,80.0,32.0,58.43,-22.98,-50.11,20.14,25.86,-48.56,-26.43,36.97,57.87,6.399999999999999,72.97,18.310000000000002
2025-08-04T17:51:22.305101,21.0,38.0,-55.0,66.0,22.0,19.0,21.0,-22.0,41.0,12.0,38.0,59.0,56.43,19.02,-46.11,49.14,16.86,0.4400000000000013,42.57,6.969999999999999,50.87,-8.600000000000001,30.97,45.31
2025-08-04T17:51:22.313091,68.0,-60.0,-23.0,34.0,36.0,-91.0,84.0,-17.0,-37.0,51.0,94.0,45.0,103.43,-78.98,-14.11,17.14,30.86,-109.56,105.57,11.969999999999999,-27.130000000000003,30.4,86.97,31.310000000000002
2025-08-04T17:51:22.318313,30.0,-45.0,19.0,48.0,-9.0,-10.0,31.0,-44.0,-29.0,86.0,147.0,32.0,65.43,-63.980000000000004,27.89,31.14,-14.14,-28.56,52.57,-15.030000000000001,-19.130000000000003,65.4,139.97,18.310000000000002
2025-08-04T17:51:22.325346,27.0,-32.0,49.0,79.0,-41.0,-9.0,-16.0,30.0,-15.0,132.0,96.0,92.0,62.43,-50.980000000000004,57.89,62.14,-46.14,-27.56,5.57,58.97,-5.130000000000001,111.4,88.97,78.31
2025-08-04T17:51:22.330479,14.0,50.0,26.0,18.0,-34.0,16.0,70.0,1.0,-21.0,101.0,147.0,48.0,49.43,31.02,34.89,1.1400000000000006,-39.14,-2.5599999999999987,91.57,29.97,-11.13,80.4,139.97,34.31
2025-08-04T17:51:22.337676,66.0,78.0,-13.0,97.0,61.0,-7.0,101.0,31.0,-1.0,123.0,127.0,7.0,101.43,59.019999999999996,-4.109999999999999,80.14,55.86,-25.56,122.57,59.97,8.87,102.4,119.97,-6.6899999999999995
2025-08-04T17:51:22.341689,72.0,130.0,10.0,109.0,83.0,5.0,20.0,-40.0,-30.0,19.0,125.0,14.0,107.43,111.02,18.89,92.14,77.86,-13.559999999999999,41.57,-11.030000000000001,-20.130000000000003,-1.6000000000000014,117.97,0.3100000000000005
2025-08-04T17:51:22.349927,46.0,50.0,43.0,177.0,-45.0,30.0,67.0,25.0,-85.0,132.0,209.0,26.0,81.43,31.02,51.89,160.14,-50.14,11.440000000000001,88.57,53.97,-75.13,111.4,201.97,12.31
2025-08-04T17:51:22.353977,80.0,87.0,122.0,163.0,-15.0,41.0,60.0,79.0,-148.0,154.0,278.0,85.0,115.43,68.02,130.89,146.14,-20.14,22.44,81.57,107.97,-138.13,133.4,270.97,71.31
2025-08-04T17:51:22.362162,91.0,238.0,83.0,139.0,104.0,-20.0,61.0,49.0,-169.0,165.0,274.0,-52.0,126.43,219.02,91.89,122.14,98.86,-38.56,82.57,77.97,-159.13,144.4,266.97,-65.69
2025-08-04T17:51:22.370320,81.0,309.0,9.0,239.0,98.0,-63.0,113.0,108.0,-245.0,179.0,277.0,-83.0,116.43,290.02,17.89,222.14,92.86,-81.56,134.57,136.97,-235.13,158.4,269.97,-96.69
2025-08-04T17:51:22.374618,200.0,171.0,45.0,205.0,68.0,16.0,50.0,41.0,-194.0,239.0,328.0,81.0,235.43,152.02,53.89,188.14,62.86,-2.5599999999999987,71.57,69.97,-184.13,218.4,320.97,67.31
2025-08-04T17:51:22.382704,134.0,185.0,139.0,221.0,138.0,31.0,104.0,54.0,-266.0,146.0,304.0,74.0,169.43,166.02,147.89,204.14,132.86,12.440000000000001,125.57,82.97,-256.13,125.4,296.97,60.31
2025-08-04T17:51:22.386907,138.0,365.0,128.0,196.0,104.0,-69.0,83.0,84.0,-261.0,88.0,372.0,15.0,173.43,346.02,136.89,179.14,98.86,-87.56,104.57,112.97,-251.13,67.4,364.97,1.3100000000000005
2025-08-04T17:51:22.395013,182.0,299.0,3.0,247.0,152.0,-75.0,-15.0,89.0,-319.0,190.0,423.0,-44.0,217.43,280.02,11.89,230.14,146.86,-93.56,6.57,117.97,-309.13,169.4,415.97,-57.69
2025-08-04T17:51:22.399114,172.0,278.0,97.0,294.0,117.0,-73.0,95.0,42.0,-298.0,188.0,439.0,-13.0,207.43,259.02,105.89,277.14,111.86,-91.56,116.57,70.97,-288.13,167.4,431.97,-26.689999999999998
2025-08-04T17:51:22.407356,167.0,364.0,61.0,254.0,176.0,-37.0,71.0,102.0,-338.0,218.0,399.0,-49.0,202.43,345.02,69.89,237.14,170.86,-55.56,92.57,130.97,-328.13,197.4,391.97,-62.69
2025-08-04T17:51:22.415473,243.0,428.0,-13.0,414.0,135.0,-108.0,115.0,39.0,-415.0,192.0,430.0,-16.0,278.43,409.02,-4.109999999999999,397.14,129.86,-126.56,136.57,67.97,-405.13,171.4,422.97,-29.689999999999998
2025-08-04T17:51:22.419661,232.0,271.0,98.0,307.0,167.0,-108.0,159.0,96.0,-322.0,181.0,478.0,-37.0,267.43,252.02,106.89,290.14,161.86,-126.56,180.57,124.97,-312.13,160.4,470.97,-50.69
2025-08-04T17:51:22.427789,122.0,453.0,86.0,403.0,96.0,-130.0,103.0,73.0,-425.0,175.0,503.0,31.0,157.43,434.02,94.89,386.14,90.86,-148.56,124.57,101.97,-415.13,154.4,495.97,17.310000000000002
2025-08-04T17:51:22.432062,245.0,431.0,59.0,333.0,187.0,-59.0,96.0,87.0,-371.0,187.0,573.0,-116.0,280.43,412.02,67.89,316.14,181.86,-77.56,117.57,115.97,-361.13,166.4,565.97,-129.69
2025-08-04T17:51:22.440184,247.0,356.0,130.0,410.0,213.0,-166.0,126.0,96.0,-432.0,212.0,501.0,-98.0,282.43,337.02,138.89,393.14,207.86,-184.56,147.57,124.97,-422.13,191.4,493.97,-111.69
2025-08-04T17:51:22.448017,169.0,465.0,84.0,431.0,107.0,-95.0,125.0,90.0,-407.0,232.0,594.0,-43.0,204.43,446.02,92.89,414.14,101.86,-113.56,146.57,118.97,-397.13,211.4,586.97,-56.69
2025-08-04T17:51:22.452484,272.0,387.0,16.0,388.0,178.0,-147.0,136.0,82.0,-431.0,282.0,467.0,-26.0,307.43,368.02,24.89,371.14,172.86,-165.56,157.57,110.97,-421.13,261.4,459.97,-39.69
2025-08-04T17:51:22.460550,270.0,347.0,109.0,415.0,168.0,-155.0,119.0,64.0,-441.0,115.0,546.0,-46.0,305.43,328.02,117.89,398.14,162.86,-173.56,140.57,92.97,-431.13,94.4,538.97,-59.69
2025-08-04T17:51:22.464864,226.0,429.0,-12.0,453.0,110.0,-113.0,33.0,55.0,-404.0,149.0,590.0,-72.0,261.43,410.02,-3.1099999999999994,436.14,104.86,-131.56,54.57,83.97,-394.13,128.4,582.97,-85.69
2025-08-04T17:51:22.472913,291.0,318.0,29.0,412.0,146.0,-135.0,122.0,113.0,-438.0,238.0,526.0,-168.0,326.43,299.02,37.89,395.14,140.86,-153.56,143.57,141.97,-428.13,217.4,518.97,-181.69
2025-08-04T17:51:22.481060,167.0,406.0,120.0,423.0,179.0,-179.0,192.0,83.0,-492.0,202.0,520.0,-40.0,202.43,387.02,128.89,406.14,173.86,-197.56,213.57,111.97,-482.13,181.4,512.97,-53.69
2025-08-04T17:51:22.485149,270.0,426.0,49.0,439.0,216.0,-147.0,91.0,130.0,-445.0,170.0,531.0,-43.0,305.43,407.02,57.89,422.14,210.86,-165.56,112.57,158.97,-435.13,149.4,523.97,-56.69
2025-08-04T17:51:22.493377,300.0,394.0,20.0,456.0,237.0,-235.0,32.0,106.0,-444.0,139.0,574.0,-153.0,335.43,375.02,28.89,439.14,231.86,-253.56,53.57,134.97,-434.13,118.4,566.97,-166.69
2025-08-04T17:51:22.497517,255.0,348.0,165.0,475.0,144.0,-161.0,95.0,46.0,-418.0,205.0,508.0,-128.0,290.43,329.02,173.89,458.14,138.86,-179.56,116.57,74.97,-408.13,184.4,500.97,-141.69
2025-08-04T17:51:22.505793,233.0,418.0,51.0,413.0,153.0,-118.0,100.0,83.0,-433.0,218.0,502.0,-88.0,268.43,399.02,59.89,396.14,147.86,-136.56,121.57,111.97,-423.13,197.4,494.97,-101.69
2025-08-04T17:51:22.513641,266.0,389.0,50.0,414.0,103.0,-120.0,60.0,62.0,-482.0,86.0,471.0,-34.0,301.43,370.02,58.89,397.14,97.86,-138.56,81.57,90.97,-472.13,65.4,463.97,-47.69
2025-08-04T17:51:22.518020,223.0,383.0,116.0,464.0,236.0,-168.0,122.0,6.0,-453.0,177.0,560.0,-69.0,258.43,364.02,124.89,447.14,230.86,-186.56,143.57,34.97,-443.13,156.4,552.97,-82.69
2025-08-04T17:51:22.526035,265.0,501.0,55.0,501.0,218.0,-172.0,100.0,83.0,-402.0,248.0,515.0,-165.0,300.43,482.02,63.89,484.14,212.86,-190.56,121.57,111.97,-392.13,227.4,507.97,-178.69
2025-08-04T17:51:22.530466,279.0,381.0,99.0,480.0,118.0,-145.0,112.0,107.0,-392.0,207.0,516.0,-120.0,314.43,362.02,107.89,463.14,112.86,-163.56,133.57,135.97,-382.13,186.4,508.97,-133.69
2025-08-04T17:51:22.538266,245.0,426.0,64.0,433.0,146.0,-138.0,81.0,104.0,-441.0,230.0,517.0,-119.0,280.43,407.02,72.89,416.14,140.86,-156.56,102.57,132.97,-431.13,209.4,509.97,-132.69
2025-08-04T17:51:22.546462,262.0,353.0,83.0,412.0,154.0,-112.0,109.0,96.0,-436.0,203.0,548.0,-52.0,297.43,334.02,91.89,395.14,148.86,-130.56,130.57,124.97,-426.13,182.4,540.97,-65.69
2025-08-04T17:51:22.550758,245.0,477.0,128.0,426.0,243.0,-154.0,87.0,132.0,-440.0,154.0,509.0,-122.0,280.43,458.02,136.89,409.14,237.86,-172.56,108.57,160.97,-430.13,133.4,501.97,-135.69
2025-08-04T17:51:22.558932,312.0,433.0,38.0,440.0,156.0,-117.0,105.0,47.0,-453.0,222.0,447.0,-163.0,347.43,414.02,46.89,423.14,150.86,-135.56,126.57,75.97,-443.13,201.4,439.97,-176.69
2025-08-04T17:51:22.563142,278.0,360.0,81.0,401.0,226.0,-169.0,92.0,105.0,-480.0,219.0,521.0,-14.0,313.43,341.02,89.89,384.14,220.86,-187.56,113.57,133.97,-470.13,198.4,513.97,-27.689999999999998
2025-08-04T17:51:22.571336,229.0,492.0,174.0,486.0,131.0,-129.0,118.0,92.0,-421.0,140.0,503.0,-9.0,264.43,473.02,182.89,469.14,125.86,-147.56,139.57,120.97,-411.13,119.4,495.97,-22.689999999999998
2025-08-04T17:51:22.579151,323.0,401.0,10.0,372.0,208.0,-162.0,92.0,81.0,-428.0,101.0,537.0,-57.0,358.43,382.02,18.89,355.14,202.86,-180.56,113.57,109.97,-418.13,80.4,529.97,-70.69
2025-08-04T17:51:22.583720,300.0,334.0,106.0,445.0,150.0,-200.0,67.0,28.0,-409.0,201.0,574.0,-106.0,335.43,315.02,114.89,428.14,144.86,-218.56,88.57,56.97,-399.13,180.4,566.97,-119.69
2025-08-04T17:51:22.591620,185.0,381.0,52.0,440.0,218.0,-111.0,116.0,103.0,-398.0,181.0,467.0,-48.0,220.43,362.02,60.89,423.14,212.86,-129.56,137.57,131.97,-388.13,160.4,459.97,-61.69
2025-08-04T17:51:22.595922,307.0,391.0,75.0,383.0,147.0,-159.0,166.0,53.0,-486.0,264.0,451.0,-54.0,342.43,372.02,83.89,366.14,141.86,-177.56,187.57,81.97,-476.13,243.4,443.97,-67.69
2025-08-04T17:51:22.603945,229.0,408.0,139.0,431.0,179.0,-137.0,92.0,-29.0,-380.0,182.0,534.0,-66.0,264.43,389.02,147.89,414.14,173.86,-155.56,113.57,-0.030000000000001137,-370.13,161.4,526.97,-79.69
2025-08-04T17:51:22.612037,328.0,371.0,40.0,392.0,196.0,-122.0,62.0,98.0,-459.0,191.0,557.0,-45.0,363.43,352.02,48.89,375.14,190.86,-140.56,83.57,126.97,-449.13,170.4,549.97,-58.69
2025-08-04T17:51:22.616252,310.0,332.0,96.0,470.0,189.0,-176.0,92.0,109.0,-452.0,169.0,589.0,-67.0,345.43,313.02,104.89,453.14,183.86,-194.56,113.57,137.97,-442.13,148.4,581.97,-80.69
2025-08-04T17:51:22.624298,264.0,412.0,85.0,483.0,164.0,-111.0,100.0,62.0,-423.0,228.0,543.0,-98.0,299.43,393.02,93.89,466.14,158.86,-129.56,121.57,90.97,-413.13,207.4,535.97,-111.69
2025-08-04T17:51:22.628598,338.0,367.0,28.0,429.0,179.0,-195.0,131.0,81.0,-383.0,241.0,523.0,-128.0,373.43,348.02,36.89,412.14,173.86,-213.56,152.57,109.97,-373.13,220.4,515.97,-141.69
2025-08-04T17:51:22.636646,315.0,311.0,80.0,439.0,149.0,-157.0,91.0,107.0,-492.0,225.0,536.0,-47.0,350.43,292.02,88.89,422.14,143.86,-175.56,112.57,135.97,-482.13,204.4,528.97,-60.69
2025-08-04T17:51:22.644655,279.0,418.0,103.0,407.0,214.0,-158.0,137.0,26.0,-477.0,158.0,469.0,-37.0,314.43,399.02,111.89,390.14,208.86,-176.56,158.57,54.97,-467.13,137.4,461.97,-50.69
2025-08-04T17:51:22.649179,309.0,417.0,41.0,395.0,87.0,-160.0,153.0,-46.0,-433.0,160.0,504.0,-192.0,344.43,398.02,49.89,378.14,81.86,-178.56,174.57,-17.03,-423.13,139.4,496.97,-205.69
2025-08-04T17:51:22.657188,244.0,347.0,166.0,411.0,150.0,-142.0,122.0,63.0,-481.0,153.0,536.0,-98.0,279.43,328.02,174.89,394.14,144.86,-160.56,143.57,91.97,-471.13,132.4,528.97,-111.69
2025-08-04T17:51:22.661417,254.0,416.0,65.0,408.0,144.0,-148.0,134.0,55.0,-462.0,244.0,535.0,-38.0,289.43,397.02,73.89,391.14,138.86,-166.56,155.57,83.97,-452.13,223.4,527.97,-51.69
2025-08-04T17:51:22.669406,289.0,288.0,89.0,428.0,207.0,-106.0,87.0,69.0,-498.0,123.0,457.0,-17.0,324.43,269.02,97.89,411.14,201.86,-124.56,108.57,97.97,-488.13,102.4,449.97,-30.689999999999998
2025-08-04T17:51:22.677503,252.0,359.0,120.0,445.0,94.0,-156.0,117.0,97.0,-498.0,150.0,548.0,-3.0,287.43,340.02,128.89,428.14,88.86,-174.56,138.57,125.97,-488.13,129.4,540.97,-16.689999999999998
2025-08-04T17:51:22.681854,238.0,470.0,68.0,487.0,148.0,-157.0,127.0,64.0,-471.0,192.0,566.0,-137.0,273.43,451.02,76.89,470.14,142.86,-175.56,148.57,92.97,-461.13,171.4,558.97,-150.69
2025-08-04T17:51:22.689892,314.0,321.0,125.0,453.0,179.0,-78.0,96.0,45.0,-401.0,229.0,488.0,-156.0,349.43,302.02,133.89,436.14,173.86,-96.56,117.57,73.97,-391.13,208.4,480.97,-169.69
2025-08-04T17:51:22.694481,219.0,390.0,55.0,443.0,184.0,-131.0,80.0,35.0,-464.0,280.0,494.0,-66.0,254.43,371.02,63.89,426.14,178.86,-149.56,101.57,63.97,-454.13,259.4,486.97,-79.69
2025-08-04T17:51:22.702198,289.0,450.0,1.0,454.0,233.0,-122.0,130.0,10.0,-458.0,129.0,455.0,-7.0,324.43,431.02,9.89,437.14,227.86,-140.56,151.57,38.97,-448.13,108.4,447.97,-20.689999999999998
2025-08-04T17:51:22.710247,283.0,314.0,48.0,483.0,140.0,-240.0,98.0,65.0,-418.0,185.0,584.0,-43.0,318.43,295.02,56.89,466.14,134.86,-258.56,119.57,93.97,-408.13,164.4,576.97,-56.69
2025-08-04T17:51:22.714623,242.0,355.0,62.0,487.0,189.0,-150.0,102.0,28.0,-430.0,177.0,562.0,-158.0,277.43,336.02,70.89,470.14,183.86,-168.56,123.57,56.97,-420.13,156.4,554.97,-171.69
2025-08-04T17:51:22.722596,324.0,409.0,23.0,437.0,207.0,-101.0,135.0,82.0,-426.0,211.0,521.0,-136.0,359.43,390.02,31.89,420.14,201.86,-119.56,156.57,110.97,-416.13,190.4,513.97,-149.69
2025-08-04T17:51:22.726898,304.0,348.0,76.0,441.0,156.0,-113.0,152.0,48.0,-436.0,150.0,503.0,-45.0,339.43,329.02,84.89,424.14,150.86,-131.56,173.57,76.97,-426.13,129.4,495.97,-58.69
2025-08-04T17:51:22.734862,188.0,392.0,50.0,472.0,250.0,-123.0,124.0,131.0,-473.0,172.0,501.0,-54.0,223.43,373.02,58.89,455.14,244.86,-141.56,145.57,159.97,-463.13,151.4,493.97,-67.69
2025-08-04T17:51:22.743005,251.0,358.0,42.0,429.0,176.0,-119.0,138.0,118.0,-484.0,103.0,552.0,-101.0,286.43,339.02,50.89,412.14,170.86,-137.56,159.57,146.97,-474.13,82.4,544.97,-114.69
2025-08-04T17:51:22.747245,334.0,363.0,93.0,472.0,183.0,-144.0,143.0,111.0,-372.0,228.0,530.0,-134.0,369.43,344.02,101.89,455.14,177.86,-162.56,164.57,139.97,-362.13,207.4,522.97,-147.69
2025-08-04T17:51:22.755464,215.0,331.0,23.0,424.0,154.0,-161.0,117.0,56.0,-455.0,181.0,532.0,-37.0,250.43,312.02,31.89,407.14,148.86,-179.56,138.57,84.97,-445.13,160.4,524.97,-50.69
2025-08-04T17:51:22.759684,311.0,373.0,50.0,425.0,164.0,-144.0,92.0,21.0,-541.0,138.0,477.0,-83.0,346.43,354.02,58.89,408.14,158.86,-162.56,113.57,49.97,-531.13,117.4,469.97,-96.69
2025-08-04T17:51:22.767888,211.0,361.0,106.0,445.0,159.0,-118.0,153.0,8.0,-412.0,181.0,570.0,-124.0,246.43,342.02,114.89,428.14,153.86,-136.56,174.57,36.97,-402.13,160.4,562.97,-137.69
2025-08-04T17:51:22.775953,189.0,437.0,58.0,428.0,147.0,-122.0,139.0,115.0,-390.0,122.0,586.0,-135.0,224.43,418.02,66.89,411.14,141.86,-140.56,160.57,143.97,-380.13,101.4,578.97,-148.69
2025-08-04T17:51:22.780234,323.0,286.0,102.0,467.0,219.0,-223.0,116.0,33.0,-453.0,158.0,491.0,-137.0,358.43,267.02,110.89,450.14,213.86,-241.56,137.57,61.97,-443.13,137.4,483.97,-150.69
2025-08-04T17:51:22.788211,223.0,400.0,41.0,409.0,148.0,-143.0,103.0,97.0,-428.0,194.0,544.0,-47.0,258.43,381.02,49.89,392.14,142.86,-161.56,124.57,125.97,-418.13,173.4,536.97,-60.69
2025-08-04T17:51:22.793657,337.0,316.0,-14.0,396.0,172.0,-138.0,123.0,72.0,-529.0,190.0,507.0,-77.0,372.43,297.02,-5.109999999999999,379.14,166.86,-156.56,144.57,100.97,-519.13,169.4,499.97,-90.69
2025-08-04T17:51:22.800604,250.0,402.0,151.0,510.0,137.0,-175.0,149.0,135.0,-485.0,147.0,532.0,-44.0,285.43,383.02,159.89,493.14,131.86,-193.56,170.57,163.97,-475.13,126.4,524.97,-57.69
2025-08-04T17:51:22.808718,271.0,419.0,30.0,427.0,162.0,-148.0,141.0,47.0,-469.0,168.0,519.0,-158.0,306.43,400.02,38.89,410.14,156.86,-166.56,162.57,75.97,-459.13,147.4,511.97,-171.69
2025-08-04T17:51:22.812819,297.0,352.0,92.0,489.0,168.0,-111.0,113.0,48.0,-440.0,217.0,440.0,-126.0,332.43,333.02,100.89,472.14,162.86,-129.56,134.57,76.97,-430.13,196.4,432.97,-139.69
2025-08-04T17:51:22.821052,341.0,406.0,39.0,381.0,222.0,-135.0,154.0,21.0,-460.0,198.0,503.0,-68.0,376.43,387.02,47.89,364.14,216.86,-153.56,175.57,49.97,-450.13,177.4,495.97,-81.69
2025-08-04T17:51:22.826395,329.0,325.0,46.0,451.0,132.0,-115.0,150.0,28.0,-495.0,181.0,471.0,-37.0,364.43,306.02,54.89,434.14,126.86,-133.56,171.57,56.97,-485.13,160.4,463.97,-50.69
2025-08-04T17:51:22.833380,208.0,316.0,103.0,444.0,224.0,-170.0,74.0,56.0,-483.0,148.0,587.0,-68.0,243.43,297.02,111.89,427.14,218.86,-188.56,95.57,84.97,-473.13,127.4,579.97,-81.69
2025-08-04T17:51:22.841289,235.0,447.0,40.0,435.0,146.0,-120.0,148.0,70.0,-486.0,176.0,578.0,-94.0,270.43,428.02,48.89,418.14,140.86,-138.56,169.57,98.97,-476.13,155.4,570.97,-107.69
2025-08-04T17:51:22.845661,316.0,397.0,4.0,410.0,187.0,-154.0,118.0,56.0,-498.0,248.0,580.0,-144.0,351.43,378.02,12.89,393.14,181.86,-172.56,139.57,84.97,-488.13,227.4,572.97,-157.69
2025-08-04T17:51:22.853787,251.0,347.0,131.0,495.0,117.0,-137.0,69.0,87.0,-379.0,167.0,500.0,-153.0,286.43,328.02,139.89,478.14,111.86,-155.56,90.57,115.97,-369.13,146.4,492.97,-166.69
2025-08-04T17:51:22.858070,229.0,392.0,63.0,470.0,149.0,-194.0,108.0,121.0,-463.0,208.0,491.0,-13.0,264.43,373.02,71.89,453.14,143.86,-212.56,129.57,149.97,-453.13,187.4,483.97,-26.689999999999998
2025-08-04T17:51:22.865908,346.0,334.0,91.0,453.0,123.0,-98.0,148.0,115.0,-423.0,212.0,585.0,-47.0,381.43,315.02,99.89,436.14,117.86,-116.56,169.57,143.97,-413.13,191.4,577.97,-60.69
2025-08-04T17:51:22.874250,211.0,439.0,48.0,408.0,126.0,-136.0,103.0,117.0,-373.0,166.0,591.0,-148.0,246.43,420.02,56.89,391.14,120.86,-154.56,124.57,145.97,-363.13,145.4,583.97,-161.69
2025-08-04T17:51:22.878312,338.0,388.0,47.0,430.0,125.0,-126.0,130.0,66.0,-468.0,265.0,502.0,-138.0,373.43,369.02,55.89,413.14,119.86,-144.56,151.57,94.97,-458.13,244.4,494.97,-151.69
2025-08-04T17:51:22.886499,345.0,385.0,101.0,368.0,193.0,-131.0,159.0,106.0,-423.0,213.0,504.0,-48.0,380.43,366.02,109.89,351.14,187.86,-149.56,180.57,134.97,-413.13,192.4,496.97,-61.69
2025-08-04T17:51:22.894467,239.0,367.0,10.0,496.0,154.0,-149.0,65.0,128.0,-442.0,183.0,541.0,-58.0,274.43,348.02,18.89,479.14,148.86,-167.56,86.57,156.97,-432.13,162.4,533.97,-71.69
2025-08-04T17:51:22.898863,271.0,392.0,38.0,439.0,166.0,-176.0,120.0,90.0,-507.0,188.0,562.0,-125.0,306.43,373.02,46.89,422.14,160.86,-194.56,141.57,118.97,-497.13,167.4,554.97,-138.69
2025-08-04T17:51:22.907058,239.0,321.0,97.0,479.0,126.0,-108.0,185.0,61.0,-413.0,302.0,512.0,-121.0,274.43,302.02,105.89,462.14,120.86,-126.56,206.57,89.97,-403.13,281.4,504.97,-134.69
2025-08-04T17:51:22.911216,278.0,453.0,-29.0,454.0,144.0,-166.0,149.0,82.0,-509.0,301.0,508.0,-88.0,313.43,434.02,-20.11,437.14,138.86,-184.56,170.57,110.97,-499.13,280.4,500.97,-101.69
2025-08-04T17:51:22.919298,315.0,371.0,56.0,443.0,113.0,-181.0,72.0,40.0,-470.0,171.0,507.0,-40.0,350.43,352.02,64.89,426.14,107.86,-199.56,93.57,68.97,-460.13,150.4,499.97,-53.69
2025-08-04T17:51:22.927251,292.0,333.0,122.0,430.0,214.0,-119.0,88.0,1.0,-453.0,219.0,574.0,-124.0,327.43,314.02,130.89,413.14,208.86,-137.56,109.57,29.97,-443.13,198.4,566.97,-137.69
2025-08-04T17:51:22.931654,261.0,383.0,67.0,383.0,223.0,-177.0,75.0,105.0,-425.0,130.0,531.0,-141.0,296.43,364.02,75.89,366.14,217.86,-195.56,96.57,133.97,-415.13,109.4,523.97,-154.69
2025-08-04T17:51:22.939701,318.0,290.0,92.0,477.0,163.0,-114.0,138.0,108.0,-387.0,232.0,509.0,-190.0,353.43,271.02,100.89,460.14,157.86,-132.56,159.57,136.97,-377.13,211.4,501.97,-203.69
2025-08-04T17:51:22.943887,235.0,388.0,13.0,483.0,230.0,-161.0,48.0,111.0,-455.0,197.0,536.0,-63.0,270.43,369.02,21.89,466.14,224.86,-179.56,69.57,139.97,-445.13,176.4,528.97,-76.69
2025-08-04T17:51:22.952052,330.0,378.0,43.0,463.0,136.0,-180.0,52.0,55.0,-513.0,153.0,523.0,-93.0,365.43,359.02,51.89,446.14,130.86,-198.56,73.57,83.97,-503.13,132.4,515.97,-106.69
2025-08-04T17:51:22.960098,266.0,264.0,138.0,381.0,135.0,-108.0,129.0,81.0,-449.0,157.0,619.0,-69.0,301.43,245.02,146.89,364.14,129.86,-126.56,150.57,109.97,-439.13,136.4,611.97,-82.69
2025-08-04T17:51:22.964428,238.0,404.0,30.0,474.0,183.0,-169.0,131.0,78.0,-450.0,115.0,518.0,-143.0,273.43,385.02,38.89,457.14,177.86,-187.56,152.57,106.97,-440.13,94.4,510.97,-156.69
2025-08-04T17:51:22.972361,247.0,303.0,133.0,447.0,147.0,-84.0,100.0,39.0,-447.0,246.0,449.0,-146.0,282.43,284.02,141.89,430.14,141.86,-102.56,121.57,67.97,-437.13,225.4,441.97,-159.69
2025-08-04T17:51:22.976817,228.0,451.0,73.0,469.0,214.0,-143.0,128.0,52.0,-430.0,206.0,452.0,-109.0,263.43,432.02,81.89,452.14,208.86,-161.56,149.57,80.97,-420.13,185.4,444.97,-122.69
2025-08-04T17:51:22.984915,325.0,326.0,62.0,450.0,163.0,-87.0,140.0,95.0,-490.0,137.0,536.0,-107.0,360.43,307.02,70.89,433.14,157.86,-105.56,161.57,123.97,-480.13,116.4,528.97,-120.69
2025-08-04T17:51:22.992975,302.0,342.0,51.0,430.0,98.0,-147.0,125.0,75.0,-425.0,161.0,581.0,-185.0,337.43,323.02,59.89,413.14,92.86,-165.56,146.57,103.97,-415.13,140.4,573.97,-198.69
2025-08-04T17:51:22.997276,251.0,392.0,89.0,472.0,154.0,-111.0,153.0,105.0,-428.0,233.0,547.0,-184.0,286.43,373.02,97.89,455.14,148.86,-129.56,174.57,133.97,-418.13,212.4,539.97,-197.69
2025-08-04T17:51:23.005306,262.0,383.0,22.0,431.0,198.0,-151.0,136.0,161.0,-461.0,240.0,489.0,-87.0,297.43,364.02,30.89,414.14,192.86,-169.56,157.57,189.97,-451.13,219.4,481.97,-100.69
2025-08-04T17:51:23.009488,291.0,358.0,105.0,451.0,119.0,-89.0,97.0,60.0,-431.0,191.0,544.0,-44.0,326.43,339.02,113.89,434.14,113.86,-107.56,118.57,88.97,-421.13,170.4,536.97,-57.69
2025-08-04T17:51:23.017543,188.0,347.0,33.0,479.0,184.0,-128.0,61.0,102.0,-490.0,96.0,575.0,-113.0,223.43,328.02,41.89,462.14,178.86,-146.56,82.57,130.97,-480.13,75.4,567.97,-126.69
2025-08-04T17:51:23.025635,331.0,403.0,35.0,495.0,166.0,-198.0,155.0,82.0,-408.0,232.0,550.0,-122.0,366.43,384.02,43.89,478.14,160.86,-216.56,176.57,110.97,-398.13,211.4,542.97,-135.69
2025-08-04T17:51:23.030056,395.0,337.0,165.0,522.0,170.0,-112.0,44.0,31.0,-450.0,172.0,548.0,-142.0,430.43,318.02,173.89,505.14,164.86,-130.56,65.57,59.97,-440.13,151.4,540.97,-155.69
2025-08-04T17:51:23.038026,205.0,388.0,24.0,415.0,177.0,-180.0,72.0,112.0,-483.0,155.0,564.0,-34.0,240.43,369.02,32.89,398.14,171.86,-198.56,93.57,140.97,-473.13,134.4,556.97,-47.69
2025-08-04T17:51:23.042327,211.0,313.0,20.0,467.0,190.0,-147.0,115.0,135.0,-433.0,204.0,567.0,-132.0,246.43,294.02,28.89,450.14,184.86,-165.56,136.57,163.97,-423.13,183.4,559.97,-145.69
2025-08-04T17:51:23.050386,280.0,350.0,85.0,449.0,148.0,-195.0,116.0,56.0,-526.0,221.0,499.0,-107.0,315.43,331.02,93.89,432.14,142.86,-213.56,137.57,84.97,-516.13,200.4,491.97,-120.69
2025-08-04T17:51:23.058403,258.0,431.0,38.0,472.0,146.0,-107.0,68.0,73.0,-503.0,194.0,494.0,-80.0,293.43,412.02,46.89,455.14,140.86,-125.56,89.57,101.97,-493.13,173.4,486.97,-93.69
2025-08-04T17:51:23.062624,354.0,401.0,145.0,443.0,216.0,-111.0,140.0,96.0,-487.0,155.0,470.0,-48.0,389.43,382.02,153.89,426.14,210.86,-129.56,161.57,124.97,-477.13,134.4,462.97,-61.69
2025-08-04T17:51:23.071116,259.0,294.0,60.0,449.0,221.0,-168.0,75.0,74.0,-459.0,184.0,559.0,-106.0,294.43,275.02,68.89,432.14,215.86,-186.56,96.57,102.97,-449.13,163.4,551.97,-119.69
2025-08-04T17:51:23.074998,216.0,403.0,64.0,450.0,173.0,-120.0,146.0,101.0,-498.0,245.0,551.0,-130.0,251.43,384.02,72.89,433.14,167.86,-138.56,167.57,129.97,-488.13,224.4,543.97,-143.69
2025-08-04T17:51:23.083125,307.0,359.0,95.0,386.0,163.0,-107.0,143.0,36.0,-437.0,171.0,520.0,-94.0,342.43,340.02,103.89,369.14,157.86,-125.56,164.57,64.97,-427.13,150.4,512.97,-107.69
2025-08-04T17:51:23.091138,309.0,399.0,98.0,466.0,144.0,-131.0,148.0,17.0,-385.0,199.0,484.0,-57.0,344.43,380.02,106.89,449.14,138.86,-149.56,169.57,45.97,-375.13,178.4,476.97,-70.69
2025-08-04T17:51:23.095449,351.0,430.0,52.0,449.0,181.0,-157.0,139.0,81.0,-430.0,199.0,486.0,-81.0,386.43,411.02,60.89,432.14,175.86,-175.56,160.57,109.97,-420.13,178.4,478.97,-94.69
2025-08-04T17:51:23.103574,267.0,323.0,146.0,437.0,125.0,-215.0,122.0,102.0,-480.0,174.0,571.0,-152.0,302.43,304.02,154.89,420.14,119.86,-233.56,143.57,130.97,-470.13,153.4,563.97,-165.69
2025-08-04T17:51:23.107729,194.0,312.0,-41.0,398.0,199.0,-187.0,185.0,90.0,-375.0,204.0,509.0,-142.0,229.43,293.02,-32.11,381.14,193.86,-205.56,206.57,118.97,-365.13,183.4,501.97,-155.69
2025-08-04T17:51:23.115865,380.0,399.0,97.0,443.0,129.0,-95.0,117.0,48.0,-523.0,150.0,438.0,-74.0,415.43,380.02,105.89,426.14,123.86,-113.56,138.57,76.97,-513.13,129.4,430.97,-87.69
2025-08-04T17:51:23.123792,252.0,413.0,31.0,453.0,190.0,-149.0,124.0,44.0,-423.0,139.0,469.0,-69.0,287.43,394.02,39.89,436.14,184.86,-167.56,145.57,72.97,-413.13,118.4,461.97,-82.69
2025-08-04T17:51:23.128275,309.0,343.0,78.0,451.0,205.0,-161.0,144.0,107.0,-403.0,142.0,556.0,-70.0,344.43,324.02,86.89,434.14,199.86,-179.56,165.57,135.97,-393.13,121.4,548.97,-83.69
2025-08-04T17:51:23.136243,299.0,297.0,95.0,465.0,68.0,-100.0,91.0,102.0,-466.0,160.0,494.0,-128.0,334.43,278.02,103.89,448.14,62.86,-118.56,112.57,130.97,-456.13,139.4,486.97,-141.69
2025-08-04T17:51:23.140542,249.0,347.0,86.0,425.0,165.0,-185.0,116.0,-2.0,-470.0,235.0,486.0,-180.0,284.43,328.02,94.89,408.14,159.86,-203.56,137.57,26.97,-460.13,214.4,478.97,-193.69
2025-08-04T17:51:23.148585,275.0,325.0,-12.0,348.0,102.0,-147.0,88.0,-9.0,-399.0,223.0,360.0,-155.0,310.43,306.02,-3.1099999999999994,331.14,96.86,-165.56,109.57,19.97,-389.13,202.4,352.97,-168.69
2025-08-04T17:51:23.156795,223.0,288.0,47.0,277.0,112.0,-54.0,125.0,36.0,-417.0,236.0,380.0,-75.0,258.43,269.02,55.89,260.14,106.86,-72.56,146.57,64.97,-407.13,215.4,372.97,-88.69
2025-08-04T17:51:23.161109,236.0,260.0,77.0,313.0,167.0,-124.0,141.0,5.0,-429.0,178.0,344.0,-74.0,271.43,241.02,85.89,296.14,161.86,-142.56,162.57,33.97,-419.13,157.4,336.97,-87.69
2025-08-04T17:51:23.169120,217.0,228.0,-7.0,309.0,28.0,-87.0,129.0,34.0,-342.0,152.0,387.0,-63.0,252.43,209.02,1.8900000000000006,292.14,22.86,-105.56,150.57,62.97,-332.13,131.4,379.97,-76.69
2025-08-04T17:51:23.173395,143.0,160.0,86.0,282.0,117.0,-50.0,84.0,44.0,-319.0,68.0,365.0,-148.0,178.43,141.02,94.89,265.14,111.86,-68.56,105.57,72.97,-309.13,47.4,357.97,-161.69
2025-08-04T17:51:23.181363,152.0,267.0,76.0,335.0,131.0,-26.0,175.0,39.0,-345.0,182.0,362.0,-107.0,187.43,248.02,84.89,318.14,125.86,-44.56,196.57,67.97,-335.13,161.4,354.97,-120.69
2025-08-04T17:51:23.185620,285.0,272.0,-21.0,258.0,69.0,-72.0,161.0,33.0,-347.0,156.0,255.0,-140.0,320.43,253.02,-12.11,241.14,63.86,-90.56,182.57,61.97,-337.13,135.4,247.97,-153.69
2025-08-04T17:51:23.193572,229.0,234.0,124.0,279.0,77.0,-39.0,87.0,-11.0,-338.0,144.0,288.0,-53.0,264.43,215.02,132.89,262.14,71.86,-57.56,108.57,17.97,-328.13,123.4,280.97,-66.69
2025-08-04T17:51:23.201910,117.0,239.0,66.0,270.0,90.0,-107.0,56.0,44.0,-381.0,59.0,285.0,-84.0,152.43,220.02,74.89,253.14,84.86,-125.56,77.57,72.97,-371.13,38.4,277.97,-97.69
2025-08-04T17:51:23.206159,85.0,216.0,-9.0,256.0,110.0,-37.0,79.0,38.0,-286.0,125.0,268.0,-44.0,120.43,197.02,-0.10999999999999943,239.14,104.86,-55.56,100.57,66.97,-276.13,104.4,260.97,-57.69
2025-08-04T17:51:23.214175,201.0,128.0,-24.0,179.0,95.0,-48.0,145.0,16.0,-257.0,119.0,288.0,-88.0,236.43,109.02,-15.11,162.14,89.86,-66.56,166.57,44.97,-247.13,98.4,280.97,-101.69
2025-08-04T17:51:23.218282,65.0,88.0,65.0,181.0,1.0,-1.0,153.0,17.0,-258.0,160.0,241.0,-76.0,100.43,69.02,73.89,164.14,-4.14,-19.56,174.57,45.97,-248.13,139.4,233.97,-89.69
2025-08-04T17:51:23.226317,59.0,239.0,104.0,210.0,39.0,-71.0,134.0,-14.0,-237.0,131.0,207.0,-68.0,94.43,220.02,112.89,193.14,33.86,-89.56,155.57,14.969999999999999,-227.13,110.4,199.97,-81.69
2025-08-04T17:51:23.230688,114.0,158.0,46.0,140.0,78.0,-10.0,85.0,67.0,-165.0,120.0,116.0,-60.0,149.43,139.02,54.89,123.14,72.86,-28.56,106.57,95.97,-155.13,99.4,108.97,-73.69
2025-08-04T17:51:23.238824,78.0,54.0,99.0,45.0,30.0,-26.0,153.0,-42.0,-156.0,139.0,132.0,8.0,113.43,35.019999999999996,107.89,28.14,24.86,-44.56,174.57,-13.030000000000001,-146.13,118.4,124.97,-5.6899999999999995
2025-08-04T17:51:23.242792,37.0,36.0,57.0,73.0,38.0,-80.0,68.0,-47.0,-155.0,173.0,74.0,29.0,72.43,17.02,65.89,56.14,32.86,-98.56,89.57,-18.03,-145.13,152.4,66.97,15.31
2025-08-04T17:51:23.251022,45.0,123.0,28.0,116.0,-2.0,-27.0,61.0,-41.0,-105.0,172.0,81.0,-52.0,80.43,104.02,36.89,99.14,-7.14,-45.56,82.57,-12.030000000000001,-95.13,151.4,73.97,-65.69
2025-08-04T17:51:23.255192,-30.0,140.0,-36.0,115.0,-3.0,-38.0,39.0,-32.0,-127.0,100.0,69.0,21.0,5.43,121.02,-27.11,98.14,-8.14,-56.56,60.57,-3.030000000000001,-117.13,79.4,61.97,7.3100000000000005
2025-08-04T17:51:23.263343,77.0,36.0,-95.0,15.0,-8.0,42.0,13.0,-10.0,-137.0,98.0,39.0,-2.0,112.43,17.02,-86.11,-1.8599999999999994,-13.14,23.44,34.57,18.97,-127.13,77.4,31.97,-15.69
2025-08-04T17:51:23.267338,74.0,24.0,-42.0,60.0,32.0,40.0,102.0,7.0,-111.0,85.0,39.0,9.0,109.43,5.02,-33.11,43.14,26.86,21.44,123.57,35.97,-101.13,64.4,31.97,-4.6899999999999995
2025-08-04T17:51:23.275564,-44.0,57.0,-7.0,29.0,11.0,20.0,47.0,2.0,-50.0,132.0,83.0,3.0,-8.57,38.019999999999996,1.8900000000000006,12.14,5.86,1.4400000000000013,68.57,30.97,-40.13,111.4,75.97,-10.69
2025-08-04T17:51:23.279697,-15.0,40.0,-28.0,124.0,35.0,-56.0,41.0,16.0,-83.0,122.0,11.0,30.0,20.43,21.02,-19.11,107.14,29.86,-74.56,62.57,44.97,-73.13,101.4,3.9699999999999998,16.310000000000002
2025-08-04T17:51:23.287841,-52.0,66.0,34.0,38.0,72.0,-109.0,-24.0,15.0,-136.0,93.0,71.0,-2.0,-16.57,47.019999999999996,42.89,21.14,66.86,-127.56,-2.4299999999999997,43.97,-126.13,72.4,63.97,-15.69
2025-08-04T17:51:23.291921,-22.0,102.0,15.0,1.0,-31.0,41.0,95.0,-11.0,-36.0,129.0,74.0,-5.0,13.43,83.02,23.89,-15.86,-36.14,22.44,116.57,17.97,-26.130000000000003,108.4,66.97,-18.689999999999998
2025-08-04T17:51:23.300164,49.0,13.0,-55.0,26.0,42.0,5.0,27.0,-6.0,-44.0,94.0,8.0,43.0,84.43,-5.98,-46.11,9.14,36.86,-13.559999999999999,48.57,22.97,-34.13,73.4,0.9699999999999998,29.310000000000002
2025-08-04T17:51:23.304232,25.0,65.0,-55.0,36.0,53.0,-7.0,65.0,-72.0,-48.0,124.0,19.0,43.0,60.43,46.019999999999996,-46.11,19.14,47.86,-25.56,86.57,-43.03,-38.13,103.4,11.969999999999999,29.310000000000002
2025-08-04T17:51:23.312474,-23.0,-1.0,-61.0,98.0,22.0,-6.0,11.0,33.0,-57.0,83.0,-2.0,-30.0,12.43,-19.98,-52.11,81.14,16.86,-24.56,32.57,61.97,-47.13,62.4,-9.030000000000001,-43.69
2025-08-04T17:51:23.316492,44.0,51.0,-63.0,30.0,-30.0,-41.0,-35.0,-9.0,-85.0,68.0,45.0,30.0,79.43,32.019999999999996,-54.11,13.14,-35.14,-59.56,-13.43,19.97,-75.13,47.4,37.97,16.310000000000002
2025-08-04T17:51:23.324801,72.0,36.0,3.0,85.0,60.0,10.0,11.0,-11.0,-67.0,86.0,33.0,57.0,107.43,17.02,11.89,68.14,54.86,-8.559999999999999,32.57,17.97,-57.13,65.4,25.97,43.31
2025-08-04T17:51:23.329070,13.0,-15.0,42.0,108.0,-82.0,-53.0,15.0,6.0,-80.0,59.0,32.0,29.0,48.43,-33.980000000000004,50.89,91.14,-87.14,-71.56,36.57,34.97,-70.13,38.4,24.97,15.31
2025-08-04T17:51:23.337085,-68.0,-9.0,64.0,105.0,-84.0,-14.0,55.0,-1.0,-34.0,82.0,54.0,26.0,-32.57,-27.98,72.89,88.14,-89.14,-32.56,76.57,27.97,-24.130000000000003,61.4,46.97,12.31
2025-08-04T17:51:23.341206,-30.0,142.0,1.0,21.0,2.0,48.0,51.0,-49.0,-36.0,107.0,8.0,11.0,5.43,123.02,9.89,4.140000000000001,-3.1399999999999997,29.44,72.57,-20.03,-26.130000000000003,86.4,0.9699999999999998,-2.6899999999999995
2025-08-04T17:51:23.349255,-39.0,55.0,2.0,54.0,-30.0,19.0,28.0,-30.0,-24.0,105.0,6.0,34.0,-3.5700000000000003,36.019999999999996,10.89,37.14,-35.14,0.4400000000000013,49.57,-1.0300000000000011,-14.13,84.4,-1.0300000000000002,20.310000000000002
2025-08-04T17:51:23.353608,17.0,88.0,-19.0,-1.0,-4.0,-23.0,1.0,-59.0,-78.0,69.0,21.0,56.0,52.43,69.02,-10.11,-17.86,-9.14,-41.56,22.57,-30.03,-68.13,48.4,13.969999999999999,42.31
2025-08-04T17:51:23.361581,44.0,133.0,-44.0,47.0,44.0,-72.0,10.0,-35.0,16.0,120.0,46.0,12.0,79.43,114.02,-35.11,30.14,38.86,-90.56,31.57,-6.030000000000001,25.869999999999997,99.4,38.97,-1.6899999999999995
2025-08-04T17:51:23.365955,86.0,-1.0,-11.0,25.0,29.0,-43.0,-13.0,29.0,-73.0,90.0,50.0,12.0,121.43,-19.98,-2.1099999999999994,8.14,23.86,-61.56,8.57,57.97,-63.13,69.4,42.97,-1.6899999999999995
2025-08-04T17:51:23.373839,16.0,19.0,8.0,109.0,-32.0,-4.0,41.0,-45.0,-63.0,101.0,27.0,62.0,51.43,0.019999999999999574,16.89,92.14,-37.14,-22.56,62.57,-16.03,-53.13,80.4,19.97,48.31
2025-08-04T17:51:23.378211,-17.0,-20.0,76.0,73.0,-49.0,36.0,31.0,-37.0,-78.0,78.0,23.0,55.0,18.43,-38.980000000000004,84.89,56.14,-54.14,17.44,52.57,-8.030000000000001,-68.13,57.4,15.969999999999999,41.31
2025-08-04T17:51:23.386293,-72.0,80.0,70.0,65.0,-15.0,-11.0,8.0,5.0,-22.0,118.0,-53.0,-3.0,-36.57,61.019999999999996,78.89,48.14,-20.14,-29.56,29.57,33.97,-12.13,97.4,-60.03,-16.689999999999998
2025-08-04T17:51:23.390336,-115.0,104.0,11.0,75.0,-11.0,36.0,20.0,4.0,-156.0,103.0,21.0,54.0,-79.57,85.02,19.89,58.14,-16.14,17.44,41.57,32.97,-146.13,82.4,13.969999999999999,40.31
2025-08-04T17:51:23.398420,30.0,50.0,-46.0,9.0,86.0,-47.0,25.0,-11.0,-125.0,56.0,34.0,-13.0,65.43,31.02,-37.11,-7.859999999999999,80.86,-65.56,46.57,17.97,-115.13,35.4,26.97,-26.689999999999998
2025-08-04T17:51:23.402716,22.0,68.0,-42.0,15.0,57.0,-88.0,29.0,-49.0,-89.0,141.0,55.0,11.0,57.43,49.019999999999996,-33.11,-1.8599999999999994,51.86,-106.56,50.57,-20.03,-79.13,120.4,47.97,-2.6899999999999995
2025-08-04T17:51:23.410652,-28.0,70.0,9.0,112.0,-4.0,-16.0,-13.0,-19.0,-77.0,144.0,-12.0,7.0,7.43,51.019999999999996,17.89,95.14,-9.14,-34.56,8.57,9.969999999999999,-67.13,123.4,-19.03,-6.6899999999999995
2025-08-04T17:51:23.415064,-22.0,-19.0,-23.0,5.0,10.0,-48.0,-10.0,-22.0,-112.0,70.0,15.0,48.0,13.43,-37.980000000000004,-14.11,-11.86,4.86,-66.56,11.57,6.969999999999999,-102.13,49.4,7.97,34.31
2025-08-04T17:51:23.422904,-10.0,16.0,34.0,62.0,-10.0,-16.0,78.0,28.0,-61.0,125.0,62.0,27.0,25.43,-2.9800000000000004,42.89,45.14,-15.14,-34.56,99.57,56.97,-51.13,104.4,54.97,13.31
2025-08-04T17:51:23.427259,-57.0,69.0,57.0,89.0,35.0,15.0,73.0,-3.0,-112.0,95.0,62.0,30.0,-21.57,50.019999999999996,65.89,72.14,29.86,-3.5599999999999987,94.57,25.97,-102.13,74.4,54.97,16.310000000000002
2025-08-04T17:51:23.435279,25.0,73.0,-32.0,-4.0,95.0,20.0,15.0,4.0,-108.0,152.0,38.0,13.0,60.43,54.019999999999996,-23.11,-20.86,89.86,1.4400000000000013,36.57,32.97,-98.13,131.4,30.97,-0.6899999999999995
2025-08-04T17:51:23.439593,-4.0,78.0,-47.0,54.0,48.0,0.0,53.0,-76.0,-100.0,184.0,60.0,-3.0,31.43,59.019999999999996,-38.11,37.14,42.86,-18.56,74.57,-47.03,-90.13,163.4,52.97,-16.689999999999998
2025-08-04T17:51:23.447693,74.0,78.0,-18.0,57.0,21.0,-4.0,105.0,6.0,-125.0,117.0,15.0,27.0,109.43,59.019999999999996,-9.11,40.14,15.86,-22.56,126.57,34.97,-115.13,96.4,7.97,13.31
2025-08-04T17:51:23.451829,27.0,58.0,-24.0,17.0,-24.0,0.0,35.0,-73.0,-30.0,124.0,21.0,57.0,62.43,39.019999999999996,-15.11,0.14000000000000057,-29.14,-18.56,56.57,-44.03,-20.130000000000003,103.4,13.969999999999999,43.31
2025-08-04T17:51:23.459905,-23.0,35.0,95.0,117.0,18.0,-8.0,12.0,9.0,-13.0,107.0,62.0,-4.0,12.43,16.02,103.89,100.14,12.86,-26.56,33.57,37.97,-3.130000000000001,86.4,54.97,-17.689999999999998
2025-08-04T17:51:23.464076,-31.0,32.0,58.0,38.0,34.0,-12.0,-38.0,66.0,-45.0,114.0,29.0,-24.0,4.43,13.02,66.89,21.14,28.86,-30.56,-16.43,94.97,-35.13,93.4,21.97,-37.69
2025-08-04T17:51:23.472301,10.0,101.0,-3.0,32.0,7.0,15.0,-21.0,24.0,-45.0,52.0,80.0,54.0,45.43,82.02,5.890000000000001,15.14,1.8600000000000003,-3.5599999999999987,0.5700000000000003,52.97,-35.13,31.4,72.97,40.31
2025-08-04T17:51:23.477072,-57.0,101.0,-24.0,55.0,73.0,-60.0,-1.0,32.0,-65.0,80.0,-3.0,67.0,-21.57,82.02,-15.11,38.14,67.86,-78.56,20.57,60.97,-55.13,59.4,-10.030000000000001,53.31
2025-08-04T17:51:23.484354,5.0,117.0,-90.0,24.0,-18.0,-21.0,0.0,-37.0,-99.0,123.0,45.0,-22.0,40.43,98.02,-81.11,7.140000000000001,-23.14,-39.56,21.57,-8.030000000000001,-89.13,102.4,37.97,-35.69
2025-08-04T17:51:23.488676,24.0,18.0,-6.0,47.0,-70.0,-62.0,9.0,-3.0,-57.0,134.0,39.0,18.0,59.43,-0.9800000000000004,2.8900000000000006,30.14,-75.14,-80.56,30.57,25.97,-47.13,113.4,31.97,4.3100000000000005
2025-08-04T17:51:23.496757,40.0,15.0,-63.0,79.0,4.0,18.0,54.0,-44.0,-95.0,70.0,51.0,31.0,75.43,-3.9800000000000004,-54.11,62.14,-1.1399999999999997,-0.5599999999999987,75.57,-15.030000000000001,-85.13,49.4,43.97,17.310000000000002
2025-08-04T17:51:23.500901,33.0,81.0,-67.0,101.0,22.0,32.0,28.0,-2.0,-48.0,53.0,-3.0,-26.0,68.43,62.019999999999996,-58.11,84.14,16.86,13.440000000000001,49.57,26.97,-38.13,32.4,-10.030000000000001,-39.69
2025-08-04T17:51:23.509049,48.0,43.0,-35.0,46.0,-44.0,-80.0,21.0,-10.0,-43.0,125.0,55.0,64.0,83.43,24.02,-26.11,29.14,-49.14,-98.56,42.57,18.97,-33.13,104.4,47.97,50.31
2025-08-04T17:51:23.513176,50.0,13.0,47.0,21.0,23.0,-36.0,45.0,-33.0,-60.0,75.0,32.0,6.0,85.43,-5.98,55.89,4.140000000000001,17.86,-54.56,66.57,-4.030000000000001,-50.13,54.4,24.97,-7.6899999999999995
2025-08-04T17:51:23.521275,-24.0,10.0,5.0,8.0,-60.0,-45.0,20.0,-58.0,-92.0,113.0,-13.0,-45.0,11.43,-8.98,13.89,-8.86,-65.14,-63.56,41.57,-29.03,-82.13,92.4,-20.03,-58.69
2025-08-04T17:51:23.525431,-33.0,81.0,53.0,4.0,34.0,-79.0,40.0,40.0,-42.0,107.0,36.0,5.0,2.4299999999999997,62.019999999999996,61.89,-12.86,28.86,-97.56,61.57,68.97,-32.13,86.4,28.97,-8.69
2025-08-04T17:51:23.533534,-50.0,80.0,-8.0,28.0,-21.0,-4.0,8.0,-51.0,-84.0,108.0,18.0,-8.0,-14.57,61.019999999999996,0.8900000000000006,11.14,-26.14,-22.56,29.57,-22.03,-74.13,87.4,10.969999999999999,-21.689999999999998
2025-08-04T17:51:23.537939,-88.0,75.0,51.0,45.0,-52.0,-11.0,18.0,-3.0,-63.0,65.0,14.0,16.0,-52.57,56.019999999999996,59.89,28.14,-57.14,-29.56,39.57,25.97,-53.13,44.4,6.97,2.3100000000000005
2025-08-04T17:51:23.541797,-40.0,64.0,-18.0,89.0,24.0,23.0,66.0,2.0,-72.0,91.0,37.0,1.0,-4.57,45.019999999999996,-9.11,72.14,18.86,4.440000000000001,87.57,30.97,-62.13,70.4,29.97,-12.69
2025-08-04T17:51:23.549936,-26.0,89.0,-80.0,52.0,39.0,25.0,50.0,18.0,-82.0,85.0,-8.0,31.0,9.43,70.02,-71.11,35.14,33.86,6.440000000000001,71.57,46.97,-72.13,64.4,-15.030000000000001,17.310000000000002
2025-08-04T17:51:23.554104,14.0,85.0,-101.0,61.0,19.0,24.0,-21.0,-28.0,-43.0,40.0,67.0,62.0,49.43,66.02,-92.11,44.14,13.86,5.440000000000001,0.5700000000000003,0.9699999999999989,-33.13,19.4,59.97,48.31
2025-08-04T17:51:23.562283,20.0,43.0,-45.0,85.0,34.0,45.0,76.0,2.0,-96.0,49.0,28.0,27.0,55.43,24.02,-36.11,68.14,28.86,26.44,97.57,30.97,-86.13,28.4,20.97,13.31
2025-08-04T17:51:23.566364,-12.0,56.0,-4.0,37.0,11.0,-1.0,44.0,-24.0,-124.0,103.0,68.0,28.0,23.43,37.019999999999996,4.890000000000001,20.14,5.86,-19.56,65.57,4.969999999999999,-114.13,82.4,60.97,14.31
2025-08-04T17:51:23.574493,69.0,3.0,-88.0,7.0,19.0,-66.0,17.0,25.0,-78.0,77.0,59.0,16.0,104.43,-15.98,-79.11,-9.86,13.86,-84.56,38.57,53.97,-68.13,56.4,51.97,2.3100000000000005
2025-08-04T17:51:23.578622,-20.0,-12.0,-79.0,74.0,10.0,16.0,62.0,-27.0,-90.0,50.0,53.0,26.0,15.43,-30.98,-70.11,57.14,4.86,-2.5599999999999987,83.57,1.9699999999999989,-80.13,29.4,45.97,12.31
2025-08-04T17:51:23.586905,12.0,-35.0,76.0,26.0,35.0,23.0,31.0,-34.0,-95.0,115.0,30.0,-1.0,47.43,-53.980000000000004,84.89,9.14,29.86,4.440000000000001,52.57,-5.030000000000001,-85.13,94.4,22.97,-14.69
2025-08-04T17:51:23.591005,-33.0,18.0,-14.0,97.0,-53.0,-48.0,68.0,-20.0,-52.0,54.0,-42.0,33.0,2.4299999999999997,-0.9800000000000004,-5.109999999999999,80.14,-58.14,-66.56,89.57,8.969999999999999,-42.13,33.4,-49.03,19.310000000000002
2025-08-04T17:51:23.599180,-39.0,107.0,-50.0,42.0,-10.0,-33.0,58.0,-59.0,-64.0,74.0,43.0,73.0,-3.5700000000000003,88.02,-41.11,25.14,-15.14,-51.56,79.57,-30.03,-54.13,53.4,35.97,59.31
2025-08-04T17:51:23.603268,-56.0,74.0,-56.0,43.0,27.0,10.0,88.0,-13.0,-96.0,112.0,3.0,50.0,-20.57,55.019999999999996,-47.11,26.14,21.86,-8.559999999999999,109.57,15.969999999999999,-86.13,91.4,-4.03,36.31
2025-08-04T17:51:23.611338,17.0,76.0,-46.0,34.0,40.0,-20.0,71.0,-30.0,-62.0,53.0,57.0,-33.0,52.43,57.019999999999996,-37.11,17.14,34.86,-38.56,92.57,-1.0300000000000011,-52.13,32.4,49.97,-46.69
2025-08-04T17:51:23.615482,11.0,35.0,-13.0,91.0,33.0,-49.0,48.0,-67.0,-59.0,7.0,46.0,33.0,46.43,16.02,-4.109999999999999,74.14,27.86,-67.56,69.57,-38.03,-49.13,-13.600000000000001,38.97,19.310000000000002
2025-08-04T17:51:23.623840,5.0,14.0,12.0,74.0,-11.0,-58.0,11.0,-65.0,-29.0,110.0,12.0,35.0,40.43,-4.98,20.89,57.14,-16.14,-76.56,32.57,-36.03,-19.130000000000003,89.4,4.97,21.310000000000002
2025-08-04T17:51:23.627797,-20.0,-53.0,52.0,86.0,34.0,14.0,-29.0,7.0,-48.0,56.0,61.0,61.0,15.43,-71.98,60.89,69.14,28.86,-4.559999999999999,-7.43,35.97,-38.13,35.4,53.97,47.31
2025-08-04T17:51:23.636000,-98.0,1.0,21.0,-8.0,-29.0,-9.0,71.0,-7.0,-56.0,51.0,55.0,74.0,-62.57,-17.98,29.89,-24.86,-34.14,-27.56,92.57,21.97,-46.13,30.4,47.97,60.31
2025-08-04T17:51:23.640172,-49.0,-19.0,-11.0,-5.0,-15.0,11.0,-5.0,24.0,-75.0,41.0,4.0,-13.0,-13.57,-37.980000000000004,-2.1099999999999994,-21.86,-20.14,-7.559999999999999,16.57,52.97,-65.13,20.4,-3.0300000000000002,-26.689999999999998
2025-08-04T17:51:23.648188,-53.0,-16.0,50.0,27.0,13.0,12.0,42.0,-98.0,-76.0,148.0,54.0,-22.0,-17.57,-34.980000000000004,58.89,10.14,7.86,-6.559999999999999,63.57,-69.03,-66.13,127.4,46.97,-35.69
2025-08-04T17:51:23.652453,12.0,30.0,-10.0,58.0,2.0,11.0,-3.0,-14.0,-73.0,66.0,129.0,-47.0,47.43,11.02,-1.1099999999999994,41.14,-3.1399999999999997,-7.559999999999999,18.57,14.969999999999999,-63.13,45.4,121.97,-60.69
2025-08-04T17:51:23.660599,-55.0,42.0,-38.0,12.0,64.0,-99.0,14.0,12.0,-104.0,63.0,110.0,-1.0,-19.57,23.02,-29.11,-4.859999999999999,58.86,-117.56,35.57,40.97,-94.13,42.4,102.97,-14.69
2025-08-04T17:51:23.665478,91.0,76.0,-72.0,67.0,44.0,0.0,45.0,38.0,-73.0,60.0,57.0,-83.0,126.43,57.019999999999996,-63.11,50.14,38.86,-18.56,66.57,66.97,-63.13,39.4,49.97,-96.69
2025-08-04T17:51:23.672901,32.0,62.0,-21.0,15.0,-54.0,63.0,2.0,-90.0,-110.0,109.0,66.0,-26.0,67.43,43.019999999999996,-12.11,-1.8599999999999994,-59.14,44.44,23.57,-61.03,-100.13,88.4,58.97,-39.69
2025-08-04T17:51:23.677214,13.0,-24.0,-22.0,75.0,-51.0,24.0,28.0,-7.0,-61.0,65.0,113.0,82.0,48.43,-42.980000000000004,-13.11,58.14,-56.14,5.440000000000001,49.57,21.97,-51.13,44.4,105.97,68.31
2025-08-04T17:51:23.685093,-7.0,-32.0,25.0,12.0,-24.0,-23.0,97.0,43.0,-76.0,80.0,83.0,-30.0,28.43,-50.980000000000004,33.89,-4.859999999999999,-29.14,-41.56,118.57,71.97,-66.13,59.4,75.97,-43.69
2025-08-04T17:51:23.689417,-61.0,-9.0,30.0,-33.0,36.0,34.0,137.0,-32.0,-113.0,97.0,128.0,-65.0,-25.57,-27.98,38.89,-49.86,30.86,15.440000000000001,158.57,-3.030000000000001,-103.13,76.4,120.97,-78.69
2025-08-04T17:51:23.697295,-54.0,78.0,-12.0,43.0,82.0,9.0,47.0,-82.0,-103.0,23.0,61.0,-34.0,-18.57,59.019999999999996,-3.1099999999999994,26.14,76.86,-9.559999999999999,68.57,-53.03,-93.13,2.3999999999999986,53.97,-47.69
2025-08-04T17:51:23.701755,-13.0,43.0,-40.0,19.0,104.0,-24.0,54.0,-55.0,-93.0,91.0,125.0,-50.0,22.43,24.02,-31.11,2.1400000000000006,98.86,-42.56,75.57,-26.03,-83.13,70.4,117.97,-63.69
2025-08-04T17:51:23.709604,13.0,86.0,8.0,6.0,20.0,-48.0,26.0,-42.0,-123.0,101.0,83.0,20.0,48.43,67.02,16.89,-10.86,14.86,-66.56,47.57,-13.030000000000001,-113.13,80.4,75.97,6.3100000000000005
2025-08-04T17:51:23.714118,46.0,-10.0,-2.0,8.0,36.0,-24.0,16.0,-96.0,-31.0,138.0,109.0,-20.0,81.43,-28.98,6.890000000000001,-8.86,30.86,-42.56,37.57,-67.03,-21.130000000000003,117.4,101.97,-33.69
2025-08-04T17:51:23.721906,-3.0,47.0,5.0,24.0,-27.0,34.0,49.0,-13.0,-5.0,103.0,114.0,-39.0,32.43,28.02,13.89,7.140000000000001,-32.14,15.440000000000001,70.57,15.969999999999999,4.869999999999999,82.4,106.97,-52.69
2025-08-04T17:51:23.726245,-49.0,-36.0,-28.0,-52.0,13.0,22.0,78.0,-34.0,-36.0,62.0,115.0,5.0,-13.57,-54.980000000000004,-19.11,-68.86,7.86,3.4400000000000013,99.57,-5.030000000000001,-26.130000000000003,41.4,107.97,-8.69
2025-08-04T17:51:23.734315,-30.0,91.0,22.0,49.0,-6.0,-25.0,85.0,7.0,-55.0,49.0,107.0,-4.0,5.43,72.02,30.89,32.14,-11.14,-43.56,106.57,35.97,-45.13,28.4,99.97,-17.689999999999998
2025-08-04T17:51:23.738469,-37.0,124.0,-65.0,75.0,111.0,-15.0,43.0,40.0,-106.0,134.0,110.0,13.0,-1.5700000000000003,105.02,-56.11,58.14,105.86,-33.56,64.57,68.97,-96.13,113.4,102.97,-0.6899999999999995
2025-08-04T17:51:23.746580,3.0,25.0,-53.0,59.0,4.0,45.0,26.0,7.0,-50.0,87.0,30.0,-32.0,38.43,6.02,-44.11,42.14,-1.1399999999999997,26.44,47.57,35.97,-40.13,66.4,22.97,-45.69
2025-08-04T17:51:23.750847,21.0,-10.0,-103.0,-17.0,-13.0,51.0,92.0,-51.0,-117.0,83.0,-1.0,1.0,56.43,-28.98,-94.11,-33.86,-18.14,32.44,113.57,-22.03,-107.13,62.4,-8.030000000000001,-12.69
2025-08-04T17:51:23.758959,19.0,-1.0,-22.0,4.0,42.0,-80.0,43.0,-22.0,-152.0,86.0,-27.0,-73.0,54.43,-19.98,-13.11,-12.86,36.86,-98.56,64.57,6.969999999999999,-142.13,65.4,-34.03,-86.69
2025-08-04T17:51:23.763115,-5.0,42.0,-9.0,62.0,82.0,-77.0,28.0,-42.0,-62.0,74.0,41.0,-24.0,30.43,23.02,-0.10999999999999943,45.14,76.86,-95.56,49.57,-13.030000000000001,-52.13,53.4,33.97,-37.69
2025-08-04T17:51:23.771214,-14.0,37.0,-19.0,103.0,-12.0,9.0,14.0,-23.0,-186.0,108.0,-17.0,-76.0,21.43,18.02,-10.11,86.14,-17.14,-9.559999999999999,35.57,5.969999999999999,-176.13,87.4,-24.03,-89.69
2025-08-04T17:51:23.775306,-24.0,0.0,48.0,88.0,38.0,8.0,19.0,5.0,-73.0,103.0,-2.0,-12.0,11.43,-18.98,56.89,71.14,32.86,-10.559999999999999,40.57,33.97,-63.13,82.4,-9.030000000000001,-25.689999999999998
2025-08-04T17:51:23.783474,-83.0,91.0,44.0,55.0,15.0,-64.0,49.0,-17.0,-75.0,49.0,101.0,-33.0,-47.57,72.02,52.89,38.14,9.86,-82.56,70.57,11.969999999999999,-65.13,28.4,93.97,-46.69
2025-08-04T17:51:23.787740,-53.0,40.0,-14.0,54.0,26.0,55.0,52.0,-87.0,-82.0,119.0,44.0,-24.0,-17.57,21.02,-5.109999999999999,37.14,20.86,36.44,73.57,-58.03,-72.13,98.4,36.97,-37.69
2025-08-04T17:51:23.795696,8.0,-2.0,-59.0,6.0,-20.0,-38.0,90.0,-54.0,-30.0,81.0,68.0,-73.0,43.43,-20.98,-50.11,-10.86,-25.14,-56.56,111.57,-25.03,-20.130000000000003,60.4,60.97,-86.69
2025-08-04T17:51:23.800076,54.0,80.0,-57.0,35.0,-8.0,17.0,-20.0,-47.0,-75.0,33.0,71.0,-67.0,89.43,61.019999999999996,-48.11,18.14,-13.14,-1.5599999999999987,1.5700000000000003,-18.03,-65.13,12.399999999999999,63.97,-80.69
2025-08-04T17:51:23.808034,83.0,28.0,-16.0,10.0,33.0,-7.0,87.0,-11.0,-57.0,17.0,44.0,-13.0,118.43,9.02,-7.109999999999999,-6.859999999999999,27.86,-25.56,108.57,17.97,-47.13,-3.6000000000000014,36.97,-26.689999999999998
2025-08-04T17:51:23.812395,66.0,32.0,-32.0,-21.0,38.0,31.0,56.0,-26.0,-132.0,83.0,81.0,17.0,101.43,13.02,-23.11,-37.86,32.86,12.440000000000001,77.57,2.969999999999999,-122.13,62.4,73.97,3.3100000000000005
2025-08-04T17:51:23.820184,-43.0,5.0,22.0,53.0,8.0,-26.0,60.0,-35.0,-107.0,19.0,131.0,-76.0,-7.57,-13.98,30.89,36.14,2.8600000000000003,-44.56,81.57,-6.030000000000001,-97.13,-1.6000000000000014,123.97,-89.69
2025-08-04T17:51:23.824582,-27.0,70.0,32.0,38.0,-27.0,-30.0,82.0,-49.0,-72.0,41.0,101.0,-16.0,8.43,51.019999999999996,40.89,21.14,-32.14,-48.56,103.57,-20.03,-62.13,20.4,93.97,-29.689999999999998
2025-08-04T17:51:23.832648,-77.0,26.0,-66.0,64.0,-8.0,-47.0,30.0,-54.0,-18.0,-16.0,62.0,-22.0,-41.57,7.02,-57.11,47.14,-13.14,-65.56,51.57,-25.03,-8.13,-36.6,54.97,-35.69
2025-08-04T17:51:23.836758,81.0,79.0,-42.0,-5.0,40.0,33.0,11.0,-27.0,-66.0,80.0,63.0,-20.0,116.43,60.019999999999996,-33.11,-21.86,34.86,14.440000000000001,32.57,1.9699999999999989,-56.13,59.4,55.97,-33.69
2025-08-04T17:51:23.844814,6.0,-10.0,-35.0,49.0,77.0,1.0,34.0,-53.0,-83.0,61.0,89.0,-54.0,41.43,-28.98,-26.11,32.14,71.86,-17.56,55.57,-24.03,-73.13,40.4,81.97,-67.69
2025-08-04T17:51:23.849137,-9.0,10.0,-42.0,44.0,18.0,-27.0,59.0,-41.0,-58.0,-20.0,97.0,-12.0,26.43,-8.98,-33.11,27.14,12.86,-45.56,80.57,-12.030000000000001,-48.13,-40.6,89.97,-25.689999999999998
2025-08-04T17:51:23.857020,63.0,29.0,61.0,33.0,48.0,-31.0,25.0,10.0,-80.0,-23.0,75.0,-83.0,98.43,10.02,69.89,16.14,42.86,-49.56,46.57,38.97,-70.13,-43.6,67.97,-96.69
2025-08-04T17:51:23.861207,46.0,-38.0,16.0,6.0,9.0,-38.0,104.0,2.0,-17.0,111.0,114.0,-7.0,81.43,-56.980000000000004,24.89,-10.86,3.8600000000000003,-56.56,125.57,30.97,-7.130000000000001,90.4,106.97,-20.689999999999998
2025-08-04T17:51:23.869371,-26.0,143.0,17.0,-52.0,-7.0,-29.0,-1.0,-55.0,-70.0,78.0,113.0,-48.0,9.43,124.02,25.89,-68.86,-12.14,-47.56,20.57,-26.03,-60.13,57.4,105.97,-61.69
2025-08-04T17:51:23.873766,-17.0,102.0,-45.0,49.0,5.0,-33.0,17.0,21.0,-115.0,-5.0,109.0,-43.0,18.43,83.02,-36.11,32.14,-0.13999999999999968,-51.56,38.57,49.97,-105.13,-25.6,101.97,-56.69
2025-08-04T17:51:23.881719,0.0,81.0,-94.0,57.0,-2.0,34.0,53.0,-13.0,-111.0,4.0,112.0,18.0,35.43,62.019999999999996,-85.11,40.14,-7.14,15.440000000000001,74.57,15.969999999999999,-101.13,-16.6,104.97,4.3100000000000005
2025-08-04T17:51:23.885881,15.0,95.0,-17.0,25.0,67.0,-21.0,78.0,-69.0,-86.0,49.0,85.0,17.0,50.43,76.02,-8.11,8.14,61.86,-39.56,99.57,-40.03,-76.13,28.4,77.97,3.3100000000000005
2025-08-04T17:51:23.893974,-2.0,-33.0,-67.0,106.0,26.0,-18.0,40.0,-91.0,-83.0,38.0,48.0,-66.0,33.43,-51.980000000000004,-58.11,89.14,20.86,-36.56,61.57,-62.03,-73.13,17.4,40.97,-79.69
2025-08-04T17:51:23.898307,21.0,32.0,35.0,-9.0,-66.0,-28.0,-3.0,14.0,-116.0,48.0,61.0,9.0,56.43,13.02,43.89,-25.86,-71.14,-46.56,18.57,42.97,-106.13,27.4,53.97,-4.6899999999999995
2025-08-04T17:51:23.902161,-55.0,6.0,37.0,37.0,49.0,-30.0,90.0,40.0,-122.0,28.0,57.0,-47.0,-19.57,-12.98,45.89,20.14,43.86,-48.56,111.57,68.97,-112.13,7.399999999999999,49.97,-60.69
2025-08-04T17:51:23.910335,16.0,-46.0,56.0,67.0,-3.0,50.0,113.0,2.0,-101.0,60.0,139.0,0.0,51.43,-64.98,64.89,50.14,-8.14,31.44,134.57,30.97,-91.13,39.4,131.97,-13.69
2025-08-04T17:51:23.914447,-21.0,17.0,35.0,75.0,58.0,-6.0,23.0,-22.0,-44.0,63.0,47.0,-86.0,14.43,-1.9800000000000004,43.89,58.14,52.86,-24.56,44.57,6.969999999999999,-34.13,42.4,39.97,-99.69
2025-08-04T17:51:23.923022,-43.0,26.0,-49.0,-10.0,44.0,-43.0,76.0,-38.0,-90.0,73.0,41.0,-3.0,-7.57,7.02,-40.11,-26.86,38.86,-61.56,97.57,-9.030000000000001,-80.13,52.4,33.97,-16.689999999999998
2025-08-04T17:51:23.926980,42.0,60.0,-59.0,3.0,-23.0,20.0,32.0,32.0,-50.0,19.0,121.0,-90.0,77.43,41.019999999999996,-50.11,-13.86,-28.14,1.4400000000000013,53.57,60.97,-40.13,-1.6000000000000014,113.97,-103.69
2025-08-04T17:51:23.935473,33.0,30.0,-43.0,18.0,-3.0,-25.0,82.0,58.0,-72.0,26.0,137.0,-59.0,68.43,11.02,-34.11,1.1400000000000006,-8.14,-43.56,103.57,86.97,-62.13,5.399999999999999,129.97,-72.69
2025-08-04T17:51:23.939072,31.0,98.0,16.0,-51.0,-84.0,25.0,47.0,-13.0,-80.0,70.0,88.0,-51.0,66.43,79.02,24.89,-67.86,-89.14,6.440000000000001,68.57,15.969999999999999,-70.13,49.4,80.97,-64.69
2025-08-04T17:51:23.947367,11.0,0.0,13.0,3.0,22.0,16.0,25.0,38.0,-123.0,-11.0,59.0,-102.0,46.43,-18.98,21.89,-13.86,16.86,-2.5599999999999987,46.57,66.97,-113.13,-31.6,51.97,-115.69
2025-08-04T17:51:23.951353,-69.0,31.0,-19.0,71.0,90.0,77.0,-2.0,2.0,-67.0,-41.0,34.0,-56.0,-33.57,12.02,-10.11,54.14,84.86,58.44,19.57,30.97,-57.13,-61.6,26.97,-69.69
2025-08-04T17:51:23.959614,15.0,81.0,-19.0,-41.0,32.0,41.0,-1.0,-50.0,-85.0,28.0,72.0,-71.0,50.43,62.019999999999996,-10.11,-57.86,26.86,22.44,20.57,-21.03,-75.13,7.399999999999999,64.97,-84.69
2025-08-04T17:51:23.963616,-112.0,46.0,-62.0,47.0,39.0,-9.0,-22.0,55.0,-55.0,6.0,81.0,-55.0,-76.57,27.02,-53.11,30.14,33.86,-27.56,-0.4299999999999997,83.97,-45.13,-14.600000000000001,73.97,-68.69
2025-08-04T17:51:23.971873,41.0,87.0,-47.0,69.0,-19.0,-58.0,-38.0,16.0,-6.0,-5.0,52.0,-74.0,76.43,68.02,-38.11,52.14,-24.14,-76.56,-16.43,44.97,3.869999999999999,-25.6,44.97,-87.69
2025-08-04T17:51:23.975960,-26.0,118.0,-38.0,98.0,-50.0,38.0,58.0,-26.0,-29.0,-4.0,121.0,-42.0,9.43,99.02,-29.11,81.14,-55.14,19.44,79.57,2.969999999999999,-19.130000000000003,-24.6,113.97,-55.69
2025-08-04T17:51:23.984090,79.0,-44.0,-37.0,24.0,19.0,8.0,0.0,-10.0,-70.0,-61.0,62.0,6.0,114.43,-62.980000000000004,-28.11,7.140000000000001,13.86,-10.559999999999999,21.57,18.97,-60.13,-81.6,54.97,-7.6899999999999995
2025-08-04T17:51:23.988539,50.0,-4.0,-84.0,-10.0,-26.0,82.0,-38.0,-30.0,-74.0,-35.0,59.0,-26.0,85.43,-22.98,-75.11,-26.86,-31.14,63.44,-16.43,-1.0300000000000011,-64.13,-55.6,51.97,-39.69
2025-08-04T17:51:23.996393,28.0,32.0,-13.0,-7.0,66.0,37.0,6.0,-54.0,-64.0,21.0,79.0,-42.0,63.43,13.02,-4.109999999999999,-23.86,60.86,18.44,27.57,-25.03,-54.13,0.3999999999999986,71.97,-55.69
2025-08-04T17:51:24.000785,15.0,-13.0,-5.0,15.0,21.0,-27.0,9.0,-119.0,-124.0,23.0,32.0,-78.0,50.43,-31.98,3.8900000000000006,-1.8599999999999994,15.86,-45.56,30.57,-90.03,-114.13,2.3999999999999986,24.97,-91.69
2025-08-04T17:51:24.008740,-64.0,7.0,13.0,22.0,-8.0,-53.0,-43.0,-67.0,-96.0,-45.0,48.0,-34.0,-28.57,-11.98,21.89,5.140000000000001,-13.14,-71.56,-21.43,-38.03,-86.13,-65.6,40.97,-47.69
2025-08-04T17:51:24.013046,-68.0,-35.0,-6.0,45.0,3.0,11.0,-26.0,-88.0,-44.0,-54.0,51.0,-17.0,-32.57,-53.980000000000004,2.8900000000000006,28.14,-2.1399999999999997,-7.559999999999999,-4.43,-59.03,-34.13,-74.6,43.97,-30.689999999999998
2025-08-04T17:51:24.021013,-12.0,74.0,-7.0,73.0,-66.0,-46.0,-24.0,-42.0,-94.0,14.0,97.0,-60.0,23.43,55.019999999999996,1.8900000000000006,56.14,-71.14,-64.56,-2.4299999999999997,-13.030000000000001,-84.13,-6.600000000000001,89.97,-73.69
2025-08-04T17:51:24.025403,-23.0,1.0,-12.0,14.0,-63.0,-4.0,13.0,-8.0,-69.0,-15.0,31.0,-17.0,12.43,-17.98,-3.1099999999999994,-2.8599999999999994,-68.14,-22.56,34.57,20.97,-59.13,-35.6,23.97,-30.689999999999998
2025-08-04T17:51:24.033295,-60.0,59.0,-85.0,10.0,-27.0,-28.0,23.0,-62.0,-69.0,-17.0,69.0,-82.0,-24.57,40.019999999999996,-76.11,-6.859999999999999,-32.14,-46.56,44.57,-33.03,-59.13,-37.6,61.97,-95.69
2025-08-04T17:51:24.037416,18.0,3.0,-23.0,-55.0,28.0,23.0,-14.0,-24.0,-70.0,-38.0,26.0,-25.0,53.43,-15.98,-14.11,-71.86,22.86,4.440000000000001,7.57,4.969999999999999,-60.13,-58.6,18.97,-38.69
2025-08-04T17:51:24.045491,52.0,-5.0,-30.0,-8.0,63.0,14.0,58.0,-55.0,-10.0,-23.0,38.0,-14.0,87.43,-23.98,-21.11,-24.86,57.86,-4.559999999999999,79.57,-26.03,-0.13000000000000078,-43.6,30.97,-27.689999999999998
2025-08-04T17:51:24.049893,-23.0,11.0,66.0,30.0,9.0,-31.0,23.0,-148.0,-73.0,10.0,10.0,8.0,12.43,-7.98,74.89,13.14,3.8600000000000003,-49.56,44.57,-119.03,-63.13,-10.600000000000001,2.9699999999999998,-5.6899999999999995
2025-08-04T17:51:24.058037,-68.0,-48.0,-27.0,-14.0,-15.0,-20.0,67.0,-86.0,-24.0,15.0,42.0,-51.0,-32.57,-66.98,-18.11,-30.86,-20.14,-38.56,88.57,-57.03,-14.13,-5.600000000000001,34.97,-64.69
2025-08-04T17:51:24.062042,-65.0,64.0,23.0,84.0,-21.0,-24.0,86.0,-35.0,-32.0,-35.0,2.0,-50.0,-29.57,45.019999999999996,31.89,67.14,-26.14,-42.56,107.57,-6.030000000000001,-22.130000000000003,-55.6,-5.03,-63.69
2025-08-04T17:51:24.070101,-40.0,94.0,-78.0,-28.0,-43.0,5.0,34.0,-75.0,-21.0,-13.0,79.0,-31.0,-4.57,75.02,-69.11,-44.86,-48.14,-13.559999999999999,55.57,-46.03,-11.13,-33.6,71.97,-44.69
2025-08-04T17:51:24.074393,68.0,5.0,-39.0,42.0,60.0,13.0,8.0,-29.0,46.0,37.0,53.0,-61.0,103.43,-13.98,-30.11,25.14,54.86,-5.559999999999999,29.57,-0.030000000000001137,55.87,16.4,45.97,-74.69
2025-08-04T17:51:24.082309,-3.0,30.0,-14.0,-8.0,28.0,-12.0,10.0,14.0,-58.0,-20.0,16.0,-53.0,32.43,11.02,-5.109999999999999,-24.86,22.86,-30.56,31.57,42.97,-48.13,-40.6,8.969999999999999,-66.69
2025-08-04T17:51:24.086591,-6.0,-2.0,-24.0,-75.0,64.0,-77.0,18.0,-12.0,-84.0,38.0,31.0,-3.0,29.43,-20.98,-15.11,-91.86,58.86,-95.56,39.57,16.97,-74.13,17.4,23.97,-16.689999999999998
2025-08-04T17:51:24.094528,-37.0,78.0,20.0,8.0,44.0,34.0,-10.0,-32.0,-31.0,-11.0,11.0,-58.0,-1.5700000000000003,59.019999999999996,28.89,-8.86,38.86,15.440000000000001,11.57,-3.030000000000001,-21.130000000000003,-31.6,3.9699999999999998,-71.69
2025-08-04T17:51:24.098814,16.0,40.0,-7.0,30.0,-17.0,-57.0,-8.0,-60.0,17.0,-22.0,57.0,-41.0,51.43,21.02,1.8900000000000006,13.14,-22.14,-75.56,13.57,-31.03,26.869999999999997,-42.6,49.97,-54.69
2025-08-04T17:51:24.106958,-28.0,-3.0,25.0,73.0,-42.0,-39.0,-31.0,-3.0,-57.0,49.0,65.0,-35.0,7.43,-21.98,33.89,56.14,-47.14,-57.56,-9.43,25.97,-47.13,28.4,57.97,-48.69
2025-08-04T17:51:24.111243,-125.0,9.0,-20.0,-1.0,-45.0,-21.0,45.0,-29.0,-36.0,-35.0,44.0,-63.0,-89.57,-9.98,-11.11,-17.86,-50.14,-39.56,66.57,-0.030000000000001137,-26.130000000000003,-55.6,36.97,-76.69
2025-08-04T17:51:24.119127,-32.0,-29.0,-30.0,-44.0,-38.0,-23.0,-15.0,-66.0,1.0,1.0,70.0,17.0,3.4299999999999997,-47.980000000000004,-21.11,-60.86,-43.14,-41.56,6.57,-37.03,10.87,-19.6,62.97,3.3100000000000005
2025-08-04T17:51:24.123399,52.0,41.0,-26.0,-40.0,52.0,-9.0,-65.0,-98.0,-90.0,21.0,46.0,-9.0,87.43,22.02,-17.11,-56.86,46.86,-27.56,-43.43,-69.03,-80.13,0.3999999999999986,38.97,-22.689999999999998
2025-08-04T17:51:24.131407,-30.0,68.0,-59.0,-15.0,34.0,6.0,45.0,-10.0,-57.0,-17.0,-8.0,-10.0,5.43,49.019999999999996,-50.11,-31.86,28.86,-12.559999999999999,66.57,18.97,-47.13,-37.6,-15.030000000000001,-23.689999999999998
2025-08-04T17:51:24.135797,-3.0,28.0,-8.0,51.0,27.0,12.0,-33.0,-61.0,-82.0,-57.0,108.0,2.0,32.43,9.02,0.8900000000000006,34.14,21.86,-6.559999999999999,-11.43,-32.03,-72.13,-77.6,100.97,-11.69
2025-08-04T17:51:24.143897,50.0,10.0,-28.0,-2.0,-19.0,-20.0,-14.0,-29.0,-41.0,-60.0,2.0,-51.0,85.43,-8.98,-19.11,-18.86,-24.14,-38.56,7.57,-0.030000000000001137,-31.130000000000003,-80.6,-5.03,-64.69
2025-08-04T17:51:24.147997,47.0,91.0,76.0,8.0,-16.0,56.0,80.0,-52.0,-48.0,21.0,-27.0,-65.0,82.43,72.02,84.89,-8.86,-21.14,37.44,101.57,-23.03,-38.13,0.3999999999999986,-34.03,-78.69
2025-08-04T17:51:24.155975,-9.0,-17.0,23.0,27.0,-46.0,49.0,-12.0,-59.0,-84.0,-23.0,31.0,-29.0,26.43,-35.980000000000004,31.89,10.14,-51.14,30.44,9.57,-30.03,-74.13,-43.6,23.97,-42.69
2025-08-04T17:51:24.160314,-20.0,29.0,-7.0,-35.0,40.0,6.0,28.0,-37.0,-67.0,-14.0,8.0,0.0,15.43,10.02,1.8900000000000006,-51.86,34.86,-12.559999999999999,49.57,-8.030000000000001,-57.13,-34.6,0.9699999999999998,-13.69
2025-08-04T17:51:24.164812,-42.0,66.0,38.0,49.0,21.0,4.0,28.0,-45.0,-35.0,-43.0,24.0,46.0,-6.57,47.019999999999996,46.89,32.14,15.86,-14.559999999999999,49.57,-16.03,-25.130000000000003,-63.6,16.97,32.31
2025-08-04T17:51:24.172593,-48.0,49.0,-15.0,-39.0,26.0,31.0,18.0,-42.0,0.0,2.0,45.0,29.0,-12.57,30.02,-6.109999999999999,-55.86,20.86,12.440000000000001,39.57,-13.030000000000001,9.87,-18.6,37.97,15.31
2025-08-04T17:51:24.177036,57.0,74.0,-57.0,-9.0,-24.0,-71.0,-40.0,-37.0,0.0,31.0,-14.0,41.0,92.43,55.019999999999996,-48.11,-25.86,-29.14,-89.56,-18.43,-8.030000000000001,9.87,10.399999999999999,-21.03,27.310000000000002
2025-08-04T17:51:24.184713,-3.0,131.0,-56.0,-11.0,63.0,-44.0,0.0,-8.0,-32.0,-37.0,2.0,35.0,32.43,112.02,-47.11,-27.86,57.86,-62.56,21.57,20.97,-22.130000000000003,-57.6,-5.03,21.310000000000002
2025-08-04T17:51:24.189466,-16.0,-58.0,-50.0,33.0,21.0,-12.0,40.0,-37.0,-29.0,-60.0,57.0,-9.0,19.43,-76.98,-41.11,16.14,15.86,-30.56,61.57,-8.030000000000001,-19.130000000000003,-80.6,49.97,-22.689999999999998
2025-08-04T17:51:24.197047,-8.0,1.0,42.0,19.0,-35.0,10.0,-42.0,-35.0,-8.0,7.0,50.0,26.0,27.43,-17.98,50.89,2.1400000000000006,-40.14,-8.559999999999999,-20.43,-6.030000000000001,1.8699999999999992,-13.600000000000001,42.97,12.31
2025-08-04T17:51:24.201617,53.0,-32.0,39.0,42.0,-25.0,17.0,-17.0,-17.0,-49.0,-1.0,-56.0,45.0,88.43,-50.980000000000004,47.89,25.14,-30.14,-1.5599999999999987,4.57,11.969999999999999,-39.13,-21.6,-63.03,31.310000000000002
2025-08-04T17:51:24.209386,-44.0,-66.0,25.0,-84.0,-23.0,-6.0,-19.0,-15.0,-13.0,37.0,61.0,48.0,-8.57,-84.98,33.89,-100.86,-28.14,-24.56,2.5700000000000003,13.969999999999999,-3.130000000000001,16.4,53.97,34.31
2025-08-04T17:51:24.214145,-4.0,57.0,31.0,17.0,29.0,-51.0,-14.0,-89.0,9.0,105.0,-54.0,67.0,31.43,38.019999999999996,39.89,0.14000000000000057,23.86,-69.56,7.57,-60.03,18.869999999999997,84.4,-61.03,53.31
2025-08-04T17:51:24.221658,-9.0,33.0,-1.0,74.0,-71.0,-15.0,8.0,28.0,-10.0,-10.0,-24.0,51.0,26.43,14.02,7.890000000000001,57.14,-76.14,-33.56,29.57,56.97,-0.13000000000000078,-30.6,-31.03,37.31
2025-08-04T17:51:24.226260,-21.0,98.0,2.0,28.0,-34.0,-33.0,-55.0,-43.0,-9.0,-51.0,-32.0,92.0,14.43,79.02,10.89,11.14,-39.14,-51.56,-33.43,-14.030000000000001,0.8699999999999992,-71.6,-39.03,78.31
2025-08-04T17:51:24.234043,25.0,53.0,-45.0,8.0,-42.0,68.0,-104.0,-1.0,-67.0,-1.0,-31.0,11.0,60.43,34.019999999999996,-36.11,-8.86,-47.14,49.44,-82.43,27.97,-57.13,-21.6,-38.03,-2.6899999999999995
2025-08-04T17:51:24.238354,18.0,55.0,-66.0,0.0,-15.0,6.0,-40.0,-53.0,-52.0,-14.0,-38.0,29.0,53.43,36.019999999999996,-57.11,-16.86,-20.14,-12.559999999999999,-18.43,-24.03,-42.13,-34.6,-45.03,15.31
2025-08-04T17:51:24.246098,86.0,-7.0,-59.0,26.0,3.0,50.0,-32.0,32.0,0.0,2.0,-47.0,81.0,121.43,-25.98,-50.11,9.14,-2.1399999999999997,31.44,-10.43,60.97,9.87,-18.6,-54.03,67.31
2025-08-04T17:51:24.250889,-50.0,38.0,-52.0,35.0,10.0,33.0,-27.0,-19.0,9.0,16.0,-57.0,36.0,-14.57,19.02,-43.11,18.14,4.86,14.440000000000001,-5.43,9.969999999999999,18.869999999999997,-4.600000000000001,-64.03,22.310000000000002
2025-08-04T17:51:24.258586,47.0,-18.0,-65.0,44.0,12.0,41.0,-6.0,38.0,2.0,-44.0,-17.0,29.0,82.43,-36.980000000000004,-56.11,27.14,6.86,22.44,15.57,66.97,11.87,-64.6,-24.03,15.31
2025-08-04T17:51:24.262936,87.0,-86.0,-36.0,-13.0,39.0,26.0,49.0,-3.0,-63.0,84.0,-18.0,39.0,122.43,-104.98,-27.11,-29.86,33.86,7.440000000000001,70.57,25.97,-53.13,63.4,-25.03,25.310000000000002
2025-08-04T17:51:24.270785,28.0,15.0,8.0,12.0,-63.0,6.0,-71.0,-62.0,-30.0,96.0,-64.0,49.0,63.43,-3.9800000000000004,16.89,-4.859999999999999,-68.14,-12.559999999999999,-49.43,-33.03,-20.130000000000003,75.4,-71.03,35.31
2025-08-04T17:51:24.275140,-85.0,30.0,40.0,56.0,5.0,25.0,1.0,-6.0,-6.0,20.0,-54.0,63.0,-49.57,11.02,48.89,39.14,-0.13999999999999968,6.440000000000001,22.57,22.97,3.869999999999999,-0.6000000000000014,-61.03,49.31
2025-08-04T17:51:24.283276,-66.0,-63.0,25.0,92.0,7.0,80.0,-12.0,-77.0,-29.0,23.0,52.0,-27.0,-30.57,-81.98,33.89,75.14,1.8600000000000003,61.44,9.57,-48.03,-19.130000000000003,2.3999999999999986,44.97,-40.69
2025-08-04T17:51:24.287421,31.0,-67.0,111.0,30.0,-33.0,-31.0,-21.0,-22.0,-55.0,53.0,27.0,-65.0,66.43,-85.98,119.89,13.14,-38.14,-49.56,0.5700000000000003,6.969999999999999,-45.13,32.4,19.97,-78.69
2025-08-04T17:51:24.295387,-40.0,65.0,80.0,-54.0,-21.0,33.0,-53.0,-53.0,-26.0,16.0,-10.0,13.0,-4.57,46.019999999999996,88.89,-70.86,-26.14,14.440000000000001,-31.43,-24.03,-16.130000000000003,-4.600000000000001,-17.03,-0.6899999999999995
2025-08-04T17:51:24.299573,-54.0,30.0,-41.0,13.0,50.0,-42.0,8.0,-54.0,-59.0,50.0,-77.0,-56.0,-18.57,11.02,-32.11,-3.8599999999999994,44.86,-60.56,29.57,-25.03,-49.13,29.4,-84.03,-69.69
2025-08-04T17:51:24.307761,16.0,66.0,-87.0,108.0,-3.0,-73.0,-14.0,-13.0,-40.0,100.0,-69.0,3.0,51.43,47.019999999999996,-78.11,91.14,-8.14,-91.56,7.57,15.969999999999999,-30.130000000000003,79.4,-76.03,-10.69
2025-08-04T17:51:24.311909,63.0,-21.0,-10.0,42.0,-95.0,-10.0,-5.0,-45.0,-50.0,57.0,-18.0,4.0,98.43,-39.980000000000004,-1.1099999999999994,25.14,-100.14,-28.56,16.57,-16.03,-40.13,36.4,-25.03,-9.69
2025-08-04T17:51:24.316183,0.0,-7.0,61.0,8.0,-54.0,18.0,47.0,12.0,-78.0,83.0,37.0,-31.0,35.43,-25.98,69.89,-8.86,-59.14,-0.5599999999999987,68.57,40.97,-68.13,62.4,29.97,-44.69
2025-08-04T17:51:24.324055,5.0,13.0,43.0,18.0,20.0,-2.0,72.0,-56.0,-20.0,45.0,25.0,-35.0,40.43,-5.98,51.89,1.1400000000000006,14.86,-20.56,93.57,-27.03,-10.13,24.4,17.97,-48.69
2025-08-04T17:51:24.328154,21.0,7.0,6.0,38.0,-45.0,-51.0,17.0,-83.0,-64.0,57.0,23.0,-13.0,56.43,-11.98,14.89,21.14,-50.14,-69.56,38.57,-54.03,-54.13,36.4,15.969999999999999,-26.689999999999998
2025-08-04T17:51:24.336462,-33.0,-25.0,-10.0,12.0,-1.0,106.0,27.0,-90.0,-36.0,-49.0,42.0,-71.0,2.4299999999999997,-43.980000000000004,-1.1099999999999994,-4.859999999999999,-6.14,87.44,48.57,-61.03,-26.130000000000003,-69.6,34.97,-84.69
2025-08-04T17:51:24.340439,-41.0,66.0,36.0,13.0,26.0,-31.0,12.0,-13.0,16.0,9.0,30.0,-56.0,-5.57,47.019999999999996,44.89,-3.8599999999999994,20.86,-49.56,33.57,15.969999999999999,25.869999999999997,-11.600000000000001,22.97,-69.69
2025-08-04T17:51:24.348733,-29.0,31.0,-33.0,11.0,8.0,48.0,-1.0,-59.0,-41.0,-92.0,38.0,-40.0,6.43,12.02,-24.11,-5.859999999999999,2.8600000000000003,29.44,20.57,-30.03,-31.130000000000003,-112.6,30.97,-53.69
2025-08-04T17:51:24.352715,-19.0,62.0,-49.0,40.0,21.0,-52.0,32.0,-29.0,11.0,-8.0,-1.0,-9.0,16.43,43.019999999999996,-40.11,23.14,15.86,-70.56,53.57,-0.030000000000001137,20.869999999999997,-28.6,-8.030000000000001,-22.689999999999998
2025-08-04T17:51:24.361030,29.0,7.0,-68.0,144.0,13.0,23.0,2.0,-6.0,-50.0,9.0,8.0,-3.0,64.43,-11.98,-59.11,127.14,7.86,4.440000000000001,23.57,22.97,-40.13,-11.600000000000001,0.9699999999999998,-16.689999999999998
2025-08-04T17:51:24.365105,13.0,87.0,-31.0,33.0,44.0,12.0,20.0,-23.0,-25.0,-27.0,50.0,24.0,48.43,68.02,-22.11,16.14,38.86,-6.559999999999999,41.57,5.969999999999999,-15.13,-47.6,42.97,10.31
2025-08-04T17:51:24.373292,16.0,13.0,-66.0,-87.0,37.0,47.0,-49.0,-48.0,-21.0,43.0,41.0,10.0,51.43,-5.98,-57.11,-103.86,31.86,28.44,-27.43,-19.03,-11.13,22.4,33.97,-3.6899999999999995
2025-08-04T17:51:24.377297,113.0,-48.0,-15.0,10.0,46.0,44.0,-4.0,22.0,-21.0,-62.0,35.0,-15.0,148.43,-66.98,-6.109999999999999,-6.859999999999999,40.86,25.44,17.57,50.97,-11.13,-82.6,27.97,-28.689999999999998
2025-08-04T17:51:24.385612,-4.0,46.0,48.0,-9.0,13.0,-41.0,44.0,-18.0,-6.0,-85.0,69.0,3.0,31.43,27.02,56.89,-25.86,7.86,-59.56,65.57,10.969999999999999,3.869999999999999,-105.6,61.97,-10.69
2025-08-04T17:51:24.389815,-42.0,-21.0,-22.0,35.0,2.0,-40.0,26.0,-19.0,16.0,-5.0,-31.0,65.0,-6.57,-39.980000000000004,-13.11,18.14,-3.1399999999999997,-58.56,47.57,9.969999999999999,25.869999999999997,-25.6,-38.03,51.31
2025-08-04T17:51:24.397744,-55.0,-32.0,23.0,83.0,-7.0,-5.0,-12.0,-76.0,-32.0,-11.0,-22.0,51.0,-19.57,-50.980000000000004,31.89,66.14,-12.14,-23.56,9.57,-47.03,-22.130000000000003,-31.6,-29.03,37.31
2025-08-04T17:51:24.402379,-26.0,67.0,20.0,-9.0,-37.0,-15.0,-35.0,13.0,-10.0,-31.0,-74.0,9.0,9.43,48.019999999999996,28.89,-25.86,-42.14,-33.56,-13.43,41.97,-0.13000000000000078,-51.6,-81.03,-4.6899999999999995
2025-08-04T17:51:24.410173,-19.0,117.0,-56.0,-80.0,-67.0,44.0,-34.0,-9.0,-18.0,-63.0,-58.0,25.0,16.43,98.02,-47.11,-96.86,-72.14,25.44,-12.43,19.97,-8.13,-83.6,-65.03,11.31
2025-08-04T17:51:24.414338,20.0,-44.0,-32.0,-73.0,-11.0,-5.0,1.0,-42.0,-35.0,40.0,-51.0,89.0,55.43,-62.980000000000004,-23.11,-89.86,-16.14,-23.56,22.57,-13.030000000000001,-25.130000000000003,19.4,-58.03,75.31
2025-08-04T17:51:24.422278,52.0,47.0,-5.0,-17.0,-11.0,-4.0,12.0,-60.0,-111.0,-59.0,3.0,41.0,87.43,28.02,3.8900000000000006,-33.86,-16.14,-22.56,33.57,-31.03,-101.13,-79.6,-4.03,27.310000000000002
2025-08-04T17:51:24.426710,10.0,35.0,-50.0,-28.0,45.0,-15.0,-55.0,-80.0,-60.0,12.0,-31.0,16.0,45.43,16.02,-41.11,-44.86,39.86,-33.56,-33.43,-51.03,-50.13,-8.600000000000001,-38.03,2.3100000000000005
2025-08-04T17:51:24.434802,14.0,56.0,-24.0,-13.0,78.0,-26.0,65.0,-54.0,-64.0,35.0,-20.0,41.0,49.43,37.019999999999996,-15.11,-29.86,72.86,-44.56,86.57,-25.03,-54.13,14.399999999999999,-27.03,27.310000000000002
2025-08-04T17:51:24.439014,57.0,29.0,93.0,54.0,-45.0,27.0,-86.0,7.0,-15.0,-40.0,-61.0,72.0,92.43,10.02,101.89,37.14,-50.14,8.440000000000001,-64.43,35.97,-5.130000000000001,-60.6,-68.03,58.31
2025-08-04T17:51:24.447029,30.0,-6.0,46.0,3.0,7.0,38.0,-26.0,-30.0,-25.0,-39.0,-69.0,87.0,65.43,-24.98,54.89,-13.86,1.8600000000000003,19.44,-4.43,-1.0300000000000011,-15.13,-59.6,-76.03,73.31
2025-08-04T17:51:24.451429,-2.0,-2.0,5.0,-40.0,-10.0,-36.0,73.0,-39.0,-63.0,5.0,-68.0,112.0,33.43,-20.98,13.89,-56.86,-15.14,-54.56,94.57,-10.030000000000001,-53.13,-15.600000000000001,-75.03,98.31
2025-08-04T17:51:24.459163,25.0,-28.0,76.0,30.0,-70.0,41.0,-4.0,-41.0,-59.0,62.0,-42.0,65.0,60.43,-46.980000000000004,84.89,13.14,-75.14,22.44,17.57,-12.030000000000001,-49.13,41.4,-49.03,51.31
2025-08-04T17:51:24.463723,-24.0,-116.0,-5.0,-9.0,39.0,-16.0,13.0,-46.0,-62.0,92.0,-63.0,3.0,11.43,-134.98,3.8900000000000006,-25.86,33.86,-34.56,34.57,-17.03,-52.13,71.4,-70.03,-10.69
2025-08-04T17:51:24.471482,-13.0,-11.0,-22.0,-19.0,37.0,-31.0,-45.0,-15.0,5.0,16.0,14.0,43.0,22.43,-29.98,-13.11,-35.86,31.86,-49.56,-23.43,13.969999999999999,14.87,-4.600000000000001,6.97,29.310000000000002
2025-08-04T17:51:24.475848,-29.0,40.0,54.0,-14.0,89.0,80.0,1.0,4.0,-63.0,-2.0,60.0,65.0,6.43,21.02,62.89,-30.86,83.86,61.44,22.57,32.97,-53.13,-22.6,52.97,51.31
2025-08-04T17:51:24.483714,-34.0,-29.0,49.0,66.0,61.0,-23.0,14.0,-54.0,-47.0,42.0,1.0,62.0,1.4299999999999997,-47.980000000000004,57.89,49.14,55.86,-41.56,35.57,-25.03,-37.13,21.4,-6.03,48.31
2025-08-04T17:51:24.487953,-101.0,71.0,9.0,-19.0,7.0,19.0,10.0,-68.0,-63.0,3.0,-34.0,84.0,-65.57,52.019999999999996,17.89,-35.86,1.8600000000000003,0.4400000000000013,31.57,-39.03,-53.13,-17.6,-41.03,70.31
2025-08-04T17:51:24.492215,9.0,50.0,17.0,41.0,12.0,64.0,43.0,-42.0,-34.0,1.0,28.0,13.0,44.43,31.02,25.89,24.14,6.86,45.44,64.57,-13.030000000000001,-24.130000000000003,-19.6,20.97,-0.6899999999999995
2025-08-04T17:51:24.500412,-51.0,31.0,25.0,35.0,-44.0,71.0,-10.0,-38.0,-44.0,65.0,-62.0,106.0,-15.57,12.02,33.89,18.14,-49.14,52.44,11.57,-9.030000000000001,-34.13,44.4,-69.03,92.31
2025-08-04T17:51:24.508429,-1.0,21.0,36.0,-24.0,96.0,-11.0,-44.0,-111.0,16.0,35.0,-43.0,62.0,34.43,2.0199999999999996,44.89,-40.86,90.86,-29.56,-22.43,-82.03,25.869999999999997,14.399999999999999,-50.03,48.31
2025-08-04T17:51:24.512531,-13.0,0.0,-63.0,-10.0,65.0,-2.0,78.0,-46.0,90.0,-39.0,29.0,79.0,22.43,-18.98,-54.11,-26.86,59.86,-20.56,99.57,-17.03,99.87,-59.6,21.97,65.31
2025-08-04T17:51:24.516521,18.0,59.0,17.0,30.0,7.0,31.0,-10.0,-59.0,-38.0,50.0,-20.0,61.0,53.43,40.019999999999996,25.89,13.14,1.8600000000000003,12.440000000000001,11.57,-30.03,-28.130000000000003,29.4,-27.03,47.31
2025-08-04T17:51:24.524749,-41.0,26.0,-57.0,81.0,9.0,-3.0,33.0,-79.0,5.0,16.0,46.0,57.0,-5.57,7.02,-48.11,64.14,3.8600000000000003,-21.56,54.57,-50.03,14.87,-4.600000000000001,38.97,43.31
2025-08-04T17:51:24.528844,58.0,24.0,-35.0,6.0,-11.0,-18.0,-46.0,-77.0,-51.0,73.0,-66.0,39.0,93.43,5.02,-26.11,-10.86,-16.14,-36.56,-24.43,-48.03,-41.13,52.4,-73.03,25.310000000000002
2025-08-04T17:51:24.537123,28.0,-35.0,51.0,1.0,-14.0,17.0,-11.0,-69.0,-5.0,-21.0,-43.0,21.0,63.43,-53.980000000000004,59.89,-15.86,-19.14,-1.5599999999999987,10.57,-40.03,4.869999999999999,-41.6,-50.03,7.3100000000000005
2025-08-04T17:51:24.541170,8.0,-14.0,16.0,14.0,-7.0,20.0,-4.0,-6.0,13.0,87.0,-44.0,-20.0,43.43,-32.980000000000004,24.89,-2.8599999999999994,-12.14,1.4400000000000013,17.57,22.97,22.869999999999997,66.4,-51.03,-33.69
2025-08-04T17:51:24.549289,-105.0,-25.0,21.0,10.0,10.0,2.0,11.0,-21.0,70.0,31.0,34.0,33.0,-69.57,-43.980000000000004,29.89,-6.859999999999999,4.86,-16.56,32.57,7.969999999999999,79.87,10.399999999999999,26.97,19.310000000000002
2025-08-04T17:51:24.553466,-11.0,58.0,-4.0,-5.0,26.0,-18.0,-39.0,-91.0,-30.0,22.0,-16.0,56.0,24.43,39.019999999999996,4.890000000000001,-21.86,20.86,-36.56,-17.43,-62.03,-20.130000000000003,1.3999999999999986,-23.03,42.31
2025-08-04T17:51:24.561729,-70.0,22.0,-45.0,35.0,3.0,-30.0,-32.0,-77.0,19.0,-3.0,-7.0,37.0,-34.57,3.0199999999999996,-36.11,18.14,-2.1399999999999997,-48.56,-10.43,-48.03,28.869999999999997,-23.6,-14.030000000000001,23.310000000000002
2025-08-04T17:51:24.565975,-27.0,48.0,-70.0,36.0,-62.0,6.0,24.0,-86.0,-42.0,54.0,-71.0,-9.0,8.43,29.02,-61.11,19.14,-67.14,-12.559999999999999,45.57,-57.03,-32.13,33.4,-78.03,-22.689999999999998
2025-08-04T17:51:24.573903,-39.0,72.0,13.0,45.0,-70.0,19.0,23.0,-54.0,5.0,20.0,-29.0,25.0,-3.5700000000000003,53.019999999999996,21.89,28.14,-75.14,0.4400000000000013,44.57,-25.03,14.87,-0.6000000000000014,-36.03,11.31
2025-08-04T17:51:24.578189,-17.0,28.0,-5.0,-7.0,-110.0,-21.0,19.0,-67.0,-13.0,60.0,-73.0,55.0,18.43,9.02,3.8900000000000006,-23.86,-115.14,-39.56,40.57,-38.03,-3.130000000000001,39.4,-80.03,41.31
2025-08-04T17:51:24.586257,1.0,13.0,-52.0,23.0,20.0,57.0,54.0,-50.0,-8.0,35.0,-39.0,47.0,36.43,-5.98,-43.11,6.140000000000001,14.86,38.44,75.57,-21.03,1.8699999999999992,14.399999999999999,-46.03,33.31
2025-08-04T17:51:24.590567,13.0,-31.0,40.0,-36.0,33.0,-31.0,-19.0,-54.0,53.0,40.0,-15.0,60.0,48.43,-49.980000000000004,48.89,-52.86,27.86,-49.56,2.5700000000000003,-25.03,62.87,19.4,-22.03,46.31
2025-08-04T17:51:24.598480,-27.0,49.0,4.0,-55.0,-10.0,-58.0,14.0,12.0,-23.0,78.0,-57.0,8.0,8.43,30.02,12.89,-71.86,-15.14,-76.56,35.57,40.97,-13.13,57.4,-64.03,-5.6899999999999995
2025-08-04T17:51:24.602742,-34.0,73.0,59.0,13.0,22.0,-36.0,-18.0,-46.0,-37.0,87.0,27.0,41.0,1.4299999999999997,54.019999999999996,67.89,-3.8599999999999994,16.86,-54.56,3.5700000000000003,-17.03,-27.130000000000003,66.4,19.97,27.310000000000002
2025-08-04T17:51:24.610679,-38.0,46.0,-15.0,18.0,-68.0,25.0,-14.0,8.0,-13.0,45.0,-7.0,38.0,-2.5700000000000003,27.02,-6.109999999999999,1.1400000000000006,-73.14,6.440000000000001,7.57,36.97,-3.130000000000001,24.4,-14.030000000000001,24.310000000000002
2025-08-04T17:51:24.615402,53.0,43.0,-72.0,-2.0,-68.0,26.0,-24.0,-12.0,-36.0,62.0,-67.0,60.0,88.43,24.02,-63.11,-18.86,-73.14,7.440000000000001,-2.4299999999999997,16.97,-26.130000000000003,41.4,-74.03,46.31
2025-08-04T17:51:24.623185,-25.0,-77.0,0.0,17.0,19.0,61.0,51.0,-89.0,-83.0,52.0,-32.0,48.0,10.43,-95.98,8.89,0.14000000000000057,13.86,42.44,72.57,-60.03,-73.13,31.4,-39.03,34.31
2025-08-04T17:51:24.627500,14.0,-14.0,30.0,23.0,-35.0,9.0,30.0,-6.0,-87.0,46.0,-52.0,41.0,49.43,-32.980000000000004,38.89,6.140000000000001,-40.14,-9.559999999999999,51.57,22.97,-77.13,25.4,-59.03,27.310000000000002
2025-08-04T17:51:24.635186,3.0,30.0,-31.0,40.0,6.0,25.0,10.0,10.0,-10.0,15.0,-34.0,42.0,38.43,11.02,-22.11,23.14,0.8600000000000003,6.440000000000001,31.57,38.97,-0.13000000000000078,-5.600000000000001,-41.03,28.310000000000002
2025-08-04T17:51:24.639646,41.0,1.0,62.0,62.0,32.0,-24.0,1.0,-37.0,-38.0,15.0,-2.0,34.0,76.43,-17.98,70.89,45.14,26.86,-42.56,22.57,-8.030000000000001,-28.130000000000003,-5.600000000000001,-9.030000000000001,20.310000000000002
2025-08-04T17:51:24.647608,-4.0,-21.0,-38.0,-22.0,-6.0,-22.0,-34.0,-1.0,-29.0,34.0,-72.0,25.0,31.43,-39.980000000000004,-29.11,-38.86,-11.14,-40.56,-12.43,27.97,-19.130000000000003,13.399999999999999,-79.03,11.31
2025-08-04T17:51:24.651841,-13.0,48.0,23.0,21.0,12.0,-9.0,-29.0,-5.0,-25.0,60.0,-67.0,55.0,22.43,29.02,31.89,4.140000000000001,6.86,-27.56,-7.43,23.97,-15.13,39.4,-74.03,41.31
2025-08-04T17:51:24.659863,-49.0,-33.0,-28.0,3.0,-52.0,50.0,-10.0,37.0,-46.0,71.0,-20.0,26.0,-13.57,-51.980000000000004,-19.11,-13.86,-57.14,31.44,11.57,65.97,-36.13,50.4,-27.03,12.31
2025-08-04T17:51:24.664097,19.0,44.0,-72.0,-4.0,-2.0,3.0,-14.0,-1.0,-1.0,35.0,-37.0,121.0,54.43,25.02,-63.11,-20.86,-7.14,-15.559999999999999,7.57,27.97,8.87,14.399999999999999,-44.03,107.31
2025-08-04T17:51:24.672198,-15.0,66.0,15.0,-9.0,-11.0,17.0,17.0,13.0,-32.0,51.0,7.0,16.0,20.43,47.019999999999996,23.89,-25.86,-16.14,-1.5599999999999987,38.57,41.97,-22.130000000000003,30.4,-0.03000000000000025,2.3100000000000005
2025-08-04T17:51:24.676447,-32.0,-24.0,0.0,25.0,8.0,7.0,50.0,-30.0,-30.0,95.0,-43.0,-79.0,3.4299999999999997,-42.980000000000004,8.89,8.14,2.8600000000000003,-11.559999999999999,71.57,-1.0300000000000011,-20.130000000000003,74.4,-50.03,-92.69
2025-08-04T17:51:24.684519,9.0,-25.0,-43.0,93.0,-18.0,-32.0,-17.0,-76.0,-103.0,25.0,46.0,-29.0,44.43,-43.980000000000004,-34.11,76.14,-23.14,-50.56,4.57,-47.03,-93.13,4.399999999999999,38.97,-42.69
2025-08-04T17:51:24.688869,43.0,-21.0,-18.0,51.0,63.0,-16.0,95.0,-61.0,-25.0,66.0,47.0,-3.0,78.43,-39.980000000000004,-9.11,34.14,57.86,-34.56,116.57,-32.03,-15.13,45.4,39.97,-16.689999999999998
2025-08-04T17:51:24.696823,-110.0,-52.0,10.0,110.0,12.0,-10.0,-26.0,-51.0,0.0,47.0,-5.0,-18.0,-74.57,-70.98,18.89,93.14,6.86,-28.56,-4.43,-22.03,9.87,26.4,-12.030000000000001,-31.689999999999998
2025-08-04T17:51:24.701094,-11.0,28.0,11.0,57.0,-80.0,3.0,16.0,-134.0,-90.0,61.0,34.0,2.0,24.43,9.02,19.89,40.14,-85.14,-15.559999999999999,37.57,-105.03,-80.13,40.4,26.97,-11.69
2025-08-04T17:51:24.709108,-71.0,11.0,-9.0,-3.0,-25.0,6.0,18.0,-41.0,17.0,44.0,27.0,23.0,-35.57,-7.98,-0.10999999999999943,-19.86,-30.14,-12.559999999999999,39.57,-12.030000000000001,26.869999999999997,23.4,19.97,9.31
2025-08-04T17:51:24.713529,-119.0,59.0,-14.0,27.0,24.0,-2.0,36.0,-90.0,-33.0,10.0,75.0,-6.0,-83.57,40.019999999999996,-5.109999999999999,10.14,18.86,-20.56,57.57,-61.03,-23.130000000000003,-10.600000000000001,67.97,-19.689999999999998
2025-08-04T17:51:24.721343,-12.0,23.0,-46.0,33.0,38.0,-4.0,-30.0,-66.0,-41.0,63.0,12.0,-76.0,23.43,4.02,-37.11,16.14,32.86,-22.56,-8.43,-37.03,-31.130000000000003,42.4,4.97,-89.69
2025-08-04T17:51:24.725627,5.0,49.0,-74.0,43.0,-45.0,-33.0,-79.0,-97.0,14.0,-29.0,49.0,-3.0,40.43,30.02,-65.11,26.14,-50.14,-51.56,-57.43,-68.03,23.869999999999997,-49.6,41.97,-16.689999999999998
2025-08-04T17:51:24.733634,51.0,-11.0,-44.0,63.0,-62.0,-40.0,-7.0,-31.0,16.0,72.0,66.0,-16.0,86.43,-29.98,-35.11,46.14,-67.14,-58.56,14.57,-2.030000000000001,25.869999999999997,51.4,58.97,-29.689999999999998
2025-08-04T17:51:24.737827,0.0,-22.0,57.0,78.0,-42.0,34.0,-10.0,10.0,-6.0,45.0,26.0,-45.0,35.43,-40.980000000000004,65.89,61.14,-47.14,15.440000000000001,11.57,38.97,3.869999999999999,24.4,18.97,-58.69
2025-08-04T17:51:24.741823,-77.0,0.0,27.0,19.0,45.0,78.0,-36.0,-32.0,24.0,14.0,-15.0,-11.0,-41.57,-18.98,35.89,2.1400000000000006,39.86,59.44,-14.43,-3.030000000000001,33.87,-6.600000000000001,-22.03,-24.689999999999998
2025-08-04T17:51:24.750119,-64.0,79.0,25.0,15.0,-17.0,85.0,-57.0,-35.0,7.0,54.0,50.0,12.0,-28.57,60.019999999999996,33.89,-1.8599999999999994,-22.14,66.44,-35.43,-6.030000000000001,16.869999999999997,33.4,42.97,-1.6899999999999995
2025-08-04T17:51:24.754609,-25.0,105.0,37.0,-22.0,-49.0,-26.0,16.0,-93.0,-60.0,48.0,-9.0,-8.0,10.43,86.02,45.89,-38.86,-54.14,-44.56,37.57,-64.03,-50.13,27.4,-16.03,-21.689999999999998
2025-08-04T17:51:24.762369,-11.0,95.0,-23.0,19.0,30.0,29.0,-29.0,-19.0,-28.0,64.0,77.0,24.0,24.43,76.02,-14.11,2.1400000000000006,24.86,10.440000000000001,-7.43,9.969999999999999,-18.130000000000003,43.4,69.97,10.31
2025-08-04T17:51:24.766822,35.0,9.0,-78.0,57.0,-47.0,12.0,-25.0,-20.0,-23.0,5.0,-2.0,6.0,70.43,-9.98,-69.11,40.14,-52.14,-6.559999999999999,-3.4299999999999997,8.969999999999999,-13.13,-15.600000000000001,-9.030000000000001,-7.6899999999999995
2025-08-04T17:51:24.774707,6.0,20.0,27.0,-4.0,-4.0,-10.0,-6.0,-36.0,-57.0,-52.0,-17.0,-75.0,41.43,1.0199999999999996,35.89,-20.86,-9.14,-28.56,15.57,-7.030000000000001,-47.13,-72.6,-24.03,-88.69
2025-08-04T17:51:24.779103,-5.0,17.0,-45.0,0.0,-40.0,9.0,23.0,-57.0,-76.0,-48.0,43.0,-6.0,30.43,-1.9800000000000004,-36.11,-16.86,-45.14,-9.559999999999999,44.57,-28.03,-66.13,-68.6,35.97,-19.689999999999998
2025-08-04T17:51:24.786863,-65.0,46.0,-69.0,60.0,-27.0,-23.0,37.0,7.0,-38.0,-4.0,55.0,-17.0,-29.57,27.02,-60.11,43.14,-32.14,-41.56,58.57,35.97,-28.130000000000003,-24.6,47.97,-30.689999999999998
2025-08-04T17:51:24.791461,-1.0,-24.0,-28.0,15.0,-75.0,34.0,-4.0,8.0,-38.0,-70.0,28.0,-82.0,34.43,-42.980000000000004,-19.11,-1.8599999999999994,-80.14,15.440000000000001,17.57,36.97,-28.130000000000003,-90.6,20.97,-95.69
2025-08-04T17:51:24.799302,29.0,38.0,-27.0,60.0,-30.0,15.0,37.0,54.0,-34.0,-21.0,3.0,-3.0,64.43,19.02,-18.11,43.14,-35.14,-3.5599999999999987,58.57,82.97,-24.130000000000003,-41.6,-4.03,-16.689999999999998
2025-08-04T17:51:24.803613,11.0,-26.0,-27.0,-11.0,28.0,41.0,-23.0,-22.0,-49.0,-41.0,-18.0,-9.0,46.43,-44.980000000000004,-18.11,-27.86,22.86,22.44,-1.4299999999999997,6.969999999999999,-39.13,-61.6,-25.03,-22.689999999999998
2025-08-04T17:51:24.811469,51.0,-23.0,58.0,24.0,-25.0,10.0,-16.0,-71.0,-25.0,-3.0,23.0,28.0,86.43,-41.980000000000004,66.89,7.140000000000001,-30.14,-8.559999999999999,5.57,-42.03,-15.13,-23.6,15.969999999999999,14.31
2025-08-04T17:51:24.815814,2.0,7.0,-34.0,35.0,7.0,-31.0,17.0,-53.0,-9.0,-38.0,19.0,3.0,37.43,-11.98,-25.11,18.14,1.8600000000000003,-49.56,38.57,-24.03,0.8699999999999992,-58.6,11.969999999999999,-10.69
2025-08-04T17:51:24.823673,-52.0,-52.0,7.0,-61.0,93.0,-33.0,83.0,-17.0,-14.0,-56.0,10.0,4.0,-16.57,-70.98,15.89,-77.86,87.86,-51.56,104.57,11.969999999999999,-4.130000000000001,-76.6,2.9699999999999998,-9.69
2025-08-04T17:51:24.828055,-21.0,7.0,41.0,0.0,-12.0,-49.0,-9.0,-121.0,24.0,-1.0,66.0,-16.0,14.43,-11.98,49.89,-16.86,-17.14,-67.56,12.57,-92.03,33.87,-21.6,58.97,-29.689999999999998
2025-08-04T17:51:24.836178,-36.0,2.0,41.0,38.0,12.0,-29.0,83.0,-43.0,8.0,36.0,-30.0,-6.0,-0.5700000000000003,-16.98,49.89,21.14,6.86,-47.56,104.57,-14.030000000000001,17.869999999999997,15.399999999999999,-37.03,-19.689999999999998
2025-08-04T17:51:24.840339,-49.0,60.0,37.0,54.0,-53.0,10.0,33.0,-29.0,-65.0,-53.0,64.0,-3.0,-13.57,41.019999999999996,45.89,37.14,-58.14,-8.559999999999999,54.57,-0.030000000000001137,-55.13,-73.6,56.97,-16.689999999999998
2025-08-04T17:51:24.848162,-47.0,41.0,9.0,-17.0,-26.0,43.0,39.0,16.0,16.0,-14.0,30.0,21.0,-11.57,22.02,17.89,-33.86,-31.14,24.44,60.57,44.97,25.869999999999997,-34.6,22.97,7.3100000000000005
2025-08-04T17:51:24.852493,-81.0,102.0,-46.0,-25.0,30.0,37.0,-60.0,43.0,-60.0,3.0,23.0,-41.0,-45.57,83.02,-37.11,-41.86,24.86,18.44,-38.43,71.97,-50.13,-17.6,15.969999999999999,-54.69
2025-08-04T17:51:24.860684,-35.0,107.0,-44.0,68.0,32.0,30.0,-18.0,-18.0,-18.0,-16.0,37.0,15.0,0.4299999999999997,88.02,-35.11,51.14,26.86,11.440000000000001,3.5700000000000003,10.969999999999999,-8.13,-36.6,29.97,1.3100000000000005
2025-08-04T17:51:24.864844,7.0,50.0,-7.0,9.0,4.0,-30.0,-20.0,-91.0,18.0,21.0,27.0,-24.0,42.43,31.02,1.8900000000000006,-7.859999999999999,-1.1399999999999997,-48.56,1.5700000000000003,-62.03,27.869999999999997,0.3999999999999986,19.97,-37.69
2025-08-04T17:51:24.872949,-33.0,25.0,-73.0,27.0,28.0,28.0,-38.0,-60.0,-8.0,-26.0,35.0,-36.0,2.4299999999999997,6.02,-64.11,10.14,22.86,9.440000000000001,-16.43,-31.03,1.8699999999999992,-46.6,27.97,-49.69
2025-08-04T17:51:24.877166,27.0,-16.0,22.0,-17.0,-63.0,-1.0,33.0,-11.0,40.0,-9.0,-58.0,-8.0,62.43,-34.980000000000004,30.89,-33.86,-68.14,-19.56,54.57,17.97,49.87,-29.6,-65.03,-21.689999999999998
2025-08-04T17:51:24.885223,-15.0,-62.0,63.0,93.0,2.0,10.0,7.0,-37.0,-11.0,-14.0,-25.0,-9.0,20.43,-80.98,71.89,76.14,-3.1399999999999997,-8.559999999999999,28.57,-8.030000000000001,-1.1300000000000008,-34.6,-32.03,-22.689999999999998
2025-08-04T17:51:24.889327,3.0,13.0,4.0,24.0,-73.0,21.0,-32.0,-107.0,9.0,-50.0,-11.0,5.0,38.43,-5.98,12.89,7.140000000000001,-78.14,2.4400000000000013,-10.43,-78.03,18.869999999999997,-70.6,-18.03,-8.69
2025-08-04T17:51:24.897313,-34.0,-51.0,27.0,-8.0,-15.0,65.0,-48.0,-68.0,-4.0,13.0,24.0,-7.0,1.4299999999999997,-69.98,35.89,-24.86,-20.14,46.44,-26.43,-39.03,5.869999999999999,-7.600000000000001,16.97,-20.689999999999998
2025-08-04T17:51:24.901650,-18.0,-27.0,-30.0,-49.0,-10.0,-26.0,18.0,-76.0,-66.0,-49.0,-21.0,-24.0,17.43,-45.980000000000004,-21.11,-65.86,-15.14,-44.56,39.57,-47.03,-56.13,-69.6,-28.03,-37.69
2025-08-04T17:51:24.905835,-76.0,-41.0,71.0,10.0,9.0,1.0,-50.0,-39.0,0.0,16.0,28.0,19.0,-40.57,-59.980000000000004,79.89,-6.859999999999999,3.8600000000000003,-17.56,-28.43,-10.030000000000001,9.87,-4.600000000000001,20.97,5.3100000000000005
2025-08-04T17:51:24.914095,-25.0,28.0,-22.0,42.0,3.0,2.0,-90.0,-75.0,-61.0,-13.0,16.0,-43.0,10.43,9.02,-13.11,25.14,-2.1399999999999997,-16.56,-68.43,-46.03,-51.13,-33.6,8.969999999999999,-56.69
2025-08-04T17:51:24.918099,-60.0,90.0,14.0,36.0,38.0,-4.0,-41.0,-47.0,-60.0,-18.0,37.0,-18.0,-24.57,71.02,22.89,19.14,32.86,-22.56,-19.43,-18.03,-50.13,-38.6,29.97,-31.689999999999998
2025-08-04T17:51:24.926180,-22.0,33.0,-50.0,30.0,3.0,-53.0,12.0,-23.0,-45.0,-16.0,34.0,-17.0,13.43,14.02,-41.11,13.14,-2.1399999999999997,-71.56,33.57,5.969999999999999,-35.13,-36.6,26.97,-30.689999999999998
2025-08-04T17:51:24.930226,-25.0,53.0,-64.0,49.0,-33.0,-1.0,27.0,-32.0,-39.0,-7.0,0.0,-32.0,10.43,34.019999999999996,-55.11,32.14,-38.14,-19.56,48.57,-3.030000000000001,-29.130000000000003,-27.6,-7.03,-45.69
2025-08-04T17:51:24.938424,-11.0,62.0,-23.0,73.0,-59.0,11.0,31.0,-15.0,8.0,-28.0,57.0,-52.0,24.43,43.019999999999996,-14.11,56.14,-64.14,-7.559999999999999,52.57,13.969999999999999,17.869999999999997,-48.6,49.97,-65.69
2025-08-04T17:51:24.942951,32.0,-7.0,-2.0,50.0,-26.0,74.0,4.0,-19.0,14.0,-63.0,-14.0,23.0,67.43,-25.98,6.890000000000001,33.14,-31.14,55.44,25.57,9.969999999999999,23.869999999999997,-83.6,-21.03,9.31
2025-08-04T17:51:24.950576,76.0,-9.0,-39.0,14.0,-71.0,17.0,-19.0,0.0,-53.0,-37.0,-66.0,5.0,111.43,-27.98,-30.11,-2.8599999999999994,-76.14,-1.5599999999999987,2.5700000000000003,28.97,-43.13,-57.6,-73.03,-8.69
2025-08-04T17:51:24.955503,-23.0,-9.0,-55.0,-4.0,-7.0,29.0,-1.0,14.0,-34.0,-53.0,-3.0,13.0,12.43,-27.98,-46.11,-20.86,-12.14,10.440000000000001,20.57,42.97,-24.130000000000003,-73.6,-10.030000000000001,-0.6899999999999995
2025-08-04T17:51:24.963036,-22.0,-36.0,-12.0,-5.0,-52.0,52.0,42.0,18.0,9.0,-63.0,121.0,-78.0,13.43,-54.980000000000004,-3.1099999999999994,-21.86,-57.14,33.44,63.57,46.97,18.869999999999997,-83.6,113.97,-91.69
2025-08-04T17:51:24.967469,0.0,60.0,16.0,19.0,-15.0,-30.0,6.0,-72.0,-34.0,-19.0,4.0,-30.0,35.43,41.019999999999996,24.89,2.1400000000000006,-20.14,-48.56,27.57,-43.03,-24.130000000000003,-39.6,-3.0300000000000002,-43.69
2025-08-04T17:51:24.975272,-25.0,-80.0,1.0,-4.0,85.0,50.0,-7.0,-51.0,-30.0,-91.0,33.0,-57.0,10.43,-98.98,9.89,-20.86,79.86,31.44,14.57,-22.03,-20.130000000000003,-111.6,25.97,-70.69
2025-08-04T17:51:24.979992,34.0,-62.0,11.0,-4.0,44.0,23.0,0.0,-37.0,-12.0,-30.0,62.0,-54.0,69.43,-80.98,19.89,-20.86,38.86,4.440000000000001,21.57,-8.030000000000001,-2.130000000000001,-50.6,54.97,-67.69
2025-08-04T17:51:24.987529,-89.0,-24.0,35.0,-59.0,-6.0,3.0,37.0,-70.0,-58.0,51.0,54.0,-52.0,-53.57,-42.980000000000004,43.89,-75.86,-11.14,-15.559999999999999,58.57,-41.03,-48.13,30.4,46.97,-65.69
2025-08-04T17:51:24.991946,-77.0,32.0,-19.0,34.0,25.0,26.0,-1.0,-29.0,-78.0,-22.0,-4.0,-22.0,-41.57,13.02,-10.11,17.14,19.86,7.440000000000001,20.57,-0.030000000000001137,-68.13,-42.6,-11.030000000000001,-35.69
2025-08-04T17:51:24.999914,8.0,40.0,8.0,6.0,-39.0,41.0,-11.0,-31.0,-63.0,-10.0,22.0,15.0,43.43,21.02,16.89,-10.86,-44.14,22.44,10.57,-2.030000000000001,-53.13,-30.6,14.969999999999999,1.3100000000000005
2025-08-04T17:51:25.004320,-79.0,40.0,7.0,16.0,20.0,3.0,-71.0,-54.0,-76.0,-37.0,25.0,-58.0,-43.57,21.02,15.89,-0.8599999999999994,14.86,-15.559999999999999,-49.43,-25.03,-66.13,-57.6,17.97,-71.69
2025-08-04T17:51:25.012222,-81.0,-7.0,32.0,63.0,24.0,7.0,-5.0,-75.0,-28.0,14.0,25.0,-61.0,-45.57,-25.98,40.89,46.14,18.86,-11.559999999999999,16.57,-46.03,-18.130000000000003,-6.600000000000001,17.97,-74.69
2025-08-04T17:51:25.016397,-39.0,11.0,-13.0,-28.0,-32.0,67.0,33.0,-59.0,15.0,-77.0,78.0,-13.0,-3.5700000000000003,-7.98,-4.109999999999999,-44.86,-37.14,48.44,54.57,-30.03,24.869999999999997,-97.6,70.97,-26.689999999999998
2025-08-04T17:51:25.024518,-97.0,-20.0,-25.0,-20.0,28.0,14.0,-29.0,-11.0,-81.0,-34.0,-40.0,-7.0,-61.57,-38.980000000000004,-16.11,-36.86,22.86,-4.559999999999999,-7.43,17.97,-71.13,-54.6,-47.03,-20.689999999999998
2025-08-04T17:51:25.028724,35.0,25.0,-14.0,43.0,-25.0,-4.0,46.0,-87.0,-36.0,-35.0,30.0,-32.0,70.43,6.02,-5.109999999999999,26.14,-30.14,-22.56,67.57,-58.03,-26.130000000000003,-55.6,22.97,-45.69
2025-08-04T17:51:25.036676,7.0,-93.0,-42.0,61.0,-97.0,-11.0,19.0,-12.0,-12.0,-31.0,-4.0,45.0,42.43,-111.98,-33.11,44.14,-102.14,-29.56,40.57,16.97,-2.130000000000001,-51.6,-11.030000000000001,31.310000000000002
2025-08-04T17:51:25.040951,8.0,38.0,-10.0,22.0,-40.0,20.0,1.0,-32.0,-37.0,-24.0,11.0,25.0,43.43,19.02,-1.1099999999999994,5.140000000000001,-45.14,1.4400000000000013,22.57,-3.030000000000001,-27.130000000000003,-44.6,3.9699999999999998,11.31
2025-08-04T17:51:25.049071,-75.0,-21.0,-9.0,-18.0,30.0,13.0,58.0,-87.0,-61.0,16.0,10.0,-45.0,-39.57,-39.980000000000004,-0.10999999999999943,-34.86,24.86,-5.559999999999999,79.57,-58.03,-51.13,-4.600000000000001,2.9699999999999998,-58.69
2025-08-04T17:51:25.053370,-37.0,66.0,28.0,45.0,-11.0,25.0,-67.0,-75.0,-54.0,-20.0,-13.0,-30.0,-1.5700000000000003,47.019999999999996,36.89,28.14,-16.14,6.440000000000001,-45.43,-46.03,-44.13,-40.6,-20.03,-43.69
2025-08-04T17:51:25.061146,-61.0,88.0,-60.0,-15.0,-13.0,8.0,27.0,-5.0,29.0,9.0,-27.0,30.0,-25.57,69.02,-51.11,-31.86,-18.14,-10.559999999999999,48.57,23.97,38.87,-11.600000000000001,-34.03,16.310000000000002
2025-08-04T17:51:25.065526,1.0,72.0,-23.0,-31.0,86.0,-16.0,-7.0,-89.0,-45.0,45.0,52.0,34.0,36.43,53.019999999999996,-14.11,-47.86,80.86,-34.56,14.57,-60.03,-35.13,24.4,44.97,20.310000000000002
2025-08-04T17:51:25.073541,49.0,47.0,-30.0,24.0,-62.0,-69.0,3.0,-51.0,-72.0,-29.0,-16.0,-50.0,84.43,28.02,-21.11,7.140000000000001,-67.14,-87.56,24.57,-22.03,-62.13,-49.6,-23.03,-63.69
2025-08-04T17:51:25.077867,26.0,-68.0,-30.0,-4.0,-53.0,7.0,10.0,-41.0,11.0,-29.0,15.0,-35.0,61.43,-86.98,-21.11,-20.86,-58.14,-11.559999999999999,31.57,-12.030000000000001,20.869999999999997,-49.6,7.97,-48.69
2025-08-04T17:51:25.085755,-54.0,-8.0,-21.0,-52.0,-46.0,5.0,-34.0,-31.0,-31.0,-19.0,65.0,-74.0,-18.57,-26.98,-12.11,-68.86,-51.14,-13.559999999999999,-12.43,-2.030000000000001,-21.130000000000003,-39.6,57.97,-87.69
2025-08-04T17:51:25.089895,-26.0,8.0,19.0,-77.0,13.0,86.0,55.0,-22.0,31.0,59.0,11.0,-23.0,9.43,-10.98,27.89,-93.86,7.86,67.44,76.57,6.969999999999999,40.87,38.4,3.9699999999999998,-36.69
2025-08-04T17:51:25.094050,11.0,-75.0,18.0,18.0,-15.0,-52.0,13.0,-24.0,-2.0,-28.0,36.0,17.0,46.43,-93.98,26.89,1.1400000000000006,-20.14,-70.56,34.57,4.969999999999999,7.869999999999999,-48.6,28.97,3.3100000000000005
2025-08-04T17:51:25.102364,-74.0,-9.0,-14.0,-24.0,35.0,-21.0,-23.0,-67.0,15.0,-72.0,25.0,-25.0,-38.57,-27.98,-5.109999999999999,-40.86,29.86,-39.56,-1.4299999999999997,-38.03,24.869999999999997,-92.6,17.97,-38.69
2025-08-04T17:51:25.106320,-3.0,-24.0,12.0,86.0,-42.0,23.0,-16.0,-99.0,-49.0,-2.0,46.0,-50.0,32.43,-42.980000000000004,20.89,69.14,-47.14,4.440000000000001,5.57,-70.03,-39.13,-22.6,38.97,-63.69
2025-08-04T17:51:25.114537,-15.0,2.0,-64.0,-13.0,-10.0,-2.0,-29.0,34.0,-29.0,-9.0,-31.0,23.0,20.43,-16.98,-55.11,-29.86,-15.14,-20.56,-7.43,62.97,-19.130000000000003,-29.6,-38.03,9.31
2025-08-04T17:51:25.118661,-48.0,26.0,-27.0,16.0,-96.0,-1.0,-15.0,-14.0,11.0,-24.0,59.0,-14.0,-12.57,7.02,-18.11,-0.8599999999999994,-101.14,-19.56,6.57,14.969999999999999,20.869999999999997,-44.6,51.97,-27.689999999999998
2025-08-04T17:51:25.126843,16.0,67.0,-4.0,-20.0,23.0,36.0,-11.0,-47.0,-34.0,21.0,44.0,-31.0,51.43,48.019999999999996,4.890000000000001,-36.86,17.86,17.44,10.57,-18.03,-24.130000000000003,0.3999999999999986,36.97,-44.69
2025-08-04T17:51:25.130958,22.0,-29.0,-23.0,-42.0,32.0,62.0,-11.0,-46.0,-45.0,19.0,21.0,-32.0,57.43,-47.980000000000004,-14.11,-58.86,26.86,43.44,10.57,-17.03,-35.13,-1.6000000000000014,13.969999999999999,-45.69
2025-08-04T17:51:25.139335,-13.0,31.0,-35.0,-21.0,21.0,-6.0,-47.0,-30.0,52.0,-48.0,50.0,-14.0,22.43,12.02,-26.11,-37.86,15.86,-24.56,-25.43,-1.0300000000000011,61.87,-68.6,42.97,-27.689999999999998
2025-08-04T17:51:25.143203,-6.0,-23.0,55.0,-19.0,29.0,15.0,27.0,-70.0,11.0,-55.0,15.0,0.0,29.43,-41.980000000000004,63.89,-35.86,23.86,-3.5599999999999987,48.57,-41.03,20.869999999999997,-75.6,7.97,-13.69
2025-08-04T17:51:25.151337,-31.0,0.0,55.0,87.0,25.0,36.0,43.0,-93.0,-4.0,-48.0,54.0,-50.0,4.43,-18.98,63.89,70.14,19.86,17.44,64.57,-64.03,5.869999999999999,-68.6,46.97,-63.69
2025-08-04T17:51:25.155493,33.0,59.0,-9.0,-1.0,1.0,-41.0,47.0,-51.0,-51.0,9.0,19.0,-37.0,68.43,40.019999999999996,-0.10999999999999943,-17.86,-4.14,-59.56,68.57,-22.03,-41.13,-11.600000000000001,11.969999999999999,-50.69
2025-08-04T17:51:25.163850,-114.0,111.0,33.0,33.0,-69.0,14.0,-57.0,-75.0,-76.0,13.0,50.0,44.0,-78.57,92.02,41.89,16.14,-74.14,-4.559999999999999,-35.43,-46.03,-66.13,-7.600000000000001,42.97,30.310000000000002
2025-08-04T17:51:25.167833,55.0,40.0,-44.0,3.0,-58.0,-5.0,-59.0,-42.0,-49.0,-91.0,-22.0,-5.0,90.43,21.02,-35.11,-13.86,-63.14,-23.56,-37.43,-13.030000000000001,-39.13,-111.6,-29.03,-18.689999999999998
2025-08-04T17:51:25.175997,40.0,3.0,-29.0,-23.0,45.0,57.0,14.0,-77.0,-71.0,-24.0,17.0,-54.0,75.43,-15.98,-20.11,-39.86,39.86,38.44,35.57,-48.03,-61.13,-44.6,9.969999999999999,-67.69
2025-08-04T17:51:25.180864,-2.0,-82.0,23.0,-23.0,-25.0,-13.0,24.0,-59.0,10.0,-29.0,19.0,-12.0,33.43,-100.98,31.89,-39.86,-30.14,-31.56,45.57,-30.03,19.869999999999997,-49.6,11.969999999999999,-25.689999999999998
2025-08-04T17:51:25.188718,-47.0,5.0,48.0,-47.0,-14.0,-10.0,-52.0,-24.0,31.0,-67.0,52.0,-17.0,-11.57,-13.98,56.89,-63.86,-19.14,-28.56,-30.43,4.969999999999999,40.87,-87.6,44.97,-30.689999999999998
2025-08-04T17:51:25.192947,16.0,114.0,73.0,-41.0,-59.0,-33.0,-3.0,-15.0,-40.0,-61.0,73.0,47.0,51.43,95.02,81.89,-57.86,-64.14,-51.56,18.57,13.969999999999999,-30.130000000000003,-81.6,65.97,33.31
2025-08-04T17:51:25.200643,-57.0,79.0,-83.0,48.0,13.0,22.0,34.0,34.0,-43.0,-21.0,52.0,0.0,-21.57,60.019999999999996,-74.11,31.14,7.86,3.4400000000000013,55.57,62.97,-33.13,-41.6,44.97,-13.69
2025-08-04T17:51:25.205080,-56.0,34.0,-66.0,73.0,-68.0,37.0,-20.0,0.0,-12.0,-71.0,58.0,-26.0,-20.57,15.02,-57.11,56.14,-73.14,18.44,1.5700000000000003,28.97,-2.130000000000001,-91.6,50.97,-39.69
2025-08-04T17:51:25.212761,14.0,59.0,-14.0,37.0,18.0,-26.0,51.0,1.0,-45.0,18.0,45.0,0.0,49.43,40.019999999999996,-5.109999999999999,20.14,12.86,-44.56,72.57,29.97,-35.13,-2.6000000000000014,37.97,-13.69
2025-08-04T17:51:25.217389,17.0,-21.0,-6.0,14.0,-73.0,-52.0,-51.0,-50.0,-42.0,-37.0,-31.0,-22.0,52.43,-39.980000000000004,2.8900000000000006,-2.8599999999999994,-78.14,-70.56,-29.43,-21.03,-32.13,-57.6,-38.03,-35.69
2025-08-04T17:51:25.225230,24.0,-77.0,60.0,15.0,-15.0,-6.0,6.0,-28.0,30.0,-24.0,73.0,-18.0,59.43,-95.98,68.89,-1.8599999999999994,-20.14,-24.56,27.57,0.9699999999999989,39.87,-44.6,65.97,-31.689999999999998
2025-08-04T17:51:25.229579,-85.0,-17.0,-10.0,69.0,11.0,48.0,11.0,-29.0,4.0,-35.0,62.0,-15.0,-49.57,-35.980000000000004,-1.1099999999999994,52.14,5.86,29.44,32.57,-0.030000000000001137,13.87,-55.6,54.97,-28.689999999999998
2025-08-04T17:51:25.237481,-27.0,56.0,10.0,41.0,-91.0,53.0,-30.0,-24.0,-36.0,-35.0,56.0,19.0,8.43,37.019999999999996,18.89,24.14,-96.14,34.44,-8.43,4.969999999999999,-26.130000000000003,-55.6,48.97,5.3100000000000005
2025-08-04T17:51:25.241803,-103.0,7.0,2.0,-19.0,-34.0,29.0,41.0,-35.0,13.0,-43.0,13.0,-5.0,-67.57,-11.98,10.89,-35.86,-39.14,10.440000000000001,62.57,-6.030000000000001,22.869999999999997,-63.6,5.97,-18.689999999999998
2025-08-04T17:51:25.249754,-21.0,38.0,-13.0,-3.0,-6.0,42.0,12.0,-39.0,11.0,-29.0,14.0,-19.0,14.43,19.02,-4.109999999999999,-19.86,-11.14,23.44,33.57,-10.030000000000001,20.869999999999997,-49.6,6.97,-32.69
2025-08-04T17:51:25.254120,44.0,-23.0,-10.0,11.0,-42.0,2.0,31.0,48.0,19.0,-48.0,11.0,18.0,79.43,-41.980000000000004,-1.1099999999999994,-5.859999999999999,-47.14,-16.56,52.57,76.97,28.869999999999997,-68.6,3.9699999999999998,4.3100000000000005
2025-08-04T17:51:25.261905,28.0,27.0,18.0,12.0,24.0,3.0,-2.0,12.0,-69.0,-10.0,3.0,17.0,63.43,8.02,26.89,-4.859999999999999,18.86,-15.559999999999999,19.57,40.97,-59.13,-30.6,-4.03,3.3100000000000005
2025-08-04T17:51:25.266408,4.0,33.0,11.0,16.0,-12.0,32.0,-35.0,-24.0,-57.0,-9.0,-26.0,46.0,39.43,14.02,19.89,-0.8599999999999994,-17.14,13.440000000000001,-13.43,4.969999999999999,-47.13,-29.6,-33.03,32.31
2025-08-04T17:51:25.274295,-34.0,-16.0,19.0,14.0,1.0,21.0,-45.0,33.0,-76.0,23.0,37.0,-19.0,1.4299999999999997,-34.980000000000004,27.89,-2.8599999999999994,-4.14,2.4400000000000013,-23.43,61.97,-66.13,2.3999999999999986,29.97,-32.69
2025-08-04T17:51:25.278579,-9.0,47.0,31.0,24.0,-45.0,8.0,-4.0,46.0,-22.0,-77.0,52.0,14.0,26.43,28.02,39.89,7.140000000000001,-50.14,-10.559999999999999,17.57,74.97,-12.13,-97.6,44.97,0.3100000000000005
2025-08-04T17:51:25.286632,-8.0,31.0,1.0,6.0,-45.0,6.0,-15.0,-52.0,-65.0,-33.0,53.0,37.0,27.43,12.02,9.89,-10.86,-50.14,-12.559999999999999,6.57,-23.03,-55.13,-53.6,45.97,23.310000000000002
2025-08-04T17:51:25.290780,2.0,-36.0,6.0,-25.0,-61.0,60.0,-57.0,-21.0,-66.0,5.0,31.0,31.0,37.43,-54.980000000000004,14.89,-41.86,-66.14,41.44,-35.43,7.969999999999999,-56.13,-15.600000000000001,23.97,17.310000000000002
2025-08-04T17:51:25.298951,-76.0,-10.0,23.0,45.0,-30.0,61.0,-16.0,-5.0,-94.0,-50.0,-44.0,3.0,-40.57,-28.98,31.89,28.14,-35.14,42.44,5.57,23.97,-84.13,-70.6,-51.03,-10.69
2025-08-04T17:51:25.303108,21.0,-7.0,13.0,3.0,-7.0,39.0,3.0,6.0,-70.0,42.0,-29.0,51.0,56.43,-25.98,21.89,-13.86,-12.14,20.44,24.57,34.97,-60.13,21.4,-36.03,37.31
2025-08-04T17:51:25.307089,-34.0,41.0,34.0,23.0,14.0,8.0,-24.0,-44.0,-59.0,46.0,-36.0,61.0,1.4299999999999997,22.02,42.89,6.140000000000001,8.86,-10.559999999999999,-2.4299999999999997,-15.030000000000001,-49.13,25.4,-43.03,47.31
2025-08-04T17:51:25.315256,-93.0,121.0,27.0,18.0,2.0,-19.0,-13.0,-22.0,-24.0,55.0,-5.0,48.0,-57.57,102.02,35.89,1.1400000000000006,-3.1399999999999997,-37.56,8.57,6.969999999999999,-14.13,34.4,-12.030000000000001,34.31
2025-08-04T17:51:25.319376,-28.0,-9.0,9.0,-8.0,-49.0,-5.0,-12.0,-54.0,-18.0,69.0,-34.0,21.0,7.43,-27.98,17.89,-24.86,-54.14,-23.56,9.57,-25.03,-8.13,48.4,-41.03,7.3100000000000005
2025-08-04T17:51:25.327575,-112.0,22.0,-47.0,30.0,-25.0,-76.0,56.0,-36.0,-28.0,24.0,-67.0,-16.0,-76.57,3.0199999999999996,-38.11,13.14,-30.14,-94.56,77.57,-7.030000000000001,-18.130000000000003,3.3999999999999986,-74.03,-29.689999999999998
2025-08-04T17:51:25.331890,16.0,61.0,3.0,7.0,27.0,0.0,6.0,-32.0,-42.0,-13.0,-30.0,29.0,51.43,42.019999999999996,11.89,-9.86,21.86,-18.56,27.57,-3.030000000000001,-32.13,-33.6,-37.03,15.31
2025-08-04T17:51:25.339772,-20.0,16.0,-98.0,15.0,-38.0,49.0,6.0,-6.0,-45.0,17.0,-10.0,53.0,15.43,-2.9800000000000004,-89.11,-1.8599999999999994,-43.14,30.44,27.57,22.97,-35.13,-3.6000000000000014,-17.03,39.31
2025-08-04T17:51:25.343928,-8.0,54.0,-35.0,-43.0,-54.0,8.0,16.0,12.0,22.0,27.0,-33.0,66.0,27.43,35.019999999999996,-26.11,-59.86,-59.14,-10.559999999999999,37.57,40.97,31.869999999999997,6.399999999999999,-40.03,52.31
2025-08-04T17:51:25.352237,30.0,63.0,-20.0,-45.0,0.0,-8.0,13.0,-26.0,-1.0,-16.0,-80.0,-21.0,65.43,44.019999999999996,-11.11,-61.86,-5.14,-26.56,34.57,2.969999999999999,8.87,-36.6,-87.03,-34.69
2025-08-04T17:51:25.356563,-33.0,30.0,-9.0,-12.0,-25.0,39.0,12.0,-28.0,-2.0,90.0,-16.0,17.0,2.4299999999999997,11.02,-0.10999999999999943,-28.86,-30.14,20.44,33.57,0.9699999999999989,7.869999999999999,69.4,-23.03,3.3100000000000005
2025-08-04T17:51:25.364298,3.0,1.0,-38.0,19.0,17.0,-18.0,50.0,-23.0,-26.0,37.0,32.0,79.0,38.43,-17.98,-29.11,2.1400000000000006,11.86,-36.56,71.57,5.969999999999999,-16.130000000000003,16.4,24.97,65.31
2025-08-04T17:51:25.368731,6.0,-6.0,3.0,23.0,15.0,-14.0,17.0,-56.0,-58.0,77.0,-26.0,71.0,41.43,-24.98,11.89,6.140000000000001,9.86,-32.56,38.57,-27.03,-48.13,56.4,-33.03,57.31
2025-08-04T17:51:25.376580,-21.0,-44.0,89.0,38.0,-35.0,-10.0,0.0,-9.0,10.0,44.0,-11.0,-17.0,14.43,-62.980000000000004,97.89,21.14,-40.14,-28.56,21.57,19.97,19.869999999999997,23.4,-18.03,-30.689999999999998
2025-08-04T17:51:25.381621,-6.0,39.0,-29.0,17.0,-37.0,-22.0,-23.0,-43.0,-1.0,45.0,-34.0,52.0,29.43,20.02,-20.11,0.14000000000000057,-42.14,-40.56,-1.4299999999999997,-14.030000000000001,8.87,24.4,-41.03,38.31
2025-08-04T17:51:25.388961,-41.0,-92.0,49.0,75.0,-84.0,-14.0,-11.0,6.0,36.0,99.0,19.0,103.0,-5.57,-110.98,57.89,58.14,-89.14,-32.56,10.57,34.97,45.87,78.4,11.969999999999999,89.31
2025-08-04T17:51:25.393457,5.0,94.0,46.0,52.0,34.0,35.0,-13.0,-59.0,-16.0,59.0,-14.0,65.0,40.43,75.02,54.89,35.14,28.86,16.44,8.57,-30.03,-6.130000000000001,38.4,-21.03,51.31
2025-08-04T17:51:25.401310,-69.0,23.0,-64.0,19.0,-8.0,107.0,30.0,-30.0,-15.0,-10.0,-78.0,5.0,-33.57,4.02,-55.11,2.1400000000000006,-13.14,88.44,51.57,-1.0300000000000011,-5.130000000000001,-30.6,-85.03,-8.69
2025-08-04T17:51:25.405567,37.0,27.0,-27.0,-2.0,-26.0,-23.0,11.0,-32.0,-70.0,82.0,10.0,86.0,72.43,8.02,-18.11,-18.86,-31.14,-41.56,32.57,-3.030000000000001,-60.13,61.4,2.9699999999999998,72.31
2025-08-04T17:51:25.413529,25.0,-24.0,-11.0,50.0,40.0,31.0,-34.0,-54.0,-18.0,31.0,-28.0,-12.0,60.43,-42.980000000000004,-2.1099999999999994,33.14,34.86,12.440000000000001,-12.43,-25.03,-8.13,10.399999999999999,-35.03,-25.689999999999998
2025-08-04T17:51:25.417903,15.0,4.0,53.0,-2.0,-12.0,-34.0,-20.0,-50.0,-45.0,87.0,-16.0,-2.0,50.43,-14.98,61.89,-18.86,-17.14,-52.56,1.5700000000000003,-21.03,-35.13,66.4,-23.03,-15.69
2025-08-04T17:51:25.425802,-4.0,-58.0,39.0,96.0,-49.0,21.0,-11.0,-8.0,-43.0,103.0,-40.0,40.0,31.43,-76.98,47.89,79.14,-54.14,2.4400000000000013,10.57,20.97,-33.13,82.4,-47.03,26.310000000000002
2025-08-04T17:51:25.430184,-64.0,9.0,52.0,2.0,-20.0,64.0,-54.0,-29.0,14.0,38.0,-24.0,75.0,-28.57,-9.98,60.89,-14.86,-25.14,45.44,-32.43,-0.030000000000001137,23.869999999999997,17.4,-31.03,61.31
2025-08-04T17:51:25.438138,-44.0,-36.0,-32.0,29.0,-57.0,47.0,-21.0,-46.0,33.0,52.0,-10.0,74.0,-8.57,-54.980000000000004,-23.11,12.14,-62.14,28.44,0.5700000000000003,-17.03,42.87,31.4,-17.03,60.31
2025-08-04T17:51:25.442311,-30.0,53.0,-4.0,-29.0,-7.0,53.0,-12.0,-119.0,-93.0,63.0,9.0,61.0,5.43,34.019999999999996,4.890000000000001,-45.86,-12.14,34.44,9.57,-90.03,-83.13,42.4,1.9699999999999998,47.31
2025-08-04T17:51:25.450336,-34.0,-15.0,-51.0,18.0,37.0,-51.0,-22.0,29.0,-33.0,75.0,-38.0,60.0,1.4299999999999997,-33.980000000000004,-42.11,1.1400000000000006,31.86,-69.56,-0.4299999999999997,57.97,-23.130000000000003,54.4,-45.03,46.31
2025-08-04T17:51:25.454619,-26.0,62.0,28.0,42.0,26.0,-24.0,-33.0,29.0,13.0,-14.0,-13.0,52.0,9.43,43.019999999999996,36.89,25.14,20.86,-42.56,-11.43,57.97,22.869999999999997,-34.6,-20.03,38.31
2025-08-04T17:51:25.462700,-14.0,30.0,17.0,15.0,-1.0,-30.0,-56.0,-90.0,-71.0,5.0,-54.0,69.0,21.43,11.02,25.89,-1.8599999999999994,-6.14,-48.56,-34.43,-61.03,-61.13,-15.600000000000001,-61.03,55.31
2025-08-04T17:51:25.466936,-12.0,29.0,-70.0,-38.0,-57.0,37.0,-16.0,-5.0,-27.0,60.0,-47.0,62.0,23.43,10.02,-61.11,-54.86,-62.14,18.44,5.57,23.97,-17.130000000000003,39.4,-54.03,48.31
2025-08-04T17:51:25.475032,26.0,-26.0,-59.0,-23.0,18.0,-27.0,-32.0,22.0,-26.0,76.0,6.0,11.0,61.43,-44.980000000000004,-50.11,-39.86,12.86,-45.56,-10.43,50.97,-16.130000000000003,55.4,-1.0300000000000002,-2.6899999999999995
2025-08-04T17:51:25.479356,69.0,-92.0,13.0,-76.0,1.0,-57.0,34.0,10.0,-30.0,49.0,-56.0,35.0,104.43,-110.98,21.89,-92.86,-4.14,-75.56,55.57,38.97,-20.130000000000003,28.4,-63.03,21.310000000000002
2025-08-04T17:51:25.487146,-92.0,-11.0,49.0,1.0,-19.0,34.0,-23.0,17.0,-17.0,60.0,-77.0,9.0,-56.57,-29.98,57.89,-15.86,-24.14,15.440000000000001,-1.4299999999999997,45.97,-7.130000000000001,39.4,-84.03,-4.6899999999999995
2025-08-04T17:51:25.491499,-107.0,47.0,90.0,73.0,51.0,-6.0,-53.0,13.0,37.0,-14.0,-45.0,53.0,-71.57,28.02,98.89,56.14,45.86,-24.56,-31.43,41.97,46.87,-34.6,-52.03,39.31
2025-08-04T17:51:25.499455,-48.0,2.0,-70.0,87.0,26.0,21.0,63.0,-13.0,-46.0,25.0,-33.0,48.0,-12.57,-16.98,-61.11,70.14,20.86,2.4400000000000013,84.57,15.969999999999999,-36.13,4.399999999999999,-40.03,34.31
2025-08-04T17:51:25.503789,-26.0,-5.0,-62.0,5.0,-91.0,44.0,-55.0,27.0,-31.0,26.0,-50.0,24.0,9.43,-23.98,-53.11,-11.86,-96.14,25.44,-33.43,55.97,-21.130000000000003,5.399999999999999,-57.03,10.31
2025-08-04T17:51:25.507927,1.0,72.0,-33.0,-12.0,-2.0,2.0,-42.0,29.0,-42.0,69.0,0.0,60.0,36.43,53.019999999999996,-24.11,-28.86,-7.14,-16.56,-20.43,57.97,-32.13,48.4,-7.03,46.31
2025-08-04T17:51:25.515988,12.0,27.0,-23.0,29.0,-24.0,45.0,-39.0,32.0,-16.0,51.0,-29.0,64.0,47.43,8.02,-14.11,12.14,-29.14,26.44,-17.43,60.97,-6.130000000000001,30.4,-36.03,50.31
2025-08-04T17:51:25.520105,-1.0,-31.0,-29.0,6.0,-46.0,15.0,-34.0,-86.0,-17.0,36.0,21.0,30.0,34.43,-49.980000000000004,-20.11,-10.86,-51.14,-3.5599999999999987,-12.43,-57.03,-7.130000000000001,15.399999999999999,13.969999999999999,16.310000000000002
2025-08-04T17:51:25.528350,-37.0,-9.0,10.0,-34.0,15.0,57.0,-12.0,-6.0,-47.0,53.0,2.0,76.0,-1.5700000000000003,-27.98,18.89,-50.86,9.86,38.44,9.57,22.97,-37.13,32.4,-5.03,62.31
2025-08-04T17:51:25.532331,-24.0,-55.0,-8.0,-1.0,35.0,32.0,1.0,-16.0,-32.0,53.0,24.0,24.0,11.43,-73.98,0.8900000000000006,-17.86,29.86,13.440000000000001,22.57,12.969999999999999,-22.130000000000003,32.4,16.97,10.31
2025-08-04T17:51:25.540499,-35.0,-52.0,3.0,-21.0,-4.0,-119.0,2.0,-51.0,-31.0,2.0,-21.0,32.0,0.4299999999999997,-70.98,11.89,-37.86,-9.14,-137.56,23.57,-22.03,-21.130000000000003,-18.6,-28.03,18.310000000000002
2025-08-04T17:51:25.544959,37.0,-45.0,45.0,-34.0,26.0,0.0,-52.0,-65.0,-94.0,106.0,6.0,39.0,72.43,-63.980000000000004,53.89,-50.86,20.86,-18.56,-30.43,-36.03,-84.13,85.4,-1.0300000000000002,25.310000000000002
2025-08-04T17:51:25.552697,-76.0,14.0,33.0,32.0,38.0,-3.0,-64.0,-46.0,-25.0,24.0,-50.0,33.0,-40.57,-4.98,41.89,15.14,32.86,-21.56,-42.43,-17.03,-15.13,3.3999999999999986,-57.03,19.310000000000002
2025-08-04T17:51:25.556926,10.0,87.0,37.0,38.0,3.0,-50.0,4.0,-53.0,-39.0,20.0,-37.0,-19.0,45.43,68.02,45.89,21.14,-2.1399999999999997,-68.56,25.57,-24.03,-29.130000000000003,-0.6000000000000014,-44.03,-32.69
