timestamp,x1,y1,z1,x2,y2,z2,x3,y3,z3,x4,y4,z4,x1_calib,y1_calib,z1_calib,x2_calib,y2_calib,z2_calib,x3_calib,y3_calib,z3_calib,x4_calib,y4_calib,z4_calib
2025-07-24T17:13:24.714889,61.0,-43.0,-36.0,-31.0,-7.0,-8.0,-6.0,-58.0,-31.0,4.0,-32.0,-87.0,84.08,-63.14,-35.08,-18.130000000000003,-10.71,-5.13,-22.22,-37.64,-60.1,-6.24,6.130000000000003,-115.96000000000001
2025-07-24T17:13:24.722777,-32.0,-15.0,19.0,64.0,29.0,-32.0,-7.0,-25.0,48.0,-27.0,-27.0,-12.0,-8.920000000000002,-35.14,19.92,76.87,25.29,-29.13,-23.22,-4.640000000000001,18.9,-37.24,11.130000000000003,-40.96
2025-07-24T17:13:24.727483,-49.0,10.0,34.0,-57.0,62.0,5.0,-5.0,-39.0,34.0,1.0,33.0,-13.0,-25.92,-10.14,34.92,-44.13,58.29,7.87,-21.22,-18.64,4.899999999999999,-9.24,71.13,-41.96
2025-07-24T17:13:24.734870,-103.0,17.0,14.0,18.0,-39.0,-33.0,33.0,-82.0,24.0,13.0,-17.0,-60.0,-79.92,-3.1400000000000006,14.92,30.869999999999997,-42.71,-30.13,16.78,-61.64,-5.100000000000001,2.76,21.130000000000003,-88.96000000000001
2025-07-24T17:13:24.739133,-48.0,52.0,46.0,-7.0,-50.0,2.0,44.0,-16.0,-28.0,-103.0,-10.0,31.0,-24.92,31.86,46.92,5.869999999999999,-53.71,4.87,27.78,4.359999999999999,-57.1,-113.24,28.130000000000003,2.039999999999999
2025-07-24T17:13:24.747238,-109.0,39.0,-32.0,50.0,-17.0,7.0,48.0,-2.0,32.0,-11.0,38.0,-17.0,-85.92,18.86,-31.08,62.87,-20.71,9.870000000000001,31.78,18.36,2.8999999999999986,-21.240000000000002,76.13,-45.96
2025-07-24T17:13:24.751464,61.0,97.0,-44.0,-79.0,-39.0,3.0,56.0,-24.0,47.0,12.0,36.0,-48.0,84.08,76.86,-43.08,-66.13,-42.71,5.87,39.78,-3.6400000000000006,17.9,1.7599999999999998,74.13,-76.96000000000001
2025-07-24T17:13:24.759443,50.0,0.0,-37.0,-43.0,-22.0,17.0,24.0,-74.0,52.0,-54.0,-11.0,-19.0,73.08,-20.14,-36.08,-30.130000000000003,-25.71,19.87,7.780000000000001,-53.64,22.9,-64.24,27.130000000000003,-47.96
2025-07-24T17:13:24.763702,12.0,48.0,36.0,5.0,-51.0,-66.0,79.0,-63.0,-3.0,-33.0,-70.0,-71.0,35.08,27.86,36.92,17.869999999999997,-54.71,-63.13,62.78,-42.64,-32.1,-43.24,-31.869999999999997,-99.96000000000001
2025-07-24T17:13:24.767810,-80.0,-2.0,4.0,11.0,23.0,-39.0,41.0,-73.0,22.0,-18.0,30.0,30.0,-56.92,-22.14,4.92,23.869999999999997,19.29,-36.13,24.78,-52.64,-7.100000000000001,-28.240000000000002,68.13,1.0399999999999991
2025-07-24T17:13:24.776074,-21.0,-1.0,63.0,-32.0,-22.0,-14.0,73.0,-75.0,18.0,-60.0,-25.0,-43.0,2.0799999999999983,-21.14,63.92,-19.130000000000003,-25.71,-11.129999999999999,56.78,-54.64,-11.100000000000001,-70.24,13.130000000000003,-71.96000000000001
2025-07-24T17:13:24.780172,-20.0,46.0,68.0,1.0,7.0,-20.0,-9.0,-33.0,24.0,-23.0,-26.0,-58.0,3.0799999999999983,25.86,68.92,13.87,3.29,-17.13,-25.22,-12.64,-5.100000000000001,-33.24,12.130000000000003,-86.96000000000001
2025-07-24T17:13:24.788260,-55.0,39.0,-51.0,26.0,-55.0,16.0,17.0,-45.0,-13.0,-31.0,32.0,-23.0,-31.92,18.86,-50.08,38.87,-58.71,18.87,0.7800000000000011,-24.64,-42.1,-41.24,70.13,-51.96
2025-07-24T17:13:24.793187,-90.0,51.0,-40.0,-17.0,-77.0,83.0,-4.0,4.0,89.0,-65.0,-19.0,-53.0,-66.92,30.86,-39.08,-4.130000000000001,-80.71,85.87,-20.22,24.36,59.9,-75.24,19.130000000000003,-81.96000000000001
2025-07-24T17:13:24.800534,-77.0,-7.0,-86.0,3.0,-7.0,28.0,-48.0,-69.0,62.0,-13.0,20.0,-6.0,-53.92,-27.14,-85.08,15.87,-10.71,30.87,-64.22,-48.64,32.9,-23.240000000000002,58.13,-34.96
2025-07-24T17:13:24.805448,-29.0,75.0,-3.0,-49.0,57.0,-32.0,27.0,-52.0,27.0,10.0,-18.0,-49.0,-5.920000000000002,54.86,-2.08,-36.13,53.29,-29.13,10.780000000000001,-31.64,-2.1000000000000014,-0.2400000000000002,20.130000000000003,-77.96000000000001
2025-07-24T17:13:24.812733,8.0,4.0,3.0,12.0,-70.0,-9.0,16.0,-71.0,26.0,8.0,-43.0,0.0,31.08,-16.14,3.92,24.869999999999997,-73.71,-6.13,-0.21999999999999886,-50.64,-3.1000000000000014,-2.24,-4.869999999999997,-28.96
2025-07-24T17:13:24.817098,4.0,34.0,-40.0,19.0,-35.0,8.0,36.0,-7.0,-29.0,-46.0,18.0,32.0,27.08,13.86,-39.08,31.869999999999997,-38.71,10.870000000000001,19.78,13.36,-58.1,-56.24,56.13,3.039999999999999
2025-07-24T17:13:24.825159,17.0,9.0,-91.0,-23.0,81.0,32.0,-20.0,67.0,61.0,-14.0,-1.0,59.0,40.08,-11.14,-90.08,-10.13,77.29,34.87,-36.22,87.36,31.9,-24.240000000000002,37.13,30.04
2025-07-24T17:13:24.829429,-2.0,92.0,-40.0,-80.0,26.0,-36.0,40.0,-35.0,-13.0,-38.0,-48.0,49.0,21.08,71.86,-39.08,-67.13,22.29,-33.13,23.78,-14.64,-42.1,-48.24,-9.869999999999997,20.04
2025-07-24T17:13:24.837476,-2.0,19.0,-53.0,76.0,-41.0,-24.0,-4.0,-69.0,40.0,29.0,-15.0,8.0,21.08,-1.1400000000000006,-52.08,88.87,-44.71,-21.13,-20.22,-48.64,10.899999999999999,18.759999999999998,23.130000000000003,-20.96
2025-07-24T17:13:24.841628,29.0,16.0,-94.0,0.0,-2.0,-34.0,-10.0,-28.0,12.0,-1.0,-56.0,53.0,52.08,-4.140000000000001,-93.08,12.87,-5.71,-31.13,-26.22,-7.640000000000001,-17.1,-11.24,-17.869999999999997,24.04
2025-07-24T17:13:24.849591,-19.0,21.0,-38.0,11.0,31.0,-22.0,17.0,-3.0,-1.0,55.0,-57.0,23.0,4.079999999999998,0.8599999999999994,-37.08,23.869999999999997,27.29,-19.13,0.7800000000000011,17.36,-30.1,44.76,-18.869999999999997,-5.960000000000001
2025-07-24T17:13:24.853888,-58.0,-20.0,9.0,35.0,-37.0,42.0,58.0,19.0,9.0,35.0,8.0,41.0,-34.92,-40.14,9.92,47.87,-40.71,44.87,41.78,39.36,-20.1,24.759999999999998,46.13,12.04
2025-07-24T17:13:24.861895,-49.0,-34.0,12.0,-26.0,15.0,33.0,13.0,-43.0,-5.0,23.0,-45.0,44.0,-25.92,-54.14,12.92,-13.13,11.29,35.87,-3.219999999999999,-22.64,-34.1,12.76,-6.869999999999997,15.04
2025-07-24T17:13:24.866140,-22.0,-73.0,2.0,18.0,-82.0,22.0,45.0,-29.0,59.0,32.0,-34.0,45.0,1.0799999999999983,-93.14,2.92,30.869999999999997,-85.71,24.87,28.78,-8.64,29.9,21.759999999999998,4.130000000000003,16.04
2025-07-24T17:13:24.874113,-54.0,38.0,14.0,-25.0,-60.0,20.0,27.0,2.0,-6.0,28.0,-33.0,0.0,-30.92,17.86,14.92,-12.13,-63.71,22.87,10.780000000000001,22.36,-35.1,17.759999999999998,5.130000000000003,-28.96
2025-07-24T17:13:24.878746,-31.0,117.0,46.0,-47.0,48.0,60.0,-11.0,10.0,15.0,27.0,-96.0,24.0,-7.920000000000002,96.86,46.92,-34.13,44.29,62.87,-27.22,30.36,-14.100000000000001,16.759999999999998,-57.87,-4.960000000000001
2025-07-24T17:13:24.886457,-74.0,13.0,-1.0,-14.0,-20.0,-3.0,22.0,103.0,32.0,24.0,-44.0,6.0,-50.92,-7.140000000000001,-0.07999999999999996,-1.1300000000000008,-23.71,-0.1299999999999999,5.780000000000001,123.36,2.8999999999999986,13.76,-5.869999999999997,-22.96
2025-07-24T17:13:24.890927,44.0,53.0,-73.0,2.0,-43.0,-17.0,24.0,-49.0,93.0,61.0,-55.0,19.0,67.08,32.86,-72.08,14.87,-46.71,-14.129999999999999,7.780000000000001,-28.64,63.9,50.76,-16.869999999999997,-9.96
2025-07-24T17:13:24.898670,20.0,20.0,-85.0,40.0,-11.0,-13.0,-42.0,-4.0,24.0,94.0,35.0,41.0,43.08,-0.14000000000000057,-84.08,52.87,-14.71,-10.129999999999999,-58.22,16.36,-5.100000000000001,83.76,73.13,12.04
2025-07-24T17:13:24.903057,-60.0,25.0,22.0,-140.0,-42.0,37.0,46.0,-41.0,39.0,49.0,-58.0,46.0,-36.92,4.859999999999999,22.92,-127.13,-45.71,39.87,29.78,-20.64,9.899999999999999,38.76,-19.869999999999997,17.04
2025-07-24T17:13:24.911032,-88.0,28.0,-20.0,-67.0,-1.0,5.0,70.0,-17.0,6.0,38.0,-37.0,48.0,-64.92,7.859999999999999,-19.08,-54.13,-4.71,7.87,53.78,3.3599999999999994,-23.1,27.759999999999998,1.1300000000000026,19.04
2025-07-24T17:13:24.915586,-7.0,11.0,-1.0,-57.0,13.0,-31.0,12.0,-18.0,-11.0,66.0,-19.0,85.0,16.08,-9.14,-0.07999999999999996,-44.13,9.29,-28.13,-4.219999999999999,2.3599999999999994,-40.1,55.76,19.130000000000003,56.04
2025-07-24T17:13:24.923304,-78.0,59.0,26.0,52.0,41.0,-53.0,-21.0,-26.0,-21.0,59.0,1.0,7.0,-54.92,38.86,26.92,64.87,37.29,-50.13,-37.22,-5.640000000000001,-50.1,48.76,39.13,-21.96
2025-07-24T17:13:24.927639,-29.0,64.0,41.0,22.0,-60.0,5.0,33.0,21.0,-6.0,45.0,-76.0,-8.0,-5.920000000000002,43.86,41.92,34.87,-63.71,7.87,16.78,41.36,-35.1,34.76,-37.87,-36.96
2025-07-24T17:13:24.931906,-69.0,5.0,-2.0,15.0,3.0,72.0,96.0,-45.0,54.0,48.0,-29.0,5.0,-45.92,-15.14,-1.08,27.869999999999997,-0.71,74.87,79.78,-24.64,24.9,37.76,9.130000000000003,-23.96
2025-07-24T17:13:24.939700,-39.0,128.0,68.0,10.0,-9.0,15.0,40.0,-10.0,51.0,49.0,-6.0,-39.0,-15.920000000000002,107.86,68.92,22.869999999999997,-12.71,17.87,23.78,10.36,21.9,38.76,32.13,-67.96000000000001
2025-07-24T17:13:24.944073,-80.0,93.0,-26.0,-35.0,-5.0,10.0,138.0,-4.0,22.0,-21.0,-87.0,21.0,-56.92,72.86,-25.08,-22.130000000000003,-8.71,12.870000000000001,121.78,16.36,-7.100000000000001,-31.240000000000002,-48.87,-7.960000000000001
2025-07-24T17:13:24.952051,36.0,86.0,24.0,-38.0,50.0,78.0,34.0,-64.0,11.0,98.0,-28.0,-7.0,59.08,65.86,24.92,-25.130000000000003,46.29,80.87,17.78,-43.64,-18.1,87.76,10.130000000000003,-35.96
2025-07-24T17:13:24.956477,-71.0,96.0,-34.0,-34.0,43.0,-25.0,4.0,-77.0,38.0,31.0,-6.0,-44.0,-47.92,75.86,-33.08,-21.130000000000003,39.29,-22.13,-12.219999999999999,-56.64,8.899999999999999,20.759999999999998,32.13,-72.96000000000001
2025-07-24T17:13:24.964284,-71.0,21.0,-65.0,14.0,20.0,22.0,-1.0,-92.0,8.0,55.0,-54.0,-39.0,-47.92,0.8599999999999994,-64.08,26.869999999999997,16.29,24.87,-17.22,-71.64,-21.1,44.76,-15.869999999999997,-67.96000000000001
2025-07-24T17:13:24.969332,-4.0,12.0,-55.0,4.0,13.0,18.0,149.0,-55.0,85.0,20.0,7.0,31.0,19.08,-8.14,-54.08,16.869999999999997,9.29,20.87,132.78,-34.64,55.9,9.76,45.13,2.039999999999999
2025-07-24T17:13:24.976568,-20.0,6.0,-62.0,31.0,-24.0,11.0,55.0,-19.0,14.0,95.0,80.0,-2.0,3.0799999999999983,-14.14,-61.08,43.87,-27.71,13.870000000000001,38.78,1.3599999999999994,-15.100000000000001,84.76,118.13,-30.96
2025-07-24T17:13:24.980868,-4.0,7.0,2.0,52.0,-18.0,34.0,11.0,-82.0,12.0,-44.0,57.0,-10.0,19.08,-13.14,2.92,64.87,-21.71,36.87,-5.219999999999999,-61.64,-17.1,-54.24,95.13,-38.96
2025-07-24T17:13:24.988900,50.0,5.0,46.0,46.0,-24.0,29.0,8.0,-48.0,-20.0,-32.0,38.0,-10.0,73.08,-15.14,46.92,58.87,-27.71,31.87,-8.219999999999999,-27.64,-49.1,-42.24,76.13,-38.96
2025-07-24T17:13:24.993242,50.0,-21.0,25.0,-62.0,-34.0,-26.0,23.0,22.0,-25.0,-25.0,-36.0,-58.0,73.08,-41.14,25.92,-49.13,-37.71,-23.13,6.780000000000001,42.36,-54.1,-35.24,2.1300000000000026,-86.96000000000001
2025-07-24T17:13:25.001210,-80.0,57.0,54.0,-20.0,-45.0,-27.0,-5.0,-32.0,52.0,-40.0,-18.0,-21.0,-56.92,36.86,54.92,-7.130000000000001,-48.71,-24.13,-21.22,-11.64,22.9,-50.24,20.130000000000003,-49.96
2025-07-24T17:13:25.005497,-79.0,58.0,14.0,-14.0,84.0,-44.0,-12.0,-2.0,-22.0,-31.0,-43.0,-70.0,-55.92,37.86,14.92,-1.1300000000000008,80.29,-41.13,-28.22,18.36,-51.1,-41.24,-4.869999999999997,-98.96000000000001
2025-07-24T17:13:25.013416,35.0,42.0,-47.0,60.0,35.0,-24.0,5.0,-19.0,43.0,25.0,43.0,-21.0,58.08,21.86,-46.08,72.87,31.29,-21.13,-11.219999999999999,1.3599999999999994,13.899999999999999,14.76,81.13,-49.96
2025-07-24T17:13:25.017762,-18.0,31.0,6.0,-24.0,-2.0,-27.0,30.0,-21.0,14.0,-37.0,1.0,-41.0,5.079999999999998,10.86,6.92,-11.13,-5.71,-24.13,13.780000000000001,-0.6400000000000006,-15.100000000000001,-47.24,39.13,-69.96000000000001
2025-07-24T17:13:25.025705,-1.0,-33.0,-43.0,66.0,8.0,26.0,-4.0,-27.0,39.0,-8.0,71.0,-13.0,22.08,-53.14,-42.08,78.87,4.29,28.87,-20.22,-6.640000000000001,9.899999999999999,-18.240000000000002,109.13,-41.96
2025-07-24T17:13:25.029991,-14.0,-10.0,-25.0,-34.0,58.0,11.0,49.0,13.0,13.0,-9.0,2.0,-21.0,9.079999999999998,-30.14,-24.08,-21.130000000000003,54.29,13.870000000000001,32.78,33.36,-16.1,-19.240000000000002,40.13,-49.96
2025-07-24T17:13:25.037976,50.0,19.0,25.0,-97.0,-28.0,-5.0,6.0,11.0,2.0,-35.0,18.0,-12.0,73.08,-1.1400000000000006,25.92,-84.13,-31.71,-2.13,-10.219999999999999,31.36,-27.1,-45.24,56.13,-40.96
2025-07-24T17:13:25.042334,14.0,11.0,-7.0,0.0,-3.0,-18.0,44.0,14.0,83.0,-39.0,8.0,4.0,37.08,-9.14,-6.08,12.87,-6.71,-15.129999999999999,27.78,34.36,53.9,-49.24,46.13,-24.96
2025-07-24T17:13:25.050332,13.0,69.0,-1.0,74.0,-2.0,-24.0,-27.0,-2.0,9.0,16.0,15.0,28.0,36.08,48.86,-0.07999999999999996,86.87,-5.71,-21.13,-43.22,18.36,-20.1,5.76,53.13,-0.9600000000000009
2025-07-24T17:13:25.054599,-32.0,41.0,66.0,-71.0,4.0,-12.0,62.0,-41.0,31.0,-81.0,-121.0,-17.0,-8.920000000000002,20.86,66.92,-58.13,0.29000000000000004,-9.129999999999999,45.78,-20.64,1.8999999999999986,-91.24,-82.87,-45.96
2025-07-24T17:13:25.062589,-54.0,-26.0,48.0,1.0,-42.0,-50.0,10.0,59.0,-6.0,-27.0,-53.0,51.0,-30.92,-46.14,48.92,13.87,-45.71,-47.13,-6.219999999999999,79.36,-35.1,-37.24,-14.869999999999997,22.04
2025-07-24T17:13:25.067123,-71.0,32.0,-48.0,35.0,-20.0,-15.0,21.0,-39.0,17.0,37.0,-91.0,34.0,-47.92,11.86,-47.08,47.87,-23.71,-12.129999999999999,4.780000000000001,-18.64,-12.100000000000001,26.759999999999998,-52.87,5.039999999999999
2025-07-24T17:13:25.074949,-9.0,34.0,-14.0,70.0,-77.0,-11.0,-67.0,29.0,26.0,-28.0,-76.0,80.0,14.079999999999998,13.86,-13.08,82.87,-80.71,-8.129999999999999,-83.22,49.36,-3.1000000000000014,-38.24,-37.87,51.04
2025-07-24T17:13:25.079170,32.0,48.0,-54.0,75.0,18.0,67.0,0.0,-15.0,52.0,-39.0,-89.0,11.0,55.08,27.86,-53.08,87.87,14.29,69.87,-16.22,5.359999999999999,22.9,-49.24,-50.87,-17.96
2025-07-24T17:13:25.087082,-50.0,60.0,-19.0,1.0,-10.0,51.0,-80.0,16.0,54.0,17.0,-62.0,44.0,-26.92,39.86,-18.08,13.87,-13.71,53.87,-96.22,36.36,24.9,6.76,-23.869999999999997,15.04
2025-07-24T17:13:25.091345,-50.0,-12.0,-70.0,11.0,11.0,12.0,-19.0,-72.0,45.0,-38.0,-17.0,9.0,-26.92,-32.14,-69.08,23.869999999999997,7.29,14.870000000000001,-35.22,-51.64,15.899999999999999,-48.24,21.130000000000003,-19.96
2025-07-24T17:13:25.099446,9.0,-13.0,10.0,27.0,17.0,-52.0,-36.0,-9.0,-47.0,-37.0,-42.0,45.0,32.08,-33.14,10.92,39.87,13.29,-49.13,-52.22,11.36,-76.1,-47.24,-3.8699999999999974,16.04
2025-07-24T17:13:25.103741,-37.0,-12.0,12.0,-59.0,-11.0,8.0,90.0,-25.0,-23.0,-31.0,-52.0,18.0,-13.920000000000002,-32.14,12.92,-46.13,-14.71,10.870000000000001,73.78,-4.640000000000001,-52.1,-41.24,-13.869999999999997,-10.96
2025-07-24T17:13:25.111687,-63.0,55.0,35.0,25.0,-42.0,50.0,33.0,-9.0,-10.0,-6.0,-100.0,26.0,-39.92,34.86,35.92,37.87,-45.71,52.87,16.78,11.36,-39.1,-16.240000000000002,-61.87,-2.960000000000001
2025-07-24T17:13:25.116189,-49.0,0.0,-18.0,-37.0,-9.0,24.0,14.0,-13.0,14.0,21.0,-103.0,16.0,-25.92,-20.14,-17.08,-24.130000000000003,-12.71,26.87,-2.219999999999999,7.359999999999999,-15.100000000000001,10.76,-64.87,-12.96
2025-07-24T17:13:25.123954,1.0,10.0,-53.0,-43.0,21.0,76.0,29.0,14.0,74.0,26.0,-57.0,10.0,24.08,-10.14,-52.08,-30.130000000000003,17.29,78.87,12.780000000000001,34.36,44.9,15.76,-18.869999999999997,-18.96
2025-07-24T17:13:25.128513,-9.0,43.0,-53.0,-42.0,-33.0,-53.0,35.0,-25.0,10.0,-24.0,-72.0,-9.0,14.079999999999998,22.86,-52.08,-29.130000000000003,-36.71,-50.13,18.78,-4.640000000000001,-19.1,-34.24,-33.87,-37.96
2025-07-24T17:13:25.136217,61.0,0.0,-7.0,30.0,28.0,-22.0,41.0,-13.0,0.0,-37.0,-29.0,29.0,84.08,-20.14,-6.08,42.87,24.29,-19.13,24.78,7.359999999999999,-29.1,-47.24,9.130000000000003,0.03999999999999915
2025-07-24T17:13:25.140742,28.0,-16.0,0.0,-6.0,-36.0,33.0,62.0,24.0,-18.0,-68.0,14.0,10.0,51.08,-36.14,0.92,6.869999999999999,-39.71,35.87,45.78,44.36,-47.1,-78.24,52.13,-18.96
2025-07-24T17:13:25.144731,6.0,33.0,57.0,55.0,-50.0,14.0,-65.0,32.0,-5.0,14.0,-75.0,-5.0,29.08,12.86,57.92,67.87,-53.71,16.87,-81.22,52.36,-34.1,3.76,-36.87,-33.96
2025-07-24T17:13:25.152916,-4.0,25.0,45.0,-24.0,27.0,29.0,21.0,-48.0,-16.0,-67.0,-86.0,41.0,19.08,4.859999999999999,45.92,-11.13,23.29,31.87,4.780000000000001,-27.64,-45.1,-77.24,-47.87,12.04
2025-07-24T17:13:25.160824,-114.0,-12.0,22.0,-35.0,8.0,17.0,1.0,-38.0,4.0,-100.0,-107.0,37.0,-90.92,-32.14,22.92,-22.130000000000003,4.29,19.87,-15.219999999999999,-17.64,-25.1,-110.24,-68.87,8.04
2025-07-24T17:13:25.165041,-48.0,101.0,-7.0,-98.0,63.0,22.0,101.0,-33.0,31.0,-6.0,-104.0,66.0,-24.92,80.86,-6.08,-85.13,59.29,24.87,84.78,-12.64,1.8999999999999986,-16.240000000000002,-65.87,37.04
2025-07-24T17:13:25.173135,-12.0,53.0,-46.0,11.0,31.0,-44.0,-27.0,-82.0,32.0,-64.0,-65.0,27.0,11.079999999999998,32.86,-45.08,23.869999999999997,27.29,-41.13,-43.22,-61.64,2.8999999999999986,-74.24,-26.869999999999997,-1.9600000000000009
2025-07-24T17:13:25.177434,34.0,60.0,-63.0,-42.0,-12.0,-48.0,42.0,-111.0,52.0,-84.0,-138.0,56.0,57.08,39.86,-62.08,-29.130000000000003,-15.71,-45.13,25.78,-90.64,22.9,-94.24,-99.87,27.04
2025-07-24T17:13:25.185444,-22.0,23.0,-103.0,-4.0,-44.0,-45.0,-56.0,35.0,-29.0,5.0,-73.0,47.0,1.0799999999999983,2.8599999999999994,-102.08,8.87,-47.71,-42.13,-72.22,55.36,-58.1,-5.24,-34.87,18.04
2025-07-24T17:13:25.189587,-19.0,-18.0,60.0,-45.0,55.0,-6.0,94.0,-41.0,45.0,37.0,-11.0,-12.0,4.079999999999998,-38.14,60.92,-32.13,51.29,-3.13,77.78,-20.64,15.899999999999999,26.759999999999998,27.130000000000003,-40.96
2025-07-24T17:13:25.194063,-51.0,-23.0,37.0,6.0,45.0,31.0,-2.0,25.0,32.0,-66.0,-23.0,46.0,-27.92,-43.14,37.92,18.869999999999997,41.29,33.87,-18.22,45.36,2.8999999999999986,-76.24,15.130000000000003,17.04
2025-07-24T17:13:25.201908,-34.0,85.0,15.0,17.0,-10.0,-69.0,-30.0,-58.0,-1.0,48.0,-84.0,-36.0,-10.920000000000002,64.86,15.92,29.869999999999997,-13.71,-66.13,-46.22,-37.64,-30.1,37.76,-45.87,-64.96000000000001
2025-07-24T17:13:25.210008,-96.0,67.0,-29.0,81.0,31.0,-3.0,50.0,-16.0,-14.0,-31.0,-65.0,12.0,-72.92,46.86,-28.08,93.87,27.29,-0.1299999999999999,33.78,4.359999999999999,-43.1,-41.24,-26.869999999999997,-16.96
2025-07-24T17:13:25.214168,-10.0,60.0,-60.0,-18.0,-22.0,-19.0,24.0,33.0,-76.0,2.0,-3.0,7.0,13.079999999999998,39.86,-59.08,-5.130000000000001,-25.71,-16.13,7.780000000000001,53.36,-105.1,-8.24,35.13,-21.96
2025-07-24T17:13:25.218446,73.0,52.0,-31.0,51.0,7.0,20.0,69.0,-36.0,10.0,17.0,-44.0,39.0,96.08,31.86,-30.08,63.87,3.29,22.87,52.78,-15.64,-19.1,6.76,-5.869999999999997,10.04
2025-07-24T17:13:25.226933,-22.0,59.0,21.0,38.0,24.0,1.0,36.0,31.0,7.0,35.0,-82.0,52.0,1.0799999999999983,38.86,21.92,50.87,20.29,3.87,19.78,51.36,-22.1,24.759999999999998,-43.87,23.04
2025-07-24T17:13:25.231405,4.0,42.0,-1.0,-1.0,-13.0,69.0,-12.0,-41.0,10.0,9.0,-54.0,22.0,27.08,21.86,-0.07999999999999996,11.87,-16.71,71.87,-28.22,-20.64,-19.1,-1.2400000000000002,-15.869999999999997,-6.960000000000001
2025-07-24T17:13:25.239795,8.0,24.0,-68.0,-15.0,-12.0,26.0,-9.0,-22.0,56.0,49.0,-45.0,1.0,31.08,3.8599999999999994,-67.08,-2.130000000000001,-15.71,28.87,-25.22,-1.6400000000000006,26.9,38.76,-6.869999999999997,-27.96
2025-07-24T17:13:25.243150,-22.0,-37.0,-11.0,47.0,-27.0,8.0,-12.0,-81.0,-21.0,27.0,10.0,48.0,1.0799999999999983,-57.14,-10.08,59.87,-30.71,10.870000000000001,-28.22,-60.64,-50.1,16.759999999999998,48.13,19.04
2025-07-24T17:13:25.251095,62.0,-9.0,85.0,-33.0,38.0,7.0,48.0,-50.0,-44.0,23.0,9.0,19.0,85.08,-29.14,85.92,-20.130000000000003,34.29,9.870000000000001,31.78,-29.64,-73.1,12.76,47.13,-9.96
2025-07-24T17:13:25.255799,-30.0,11.0,10.0,-63.0,44.0,34.0,61.0,-49.0,-23.0,-96.0,-20.0,-23.0,-6.920000000000002,-9.14,10.92,-50.13,40.29,36.87,44.78,-28.64,-52.1,-106.24,18.130000000000003,-51.96
2025-07-24T17:13:25.263630,-45.0,-2.0,31.0,-21.0,22.0,5.0,-28.0,-4.0,24.0,-37.0,-78.0,6.0,-21.92,-22.14,31.92,-8.13,18.29,7.87,-44.22,16.36,-5.100000000000001,-47.24,-39.87,-22.96
2025-07-24T17:13:25.267709,-32.0,39.0,6.0,-17.0,20.0,55.0,65.0,-75.0,67.0,-1.0,33.0,-52.0,-8.920000000000002,18.86,6.92,-4.130000000000001,16.29,57.87,48.78,-54.64,37.9,-11.24,71.13,-80.96000000000001
2025-07-24T17:13:25.276062,13.0,33.0,107.0,21.0,-37.0,-10.0,37.0,-68.0,84.0,-46.0,25.0,-34.0,36.08,12.86,107.92,33.87,-40.71,-7.13,20.78,-47.64,54.9,-56.24,63.13,-62.96
2025-07-24T17:13:25.279971,-37.0,79.0,49.0,84.0,17.0,-103.0,-14.0,-5.0,46.0,-11.0,68.0,-41.0,-13.920000000000002,58.86,49.92,96.87,13.29,-100.13,-30.22,15.36,16.9,-21.240000000000002,106.13,-69.96000000000001
2025-07-24T17:13:25.288087,-53.0,8.0,-50.0,-32.0,50.0,71.0,-2.0,-21.0,37.0,20.0,-15.0,-21.0,-29.92,-12.14,-49.08,-19.130000000000003,46.29,73.87,-18.22,-0.6400000000000006,7.899999999999999,9.76,23.130000000000003,-49.96
2025-07-24T17:13:25.292109,-51.0,73.0,-38.0,-28.0,-11.0,27.0,22.0,-80.0,39.0,-26.0,36.0,-63.0,-27.92,52.86,-37.08,-15.13,-14.71,29.87,5.780000000000001,-59.64,9.899999999999999,-36.24,74.13,-91.96000000000001
2025-07-24T17:13:25.300464,-7.0,49.0,-52.0,-30.0,16.0,13.0,2.0,-117.0,79.0,33.0,-33.0,-4.0,16.08,28.86,-51.08,-17.130000000000003,12.29,15.870000000000001,-14.219999999999999,-96.64,49.9,22.759999999999998,5.130000000000003,-32.96
2025-07-24T17:13:25.305071,64.0,75.0,-4.0,-20.0,4.0,-47.0,-26.0,-69.0,59.0,-78.0,6.0,-26.0,87.08,54.86,-3.08,-7.130000000000001,0.29000000000000004,-44.13,-42.22,-48.64,29.9,-88.24,44.13,-54.96
2025-07-24T17:13:25.312540,10.0,24.0,-21.0,33.0,24.0,-16.0,-37.0,-44.0,11.0,-18.0,-39.0,-48.0,33.08,3.8599999999999994,-20.08,45.87,20.29,-13.129999999999999,-53.22,-23.64,-18.1,-28.240000000000002,-0.8699999999999974,-76.96000000000001
2025-07-24T17:13:25.317101,-46.0,2.0,-53.0,47.0,-18.0,-22.0,0.0,-13.0,92.0,-2.0,-21.0,-11.0,-22.92,-18.14,-52.08,59.87,-21.71,-19.13,-16.22,7.359999999999999,62.9,-12.24,17.130000000000003,-39.96
2025-07-24T17:13:25.324749,-23.0,38.0,-27.0,3.0,2.0,-87.0,-28.0,32.0,41.0,1.0,22.0,-14.0,0.0799999999999983,17.86,-26.08,15.87,-1.71,-84.13,-44.22,52.36,11.899999999999999,-9.24,60.13,-42.96
2025-07-24T17:13:25.329097,6.0,33.0,-55.0,73.0,4.0,-25.0,-5.0,-40.0,7.0,37.0,-2.0,-4.0,29.08,12.86,-54.08,85.87,0.29000000000000004,-22.13,-21.22,-19.64,-22.1,26.759999999999998,36.13,-32.96
2025-07-24T17:13:25.337057,21.0,10.0,-80.0,50.0,-13.0,-14.0,37.0,-42.0,17.0,12.0,29.0,51.0,44.08,-10.14,-79.08,62.87,-16.71,-11.129999999999999,20.78,-21.64,-12.100000000000001,1.7599999999999998,67.13,22.04
2025-07-24T17:13:25.341139,0.0,50.0,92.0,79.0,-54.0,12.0,12.0,-26.0,-25.0,31.0,40.0,49.0,23.08,29.86,92.92,91.87,-57.71,14.870000000000001,-4.219999999999999,-5.640000000000001,-54.1,20.759999999999998,78.13,20.04
2025-07-24T17:13:25.345746,17.0,-56.0,-14.0,-84.0,4.0,5.0,-28.0,-50.0,62.0,-54.0,9.0,36.0,40.08,-76.14,-13.08,-71.13,0.29000000000000004,7.87,-44.22,-29.64,32.9,-64.24,47.13,7.039999999999999
2025-07-24T17:13:25.353578,40.0,-4.0,-3.0,3.0,25.0,-5.0,-55.0,-25.0,36.0,8.0,-78.0,33.0,63.08,-24.14,-2.08,15.87,21.29,-2.13,-71.22,-4.640000000000001,6.899999999999999,-2.24,-39.87,4.039999999999999
2025-07-24T17:13:25.358009,21.0,4.0,66.0,-43.0,34.0,71.0,-5.0,-24.0,46.0,60.0,-32.0,31.0,44.08,-16.14,66.92,-30.130000000000003,30.29,73.87,-21.22,-3.6400000000000006,16.9,49.76,6.130000000000003,2.039999999999999
2025-07-24T17:13:25.365748,25.0,35.0,-29.0,25.0,94.0,-25.0,13.0,-18.0,17.0,24.0,-59.0,24.0,48.08,14.86,-28.08,37.87,90.29,-22.13,-3.219999999999999,2.3599999999999994,-12.100000000000001,13.76,-20.869999999999997,-4.960000000000001
2025-07-24T17:13:25.370144,-75.0,-2.0,7.0,1.0,-38.0,-80.0,2.0,-49.0,10.0,42.0,-11.0,26.0,-51.92,-22.14,7.92,13.87,-41.71,-77.13,-14.219999999999999,-28.64,-19.1,31.759999999999998,27.130000000000003,-2.960000000000001
2025-07-24T17:13:25.378351,-88.0,-30.0,17.0,-60.0,28.0,-20.0,-51.0,12.0,-61.0,85.0,-1.0,45.0,-64.92,-50.14,17.92,-47.13,24.29,-17.13,-67.22,32.36,-90.1,74.76,37.13,16.04
2025-07-24T17:13:25.382414,-31.0,1.0,20.0,51.0,25.0,-20.0,56.0,-61.0,43.0,10.0,-70.0,30.0,-7.920000000000002,-19.14,20.92,63.87,21.29,-17.13,39.78,-40.64,13.899999999999999,-0.2400000000000002,-31.869999999999997,1.0399999999999991
2025-07-24T17:13:25.390370,-48.0,94.0,-21.0,-23.0,12.0,46.0,-8.0,35.0,37.0,-15.0,-57.0,13.0,-24.92,73.86,-20.08,-10.13,8.29,48.87,-24.22,55.36,7.899999999999999,-25.240000000000002,-18.869999999999997,-15.96
2025-07-24T17:13:25.394743,-22.0,58.0,-60.0,12.0,-31.0,13.0,37.0,23.0,12.0,101.0,-80.0,35.0,1.0799999999999983,37.86,-59.08,24.869999999999997,-34.71,15.870000000000001,20.78,43.36,-17.1,90.76,-41.87,6.039999999999999
2025-07-24T17:13:25.402668,23.0,-9.0,-29.0,-93.0,-44.0,38.0,-24.0,1.0,-15.0,120.0,33.0,20.0,46.08,-29.14,-28.08,-80.13,-47.71,40.87,-40.22,21.36,-44.1,109.76,71.13,-8.96
2025-07-24T17:13:25.407053,19.0,41.0,41.0,-55.0,22.0,-13.0,80.0,12.0,26.0,31.0,-114.0,89.0,42.08,20.86,41.92,-42.13,18.29,-10.129999999999999,63.78,32.36,-3.1000000000000014,20.759999999999998,-75.87,60.04
2025-07-24T17:13:25.415007,-34.0,-9.0,21.0,-53.0,-18.0,-8.0,16.0,-66.0,48.0,70.0,22.0,14.0,-10.920000000000002,-29.14,21.92,-40.13,-21.71,-5.13,-0.21999999999999886,-45.64,18.9,59.76,60.13,-14.96
2025-07-24T17:13:25.419183,-116.0,61.0,26.0,-17.0,-30.0,6.0,36.0,-60.0,-9.0,85.0,-14.0,-12.0,-92.92,40.86,26.92,-4.130000000000001,-33.71,8.870000000000001,19.78,-39.64,-38.1,74.76,24.130000000000003,-40.96
2025-07-24T17:13:25.427122,-79.0,27.0,-48.0,45.0,16.0,-2.0,114.0,-11.0,49.0,50.0,-49.0,35.0,-55.92,6.859999999999999,-47.08,57.87,12.29,0.8700000000000001,97.78,9.36,19.9,39.76,-10.869999999999997,6.039999999999999
2025-07-24T17:13:25.431923,22.0,93.0,-9.0,46.0,41.0,22.0,-16.0,-9.0,29.0,30.0,-17.0,35.0,45.08,72.86,-8.08,58.87,37.29,24.87,-32.22,11.36,-0.10000000000000142,19.759999999999998,21.130000000000003,6.039999999999999
2025-07-24T17:13:25.439707,-35.0,-17.0,-22.0,-23.0,-59.0,7.0,24.0,-30.0,76.0,29.0,-76.0,41.0,-11.920000000000002,-37.14,-21.08,-10.13,-62.71,9.870000000000001,7.780000000000001,-9.64,46.9,18.759999999999998,-37.87,12.04
2025-07-24T17:13:25.444258,-39.0,31.0,27.0,-88.0,26.0,-5.0,16.0,-88.0,57.0,-73.0,-20.0,39.0,-15.920000000000002,10.86,27.92,-75.13,22.29,-2.13,-0.21999999999999886,-67.64,27.9,-83.24,18.130000000000003,10.04
2025-07-24T17:13:25.452185,-14.0,83.0,54.0,16.0,-31.0,-110.0,-25.0,-30.0,28.0,86.0,-49.0,51.0,9.079999999999998,62.86,54.92,28.869999999999997,-34.71,-107.13,-41.22,-9.64,-1.1000000000000014,75.76,-10.869999999999997,22.04
2025-07-24T17:13:25.455941,-61.0,41.0,60.0,4.0,93.0,34.0,-8.0,-1.0,61.0,1.0,-47.0,-38.0,-37.92,20.86,60.92,16.869999999999997,89.29,36.87,-24.22,19.36,31.9,-9.24,-8.869999999999997,-66.96000000000001
2025-07-24T17:13:25.464381,-65.0,35.0,49.0,13.0,16.0,14.0,-18.0,-17.0,12.0,49.0,-106.0,15.0,-41.92,14.86,49.92,25.869999999999997,12.29,16.87,-34.22,3.3599999999999994,-17.1,38.76,-67.87,-13.96
2025-07-24T17:13:25.468353,-88.0,47.0,-37.0,24.0,-51.0,-45.0,-12.0,-15.0,34.0,101.0,-67.0,-10.0,-64.92,26.86,-36.08,36.87,-54.71,-42.13,-28.22,5.359999999999999,4.899999999999999,90.76,-28.869999999999997,-38.96
2025-07-24T17:13:25.476484,-33.0,26.0,-52.0,-12.0,-5.0,0.0,58.0,19.0,26.0,36.0,-11.0,-23.0,-9.920000000000002,5.859999999999999,-51.08,0.8699999999999992,-8.71,2.87,41.78,39.36,-3.1000000000000014,25.759999999999998,27.130000000000003,-51.96
2025-07-24T17:13:25.480521,21.0,-3.0,-27.0,48.0,45.0,-2.0,37.0,-54.0,61.0,41.0,-20.0,36.0,44.08,-23.14,-26.08,60.87,41.29,0.8700000000000001,20.78,-33.64,31.9,30.759999999999998,18.130000000000003,7.039999999999999
2025-07-24T17:13:25.488867,-21.0,17.0,-52.0,-16.0,-11.0,0.0,19.0,32.0,-18.0,16.0,33.0,14.0,2.0799999999999983,-3.1400000000000006,-51.08,-3.130000000000001,-14.71,2.87,2.780000000000001,52.36,-47.1,5.76,71.13,-14.96
2025-07-24T17:13:25.492880,7.0,-32.0,-27.0,-40.0,2.0,-11.0,-40.0,-132.0,-7.0,51.0,-63.0,12.0,30.08,-52.14,-26.08,-27.130000000000003,-1.71,-8.129999999999999,-56.22,-111.64,-36.1,40.76,-24.869999999999997,-16.96
2025-07-24T17:13:25.500954,-84.0,14.0,46.0,-45.0,-19.0,-71.0,-3.0,37.0,69.0,66.0,-88.0,9.0,-60.92,-6.140000000000001,46.92,-32.13,-22.71,-68.13,-19.22,57.36,39.9,55.76,-49.87,-19.96
2025-07-24T17:13:25.505698,-14.0,-55.0,66.0,16.0,32.0,2.0,55.0,-53.0,-11.0,38.0,-51.0,18.0,9.079999999999998,-75.14,66.92,28.869999999999997,28.29,4.87,38.78,-32.64,-40.1,27.759999999999998,-12.869999999999997,-10.96
2025-07-24T17:13:25.513349,-3.0,15.0,48.0,-42.0,8.0,65.0,20.0,-87.0,-13.0,26.0,-7.0,2.0,20.08,-5.140000000000001,48.92,-29.130000000000003,4.29,67.87,3.780000000000001,-66.64,-42.1,15.76,31.130000000000003,-26.96
2025-07-24T17:13:25.517333,-124.0,97.0,38.0,20.0,-13.0,20.0,72.0,-3.0,28.0,63.0,-81.0,22.0,-100.92,76.86,38.92,32.87,-16.71,22.87,55.78,17.36,-1.1000000000000014,52.76,-42.87,-6.960000000000001
2025-07-24T17:13:25.526541,-46.0,92.0,-37.0,5.0,-20.0,7.0,44.0,-105.0,21.0,26.0,-65.0,4.0,-22.92,71.86,-36.08,17.869999999999997,-23.71,9.870000000000001,27.78,-84.64,-8.100000000000001,15.76,-26.869999999999997,-24.96
2025-07-24T17:13:25.530262,-7.0,66.0,-88.0,43.0,62.0,29.0,41.0,-81.0,99.0,32.0,10.0,64.0,16.08,45.86,-87.08,55.87,58.29,31.87,24.78,-60.64,69.9,21.759999999999998,48.13,35.04
2025-07-24T17:13:25.537791,8.0,39.0,-23.0,-5.0,52.0,-56.0,36.0,-46.0,41.0,45.0,-26.0,16.0,31.08,18.86,-22.08,7.869999999999999,48.29,-53.13,19.78,-25.64,11.899999999999999,34.76,12.130000000000003,-12.96
2025-07-24T17:13:25.542092,-5.0,-25.0,9.0,33.0,-35.0,10.0,7.0,-4.0,26.0,46.0,-61.0,53.0,18.08,-45.14,9.92,45.87,-38.71,12.870000000000001,-9.219999999999999,16.36,-3.1000000000000014,35.76,-22.869999999999997,24.04
2025-07-24T17:13:25.549994,28.0,31.0,19.0,-60.0,-2.0,-66.0,76.0,-37.0,-2.0,71.0,-29.0,47.0,51.08,10.86,19.92,-47.13,-5.71,-63.13,59.78,-16.64,-31.1,60.76,9.130000000000003,18.04
2025-07-24T17:13:25.554249,-10.0,-17.0,-1.0,-10.0,30.0,-75.0,-22.0,1.0,-4.0,49.0,-63.0,24.0,13.079999999999998,-37.14,-0.07999999999999996,2.869999999999999,26.29,-72.13,-38.22,21.36,-33.1,38.76,-24.869999999999997,-4.960000000000001
2025-07-24T17:13:25.558385,-6.0,4.0,37.0,55.0,15.0,-61.0,15.0,-23.0,8.0,47.0,-18.0,45.0,17.08,-16.14,37.92,67.87,11.29,-58.13,-1.2199999999999989,-2.6400000000000006,-21.1,36.76,20.130000000000003,16.04
2025-07-24T17:13:25.566640,-29.0,-37.0,36.0,63.0,-18.0,-23.0,0.0,-38.0,31.0,63.0,-77.0,56.0,-5.920000000000002,-57.14,36.92,75.87,-21.71,-20.13,-16.22,-17.64,1.8999999999999986,52.76,-38.87,27.04
2025-07-24T17:13:25.574502,-92.0,3.0,18.0,-42.0,-59.0,10.0,-55.0,-27.0,31.0,62.0,-65.0,67.0,-68.92,-17.14,18.92,-29.130000000000003,-62.71,12.870000000000001,-71.22,-6.640000000000001,1.8999999999999986,51.76,-26.869999999999997,38.04
2025-07-24T17:13:25.578710,-49.0,18.0,-23.0,22.0,-21.0,-30.0,3.0,-38.0,100.0,35.0,-26.0,28.0,-25.92,-2.1400000000000006,-22.08,34.87,-24.71,-27.13,-13.219999999999999,-17.64,70.9,24.759999999999998,12.130000000000003,-0.9600000000000009
2025-07-24T17:13:25.586719,-67.0,57.0,-42.0,22.0,-42.0,9.0,-38.0,-105.0,19.0,18.0,-7.0,-27.0,-43.92,36.86,-41.08,34.87,-45.71,11.870000000000001,-54.22,-84.64,-10.100000000000001,7.76,31.130000000000003,-55.96
2025-07-24T17:13:25.591224,13.0,31.0,-43.0,90.0,-18.0,53.0,1.0,15.0,-8.0,1.0,-85.0,-34.0,36.08,10.86,-42.08,102.87,-21.71,55.87,-15.219999999999999,35.36,-37.1,-9.24,-46.87,-62.96
2025-07-24T17:13:25.599139,-48.0,83.0,-23.0,-49.0,23.0,-17.0,14.0,24.0,-14.0,116.0,-26.0,-21.0,-24.92,62.86,-22.08,-36.13,19.29,-14.129999999999999,-2.219999999999999,44.36,-43.1,105.76,12.130000000000003,-49.96
2025-07-24T17:13:25.603649,37.0,33.0,-70.0,11.0,81.0,-44.0,2.0,-26.0,21.0,21.0,-60.0,21.0,60.08,12.86,-69.08,23.869999999999997,77.29,-41.13,-14.219999999999999,-5.640000000000001,-8.100000000000001,10.76,-21.869999999999997,-7.960000000000001
2025-07-24T17:13:25.607905,29.0,-4.0,10.0,7.0,13.0,2.0,-44.0,-1.0,-31.0,36.0,-29.0,29.0,52.08,-24.14,10.92,19.869999999999997,9.29,4.87,-60.22,19.36,-60.1,25.759999999999998,9.130000000000003,0.03999999999999915
2025-07-24T17:13:25.615694,2.0,-15.0,-32.0,10.0,-25.0,-56.0,-46.0,-6.0,29.0,21.0,-14.0,-7.0,25.08,-35.14,-31.08,22.869999999999997,-28.71,-53.13,-62.22,14.36,-0.10000000000000142,10.76,24.130000000000003,-35.96
2025-07-24T17:13:25.620048,-21.0,38.0,2.0,9.0,-22.0,-9.0,-17.0,7.0,-9.0,48.0,-66.0,-3.0,2.0799999999999983,17.86,2.92,21.869999999999997,-25.71,-6.13,-33.22,27.36,-38.1,37.76,-27.869999999999997,-31.96
2025-07-24T17:13:25.628113,-2.0,33.0,-50.0,33.0,-25.0,13.0,57.0,-8.0,-15.0,18.0,-78.0,18.0,21.08,12.86,-49.08,45.87,-28.71,15.870000000000001,40.78,12.36,-44.1,7.76,-39.87,-10.96
2025-07-24T17:13:25.632773,43.0,-51.0,1.0,26.0,9.0,52.0,-27.0,1.0,40.0,19.0,-19.0,42.0,66.08,-71.14,1.92,38.87,5.29,54.87,-43.22,21.36,10.899999999999999,8.76,19.130000000000003,13.04
2025-07-24T17:13:25.640445,25.0,14.0,13.0,-31.0,20.0,10.0,-67.0,-31.0,-17.0,67.0,-13.0,-29.0,48.08,-6.140000000000001,13.92,-18.130000000000003,16.29,12.870000000000001,-83.22,-10.64,-46.1,56.76,25.130000000000003,-57.96
2025-07-24T17:13:25.644891,-32.0,32.0,49.0,-46.0,22.0,15.0,23.0,2.0,-29.0,19.0,-24.0,-53.0,-8.920000000000002,11.86,49.92,-33.13,18.29,17.87,6.780000000000001,22.36,-58.1,8.76,14.130000000000003,-81.96000000000001
2025-07-24T17:13:25.652478,-46.0,40.0,24.0,39.0,-61.0,-70.0,-21.0,-12.0,-7.0,39.0,-30.0,36.0,-22.92,19.86,24.92,51.87,-64.71,-67.13,-37.22,8.36,-36.1,28.759999999999998,8.130000000000003,7.039999999999999
2025-07-24T17:13:25.656629,-65.0,59.0,-45.0,1.0,5.0,-29.0,-2.0,19.0,6.0,40.0,-2.0,-80.0,-41.92,38.86,-44.08,13.87,1.29,-26.13,-18.22,39.36,-23.1,29.759999999999998,36.13,-108.96000000000001
2025-07-24T17:13:25.664977,-54.0,21.0,-27.0,35.0,39.0,43.0,32.0,-63.0,19.0,-22.0,-9.0,46.0,-30.92,0.8599999999999994,-26.08,47.87,35.29,45.87,15.780000000000001,-42.64,-10.100000000000001,-32.24,29.130000000000003,17.04
2025-07-24T17:13:25.669085,-34.0,90.0,-34.0,-19.0,-48.0,0.0,50.0,47.0,-35.0,-7.0,10.0,-63.0,-10.920000000000002,69.86,-33.08,-6.130000000000001,-51.71,2.87,33.78,67.36,-64.1,-17.240000000000002,48.13,-91.96000000000001
2025-07-24T17:13:25.677003,15.0,57.0,-12.0,-33.0,36.0,-24.0,-21.0,-40.0,-12.0,5.0,-53.0,-50.0,38.08,36.86,-11.08,-20.130000000000003,32.29,-21.13,-37.22,-19.64,-41.1,-5.24,-14.869999999999997,-78.96000000000001
2025-07-24T17:13:25.683103,9.0,-85.0,13.0,-8.0,28.0,-8.0,26.0,2.0,-51.0,6.0,-28.0,-17.0,32.08,-105.14,13.92,4.869999999999999,24.29,-5.13,9.780000000000001,22.36,-80.1,-4.24,10.130000000000003,-45.96
2025-07-24T17:13:25.689323,2.0,25.0,-58.0,5.0,37.0,-9.0,51.0,18.0,0.0,-30.0,31.0,-10.0,25.08,4.859999999999999,-57.08,17.869999999999997,33.29,-6.13,34.78,38.36,-29.1,-40.24,69.13,-38.96
2025-07-24T17:13:25.693461,10.0,6.0,0.0,31.0,46.0,-31.0,46.0,47.0,70.0,-58.0,36.0,-46.0,33.08,-14.14,0.92,43.87,42.29,-28.13,29.78,67.36,40.9,-68.24,74.13,-74.96000000000001
2025-07-24T17:13:25.701451,26.0,1.0,-1.0,-15.0,81.0,21.0,-12.0,5.0,16.0,16.0,-31.0,12.0,49.08,-19.14,-0.07999999999999996,-2.130000000000001,77.29,23.87,-28.22,25.36,-13.100000000000001,5.76,7.130000000000003,-16.96
2025-07-24T17:13:25.705833,43.0,43.0,-32.0,-18.0,24.0,-31.0,-17.0,1.0,-36.0,7.0,51.0,-47.0,66.08,22.86,-31.08,-5.130000000000001,20.29,-28.13,-33.22,21.36,-65.1,-3.24,89.13,-75.96000000000001
2025-07-24T17:13:25.713774,23.0,-11.0,-3.0,33.0,2.0,-9.0,56.0,-93.0,-11.0,-49.0,-43.0,-25.0,46.08,-31.14,-2.08,45.87,-1.71,-6.13,39.78,-72.64,-40.1,-59.24,-4.869999999999997,-53.96
2025-07-24T17:13:25.718019,-65.0,-2.0,15.0,-5.0,-75.0,-64.0,85.0,-14.0,10.0,-46.0,-10.0,-44.0,-41.92,-22.14,15.92,7.869999999999999,-78.71,-61.13,68.78,6.359999999999999,-19.1,-56.24,28.130000000000003,-72.96000000000001
2025-07-24T17:13:25.726071,-36.0,13.0,-15.0,4.0,-36.0,14.0,-15.0,-22.0,-10.0,-80.0,-4.0,-5.0,-12.920000000000002,-7.140000000000001,-14.08,16.869999999999997,-39.71,16.87,-31.22,-1.6400000000000006,-39.1,-90.24,34.13,-33.96
2025-07-24T17:13:25.730292,-95.0,33.0,47.0,-14.0,-9.0,6.0,90.0,-31.0,15.0,-10.0,39.0,-19.0,-71.92,12.86,47.92,-1.1300000000000008,-12.71,8.870000000000001,73.78,-10.64,-14.100000000000001,-20.240000000000002,77.13,-47.96
2025-07-24T17:13:25.738284,1.0,137.0,51.0,-47.0,-26.0,46.0,52.0,-11.0,4.0,-56.0,33.0,-30.0,24.08,116.86,51.92,-34.13,-29.71,48.87,35.78,9.36,-25.1,-66.24,71.13,-58.96
2025-07-24T17:13:25.742881,-43.0,64.0,-18.0,-54.0,48.0,-51.0,60.0,49.0,-21.0,-12.0,56.0,-85.0,-19.92,43.86,-17.08,-41.13,44.29,-48.13,43.78,69.36,-50.1,-22.240000000000002,94.13,-113.96000000000001
2025-07-24T17:13:25.747052,-14.0,101.0,5.0,14.0,0.0,-20.0,15.0,27.0,27.0,-36.0,29.0,-61.0,9.079999999999998,80.86,5.92,26.869999999999997,-3.71,-17.13,-1.2199999999999989,47.36,-2.1000000000000014,-46.24,67.13,-89.96000000000001
2025-07-24T17:13:25.754814,12.0,74.0,-48.0,39.0,-26.0,-59.0,40.0,-34.0,0.0,-32.0,23.0,-58.0,35.08,53.86,-47.08,51.87,-29.71,-56.13,23.78,-13.64,-29.1,-42.24,61.13,-86.96000000000001
2025-07-24T17:13:25.759425,6.0,29.0,-14.0,-21.0,-4.0,1.0,11.0,65.0,-29.0,-12.0,64.0,-73.0,29.08,8.86,-13.08,-8.13,-7.71,3.87,-5.219999999999999,85.36,-58.1,-22.240000000000002,102.13,-101.96000000000001
2025-07-24T17:13:25.767526,-5.0,-14.0,-46.0,-22.0,-37.0,-22.0,20.0,38.0,39.0,-15.0,-37.0,-50.0,18.08,-34.14,-45.08,-9.13,-40.71,-19.13,3.780000000000001,58.36,9.899999999999999,-25.240000000000002,1.1300000000000026,-78.96000000000001
2025-07-24T17:13:25.771593,3.0,31.0,61.0,-18.0,16.0,15.0,55.0,-65.0,-46.0,16.0,-64.0,-30.0,26.08,10.86,61.92,-5.130000000000001,12.29,17.87,38.78,-44.64,-75.1,5.76,-25.869999999999997,-58.96
2025-07-24T17:13:25.779868,-60.0,-5.0,37.0,-9.0,53.0,5.0,50.0,20.0,-61.0,-13.0,-3.0,2.0,-36.92,-25.14,37.92,3.869999999999999,49.29,7.87,33.78,40.36,-90.1,-23.240000000000002,35.13,-26.96
2025-07-24T17:13:25.784380,0.0,-45.0,-2.0,-40.0,-7.0,11.0,-10.0,2.0,-29.0,-22.0,-19.0,-3.0,23.08,-65.14,-1.08,-27.130000000000003,-10.71,13.870000000000001,-26.22,22.36,-58.1,-32.24,19.130000000000003,-31.96
2025-07-24T17:13:25.791658,-2.0,54.0,-16.0,-18.0,24.0,72.0,-5.0,-3.0,-96.0,16.0,-13.0,69.0,21.08,33.86,-15.08,-5.130000000000001,20.29,74.87,-21.22,17.36,-125.1,5.76,25.130000000000003,40.04
2025-07-24T17:13:25.796756,-45.0,-37.0,-35.0,0.0,45.0,20.0,5.0,-70.0,18.0,42.0,-31.0,68.0,-21.92,-57.14,-34.08,12.87,41.29,22.87,-11.219999999999999,-49.64,-11.100000000000001,31.759999999999998,7.130000000000003,39.04
2025-07-24T17:13:25.804221,-100.0,-5.0,-24.0,8.0,-39.0,-29.0,66.0,31.0,-3.0,51.0,-6.0,64.0,-76.92,-25.14,-23.08,20.869999999999997,-42.71,-26.13,49.78,51.36,-32.1,40.76,32.13,35.04
2025-07-24T17:13:25.808237,-50.0,-18.0,19.0,-26.0,64.0,12.0,36.0,61.0,11.0,51.0,-71.0,73.0,-26.92,-38.14,19.92,-13.13,60.29,14.870000000000001,19.78,81.36,-18.1,40.76,-32.87,44.04
2025-07-24T17:13:25.816368,-96.0,65.0,-6.0,7.0,5.0,51.0,8.0,-63.0,30.0,104.0,-87.0,13.0,-72.92,44.86,-5.08,19.869999999999997,1.29,53.87,-8.219999999999999,-42.64,0.8999999999999986,93.76,-48.87,-15.96
2025-07-24T17:13:25.820828,-43.0,59.0,47.0,-15.0,3.0,-60.0,13.0,19.0,-7.0,21.0,-78.0,50.0,-19.92,38.86,47.92,-2.130000000000001,-0.71,-57.13,-3.219999999999999,39.36,-36.1,10.76,-39.87,21.04
2025-07-24T17:13:25.828448,-70.0,40.0,-10.0,-7.0,-4.0,9.0,54.0,-3.0,-18.0,25.0,1.0,-44.0,-46.92,19.86,-9.08,5.869999999999999,-7.71,11.870000000000001,37.78,17.36,-47.1,14.76,39.13,-72.96000000000001
2025-07-24T17:13:25.833024,-65.0,10.0,-32.0,8.0,61.0,37.0,28.0,-61.0,38.0,49.0,-43.0,7.0,-41.92,-10.14,-31.08,20.869999999999997,57.29,39.87,11.780000000000001,-40.64,8.899999999999999,38.76,-4.869999999999997,-21.96
2025-07-24T17:13:25.840838,74.0,-21.0,-35.0,-40.0,43.0,16.0,70.0,-53.0,33.0,77.0,-58.0,44.0,97.08,-41.14,-34.08,-27.130000000000003,39.29,18.87,53.78,-32.64,3.8999999999999986,66.76,-19.869999999999997,15.04
2025-07-24T17:13:25.845266,-46.0,-22.0,-60.0,-28.0,51.0,-13.0,11.0,-60.0,-39.0,-9.0,-43.0,26.0,-22.92,-42.14,-59.08,-15.13,47.29,-10.129999999999999,-5.219999999999999,-39.64,-68.1,-19.240000000000002,-4.869999999999997,-2.960000000000001
2025-07-24T17:13:25.853070,24.0,-34.0,22.0,-11.0,63.0,1.0,136.0,-80.0,20.0,99.0,-68.0,12.0,47.08,-54.14,22.92,1.8699999999999992,59.29,3.87,119.78,-59.64,-9.100000000000001,88.76,-29.869999999999997,-16.96
2025-07-24T17:13:25.857651,-54.0,53.0,-26.0,24.0,-9.0,-62.0,6.0,-60.0,59.0,49.0,-28.0,61.0,-30.92,32.86,-25.08,36.87,-12.71,-59.13,-10.219999999999999,-39.64,29.9,38.76,10.130000000000003,32.04
2025-07-24T17:13:25.865405,44.0,-25.0,65.0,36.0,5.0,-23.0,17.0,-52.0,22.0,-17.0,24.0,58.0,67.08,-45.14,65.92,48.87,1.29,-20.13,0.7800000000000011,-31.64,-7.100000000000001,-27.240000000000002,62.13,29.04
2025-07-24T17:13:25.869633,-57.0,96.0,-13.0,23.0,-66.0,26.0,1.0,-50.0,20.0,19.0,10.0,2.0,-33.92,75.86,-12.08,35.87,-69.71,28.87,-15.219999999999999,-29.64,-9.100000000000001,8.76,48.13,-26.96
2025-07-24T17:13:25.877616,-36.0,89.0,-37.0,-53.0,16.0,28.0,-41.0,-15.0,5.0,39.0,-41.0,25.0,-12.920000000000002,68.86,-36.08,-40.13,12.29,30.87,-57.22,5.359999999999999,-24.1,28.759999999999998,-2.8699999999999974,-3.960000000000001
2025-07-24T17:13:25.881843,-14.0,85.0,-88.0,-72.0,-22.0,4.0,-49.0,2.0,55.0,51.0,19.0,23.0,9.079999999999998,64.86,-87.08,-59.13,-25.71,6.87,-65.22,22.36,25.9,40.76,57.13,-5.960000000000001
2025-07-24T17:13:25.889854,72.0,33.0,-32.0,-15.0,58.0,-29.0,3.0,-8.0,32.0,53.0,-116.0,38.0,95.08,12.86,-31.08,-2.130000000000001,54.29,-26.13,-13.219999999999999,12.36,2.8999999999999986,42.76,-77.87,9.04
2025-07-24T17:13:25.894091,-22.0,-74.0,-29.0,11.0,15.0,40.0,26.0,-29.0,-3.0,0.0,-49.0,20.0,1.0799999999999983,-94.14,-28.08,23.869999999999997,11.29,42.87,9.780000000000001,-8.64,-32.1,-10.24,-10.869999999999997,-8.96
2025-07-24T17:13:25.902201,-28.0,-6.0,18.0,-43.0,-77.0,-29.0,69.0,-25.0,-43.0,57.0,-34.0,-1.0,-4.920000000000002,-26.14,18.92,-30.130000000000003,-80.71,-26.13,52.78,-4.640000000000001,-72.1,46.76,4.130000000000003,-29.96
2025-07-24T17:13:25.906400,-90.0,64.0,-29.0,3.0,10.0,-45.0,-46.0,4.0,32.0,12.0,-75.0,7.0,-66.92,43.86,-28.08,15.87,6.29,-42.13,-62.22,24.36,2.8999999999999986,1.7599999999999998,-36.87,-21.96
2025-07-24T17:13:25.914532,-50.0,11.0,47.0,-90.0,-26.0,33.0,-48.0,-12.0,-11.0,-10.0,-16.0,-7.0,-26.92,-9.14,47.92,-77.13,-29.71,35.87,-64.22,8.36,-40.1,-20.240000000000002,22.130000000000003,-35.96
2025-07-24T17:13:25.918964,-51.0,63.0,36.0,-49.0,120.0,-7.0,-25.0,14.0,29.0,35.0,-2.0,36.0,-27.92,42.86,36.92,-36.13,116.29,-4.13,-41.22,34.36,-0.10000000000000142,24.759999999999998,36.13,7.039999999999999
2025-07-24T17:13:25.926743,-14.0,107.0,-15.0,32.0,-38.0,-12.0,11.0,-64.0,23.0,97.0,-58.0,-6.0,9.079999999999998,86.86,-14.08,44.87,-41.71,-9.129999999999999,-5.219999999999999,-43.64,-6.100000000000001,86.76,-19.869999999999997,-34.96
2025-07-24T17:13:25.931271,-1.0,23.0,-59.0,-3.0,90.0,19.0,30.0,1.0,13.0,53.0,11.0,32.0,22.08,2.8599999999999994,-58.08,9.87,86.29,21.87,13.780000000000001,21.36,-16.1,42.76,49.13,3.039999999999999
2025-07-24T17:13:25.939060,-30.0,9.0,-91.0,46.0,-30.0,-22.0,23.0,-138.0,49.0,99.0,-94.0,-38.0,-6.920000000000002,-11.14,-90.08,58.87,-33.71,-19.13,6.780000000000001,-117.64,19.9,88.76,-55.87,-66.96000000000001
2025-07-24T17:13:25.943375,-32.0,50.0,-35.0,47.0,-23.0,30.0,92.0,-59.0,-54.0,50.0,-94.0,-40.0,-8.920000000000002,29.86,-34.08,59.87,-26.71,32.87,75.78,-38.64,-83.1,39.76,-55.87,-68.96000000000001
2025-07-24T17:13:25.951290,16.0,32.0,-26.0,-29.0,42.0,53.0,2.0,-78.0,23.0,-31.0,-51.0,68.0,39.08,11.86,-25.08,-16.130000000000003,38.29,55.87,-14.219999999999999,-57.64,-6.100000000000001,-41.24,-12.869999999999997,39.04
2025-07-24T17:13:25.955803,-39.0,30.0,18.0,-58.0,-2.0,5.0,61.0,14.0,27.0,71.0,-69.0,43.0,-15.920000000000002,9.86,18.92,-45.13,-5.71,7.87,44.78,34.36,-2.1000000000000014,60.76,-30.869999999999997,14.04
2025-07-24T17:13:25.960018,-61.0,67.0,39.0,16.0,-24.0,-6.0,104.0,-8.0,8.0,69.0,-31.0,27.0,-37.92,46.86,39.92,28.869999999999997,-27.71,-3.13,87.78,12.36,-21.1,58.76,7.130000000000003,-1.9600000000000009
2025-07-24T17:13:25.968133,-34.0,42.0,9.0,31.0,-17.0,-7.0,-6.0,-37.0,18.0,23.0,-53.0,18.0,-10.920000000000002,21.86,9.92,43.87,-20.71,-4.13,-22.22,-16.64,-11.100000000000001,12.76,-14.869999999999997,-10.96
2025-07-24T17:13:25.975871,49.0,94.0,-60.0,47.0,-18.0,-7.0,66.0,-18.0,-18.0,15.0,-121.0,-5.0,72.08,73.86,-59.08,59.87,-21.71,-4.13,49.78,2.3599999999999994,-47.1,4.76,-82.87,-33.96
2025-07-24T17:13:25.980636,9.0,-30.0,-55.0,69.0,38.0,22.0,27.0,-30.0,13.0,45.0,28.0,27.0,32.08,-50.14,-54.08,81.87,34.29,24.87,10.780000000000001,-9.64,-16.1,34.76,66.13,-1.9600000000000009
2025-07-24T17:13:25.985098,30.0,21.0,-14.0,-37.0,3.0,28.0,40.0,-108.0,-9.0,37.0,-54.0,37.0,53.08,0.8599999999999994,-13.08,-24.130000000000003,-0.71,30.87,23.78,-87.64,-38.1,26.759999999999998,-15.869999999999997,8.04
2025-07-24T17:13:25.993195,-5.0,-37.0,28.0,-96.0,63.0,-22.0,16.0,-25.0,27.0,53.0,-113.0,50.0,18.08,-57.14,28.92,-83.13,59.29,-19.13,-0.21999999999999886,-4.640000000000001,-2.1000000000000014,42.76,-74.87,21.04
2025-07-24T17:13:25.997384,-25.0,70.0,-13.0,53.0,51.0,10.0,82.0,-47.0,-18.0,69.0,-34.0,18.0,-1.9200000000000017,49.86,-12.08,65.87,47.29,12.870000000000001,65.78,-26.64,-47.1,58.76,4.130000000000003,-10.96
2025-07-24T17:13:26.005270,-78.0,96.0,-29.0,-12.0,-15.0,-83.0,0.0,-26.0,-3.0,43.0,-78.0,-29.0,-54.92,75.86,-28.08,0.8699999999999992,-18.71,-80.13,-16.22,-5.640000000000001,-32.1,32.76,-39.87,-57.96
2025-07-24T17:13:26.009810,-46.0,69.0,-42.0,-33.0,-72.0,-89.0,5.0,-29.0,48.0,13.0,-21.0,-1.0,-22.92,48.86,-41.08,-20.130000000000003,-75.71,-86.13,-11.219999999999999,-8.64,18.9,2.76,17.130000000000003,-29.96
2025-07-24T17:13:26.017336,-48.0,84.0,-52.0,64.0,54.0,8.0,-52.0,-17.0,46.0,88.0,-96.0,-21.0,-24.92,63.86,-51.08,76.87,50.29,10.870000000000001,-68.22,3.3599999999999994,16.9,77.76,-57.87,-49.96
2025-07-24T17:13:26.022085,45.0,16.0,-25.0,5.0,-33.0,-37.0,-11.0,-29.0,-28.0,45.0,-35.0,35.0,68.08,-4.140000000000001,-24.08,17.869999999999997,-36.71,-34.13,-27.22,-8.64,-57.1,34.76,3.1300000000000026,6.039999999999999
2025-07-24T17:13:26.029377,1.0,33.0,-88.0,13.0,24.0,-3.0,77.0,-76.0,-25.0,28.0,-30.0,46.0,24.08,12.86,-87.08,25.869999999999997,20.29,-0.1299999999999999,60.78,-55.64,-54.1,17.759999999999998,8.130000000000003,17.04
2025-07-24T17:13:26.033683,-43.0,-7.0,-70.0,-5.0,-7.0,-20.0,-14.0,-6.0,-69.0,-22.0,-12.0,7.0,-19.92,-27.14,-69.08,7.869999999999999,-10.71,-17.13,-30.22,14.36,-98.1,-32.24,26.130000000000003,-21.96
2025-07-24T17:13:26.041693,18.0,-13.0,-50.0,-37.0,21.0,-40.0,7.0,1.0,-15.0,37.0,-134.0,-49.0,41.08,-33.14,-49.08,-24.130000000000003,17.29,-37.13,-9.219999999999999,21.36,-44.1,26.759999999999998,-95.87,-77.96000000000001
2025-07-24T17:13:26.045749,2.0,-30.0,23.0,15.0,73.0,-79.0,-5.0,-77.0,-41.0,110.0,-100.0,13.0,25.08,-50.14,23.92,27.869999999999997,69.29,-76.13,-21.22,-56.64,-70.1,99.76,-61.87,-15.96
2025-07-24T17:13:26.054193,-54.0,53.0,49.0,55.0,-9.0,-49.0,26.0,-38.0,-3.0,43.0,-35.0,-61.0,-30.92,32.86,49.92,67.87,-12.71,-46.13,9.780000000000001,-17.64,-32.1,32.76,3.1300000000000026,-89.96000000000001
2025-07-24T17:13:26.058162,-65.0,-23.0,21.0,-26.0,82.0,-26.0,-3.0,-13.0,-26.0,85.0,-18.0,-51.0,-41.92,-43.14,21.92,-13.13,78.29,-23.13,-19.22,7.359999999999999,-55.1,74.76,20.130000000000003,-79.96000000000001
2025-07-24T17:13:26.066467,-73.0,37.0,9.0,-49.0,54.0,11.0,29.0,-39.0,2.0,63.0,-82.0,-42.0,-49.92,16.86,9.92,-36.13,50.29,13.870000000000001,12.780000000000001,-18.64,-27.1,52.76,-43.87,-70.96000000000001
2025-07-24T17:13:26.070387,-14.0,70.0,0.0,-28.0,19.0,9.0,7.0,-75.0,-38.0,14.0,-8.0,-26.0,9.079999999999998,49.86,0.92,-15.13,15.29,11.870000000000001,-9.219999999999999,-54.64,-67.1,3.76,30.130000000000003,-54.96
2025-07-24T17:13:26.078282,-8.0,28.0,-52.0,-35.0,20.0,27.0,-3.0,7.0,58.0,52.0,46.0,-81.0,15.079999999999998,7.859999999999999,-51.08,-22.130000000000003,16.29,29.87,-19.22,27.36,28.9,41.76,84.13,-109.96000000000001
2025-07-24T17:13:26.083606,-83.0,184.0,-56.0,1.0,-42.0,12.0,-10.0,-16.0,1.0,-52.0,23.0,-11.0,-59.92,163.86,-55.08,13.87,-45.71,14.870000000000001,-26.22,4.359999999999999,-28.1,-62.24,61.13,-39.96
2025-07-24T17:13:26.090680,21.0,73.0,-56.0,15.0,78.0,22.0,-58.0,-51.0,8.0,-40.0,18.0,-38.0,44.08,52.86,-55.08,27.869999999999997,74.29,24.87,-74.22,-30.64,-21.1,-50.24,56.13,-66.96000000000001
2025-07-24T17:13:26.094937,-20.0,3.0,-59.0,-58.0,-22.0,-59.0,7.0,-10.0,33.0,-31.0,15.0,-65.0,3.0799999999999983,-17.14,-58.08,-45.13,-25.71,-56.13,-9.219999999999999,10.36,3.8999999999999986,-41.24,53.13,-93.96000000000001
2025-07-24T17:13:26.102878,88.0,-32.0,-89.0,-23.0,47.0,-45.0,7.0,-52.0,27.0,48.0,13.0,-16.0,111.08,-52.14,-88.08,-10.13,43.29,-42.13,-9.219999999999999,-31.64,-2.1000000000000014,37.76,51.13,-44.96
2025-07-24T17:13:26.107799,55.0,41.0,-11.0,-8.0,19.0,6.0,-5.0,-22.0,47.0,-59.0,-86.0,-8.0,78.08,20.86,-10.08,4.869999999999999,15.29,8.870000000000001,-21.22,-1.6400000000000006,17.9,-69.24,-47.87,-36.96
2025-07-24T17:13:26.115244,-48.0,3.0,15.0,-13.0,-35.0,-83.0,9.0,-66.0,-8.0,2.0,9.0,-47.0,-24.92,-17.14,15.92,-0.13000000000000078,-38.71,-80.13,-7.219999999999999,-45.64,-37.1,-8.24,47.13,-75.96000000000001
2025-07-24T17:13:26.119812,32.0,80.0,-8.0,-31.0,64.0,25.0,23.0,21.0,35.0,3.0,34.0,62.0,55.08,59.86,-7.08,-18.130000000000003,60.29,27.87,6.780000000000001,41.36,5.899999999999999,-7.24,72.13,33.04
2025-07-24T17:13:26.127620,70.0,-5.0,38.0,66.0,-25.0,-47.0,-24.0,-119.0,2.0,44.0,-90.0,-14.0,93.08,-25.14,38.92,78.87,-28.71,-44.13,-40.22,-98.64,-27.1,33.76,-51.87,-42.96
2025-07-24T17:13:26.131771,-42.0,15.0,-21.0,-9.0,-67.0,25.0,-50.0,-87.0,-66.0,14.0,-27.0,36.0,-18.92,-5.140000000000001,-20.08,3.869999999999999,-70.71,27.87,-66.22,-66.64,-95.1,3.76,11.130000000000003,7.039999999999999
2025-07-24T17:13:26.139699,-35.0,111.0,-20.0,20.0,9.0,48.0,22.0,-64.0,69.0,-32.0,-71.0,12.0,-11.920000000000002,90.86,-19.08,32.87,5.29,50.87,5.780000000000001,-43.64,39.9,-42.24,-32.87,-16.96
2025-07-24T17:13:26.144074,13.0,44.0,-39.0,-47.0,26.0,-55.0,-16.0,-10.0,33.0,-13.0,-35.0,23.0,36.08,23.86,-38.08,-34.13,22.29,-52.13,-32.22,10.36,3.8999999999999986,-23.240000000000002,3.1300000000000026,-5.960000000000001
2025-07-24T17:13:26.152049,-2.0,101.0,-48.0,2.0,-8.0,-101.0,14.0,19.0,-8.0,-3.0,-79.0,-5.0,21.08,80.86,-47.08,14.87,-11.71,-98.13,-2.219999999999999,39.36,-37.1,-13.24,-40.87,-33.96
2025-07-24T17:13:26.156419,27.0,76.0,-88.0,-111.0,2.0,-32.0,-19.0,38.0,28.0,38.0,17.0,-13.0,50.08,55.86,-87.08,-98.13,-1.71,-29.13,-35.22,58.36,-1.1000000000000014,27.759999999999998,55.13,-41.96
2025-07-24T17:13:26.164300,-2.0,-27.0,-35.0,-18.0,15.0,-52.0,-52.0,65.0,20.0,80.0,-33.0,-40.0,21.08,-47.14,-34.08,-5.130000000000001,11.29,-49.13,-68.22,85.36,-9.100000000000001,69.76,5.130000000000003,-68.96000000000001
2025-07-24T17:13:26.168563,81.0,-31.0,-22.0,129.0,18.0,-66.0,-33.0,29.0,-44.0,33.0,-1.0,12.0,104.08,-51.14,-21.08,141.87,14.29,-63.13,-49.22,49.36,-73.1,22.759999999999998,37.13,-16.96
2025-07-24T17:13:26.173573,-50.0,20.0,40.0,59.0,1.0,-3.0,-50.0,-57.0,-4.0,51.0,-9.0,6.0,-26.92,-0.14000000000000057,40.92,71.87,-2.71,-0.1299999999999999,-66.22,-36.64,-33.1,40.76,29.130000000000003,-22.96
2025-07-24T17:13:26.181121,16.0,21.0,40.0,4.0,-16.0,-11.0,-13.0,33.0,-10.0,106.0,-51.0,9.0,39.08,0.8599999999999994,40.92,16.869999999999997,-19.71,-8.129999999999999,-29.22,53.36,-39.1,95.76,-12.869999999999997,-19.96
2025-07-24T17:13:26.188838,-106.0,57.0,-18.0,-18.0,0.0,-48.0,15.0,-33.0,-30.0,25.0,-43.0,23.0,-82.92,36.86,-17.08,-5.130000000000001,-3.71,-45.13,-1.2199999999999989,-12.64,-59.1,14.76,-4.869999999999997,-5.960000000000001
2025-07-24T17:13:26.193130,-55.0,79.0,-78.0,-28.0,22.0,22.0,-5.0,82.0,-22.0,22.0,-59.0,92.0,-31.92,58.86,-77.08,-15.13,18.29,24.87,-21.22,102.36,-51.1,11.76,-20.869999999999997,63.04
2025-07-24T17:13:26.198486,63.0,96.0,-47.0,17.0,-46.0,-97.0,18.0,-85.0,-63.0,-77.0,-97.0,49.0,86.08,75.86,-46.08,29.869999999999997,-49.71,-94.13,1.7800000000000011,-64.64,-92.1,-87.24,-58.87,20.04
2025-07-24T17:13:26.205704,-3.0,-6.0,-91.0,-8.0,27.0,6.0,29.0,-54.0,-75.0,-1.0,12.0,8.0,20.08,-26.14,-90.08,4.869999999999999,23.29,8.870000000000001,12.780000000000001,-33.64,-104.1,-11.24,50.13,-20.96
2025-07-24T17:13:26.210746,57.0,11.0,-109.0,34.0,15.0,-40.0,-5.0,12.0,-20.0,35.0,-23.0,-53.0,80.08,-9.14,-108.08,46.87,11.29,-37.13,-21.22,32.36,-49.1,24.759999999999998,15.130000000000003,-81.96000000000001
2025-07-24T17:13:26.217755,-22.0,65.0,-30.0,30.0,-69.0,-42.0,-11.0,-2.0,-18.0,68.0,-20.0,14.0,1.0799999999999983,44.86,-29.08,42.87,-72.71,-39.13,-27.22,18.36,-47.1,57.76,18.130000000000003,-14.96
2025-07-24T17:13:26.223103,-103.0,-72.0,-21.0,45.0,21.0,-9.0,-20.0,-15.0,-67.0,44.0,-23.0,-35.0,-79.92,-92.14,-20.08,57.87,17.29,-6.13,-36.22,5.359999999999999,-96.1,33.76,15.130000000000003,-63.96
2025-07-24T17:13:26.229878,-43.0,70.0,48.0,24.0,-11.0,-92.0,90.0,-54.0,4.0,-60.0,-26.0,9.0,-19.92,49.86,48.92,36.87,-14.71,-89.13,73.78,-33.64,-25.1,-70.24,12.130000000000003,-19.96
2025-07-24T17:13:26.234407,-30.0,48.0,-5.0,18.0,30.0,19.0,21.0,-50.0,-41.0,29.0,44.0,-54.0,-6.920000000000002,27.86,-4.08,30.869999999999997,26.29,21.87,4.780000000000001,-29.64,-70.1,18.759999999999998,82.13,-82.96000000000001
2025-07-24T17:13:26.242143,-43.0,6.0,-45.0,-39.0,25.0,-36.0,7.0,-83.0,-60.0,20.0,-6.0,-7.0,-19.92,-14.14,-44.08,-26.130000000000003,21.29,-33.13,-9.219999999999999,-62.64,-89.1,9.76,32.13,-35.96
2025-07-24T17:13:26.246932,-42.0,30.0,-66.0,-31.0,35.0,-46.0,-4.0,-49.0,6.0,71.0,30.0,-144.0,-18.92,9.86,-65.08,-18.130000000000003,31.29,-43.13,-20.22,-28.64,-23.1,60.76,68.13,-172.96
2025-07-24T17:13:26.254583,-14.0,58.0,-81.0,52.0,45.0,-42.0,-29.0,0.0,-28.0,-42.0,9.0,-47.0,9.079999999999998,37.86,-80.08,64.87,41.29,-39.13,-45.22,20.36,-57.1,-52.24,47.13,-75.96000000000001
2025-07-24T17:13:26.259238,38.0,50.0,-46.0,18.0,-31.0,-52.0,44.0,-35.0,49.0,8.0,33.0,-39.0,61.08,29.86,-45.08,30.869999999999997,-34.71,-49.13,27.78,-14.64,19.9,-2.24,71.13,-67.96000000000001
2025-07-24T17:13:26.266830,-15.0,-32.0,-58.0,54.0,-21.0,-69.0,39.0,-23.0,-29.0,-17.0,54.0,-10.0,8.079999999999998,-52.14,-57.08,66.87,-24.71,-66.13,22.78,-2.6400000000000006,-58.1,-27.240000000000002,92.13,-38.96
2025-07-24T17:13:26.271225,-7.0,34.0,-37.0,-58.0,32.0,-17.0,-6.0,-40.0,-44.0,-1.0,-18.0,-53.0,16.08,13.86,-36.08,-45.13,28.29,-14.129999999999999,-22.22,-19.64,-73.1,-11.24,20.130000000000003,-81.96000000000001
2025-07-24T17:13:26.279196,-56.0,38.0,-57.0,5.0,-11.0,4.0,-37.0,-11.0,28.0,-26.0,-6.0,-82.0,-32.92,17.86,-56.08,17.869999999999997,-14.71,6.87,-53.22,9.36,-1.1000000000000014,-36.24,32.13,-110.96000000000001
2025-07-24T17:13:26.283640,-36.0,12.0,12.0,-25.0,7.0,1.0,12.0,-26.0,2.0,-67.0,24.0,-49.0,-12.920000000000002,-8.14,12.92,-12.13,3.29,3.87,-4.219999999999999,-5.640000000000001,-27.1,-77.24,62.13,-77.96000000000001
2025-07-24T17:13:26.291406,-49.0,11.0,-46.0,2.0,-25.0,-93.0,64.0,-50.0,-11.0,-46.0,39.0,-3.0,-25.92,-9.14,-45.08,14.87,-28.71,-90.13,47.78,-29.64,-40.1,-56.24,77.13,-31.96
2025-07-24T17:13:26.295543,-42.0,22.0,22.0,0.0,-4.0,-30.0,13.0,-12.0,-17.0,-8.0,36.0,-9.0,-18.92,1.8599999999999994,22.92,12.87,-7.71,-27.13,-3.219999999999999,8.36,-46.1,-18.240000000000002,74.13,-37.96
2025-07-24T17:13:26.303626,-30.0,41.0,-55.0,45.0,13.0,-11.0,30.0,-80.0,-29.0,-35.0,16.0,-26.0,-6.920000000000002,20.86,-54.08,57.87,9.29,-8.129999999999999,13.780000000000001,-59.64,-58.1,-45.24,54.13,-54.96
2025-07-24T17:13:26.307810,-56.0,49.0,-24.0,41.0,-64.0,-102.0,47.0,-19.0,24.0,4.0,33.0,-13.0,-32.92,28.86,-23.08,53.87,-67.71,-99.13,30.78,1.3599999999999994,-5.100000000000001,-6.24,71.13,-41.96
2025-07-24T17:13:26.315955,-84.0,57.0,-87.0,22.0,-27.0,-40.0,86.0,-109.0,10.0,-10.0,5.0,-31.0,-60.92,36.86,-86.08,34.87,-30.71,-37.13,69.78,-88.64,-19.1,-20.240000000000002,43.13,-59.96
2025-07-24T17:13:26.320425,51.0,55.0,-77.0,-116.0,-57.0,-8.0,129.0,-7.0,32.0,-21.0,56.0,2.0,74.08,34.86,-76.08,-103.13,-60.71,-5.13,112.78,13.36,2.8999999999999986,-31.240000000000002,94.13,-26.96
2025-07-24T17:13:26.328279,-35.0,2.0,-115.0,17.0,24.0,11.0,39.0,-35.0,-11.0,-4.0,-9.0,-19.0,-11.920000000000002,-18.14,-114.08,29.869999999999997,20.29,13.870000000000001,22.78,-14.64,-40.1,-14.24,29.130000000000003,-47.96
2025-07-24T17:13:26.332467,44.0,-2.0,-50.0,17.0,-29.0,-97.0,90.0,-55.0,55.0,-34.0,75.0,7.0,67.08,-22.14,-49.08,29.869999999999997,-32.71,-94.13,73.78,-34.64,25.9,-44.24,113.13,-21.96
2025-07-24T17:13:26.340392,-20.0,65.0,-55.0,13.0,17.0,-9.0,0.0,-23.0,62.0,-36.0,9.0,-38.0,3.0799999999999983,44.86,-54.08,25.869999999999997,13.29,-6.13,-16.22,-2.6400000000000006,32.9,-46.24,47.13,-66.96000000000001
2025-07-24T17:13:26.344682,-12.0,-18.0,-73.0,-43.0,53.0,-52.0,55.0,28.0,-30.0,-38.0,9.0,-138.0,11.079999999999998,-38.14,-72.08,-30.130000000000003,49.29,-49.13,38.78,48.36,-59.1,-48.24,47.13,-166.96
2025-07-24T17:13:26.352768,53.0,28.0,-21.0,-21.0,-44.0,-65.0,28.0,-20.0,-12.0,-55.0,45.0,-77.0,76.08,7.859999999999999,-20.08,-8.13,-47.71,-62.13,11.780000000000001,0.35999999999999943,-41.1,-65.24,83.13,-105.96000000000001
2025-07-24T17:13:26.356934,-24.0,-24.0,10.0,26.0,13.0,-3.0,36.0,-104.0,-9.0,-9.0,42.0,-40.0,-0.9200000000000017,-44.14,10.92,38.87,9.29,-0.1299999999999999,19.78,-83.64,-38.1,-19.240000000000002,80.13,-68.96000000000001
2025-07-24T17:13:26.361169,-18.0,37.0,-33.0,7.0,-86.0,30.0,35.0,-53.0,70.0,3.0,3.0,-80.0,5.079999999999998,16.86,-32.08,19.869999999999997,-89.71,32.87,18.78,-32.64,40.9,-7.24,41.13,-108.96000000000001
2025-07-24T17:13:26.369471,-37.0,90.0,-37.0,-9.0,20.0,28.0,38.0,-28.0,30.0,-24.0,-1.0,-129.0,-13.920000000000002,69.86,-36.08,3.869999999999999,16.29,30.87,21.78,-7.640000000000001,0.8999999999999986,-34.24,37.13,-157.96
2025-07-24T17:13:26.373669,-1.0,74.0,-61.0,17.0,62.0,-13.0,11.0,-76.0,46.0,-16.0,23.0,-86.0,22.08,53.86,-60.08,29.869999999999997,58.29,-10.129999999999999,-5.219999999999999,-55.64,16.9,-26.240000000000002,61.13,-114.96000000000001
2025-07-24T17:13:26.381741,12.0,97.0,-85.0,82.0,21.0,-66.0,117.0,-13.0,23.0,-4.0,-23.0,-56.0,35.08,76.86,-84.08,94.87,17.29,-63.13,100.78,7.359999999999999,-6.100000000000001,-14.24,15.130000000000003,-84.96000000000001
2025-07-24T17:13:26.385896,-44.0,8.0,-103.0,89.0,36.0,-45.0,4.0,-121.0,21.0,-57.0,-22.0,-40.0,-20.92,-12.14,-102.08,101.87,32.29,-42.13,-12.219999999999999,-100.64,-8.100000000000001,-67.24,16.130000000000003,-68.96000000000001
2025-07-24T17:13:26.394017,16.0,3.0,-18.0,13.0,-1.0,-18.0,10.0,-26.0,2.0,-11.0,54.0,-46.0,39.08,-17.14,-17.08,25.869999999999997,-4.71,-15.129999999999999,-6.219999999999999,-5.640000000000001,-27.1,-21.240000000000002,92.13,-74.96000000000001
2025-07-24T17:13:26.398146,-53.0,24.0,-10.0,-33.0,6.0,17.0,14.0,-12.0,-21.0,-49.0,-14.0,-32.0,-29.92,3.8599999999999994,-9.08,-20.130000000000003,2.29,19.87,-2.219999999999999,8.36,-50.1,-59.24,24.130000000000003,-60.96
2025-07-24T17:13:26.406094,-49.0,-30.0,-65.0,0.0,8.0,-23.0,31.0,-65.0,36.0,-23.0,70.0,-61.0,-25.92,-50.14,-64.08,12.87,4.29,-20.13,14.780000000000001,-44.64,6.899999999999999,-33.24,108.13,-89.96000000000001
2025-07-24T17:13:26.410435,-90.0,-56.0,29.0,8.0,-41.0,17.0,33.0,18.0,6.0,-20.0,45.0,-53.0,-66.92,-76.14,29.92,20.869999999999997,-44.71,19.87,16.78,38.36,-23.1,-30.240000000000002,83.13,-81.96000000000001
2025-07-24T17:13:26.418283,-53.0,70.0,13.0,-75.0,4.0,25.0,33.0,-82.0,-71.0,-27.0,-54.0,11.0,-29.92,49.86,13.92,-62.13,0.29000000000000004,27.87,16.78,-61.64,-100.1,-37.24,-15.869999999999997,-17.96
2025-07-24T17:13:26.422726,10.0,53.0,-76.0,20.0,11.0,-100.0,11.0,2.0,-21.0,10.0,49.0,-29.0,33.08,32.86,-75.08,32.87,7.29,-97.13,-5.219999999999999,22.36,-50.1,-0.2400000000000002,87.13,-57.96
2025-07-24T17:13:26.430888,-48.0,69.0,-33.0,-4.0,-31.0,-39.0,-23.0,-6.0,20.0,-93.0,13.0,7.0,-24.92,48.86,-32.08,8.87,-34.71,-36.13,-39.22,14.36,-9.100000000000001,-103.24,51.13,-21.96
2025-07-24T17:13:26.435248,13.0,39.0,-47.0,-11.0,2.0,-8.0,33.0,-3.0,-31.0,-38.0,-61.0,14.0,36.08,18.86,-46.08,1.8699999999999992,-1.71,-5.13,16.78,17.36,-60.1,-48.24,-22.869999999999997,-14.96
2025-07-24T17:13:26.443091,37.0,49.0,-91.0,72.0,-30.0,-4.0,56.0,-18.0,-65.0,-2.0,29.0,9.0,60.08,28.86,-90.08,84.87,-33.71,-1.13,39.78,2.3599999999999994,-94.1,-12.24,67.13,-19.96
2025-07-24T17:13:26.447448,46.0,-2.0,-106.0,-42.0,-11.0,15.0,1.0,-51.0,-75.0,-37.0,-19.0,-35.0,69.08,-22.14,-105.08,-29.130000000000003,-14.71,17.87,-15.219999999999999,-30.64,-104.1,-47.24,19.130000000000003,-63.96
2025-07-24T17:13:26.455125,23.0,42.0,65.0,-38.0,-93.0,-42.0,98.0,-12.0,32.0,-25.0,-4.0,-14.0,46.08,21.86,65.92,-25.130000000000003,-96.71,-39.13,81.78,8.36,2.8999999999999986,-35.24,34.13,-42.96
2025-07-24T17:13:26.459826,-60.0,0.0,-59.0,-22.0,-2.0,34.0,11.0,26.0,40.0,15.0,56.0,-63.0,-36.92,-20.14,-58.08,-9.13,-5.71,36.87,-5.219999999999999,46.36,10.899999999999999,4.76,94.13,-91.96000000000001
2025-07-24T17:13:26.467536,-51.0,66.0,-35.0,-3.0,-21.0,-37.0,47.0,-7.0,28.0,33.0,3.0,-52.0,-27.92,45.86,-34.08,9.87,-24.71,-34.13,30.78,13.36,-1.1000000000000014,22.759999999999998,41.13,-80.96000000000001
2025-07-24T17:13:26.472040,-70.0,2.0,55.0,91.0,88.0,-13.0,18.0,-15.0,11.0,-20.0,42.0,-33.0,-46.92,-18.14,55.92,103.87,84.29,-10.129999999999999,1.7800000000000011,5.359999999999999,-18.1,-30.240000000000002,80.13,-61.96
2025-07-24T17:13:26.479789,-7.0,84.0,-33.0,12.0,-1.0,-20.0,50.0,-100.0,20.0,-50.0,32.0,20.0,16.08,63.86,-32.08,24.869999999999997,-4.71,-17.13,33.78,-79.64,-9.100000000000001,-60.24,70.13,-8.96
2025-07-24T17:13:26.483957,-37.0,69.0,-24.0,30.0,20.0,17.0,44.0,-25.0,35.0,0.0,28.0,-28.0,-13.920000000000002,48.86,-23.08,42.87,16.29,19.87,27.78,-4.640000000000001,5.899999999999999,-10.24,66.13,-56.96
2025-07-24T17:13:26.492000,-7.0,13.0,-73.0,-67.0,-68.0,5.0,44.0,-26.0,-8.0,-27.0,28.0,-103.0,16.08,-7.140000000000001,-72.08,-54.13,-71.71,7.87,27.78,-5.640000000000001,-37.1,-37.24,66.13,-131.96
2025-07-24T17:13:26.496725,16.0,33.0,-17.0,4.0,38.0,25.0,-59.0,-58.0,-15.0,-89.0,12.0,-53.0,39.08,12.86,-16.08,16.869999999999997,34.29,27.87,-75.22,-37.64,-44.1,-99.24,50.13,-81.96000000000001
2025-07-24T17:13:26.504384,73.0,9.0,-88.0,-2.0,11.0,-95.0,-28.0,23.0,19.0,4.0,-19.0,-24.0,96.08,-11.14,-87.08,10.87,7.29,-92.13,-44.22,43.36,-10.100000000000001,-6.24,19.130000000000003,-52.96
2025-07-24T17:13:26.508590,13.0,14.0,-50.0,19.0,106.0,-78.0,16.0,-24.0,12.0,-53.0,47.0,-41.0,36.08,-6.140000000000001,-49.08,31.869999999999997,102.29,-75.13,-0.21999999999999886,-3.6400000000000006,-17.1,-63.24,85.13,-69.96000000000001
2025-07-24T17:13:26.516836,46.0,14.0,-16.0,-38.0,26.0,-85.0,28.0,-84.0,37.0,-38.0,53.0,-29.0,69.08,-6.140000000000001,-15.08,-25.130000000000003,22.29,-82.13,11.780000000000001,-63.64,7.899999999999999,-48.24,91.13,-57.96
2025-07-24T17:13:26.521013,-107.0,33.0,54.0,13.0,4.0,-3.0,-93.0,-51.0,57.0,16.0,-5.0,-42.0,-83.92,12.86,54.92,25.869999999999997,0.29000000000000004,-0.1299999999999999,-109.22,-30.64,27.9,5.76,33.13,-70.96000000000001
2025-07-24T17:13:26.528869,-4.0,132.0,10.0,-27.0,55.0,-21.0,-56.0,-17.0,41.0,-47.0,27.0,-75.0,19.08,111.86,10.92,-14.13,51.29,-18.13,-72.22,3.3599999999999994,11.899999999999999,-57.24,65.13,-103.96000000000001
2025-07-24T17:13:26.533134,-22.0,86.0,-43.0,-15.0,49.0,3.0,18.0,-5.0,35.0,-23.0,25.0,23.0,1.0799999999999983,65.86,-42.08,-2.130000000000001,45.29,5.87,1.7800000000000011,15.36,5.899999999999999,-33.24,63.13,-5.960000000000001
2025-07-24T17:13:26.541268,-38.0,73.0,-38.0,-28.0,-19.0,14.0,-6.0,-21.0,-16.0,-95.0,37.0,-35.0,-14.920000000000002,52.86,-37.08,-15.13,-22.71,16.87,-22.22,-0.6400000000000006,-45.1,-105.24,75.13,-63.96
2025-07-24T17:13:26.546406,68.0,12.0,-85.0,-72.0,42.0,-41.0,-14.0,-35.0,-39.0,-27.0,58.0,-64.0,91.08,-8.14,-84.08,-59.13,38.29,-38.13,-30.22,-14.64,-68.1,-37.24,96.13,-92.96000000000001
2025-07-24T17:13:26.553553,49.0,81.0,-21.0,35.0,-22.0,-64.0,51.0,44.0,-2.0,-31.0,9.0,-75.0,72.08,60.86,-20.08,47.87,-25.71,-61.13,34.78,64.36,-31.1,-41.24,47.13,-103.96000000000001
2025-07-24T17:13:26.557712,8.0,11.0,14.0,22.0,-17.0,-62.0,-37.0,-24.0,18.0,-52.0,4.0,-95.0,31.08,-9.14,14.92,34.87,-20.71,-59.13,-53.22,-3.6400000000000006,-11.100000000000001,-62.24,42.13,-123.96000000000001
2025-07-24T17:13:26.565748,-14.0,63.0,-13.0,11.0,-40.0,-16.0,45.0,70.0,-37.0,-28.0,-8.0,-38.0,9.079999999999998,42.86,-12.08,23.869999999999997,-43.71,-13.129999999999999,28.78,90.36,-66.1,-38.24,30.130000000000003,-66.96000000000001
2025-07-24T17:13:26.570045,-28.0,-4.0,-46.0,-86.0,19.0,20.0,-31.0,-33.0,-14.0,-38.0,28.0,-48.0,-4.920000000000002,-24.14,-45.08,-73.13,15.29,22.87,-47.22,-12.64,-43.1,-48.24,66.13,-76.96000000000001
2025-07-24T17:13:26.578064,-83.0,137.0,48.0,-31.0,63.0,-22.0,56.0,6.0,-47.0,-32.0,12.0,-16.0,-59.92,116.86,48.92,-18.130000000000003,59.29,-19.13,39.78,26.36,-76.1,-42.24,50.13,-44.96
2025-07-24T17:13:26.582311,-52.0,14.0,18.0,-29.0,31.0,-47.0,-2.0,-38.0,117.0,-17.0,-4.0,-68.0,-28.92,-6.140000000000001,18.92,-16.130000000000003,27.29,-44.13,-18.22,-17.64,87.9,-27.240000000000002,34.13,-96.96000000000001
2025-07-24T17:13:26.590295,-48.0,12.0,-46.0,15.0,17.0,-63.0,32.0,-36.0,-4.0,-38.0,33.0,-50.0,-24.92,-8.14,-45.08,27.869999999999997,13.29,-60.13,15.780000000000001,-15.64,-33.1,-48.24,71.13,-78.96000000000001
2025-07-24T17:13:26.595269,-25.0,66.0,-53.0,-8.0,-6.0,-99.0,39.0,-67.0,12.0,-66.0,23.0,-58.0,-1.9200000000000017,45.86,-52.08,4.869999999999999,-9.71,-96.13,22.78,-46.64,-17.1,-76.24,61.13,-86.96000000000001
2025-07-24T17:13:26.602654,36.0,-64.0,-35.0,-14.0,1.0,-50.0,78.0,11.0,-31.0,-33.0,12.0,-105.0,59.08,-84.14,-34.08,-1.1300000000000008,-2.71,-47.13,61.78,31.36,-60.1,-43.24,50.13,-133.96
2025-07-24T17:13:26.606783,-30.0,62.0,17.0,-43.0,17.0,8.0,18.0,-59.0,10.0,-60.0,62.0,-38.0,-6.920000000000002,41.86,17.92,-30.130000000000003,13.29,10.870000000000001,1.7800000000000011,-38.64,-19.1,-70.24,100.13,-66.96000000000001
2025-07-24T17:13:26.614850,-36.0,32.0,-43.0,10.0,6.0,-15.0,44.0,-23.0,-83.0,-12.0,86.0,-53.0,-12.920000000000002,11.86,-42.08,22.869999999999997,2.29,-12.129999999999999,27.78,-2.6400000000000006,-112.1,-22.240000000000002,124.13,-81.96000000000001
2025-07-24T17:13:26.619298,-92.0,64.0,19.0,-51.0,43.0,-29.0,-26.0,-58.0,-75.0,-28.0,-45.0,-106.0,-68.92,43.86,19.92,-38.13,39.29,-26.13,-42.22,-37.64,-104.1,-38.24,-6.869999999999997,-134.96
2025-07-24T17:13:26.627248,-42.0,73.0,-86.0,29.0,-30.0,-49.0,15.0,-66.0,-12.0,56.0,-24.0,-24.0,-18.92,52.86,-85.08,41.87,-33.71,-46.13,-1.2199999999999989,-45.64,-41.1,45.76,14.130000000000003,-52.96
2025-07-24T17:13:26.631970,12.0,97.0,-53.0,6.0,-20.0,-78.0,48.0,-40.0,-10.0,5.0,-5.0,-52.0,35.08,76.86,-52.08,18.869999999999997,-23.71,-75.13,31.78,-19.64,-39.1,-5.24,33.13,-80.96000000000001
2025-07-24T17:13:26.639507,29.0,61.0,-45.0,-14.0,49.0,-57.0,-25.0,-39.0,-22.0,-63.0,-27.0,-82.0,52.08,40.86,-44.08,-1.1300000000000008,45.29,-54.13,-41.22,-18.64,-51.1,-73.24,11.130000000000003,-110.96000000000001
2025-07-24T17:13:26.643872,6.0,44.0,-75.0,36.0,-90.0,51.0,25.0,-36.0,1.0,7.0,40.0,-36.0,29.08,23.86,-74.08,48.87,-93.71,53.87,8.780000000000001,-15.64,-28.1,-3.24,78.13,-64.96000000000001
2025-07-24T17:13:26.648752,-38.0,-18.0,-92.0,38.0,13.0,-56.0,21.0,-13.0,6.0,-10.0,74.0,-33.0,-14.920000000000002,-38.14,-91.08,50.87,9.29,-53.13,4.780000000000001,7.359999999999999,-23.1,-20.240000000000002,112.13,-61.96
2025-07-24T17:13:26.655850,21.0,-16.0,-9.0,1.0,-6.0,5.0,17.0,-36.0,78.0,9.0,-5.0,-21.0,44.08,-36.14,-8.08,13.87,-9.71,7.87,0.7800000000000011,-15.64,48.9,-1.2400000000000002,33.13,-49.96
2025-07-24T17:13:26.660566,24.0,-24.0,-6.0,-18.0,-15.0,-41.0,4.0,-53.0,-61.0,17.0,109.0,-6.0,47.08,-44.14,-5.08,-5.130000000000001,-18.71,-38.13,-12.219999999999999,-32.64,-90.1,6.76,147.13,-34.96
2025-07-24T17:13:26.668427,45.0,18.0,0.0,-10.0,22.0,-50.0,56.0,-73.0,-45.0,-27.0,52.0,4.0,68.08,-2.1400000000000006,0.92,2.869999999999999,18.29,-47.13,39.78,-52.64,-74.1,-37.24,90.13,-24.96
2025-07-24T17:13:26.673736,-87.0,-17.0,-22.0,-24.0,58.0,-46.0,37.0,-1.0,26.0,-22.0,-11.0,-4.0,-63.92,-37.14,-21.08,-11.13,54.29,-43.13,20.78,19.36,-3.1000000000000014,-32.24,27.130000000000003,-32.96
2025-07-24T17:13:26.680392,-33.0,76.0,26.0,43.0,26.0,-67.0,11.0,-71.0,16.0,-50.0,19.0,-14.0,-9.920000000000002,55.86,26.92,55.87,22.29,-64.13,-5.219999999999999,-50.64,-13.100000000000001,-60.24,57.13,-42.96
2025-07-24T17:13:26.685762,-74.0,14.0,-40.0,-5.0,-7.0,-67.0,4.0,-102.0,15.0,-9.0,5.0,-3.0,-50.92,-6.140000000000001,-39.08,7.869999999999999,-10.71,-64.13,-12.219999999999999,-81.64,-14.100000000000001,-19.240000000000002,43.13,-31.96
2025-07-24T17:13:26.692810,-58.0,102.0,-62.0,-21.0,1.0,-60.0,-63.0,-71.0,-4.0,-38.0,26.0,-2.0,-34.92,81.86,-61.08,-8.13,-2.71,-57.13,-79.22,-50.64,-33.1,-48.24,64.13,-30.96
2025-07-24T17:13:26.697970,-56.0,49.0,-37.0,-71.0,-11.0,3.0,35.0,-68.0,69.0,41.0,-56.0,36.0,-32.92,28.86,-36.08,-58.13,-14.71,5.87,18.78,-47.64,39.9,30.759999999999998,-17.869999999999997,7.039999999999999
2025-07-24T17:13:26.705077,-54.0,75.0,-42.0,-22.0,-33.0,-65.0,27.0,-51.0,22.0,-27.0,-50.0,39.0,-30.92,54.86,-41.08,-9.13,-36.71,-62.13,10.780000000000001,-30.64,-7.100000000000001,-37.24,-11.869999999999997,10.04
2025-07-24T17:13:26.710274,-34.0,6.0,-110.0,-63.0,-47.0,-9.0,54.0,-30.0,3.0,0.0,-48.0,-24.0,-10.920000000000002,-14.14,-109.08,-50.13,-50.71,-6.13,37.78,-9.64,-26.1,-10.24,-9.869999999999997,-52.96
2025-07-24T17:13:26.717336,49.0,72.0,-66.0,-54.0,-20.0,-16.0,58.0,-36.0,-3.0,51.0,-79.0,39.0,72.08,51.86,-65.08,-41.13,-23.71,-13.129999999999999,41.78,-15.64,-32.1,40.76,-40.87,10.04
2025-07-24T17:13:26.722444,23.0,-26.0,-69.0,-24.0,-11.0,-74.0,72.0,-36.0,-35.0,79.0,-47.0,-11.0,46.08,-46.14,-68.08,-11.13,-14.71,-71.13,55.78,-15.64,-64.1,68.76,-8.869999999999997,-39.96
2025-07-24T17:13:26.729714,53.0,16.0,28.0,13.0,-41.0,-95.0,7.0,-51.0,-11.0,12.0,-41.0,7.0,76.08,-4.140000000000001,28.92,25.869999999999997,-44.71,-92.13,-9.219999999999999,-30.64,-40.1,1.7599999999999998,-2.8699999999999974,-21.96
2025-07-24T17:13:26.733784,-3.0,21.0,20.0,22.0,-36.0,-70.0,26.0,-58.0,-54.0,103.0,-73.0,68.0,20.08,0.8599999999999994,20.92,34.87,-39.71,-67.13,9.780000000000001,-37.64,-83.1,92.76,-34.87,39.04
2025-07-24T17:13:26.741835,-63.0,37.0,-5.0,30.0,-67.0,18.0,17.0,-57.0,18.0,26.0,-71.0,34.0,-39.92,16.86,-4.08,42.87,-70.71,20.87,0.7800000000000011,-36.64,-11.100000000000001,15.76,-32.87,5.039999999999999
2025-07-24T17:13:26.746034,-32.0,138.0,13.0,2.0,-22.0,9.0,5.0,-55.0,3.0,93.0,-43.0,17.0,-8.920000000000002,117.86,13.92,14.87,-25.71,11.870000000000001,-11.219999999999999,-34.64,-26.1,82.76,-4.869999999999997,-11.96
2025-07-24T17:13:26.754223,-14.0,73.0,37.0,42.0,-47.0,17.0,48.0,-48.0,16.0,3.0,-57.0,-32.0,9.079999999999998,52.86,37.92,54.87,-50.71,19.87,31.78,-27.64,-13.100000000000001,-7.24,-18.869999999999997,-60.96
2025-07-24T17:13:26.758513,-46.0,102.0,-135.0,-54.0,13.0,-55.0,25.0,-110.0,10.0,11.0,-22.0,56.0,-22.92,81.86,-134.08,-41.13,9.29,-52.13,8.780000000000001,-89.64,-19.1,0.7599999999999998,16.130000000000003,27.04
2025-07-24T17:13:26.766514,-75.0,152.0,-41.0,8.0,22.0,-89.0,-69.0,-82.0,-37.0,62.0,-11.0,-11.0,-51.92,131.86,-40.08,20.869999999999997,18.29,-86.13,-85.22,-61.64,-66.1,51.76,27.130000000000003,-39.96
2025-07-24T17:13:26.770600,-46.0,5.0,-47.0,7.0,39.0,-59.0,-22.0,-101.0,10.0,97.0,-65.0,-3.0,-22.92,-15.14,-46.08,19.869999999999997,35.29,-56.13,-38.22,-80.64,-19.1,86.76,-26.869999999999997,-31.96
2025-07-24T17:13:26.778682,-1.0,30.0,-42.0,14.0,14.0,-66.0,-3.0,-90.0,4.0,59.0,-42.0,-4.0,22.08,9.86,-41.08,26.869999999999997,10.29,-63.13,-19.22,-69.64,-25.1,48.76,-3.8699999999999974,-32.96
2025-07-24T17:13:26.783213,43.0,33.0,35.0,23.0,-70.0,-15.0,-24.0,-73.0,-14.0,94.0,-38.0,-7.0,66.08,12.86,35.92,35.87,-73.71,-12.129999999999999,-40.22,-52.64,-43.1,83.76,0.13000000000000256,-35.96
2025-07-24T17:13:26.791102,-40.0,-12.0,48.0,-94.0,69.0,-40.0,-43.0,-60.0,42.0,23.0,-28.0,58.0,-16.92,-32.14,48.92,-81.13,65.29,-37.13,-59.22,-39.64,12.899999999999999,12.76,10.130000000000003,29.04
2025-07-24T17:13:26.795510,-16.0,46.0,43.0,-39.0,4.0,-2.0,10.0,-13.0,5.0,47.0,-44.0,7.0,7.079999999999998,25.86,43.92,-26.130000000000003,0.29000000000000004,0.8700000000000001,-6.219999999999999,7.359999999999999,-24.1,36.76,-5.869999999999997,-21.96
2025-07-24T17:13:26.803228,21.0,65.0,-63.0,-49.0,47.0,2.0,-19.0,54.0,-68.0,99.0,-43.0,45.0,44.08,44.86,-62.08,-36.13,43.29,4.87,-35.22,74.36,-97.1,88.76,-4.869999999999997,16.04
2025-07-24T17:13:26.807484,-72.0,80.0,-29.0,-28.0,-37.0,-99.0,34.0,-33.0,-32.0,58.0,-6.0,-52.0,-48.92,59.86,-28.08,-15.13,-40.71,-96.13,17.78,-12.64,-61.1,47.76,32.13,-80.96000000000001
2025-07-24T17:13:26.811902,53.0,138.0,-82.0,3.0,15.0,-53.0,-26.0,1.0,-28.0,8.0,-51.0,-14.0,76.08,117.86,-81.08,15.87,11.29,-50.13,-42.22,21.36,-57.1,-2.24,-12.869999999999997,-42.96
2025-07-24T17:13:26.819848,41.0,137.0,-59.0,65.0,-16.0,-48.0,8.0,74.0,-20.0,12.0,-82.0,17.0,64.08,116.86,-58.08,77.87,-19.71,-45.13,-8.219999999999999,94.36,-49.1,1.7599999999999998,-43.87,-11.96
2025-07-24T17:13:26.824209,26.0,1.0,-38.0,30.0,-8.0,-24.0,39.0,-20.0,-19.0,48.0,-20.0,38.0,49.08,-19.14,-37.08,42.87,-11.71,-21.13,22.78,0.35999999999999943,-48.1,37.76,18.130000000000003,9.04
2025-07-24T17:13:26.831990,-26.0,53.0,-33.0,80.0,31.0,-49.0,2.0,4.0,-58.0,43.0,-75.0,-2.0,-2.9200000000000017,32.86,-32.08,92.87,27.29,-46.13,-14.219999999999999,24.36,-87.1,32.76,-36.87,-30.96
2025-07-24T17:13:26.836558,-6.0,12.0,-21.0,-67.0,-30.0,0.0,46.0,4.0,-17.0,64.0,-60.0,73.0,17.08,-8.14,-20.08,-54.13,-33.71,2.87,29.78,24.36,-46.1,53.76,-21.869999999999997,44.04
2025-07-24T17:13:26.844392,-35.0,65.0,-45.0,-63.0,-11.0,-32.0,38.0,-62.0,-9.0,2.0,-6.0,-17.0,-11.920000000000002,44.86,-44.08,-50.13,-14.71,-29.13,21.78,-41.64,-38.1,-8.24,32.13,-45.96
2025-07-24T17:13:26.848852,-38.0,53.0,-12.0,37.0,8.0,68.0,52.0,-18.0,-11.0,43.0,18.0,-3.0,-14.920000000000002,32.86,-11.08,49.87,4.29,70.87,35.78,2.3599999999999994,-40.1,32.76,56.13,-31.96
2025-07-24T17:13:26.856702,-25.0,34.0,-12.0,-26.0,21.0,-117.0,5.0,-84.0,-28.0,23.0,-85.0,-16.0,-1.9200000000000017,13.86,-11.08,-13.13,17.29,-114.13,-11.219999999999999,-63.64,-57.1,12.76,-46.87,-44.96
2025-07-24T17:13:26.860842,-56.0,48.0,-8.0,61.0,61.0,-74.0,30.0,4.0,-7.0,-41.0,-14.0,38.0,-32.92,27.86,-7.08,73.87,57.29,-71.13,13.780000000000001,24.36,-36.1,-51.24,24.130000000000003,9.04
2025-07-24T17:13:26.868822,5.0,51.0,20.0,11.0,30.0,-72.0,34.0,-7.0,14.0,54.0,-57.0,40.0,28.08,30.86,20.92,23.869999999999997,26.29,-69.13,17.78,13.36,-15.100000000000001,43.76,-18.869999999999997,11.04
2025-07-24T17:13:26.873302,29.0,168.0,-22.0,53.0,8.0,-29.0,-2.0,-11.0,-11.0,7.0,6.0,53.0,52.08,147.86,-21.08,65.87,4.29,-26.13,-18.22,9.36,-40.1,-3.24,44.13,24.04
2025-07-24T17:13:26.881255,-68.0,99.0,-9.0,28.0,24.0,-83.0,41.0,-49.0,-26.0,53.0,-50.0,-2.0,-44.92,78.86,-8.08,40.87,20.29,-80.13,24.78,-28.64,-55.1,42.76,-11.869999999999997,-30.96
2025-07-24T17:13:26.885336,38.0,52.0,-10.0,47.0,6.0,-27.0,-18.0,-2.0,-51.0,77.0,-1.0,0.0,61.08,31.86,-9.08,59.87,2.29,-24.13,-34.22,18.36,-80.1,66.76,37.13,-28.96
2025-07-24T17:13:26.893441,-44.0,-16.0,-65.0,-3.0,10.0,13.0,64.0,-65.0,24.0,-15.0,-80.0,26.0,-20.92,-36.14,-64.08,9.87,6.29,15.870000000000001,47.78,-44.64,-5.100000000000001,-25.240000000000002,-41.87,-2.960000000000001
2025-07-24T17:13:26.897585,-38.0,-2.0,-42.0,9.0,-63.0,-25.0,57.0,-38.0,-35.0,12.0,-66.0,115.0,-14.920000000000002,-22.14,-41.08,21.869999999999997,-66.71,-22.13,40.78,-17.64,-64.1,1.7599999999999998,-27.869999999999997,86.03999999999999
2025-07-24T17:13:26.905666,61.0,72.0,-51.0,38.0,32.0,-22.0,-27.0,-21.0,-21.0,82.0,-48.0,3.0,84.08,51.86,-50.08,50.87,28.29,-19.13,-43.22,-0.6400000000000006,-50.1,71.76,-9.869999999999997,-25.96
2025-07-24T17:13:26.909935,-26.0,33.0,-34.0,-17.0,10.0,-78.0,46.0,-75.0,-57.0,28.0,-18.0,22.0,-2.9200000000000017,12.86,-33.08,-4.130000000000001,6.29,-75.13,29.78,-54.64,-86.1,17.759999999999998,20.130000000000003,-6.960000000000001
2025-07-24T17:13:26.917967,60.0,40.0,29.0,60.0,93.0,6.0,59.0,16.0,3.0,26.0,-65.0,-25.0,83.08,19.86,29.92,72.87,89.29,8.870000000000001,42.78,36.36,-26.1,15.76,-26.869999999999997,-53.96
2025-07-24T17:13:26.922397,-38.0,65.0,32.0,17.0,-56.0,-110.0,45.0,-62.0,43.0,29.0,-42.0,-4.0,-14.920000000000002,44.86,32.92,29.869999999999997,-59.71,-107.13,28.78,-41.64,13.899999999999999,18.759999999999998,-3.8699999999999974,-32.96
2025-07-24T17:13:26.930444,-46.0,96.0,4.0,-2.0,-10.0,-55.0,54.0,-105.0,-68.0,-26.0,-61.0,25.0,-22.92,75.86,4.92,10.87,-13.71,-52.13,37.78,-84.64,-97.1,-36.24,-22.869999999999997,-3.960000000000001
2025-07-24T17:13:26.934677,-43.0,46.0,-81.0,-65.0,30.0,45.0,65.0,24.0,-57.0,47.0,-42.0,12.0,-19.92,25.86,-80.08,-52.13,26.29,47.87,48.78,44.36,-86.1,36.76,-3.8699999999999974,-16.96
2025-07-24T17:13:26.942539,-7.0,38.0,-69.0,-38.0,-3.0,-22.0,-2.0,-56.0,-36.0,29.0,-30.0,8.0,16.08,17.86,-68.08,-25.130000000000003,-6.71,-19.13,-18.22,-35.64,-65.1,18.759999999999998,8.130000000000003,-20.96
2025-07-24T17:13:26.947323,10.0,121.0,-63.0,-37.0,-56.0,26.0,52.0,1.0,-50.0,63.0,-64.0,19.0,33.08,100.86,-62.08,-24.130000000000003,-59.71,28.87,35.78,21.36,-79.1,52.76,-25.869999999999997,-9.96
2025-07-24T17:13:26.954815,10.0,-14.0,-63.0,25.0,-4.0,-49.0,54.0,-51.0,38.0,28.0,13.0,-55.0,33.08,-34.14,-62.08,37.87,-7.71,-46.13,37.78,-30.64,8.899999999999999,17.759999999999998,51.13,-83.96000000000001
2025-07-24T17:13:26.959387,29.0,67.0,7.0,54.0,9.0,-94.0,80.0,-9.0,14.0,38.0,-29.0,0.0,52.08,46.86,7.92,66.87,5.29,-91.13,63.78,11.36,-15.100000000000001,27.759999999999998,9.130000000000003,-28.96
2025-07-24T17:13:26.963546,44.0,104.0,-65.0,13.0,14.0,-66.0,-6.0,-35.0,22.0,38.0,-22.0,12.0,67.08,83.86,-64.08,25.869999999999997,10.29,-63.13,-22.22,-14.64,-7.100000000000001,27.759999999999998,16.130000000000003,-16.96
2025-07-24T17:13:26.971657,-24.0,-20.0,21.0,-35.0,-18.0,-123.0,-37.0,-60.0,-10.0,6.0,-57.0,15.0,-0.9200000000000017,-40.14,21.92,-22.130000000000003,-21.71,-120.13,-53.22,-39.64,-39.1,-4.24,-18.869999999999997,-13.96
2025-07-24T17:13:26.975682,-96.0,73.0,-7.0,79.0,10.0,-21.0,35.0,7.0,5.0,60.0,-24.0,-38.0,-72.92,52.86,-6.08,91.87,6.29,-18.13,18.78,27.36,-24.1,49.76,14.130000000000003,-66.96000000000001
2025-07-24T17:13:26.983523,-49.0,56.0,-100.0,12.0,-70.0,-47.0,-50.0,-6.0,10.0,22.0,46.0,65.0,-25.92,35.86,-99.08,24.869999999999997,-73.71,-44.13,-66.22,14.36,-19.1,11.76,84.13,36.04
2025-07-24T17:13:26.988045,-31.0,63.0,-91.0,-25.0,74.0,4.0,21.0,-29.0,-56.0,4.0,54.0,-38.0,-7.920000000000002,42.86,-90.08,-12.13,70.29,6.87,4.780000000000001,-8.64,-85.1,-6.24,92.13,-66.96000000000001
2025-07-24T17:13:26.995841,-34.0,119.0,-26.0,1.0,49.0,-25.0,-31.0,-56.0,41.0,36.0,24.0,38.0,-10.920000000000002,98.86,-25.08,13.87,45.29,-22.13,-47.22,-35.64,11.899999999999999,25.759999999999998,62.13,9.04
2025-07-24T17:13:27.000363,46.0,85.0,-79.0,-7.0,57.0,-5.0,20.0,-119.0,74.0,29.0,78.0,-8.0,69.08,64.86,-78.08,5.869999999999999,53.29,-2.13,3.780000000000001,-98.64,44.9,18.759999999999998,116.13,-36.96
2025-07-24T17:13:27.008272,-4.0,42.0,-53.0,135.0,-73.0,-97.0,63.0,-27.0,31.0,-60.0,-1.0,99.0,19.08,21.86,-52.08,147.87,-76.71,-94.13,46.78,-6.640000000000001,1.8999999999999986,-70.24,37.13,70.03999999999999
2025-07-24T17:13:27.012760,24.0,63.0,-102.0,51.0,-20.0,-170.0,-58.0,-141.0,64.0,-21.0,77.0,24.0,47.08,42.86,-101.08,63.87,-23.71,-167.13,-74.22,-120.64,34.9,-31.240000000000002,115.13,-4.960000000000001
2025-07-24T17:13:27.020604,12.0,102.0,-24.0,7.0,17.0,-47.0,43.0,-69.0,75.0,-24.0,13.0,89.0,35.08,81.86,-23.08,19.869999999999997,13.29,-44.13,26.78,-48.64,45.9,-34.24,51.13,60.04
2025-07-24T17:13:27.025016,-22.0,70.0,-33.0,65.0,19.0,-26.0,-25.0,-79.0,71.0,56.0,3.0,73.0,1.0799999999999983,49.86,-32.08,77.87,15.29,-23.13,-41.22,-58.64,41.9,45.76,41.13,44.04
2025-07-24T17:13:27.032740,-37.0,28.0,-45.0,68.0,-26.0,-44.0,-4.0,-91.0,149.0,7.0,21.0,81.0,-13.920000000000002,7.859999999999999,-44.08,80.87,-29.71,-41.13,-20.22,-70.64,119.9,-3.24,59.13,52.04
2025-07-24T17:13:27.037442,33.0,95.0,-128.0,-5.0,-2.0,-57.0,-56.0,-39.0,94.0,-11.0,65.0,140.0,56.08,74.86,-127.08,7.869999999999999,-5.71,-54.13,-72.22,-18.64,64.9,-21.240000000000002,103.13,111.03999999999999
2025-07-24T17:13:27.045003,27.0,101.0,-106.0,-16.0,-10.0,-124.0,-6.0,-43.0,111.0,-32.0,31.0,61.0,50.08,80.86,-105.08,-3.130000000000001,-13.71,-121.13,-22.22,-22.64,81.9,-42.24,69.13,32.04
2025-07-24T17:13:27.049658,37.0,23.0,-39.0,67.0,36.0,-71.0,-27.0,-86.0,107.0,25.0,-1.0,59.0,60.08,2.8599999999999994,-38.08,79.87,32.29,-68.13,-43.22,-65.64,77.9,14.76,37.13,30.04
2025-07-24T17:13:27.057870,99.0,10.0,-44.0,56.0,-69.0,-35.0,-48.0,-79.0,171.0,-46.0,34.0,85.0,122.08,-10.14,-43.08,68.87,-72.71,-32.13,-64.22,-58.64,141.9,-56.24,72.13,56.04
2025-07-24T17:13:27.062441,-114.0,79.0,-1.0,5.0,-25.0,-45.0,-17.0,-90.0,162.0,-56.0,128.0,102.0,-90.92,58.86,-0.07999999999999996,17.869999999999997,-28.71,-42.13,-33.22,-69.64,132.9,-66.24,166.13,73.03999999999999
2025-07-24T17:13:27.069986,-2.0,96.0,-26.0,81.0,54.0,-70.0,-15.0,-59.0,53.0,-6.0,35.0,11.0,21.08,75.86,-25.08,93.87,50.29,-67.13,-31.22,-38.64,23.9,-16.240000000000002,73.13,-17.96
2025-07-24T17:13:27.074395,-63.0,101.0,-16.0,-10.0,58.0,-85.0,-9.0,-34.0,80.0,37.0,66.0,102.0,-39.92,80.86,-15.08,2.869999999999999,54.29,-82.13,-25.22,-13.64,50.9,26.759999999999998,104.13,73.03999999999999
2025-07-24T17:13:27.082100,-97.0,82.0,-61.0,-12.0,-58.0,-92.0,-65.0,-29.0,111.0,-51.0,60.0,-5.0,-73.92,61.86,-60.08,0.8699999999999992,-61.71,-89.13,-81.22,-8.64,81.9,-61.24,98.13,-33.96
2025-07-24T17:13:27.086340,6.0,100.0,-130.0,21.0,-12.0,-80.0,-44.0,-71.0,99.0,-18.0,57.0,3.0,29.08,79.86,-129.08,33.87,-15.71,-77.13,-60.22,-50.64,69.9,-28.240000000000002,95.13,-25.96
2025-07-24T17:13:27.094592,37.0,-7.0,-61.0,67.0,-56.0,-26.0,-20.0,-124.0,96.0,-14.0,2.0,56.0,60.08,-27.14,-60.08,79.87,-59.71,-23.13,-36.22,-103.64,66.9,-24.240000000000002,40.13,27.04
2025-07-24T17:13:27.098593,101.0,43.0,-40.0,30.0,-56.0,-46.0,-41.0,-75.0,110.0,-70.0,-8.0,45.0,124.08,22.86,-39.08,42.87,-59.71,-43.13,-57.22,-54.64,80.9,-80.24,30.130000000000003,16.04
2025-07-24T17:13:27.107114,-107.0,-27.0,-21.0,-58.0,-29.0,-37.0,-27.0,-96.0,146.0,5.0,3.0,43.0,-83.92,-47.14,-20.08,-45.13,-32.71,-34.13,-43.22,-75.64,116.9,-5.24,41.13,14.04
2025-07-24T17:13:27.110939,-52.0,123.0,46.0,1.0,-18.0,-109.0,-1.0,-93.0,129.0,47.0,55.0,68.0,-28.92,102.86,46.92,13.87,-21.71,-106.13,-17.22,-72.64,99.9,36.76,93.13,39.04
2025-07-24T17:13:27.118685,-97.0,89.0,-115.0,67.0,-27.0,-86.0,-29.0,-41.0,109.0,-69.0,33.0,25.0,-73.92,68.86,-114.08,79.87,-30.71,-83.13,-45.22,-20.64,79.9,-79.24,71.13,-3.960000000000001
2025-07-24T17:13:27.126795,110.0,147.0,-77.0,-4.0,13.0,-29.0,-25.0,-102.0,135.0,-54.0,41.0,48.0,133.07999999999998,126.86,-76.08,8.87,9.29,-26.13,-41.22,-81.64,105.9,-64.24,79.13,19.04
2025-07-24T17:13:27.131293,31.0,53.0,-130.0,49.0,-44.0,-22.0,-111.0,-17.0,153.0,14.0,19.0,86.0,54.08,32.86,-129.08,61.87,-47.71,-19.13,-127.22,3.3599999999999994,123.9,3.76,57.13,57.04
2025-07-24T17:13:27.135511,58.0,16.0,-44.0,56.0,-23.0,-60.0,7.0,-29.0,115.0,-3.0,1.0,49.0,81.08,-4.140000000000001,-43.08,68.87,-26.71,-57.13,-9.219999999999999,-8.64,85.9,-13.24,39.13,20.04
2025-07-24T17:13:27.143236,-10.0,-12.0,-55.0,-29.0,64.0,-2.0,47.0,-32.0,80.0,6.0,51.0,108.0,13.079999999999998,-32.14,-54.08,-16.130000000000003,60.29,0.8700000000000001,30.78,-11.64,50.9,-4.24,89.13,79.03999999999999
2025-07-24T17:13:27.148224,47.0,12.0,-3.0,-5.0,-3.0,-122.0,-21.0,-88.0,72.0,27.0,61.0,-2.0,70.08,-8.14,-2.08,7.869999999999999,-6.71,-119.13,-37.22,-67.64,42.9,16.759999999999998,99.13,-30.96
2025-07-24T17:13:27.155730,4.0,4.0,-6.0,-49.0,-22.0,-81.0,9.0,6.0,106.0,19.0,-4.0,117.0,27.08,-16.14,-5.08,-36.13,-25.71,-78.13,-7.219999999999999,26.36,76.9,8.76,34.13,88.03999999999999
2025-07-24T17:13:27.159944,40.0,70.0,-55.0,42.0,10.0,-88.0,-11.0,-108.0,109.0,13.0,48.0,124.0,63.08,49.86,-54.08,54.87,6.29,-85.13,-27.22,-87.64,79.9,2.76,86.13,95.03999999999999
2025-07-24T17:13:27.168126,-4.0,117.0,-28.0,73.0,-44.0,-116.0,20.0,-64.0,151.0,-31.0,31.0,73.0,19.08,96.86,-27.08,85.87,-47.71,-113.13,3.780000000000001,-43.64,121.9,-41.24,69.13,44.04
2025-07-24T17:13:27.172396,-19.0,118.0,-125.0,83.0,-23.0,-97.0,-51.0,-90.0,86.0,3.0,73.0,75.0,4.079999999999998,97.86,-124.08,95.87,-26.71,-94.13,-67.22,-69.64,56.9,-7.24,111.13,46.04
2025-07-24T17:13:27.180373,12.0,50.0,-95.0,-14.0,15.0,-5.0,-74.0,-88.0,131.0,-16.0,38.0,119.0,35.08,29.86,-94.08,-1.1300000000000008,11.29,-2.13,-90.22,-67.64,101.9,-26.240000000000002,76.13,90.03999999999999
2025-07-24T17:13:27.184721,12.0,79.0,-114.0,-11.0,-50.0,-20.0,4.0,-122.0,142.0,-24.0,41.0,107.0,35.08,58.86,-113.08,1.8699999999999992,-53.71,-17.13,-12.219999999999999,-101.64,112.9,-34.24,79.13,78.03999999999999
2025-07-24T17:13:27.192655,43.0,18.0,-9.0,48.0,-66.0,-62.0,27.0,-38.0,142.0,40.0,91.0,109.0,66.08,-2.1400000000000006,-8.08,60.87,-69.71,-59.13,10.780000000000001,-17.64,112.9,29.759999999999998,129.13,80.03999999999999
2025-07-24T17:13:27.196909,-71.0,28.0,-47.0,57.0,71.0,-8.0,0.0,-42.0,119.0,-22.0,44.0,102.0,-47.92,7.859999999999999,-46.08,69.87,67.29,-5.13,-16.22,-21.64,89.9,-32.24,82.13,73.03999999999999
2025-07-24T17:13:27.204867,-13.0,91.0,-72.0,62.0,-34.0,-29.0,-128.0,3.0,101.0,41.0,7.0,75.0,10.079999999999998,70.86,-71.08,74.87,-37.71,-26.13,-144.22,23.36,71.9,30.759999999999998,45.13,46.04
2025-07-24T17:13:27.209178,-15.0,68.0,-125.0,25.0,-36.0,-56.0,29.0,-40.0,121.0,7.0,43.0,104.0,8.079999999999998,47.86,-124.08,37.87,-39.71,-53.13,12.780000000000001,-19.64,91.9,-3.24,81.13,75.03999999999999
2025-07-24T17:13:27.217323,62.0,122.0,-114.0,7.0,18.0,-43.0,26.0,-81.0,59.0,-33.0,29.0,113.0,85.08,101.86,-113.08,19.869999999999997,14.29,-40.13,9.780000000000001,-60.64,29.9,-43.24,67.13,84.03999999999999
2025-07-24T17:13:27.221613,61.0,54.0,-59.0,32.0,32.0,-71.0,12.0,-46.0,106.0,14.0,11.0,111.0,84.08,33.86,-58.08,44.87,28.29,-68.13,-4.219999999999999,-25.64,76.9,3.76,49.13,82.03999999999999
2025-07-24T17:13:27.230109,26.0,28.0,-103.0,32.0,3.0,-66.0,-70.0,-30.0,76.0,-27.0,65.0,128.0,49.08,7.859999999999999,-102.08,44.87,-0.71,-63.13,-86.22,-9.64,46.9,-37.24,103.13,99.03999999999999
2025-07-24T17:13:27.234607,-87.0,44.0,10.0,34.0,14.0,-92.0,-29.0,15.0,112.0,-6.0,79.0,73.0,-63.92,23.86,10.92,46.87,10.29,-89.13,-45.22,35.36,82.9,-16.240000000000002,117.13,44.04
2025-07-24T17:13:27.241641,8.0,31.0,-32.0,54.0,7.0,-78.0,-7.0,41.0,76.0,2.0,38.0,120.0,31.08,10.86,-31.08,66.87,3.29,-75.13,-23.22,61.36,46.9,-8.24,76.13,91.03999999999999
2025-07-24T17:13:27.249712,-32.0,106.0,-74.0,25.0,-61.0,-108.0,-4.0,-106.0,148.0,-44.0,70.0,120.0,-8.920000000000002,85.86,-73.08,37.87,-64.71,-105.13,-20.22,-85.64,118.9,-54.24,108.13,91.03999999999999
2025-07-24T17:13:27.253967,16.0,-14.0,-97.0,9.0,-30.0,-14.0,-60.0,-49.0,77.0,-2.0,89.0,122.0,39.08,-34.14,-96.08,21.869999999999997,-33.71,-11.129999999999999,-76.22,-28.64,47.9,-12.24,127.13,93.03999999999999
2025-07-24T17:13:27.258290,3.0,37.0,-87.0,-4.0,-66.0,-91.0,-53.0,-12.0,55.0,13.0,36.0,92.0,26.08,16.86,-86.08,8.87,-69.71,-88.13,-69.22,8.36,25.9,2.76,74.13,63.04
2025-07-24T17:13:27.266186,39.0,115.0,-110.0,-47.0,-29.0,-83.0,-6.0,-29.0,43.0,-39.0,-125.0,120.0,62.08,94.86,-109.08,-34.13,-32.71,-80.13,-22.22,-8.64,13.899999999999999,-49.24,-86.87,91.03999999999999
2025-07-24T17:13:27.274276,90.0,-2.0,-50.0,-86.0,24.0,-146.0,-54.0,-4.0,136.0,-43.0,-68.0,126.0,113.08,-22.14,-49.08,-73.13,20.29,-143.13,-70.22,16.36,106.9,-53.24,-29.869999999999997,97.03999999999999
2025-07-24T17:13:27.278471,19.0,47.0,-6.0,-16.0,15.0,-58.0,-4.0,-86.0,94.0,32.0,-52.0,83.0,42.08,26.86,-5.08,-3.130000000000001,11.29,-55.13,-20.22,-65.64,64.9,21.759999999999998,-13.869999999999997,54.04
2025-07-24T17:13:27.286630,-10.0,33.0,-49.0,46.0,-25.0,-110.0,-69.0,-119.0,145.0,26.0,-31.0,139.0,13.079999999999998,12.86,-48.08,58.87,-28.71,-107.13,-85.22,-98.64,115.9,15.76,7.130000000000003,110.03999999999999
2025-07-24T17:13:27.290971,-26.0,91.0,9.0,43.0,-9.0,-84.0,-9.0,-133.0,129.0,-63.0,6.0,68.0,-2.9200000000000017,70.86,9.92,55.87,-12.71,-81.13,-25.22,-112.64,99.9,-73.24,44.13,39.04
2025-07-24T17:13:27.295209,-29.0,91.0,-4.0,-24.0,-44.0,-64.0,-32.0,-66.0,150.0,49.0,9.0,124.0,-5.920000000000002,70.86,-3.08,-11.13,-47.71,-61.13,-48.22,-45.64,120.9,38.76,47.13,95.03999999999999
2025-07-24T17:13:27.303016,0.0,94.0,-122.0,-39.0,7.0,-16.0,14.0,-147.0,143.0,71.0,-21.0,73.0,23.08,73.86,-121.08,-26.130000000000003,3.29,-13.129999999999999,-2.219999999999999,-126.64,113.9,60.76,17.130000000000003,44.04
2025-07-24T17:13:27.307477,34.0,72.0,-89.0,1.0,37.0,-52.0,-28.0,-107.0,135.0,97.0,-64.0,152.0,57.08,51.86,-88.08,13.87,33.29,-49.13,-44.22,-86.64,105.9,86.76,-25.869999999999997,123.03999999999999
2025-07-24T17:13:27.316441,108.0,51.0,-102.0,62.0,35.0,-63.0,4.0,-31.0,88.0,15.0,-36.0,101.0,131.07999999999998,30.86,-101.08,74.87,31.29,-60.13,-12.219999999999999,-10.64,58.9,4.76,2.1300000000000026,72.03999999999999
2025-07-24T17:13:27.323440,107.0,71.0,-38.0,62.0,-31.0,-89.0,-21.0,-57.0,70.0,-38.0,5.0,151.0,130.07999999999998,50.86,-37.08,74.87,-34.71,-86.13,-37.22,-36.64,40.9,-48.24,43.13,122.03999999999999
2025-07-24T17:13:27.328243,-28.0,54.0,-46.0,64.0,-53.0,-92.0,31.0,-33.0,76.0,86.0,40.0,92.0,-4.920000000000002,33.86,-45.08,76.87,-56.71,-89.13,14.780000000000001,-12.64,46.9,75.76,78.13,63.04
2025-07-24T17:13:27.335666,-40.0,68.0,-14.0,-6.0,-68.0,-78.0,-8.0,-124.0,81.0,56.0,-23.0,95.0,-16.92,47.86,-13.08,6.869999999999999,-71.71,-75.13,-24.22,-103.64,51.9,45.76,15.130000000000003,66.03999999999999
2025-07-24T17:13:27.340122,-20.0,145.0,-48.0,35.0,-6.0,-28.0,1.0,-88.0,95.0,42.0,-49.0,151.0,3.0799999999999983,124.86,-47.08,47.87,-9.71,-25.13,-15.219999999999999,-67.64,65.9,31.759999999999998,-10.869999999999997,122.03999999999999
2025-07-24T17:13:27.348015,27.0,132.0,-82.0,23.0,-40.0,-75.0,-53.0,-41.0,95.0,68.0,-12.0,95.0,50.08,111.86,-81.08,35.87,-43.71,-72.13,-69.22,-20.64,65.9,57.76,26.130000000000003,66.03999999999999
2025-07-24T17:13:27.352667,32.0,21.0,-96.0,0.0,7.0,-73.0,-23.0,-110.0,53.0,7.0,-15.0,63.0,55.08,0.8599999999999994,-95.08,12.87,3.29,-70.13,-39.22,-89.64,23.9,-3.24,23.130000000000003,34.04
2025-07-24T17:13:27.360282,65.0,82.0,-129.0,37.0,23.0,-114.0,-1.0,-135.0,98.0,27.0,-17.0,121.0,88.08,61.86,-128.08,49.87,19.29,-111.13,-17.22,-114.64,68.9,16.759999999999998,21.130000000000003,92.03999999999999
2025-07-24T17:13:27.364528,1.0,29.0,-67.0,62.0,33.0,-81.0,-10.0,-45.0,131.0,4.0,-22.0,132.0,24.08,8.86,-66.08,74.87,29.29,-78.13,-26.22,-24.64,101.9,-6.24,16.130000000000003,103.03999999999999
2025-07-24T17:13:27.372520,-77.0,34.0,-35.0,19.0,-52.0,-42.0,-7.0,-100.0,118.0,29.0,18.0,166.0,-53.92,13.86,-34.08,31.869999999999997,-55.71,-39.13,-23.22,-79.64,88.9,18.759999999999998,56.13,137.04
2025-07-24T17:13:27.377577,-16.0,119.0,-59.0,23.0,-30.0,-74.0,-57.0,-62.0,133.0,114.0,22.0,113.0,7.079999999999998,98.86,-58.08,35.87,-33.71,-71.13,-73.22,-41.64,103.9,103.76,60.13,84.03999999999999
2025-07-24T17:13:27.384863,-41.0,97.0,-102.0,-41.0,24.0,-85.0,8.0,-59.0,121.0,5.0,-18.0,108.0,-17.92,76.86,-101.08,-28.130000000000003,20.29,-82.13,-8.219999999999999,-38.64,91.9,-5.24,20.130000000000003,79.03999999999999
2025-07-24T17:13:27.389162,28.0,63.0,-82.0,47.0,31.0,-113.0,-12.0,-59.0,88.0,-19.0,-37.0,159.0,51.08,42.86,-81.08,59.87,27.29,-110.13,-28.22,-38.64,58.9,-29.240000000000002,1.1300000000000026,130.04
2025-07-24T17:13:27.397169,1.0,97.0,-61.0,69.0,-5.0,-50.0,-10.0,-5.0,110.0,-9.0,19.0,120.0,24.08,76.86,-60.08,81.87,-8.71,-47.13,-26.22,15.36,80.9,-19.240000000000002,57.13,91.03999999999999
2025-07-24T17:13:27.401553,75.0,24.0,-53.0,77.0,-41.0,-150.0,-39.0,-63.0,109.0,56.0,-16.0,91.0,98.08,3.8599999999999994,-52.08,89.87,-44.71,-147.13,-55.22,-42.64,79.9,45.76,22.130000000000003,62.04
2025-07-24T17:13:27.409469,21.0,7.0,-15.0,25.0,-32.0,-97.0,-25.0,-90.0,73.0,83.0,-19.0,134.0,44.08,-13.14,-14.08,37.87,-35.71,-94.13,-41.22,-69.64,43.9,72.76,19.130000000000003,105.03999999999999
2025-07-24T17:13:27.413918,17.0,-31.0,16.0,17.0,-27.0,-71.0,-142.0,-12.0,110.0,30.0,-12.0,110.0,40.08,-51.14,16.92,29.869999999999997,-30.71,-68.13,-158.22,8.36,80.9,19.759999999999998,26.130000000000003,81.03999999999999
2025-07-24T17:13:27.421699,-49.0,46.0,-22.0,-13.0,60.0,-34.0,-27.0,-105.0,126.0,55.0,20.0,159.0,-25.92,25.86,-21.08,-0.13000000000000078,56.29,-31.13,-43.22,-84.64,96.9,44.76,58.13,130.04
2025-07-24T17:13:27.425920,-22.0,101.0,-78.0,67.0,5.0,-70.0,-73.0,-73.0,122.0,76.0,-9.0,87.0,1.0799999999999983,80.86,-77.08,79.87,1.29,-67.13,-89.22,-52.64,92.9,65.76,29.130000000000003,58.04
2025-07-24T17:13:27.434178,28.0,93.0,-123.0,53.0,-22.0,-107.0,-80.0,-61.0,108.0,62.0,20.0,78.0,51.08,72.86,-122.08,65.87,-25.71,-104.13,-96.22,-40.64,78.9,51.76,58.13,49.04
2025-07-24T17:13:27.438407,65.0,29.0,4.0,10.0,-31.0,-67.0,-45.0,-77.0,141.0,37.0,-11.0,146.0,88.08,8.86,4.92,22.869999999999997,-34.71,-64.13,-61.22,-56.64,111.9,26.759999999999998,27.130000000000003,117.03999999999999
2025-07-24T17:13:27.446278,26.0,2.0,-30.0,16.0,22.0,-42.0,-23.0,-55.0,43.0,42.0,11.0,104.0,49.08,-18.14,-29.08,28.869999999999997,18.29,-39.13,-39.22,-34.64,13.899999999999999,31.759999999999998,49.13,75.03999999999999
2025-07-24T17:13:27.451033,-38.0,23.0,-38.0,-39.0,29.0,-43.0,-55.0,-65.0,74.0,42.0,-31.0,79.0,-14.920000000000002,2.8599999999999994,-37.08,-26.130000000000003,25.29,-40.13,-71.22,-44.64,44.9,31.759999999999998,7.130000000000003,50.04
2025-07-24T17:13:27.458610,-37.0,54.0,4.0,-29.0,39.0,-64.0,-39.0,-37.0,151.0,4.0,-5.0,73.0,-13.920000000000002,33.86,4.92,-16.130000000000003,35.29,-61.13,-55.22,-16.64,121.9,-6.24,33.13,44.04
2025-07-24T17:13:27.462875,-7.0,96.0,-47.0,58.0,-34.0,-52.0,-69.0,-81.0,52.0,15.0,4.0,89.0,16.08,75.86,-46.08,70.87,-37.71,-49.13,-85.22,-60.64,22.9,4.76,42.13,60.04
2025-07-24T17:13:27.470833,-8.0,116.0,-23.0,52.0,-22.0,-108.0,-20.0,-86.0,88.0,37.0,24.0,46.0,15.079999999999998,95.86,-22.08,64.87,-25.71,-105.13,-36.22,-65.64,58.9,26.759999999999998,62.13,17.04
2025-07-24T17:13:27.475422,-70.0,83.0,-76.0,59.0,-28.0,-52.0,-65.0,-34.0,110.0,-6.0,-17.0,125.0,-46.92,62.86,-75.08,71.87,-31.71,-49.13,-81.22,-13.64,80.9,-16.240000000000002,21.130000000000003,96.03999999999999
2025-07-24T17:13:27.483448,15.0,108.0,-142.0,54.0,-78.0,-83.0,-47.0,-87.0,84.0,89.0,-9.0,97.0,38.08,87.86,-141.08,66.87,-81.71,-80.13,-63.22,-66.64,54.9,78.76,29.130000000000003,68.03999999999999
2025-07-24T17:13:27.487622,8.0,15.0,-104.0,-40.0,4.0,-17.0,23.0,-115.0,115.0,64.0,-32.0,117.0,31.08,-5.140000000000001,-103.08,-27.130000000000003,0.29000000000000004,-14.129999999999999,6.780000000000001,-94.64,85.9,53.76,6.130000000000003,88.03999999999999
2025-07-24T17:13:27.495472,33.0,27.0,-110.0,18.0,22.0,-76.0,-60.0,-94.0,189.0,44.0,-17.0,56.0,56.08,6.859999999999999,-109.08,30.869999999999997,18.29,-73.13,-76.22,-73.64,159.9,33.76,21.130000000000003,27.04
2025-07-24T17:13:27.499969,9.0,95.0,-30.0,42.0,-35.0,-159.0,-13.0,-20.0,120.0,67.0,-36.0,103.0,32.08,74.86,-29.08,54.87,-38.71,-156.13,-29.22,0.35999999999999943,90.9,56.76,2.1300000000000026,74.03999999999999
2025-07-24T17:13:27.507784,-7.0,64.0,36.0,29.0,-19.0,-52.0,-102.0,-45.0,107.0,-1.0,18.0,99.0,16.08,43.86,36.92,41.87,-22.71,-49.13,-118.22,-24.64,77.9,-11.24,56.13,70.03999999999999
2025-07-24T17:13:27.512175,-47.0,74.0,-89.0,73.0,-6.0,-101.0,-20.0,-74.0,113.0,40.0,-57.0,94.0,-23.92,53.86,-88.08,85.87,-9.71,-98.13,-36.22,-53.64,83.9,29.759999999999998,-18.869999999999997,65.03999999999999
2025-07-24T17:13:27.520070,1.0,144.0,-63.0,-24.0,-13.0,-61.0,-21.0,-31.0,104.0,15.0,-31.0,95.0,24.08,123.86,-62.08,-11.13,-16.71,-58.13,-37.22,-10.64,74.9,4.76,7.130000000000003,66.03999999999999
2025-07-24T17:13:27.524510,42.0,54.0,-99.0,-37.0,-26.0,-71.0,-30.0,-92.0,94.0,70.0,58.0,102.0,65.08,33.86,-98.08,-24.130000000000003,-29.71,-68.13,-46.22,-71.64,64.9,59.76,96.13,73.03999999999999
2025-07-24T17:13:27.532446,46.0,14.0,-2.0,-16.0,16.0,-101.0,-14.0,-132.0,106.0,-5.0,-52.0,123.0,69.08,-6.140000000000001,-1.08,-3.130000000000001,12.29,-98.13,-30.22,-111.64,76.9,-15.24,-13.869999999999997,94.03999999999999
2025-07-24T17:13:27.536978,-30.0,-13.0,10.0,98.0,-2.0,-86.0,28.0,-41.0,78.0,74.0,-49.0,134.0,-6.920000000000002,-33.14,10.92,110.87,-5.71,-83.13,11.780000000000001,-20.64,48.9,63.76,-10.869999999999997,105.03999999999999
2025-07-24T17:13:27.544780,-51.0,58.0,-52.0,31.0,-86.0,-130.0,-33.0,-74.0,113.0,111.0,-3.0,171.0,-27.92,37.86,-51.08,43.87,-89.71,-127.13,-49.22,-53.64,83.9,100.76,35.13,142.04
2025-07-24T17:13:27.548897,0.0,127.0,-84.0,46.0,8.0,-73.0,-78.0,-94.0,96.0,10.0,22.0,89.0,23.08,106.86,-83.08,58.87,4.29,-70.13,-94.22,-73.64,66.9,-0.2400000000000002,60.13,60.04
2025-07-24T17:13:27.557008,-61.0,38.0,-102.0,-15.0,-12.0,-36.0,13.0,0.0,78.0,23.0,-56.0,102.0,-37.92,17.86,-101.08,-2.130000000000001,-15.71,-33.13,-3.219999999999999,20.36,48.9,12.76,-17.869999999999997,73.03999999999999
2025-07-24T17:13:27.561626,-19.0,114.0,-111.0,2.0,-42.0,-77.0,-20.0,-46.0,82.0,54.0,-2.0,144.0,4.079999999999998,93.86,-110.08,14.87,-45.71,-74.13,-36.22,-25.64,52.9,43.76,36.13,115.03999999999999
2025-07-24T17:13:27.569341,30.0,-50.0,-95.0,-11.0,34.0,-65.0,-32.0,-93.0,19.0,67.0,-22.0,119.0,53.08,-70.14,-94.08,1.8699999999999992,30.29,-62.13,-48.22,-72.64,-10.100000000000001,56.76,16.130000000000003,90.03999999999999
2025-07-24T17:13:27.573959,75.0,6.0,-18.0,78.0,17.0,-15.0,19.0,-123.0,86.0,-3.0,-25.0,80.0,98.08,-14.14,-17.08,90.87,13.29,-12.129999999999999,2.780000000000001,-102.64,56.9,-13.24,13.130000000000003,51.04
2025-07-24T17:13:27.581539,-55.0,68.0,-22.0,16.0,-93.0,-116.0,-5.0,-106.0,95.0,66.0,36.0,46.0,-31.92,47.86,-21.08,28.869999999999997,-96.71,-113.13,-21.22,-85.64,65.9,55.76,74.13,17.04
2025-07-24T17:13:27.586096,37.0,93.0,-55.0,71.0,-57.0,-25.0,-32.0,-91.0,173.0,49.0,33.0,64.0,60.08,72.86,-54.08,83.87,-60.71,-22.13,-48.22,-70.64,143.9,38.76,71.13,35.04
2025-07-24T17:13:27.593879,-45.0,26.0,-79.0,7.0,2.0,-88.0,-35.0,-106.0,69.0,92.0,-41.0,107.0,-21.92,5.859999999999999,-78.08,19.869999999999997,-1.71,-85.13,-51.22,-85.64,39.9,81.76,-2.8699999999999974,78.03999999999999
2025-07-24T17:13:27.598001,83.0,78.0,-104.0,15.0,-22.0,-94.0,-40.0,-51.0,127.0,64.0,-4.0,140.0,106.08,57.86,-103.08,27.869999999999997,-25.71,-91.13,-56.22,-30.64,97.9,53.76,34.13,111.03999999999999
2025-07-24T17:13:27.606054,18.0,69.0,-109.0,11.0,-43.0,-69.0,-46.0,-45.0,125.0,110.0,-52.0,154.0,41.08,48.86,-108.08,23.869999999999997,-46.71,-66.13,-62.22,-24.64,95.9,99.76,-13.869999999999997,125.03999999999999
2025-07-24T17:13:27.610773,30.0,57.0,5.0,108.0,-37.0,-81.0,-9.0,-45.0,97.0,38.0,55.0,42.0,53.08,36.86,5.92,120.87,-40.71,-78.13,-25.22,-24.64,67.9,27.759999999999998,93.13,13.04
2025-07-24T17:13:27.618810,39.0,-17.0,-15.0,17.0,26.0,-38.0,-57.0,-47.0,141.0,-30.0,-11.0,53.0,62.08,-37.14,-14.08,29.869999999999997,22.29,-35.13,-73.22,-26.64,111.9,-40.24,27.130000000000003,24.04
2025-07-24T17:13:27.623097,-71.0,81.0,-89.0,-5.0,30.0,-57.0,33.0,-63.0,54.0,1.0,-13.0,74.0,-47.92,60.86,-88.08,7.869999999999999,26.29,-54.13,16.78,-42.64,24.9,-9.24,25.130000000000003,45.04
2025-07-24T17:13:27.630945,-16.0,24.0,-25.0,83.0,-20.0,-58.0,29.0,13.0,61.0,64.0,-26.0,66.0,7.079999999999998,3.8599999999999994,-24.08,95.87,-23.71,-55.13,12.780000000000001,33.36,31.9,53.76,12.130000000000003,37.04
2025-07-24T17:13:27.635015,-23.0,134.0,-9.0,-4.0,32.0,-42.0,-25.0,-39.0,156.0,56.0,-55.0,97.0,0.0799999999999983,113.86,-8.08,8.87,28.29,-39.13,-41.22,-18.64,126.9,45.76,-16.869999999999997,68.03999999999999
2025-07-24T17:13:27.642942,-36.0,96.0,-101.0,18.0,-27.0,-130.0,10.0,-44.0,59.0,115.0,-50.0,146.0,-12.920000000000002,75.86,-100.08,30.869999999999997,-30.71,-127.13,-6.219999999999999,-23.64,29.9,104.76,-11.869999999999997,117.03999999999999
2025-07-24T17:13:27.648222,5.0,124.0,-53.0,61.0,-41.0,-94.0,-30.0,-62.0,128.0,-22.0,-50.0,91.0,28.08,103.86,-52.08,73.87,-44.71,-91.13,-46.22,-41.64,98.9,-32.24,-11.869999999999997,62.04
2025-07-24T17:13:27.655270,19.0,106.0,-52.0,-28.0,28.0,-101.0,3.0,-80.0,137.0,-18.0,-6.0,140.0,42.08,85.86,-51.08,-15.13,24.29,-98.13,-13.219999999999999,-59.64,107.9,-28.240000000000002,32.13,111.03999999999999
2025-07-24T17:13:27.660076,59.0,69.0,-25.0,-20.0,30.0,-44.0,-66.0,-54.0,113.0,-30.0,-11.0,46.0,82.08,48.86,-24.08,-7.130000000000001,26.29,-41.13,-82.22,-33.64,83.9,-40.24,27.130000000000003,17.04
2025-07-24T17:13:27.667538,-63.0,42.0,-29.0,-37.0,35.0,-152.0,-29.0,-67.0,182.0,-82.0,-31.0,116.0,-39.92,21.86,-28.08,-24.130000000000003,31.29,-149.13,-45.22,-46.64,152.9,-92.24,7.130000000000003,87.03999999999999
2025-07-24T17:13:27.672238,-17.0,98.0,-33.0,37.0,-18.0,-51.0,-26.0,-32.0,134.0,25.0,4.0,158.0,6.079999999999998,77.86,-32.08,49.87,-21.71,-48.13,-42.22,-11.64,104.9,14.76,42.13,129.04
2025-07-24T17:13:27.680148,20.0,61.0,-120.0,76.0,-33.0,-76.0,-11.0,-7.0,78.0,-13.0,28.0,109.0,43.08,40.86,-119.08,88.87,-36.71,-73.13,-27.22,13.36,48.9,-23.240000000000002,66.13,80.03999999999999
2025-07-24T17:13:27.684445,3.0,58.0,-94.0,38.0,-14.0,-87.0,-19.0,-76.0,45.0,11.0,-19.0,87.0,26.08,37.86,-93.08,50.87,-17.71,-84.13,-35.22,-55.64,15.899999999999999,0.7599999999999998,19.130000000000003,58.04
2025-07-24T17:13:27.692478,21.0,1.0,-81.0,-47.0,12.0,-39.0,-5.0,-57.0,54.0,-10.0,-25.0,70.0,44.08,-19.14,-80.08,-34.13,8.29,-36.13,-21.22,-36.64,24.9,-20.240000000000002,13.130000000000003,41.04
2025-07-24T17:13:27.696677,21.0,39.0,-122.0,26.0,-4.0,-99.0,23.0,-140.0,14.0,29.0,2.0,127.0,44.08,18.86,-121.08,38.87,-7.71,-96.13,6.780000000000001,-119.64,-15.100000000000001,18.759999999999998,40.13,98.03999999999999
2025-07-24T17:13:27.704742,71.0,10.0,22.0,17.0,51.0,-44.0,34.0,-43.0,114.0,31.0,-5.0,45.0,94.08,-10.14,22.92,29.869999999999997,47.29,-41.13,17.78,-22.64,84.9,20.759999999999998,33.13,16.04
2025-07-24T17:13:27.709534,48.0,21.0,-87.0,13.0,-23.0,-90.0,33.0,8.0,86.0,42.0,-33.0,-3.0,71.08,0.8599999999999994,-86.08,25.869999999999997,-26.71,-87.13,16.78,28.36,56.9,31.759999999999998,5.130000000000003,-31.96
2025-07-24T17:13:27.716887,-52.0,29.0,-4.0,45.0,-69.0,-70.0,82.0,-23.0,-8.0,-8.0,-26.0,19.0,-28.92,8.86,-3.08,57.87,-72.71,-67.13,65.78,-2.6400000000000006,-37.1,-18.240000000000002,12.130000000000003,-9.96
2025-07-24T17:13:27.721408,6.0,-62.0,38.0,10.0,-58.0,-81.0,84.0,-39.0,-33.0,81.0,31.0,30.0,29.08,-82.14,38.92,22.869999999999997,-61.71,-78.13,67.78,-18.64,-62.1,70.76,69.13,1.0399999999999991
2025-07-24T17:13:27.729067,-67.0,62.0,-8.0,45.0,-26.0,-38.0,9.0,18.0,-16.0,22.0,-23.0,66.0,-43.92,41.86,-7.08,57.87,-29.71,-35.13,-7.219999999999999,38.36,-45.1,11.76,15.130000000000003,37.04
2025-07-24T17:13:27.734112,-44.0,61.0,-7.0,-2.0,-24.0,-28.0,42.0,-31.0,1.0,22.0,-30.0,8.0,-20.92,40.86,-6.08,10.87,-27.71,-25.13,25.78,-10.64,-28.1,11.76,8.130000000000003,-20.96
2025-07-24T17:13:27.741367,-40.0,21.0,-78.0,-27.0,-13.0,-17.0,-81.0,-28.0,6.0,23.0,-35.0,0.0,-16.92,0.8599999999999994,-77.08,-14.13,-16.71,-14.129999999999999,-97.22,-7.640000000000001,-23.1,12.76,3.1300000000000026,-28.96
2025-07-24T17:13:27.746421,-36.0,92.0,-17.0,35.0,-20.0,-34.0,-4.0,-120.0,-45.0,64.0,-41.0,59.0,-12.920000000000002,71.86,-16.08,47.87,-23.71,-31.13,-20.22,-99.64,-74.1,53.76,-2.8699999999999974,30.04
2025-07-24T17:13:27.753753,17.0,131.0,-41.0,-3.0,-55.0,-25.0,28.0,-37.0,-40.0,-17.0,-69.0,-26.0,40.08,110.86,-40.08,9.87,-58.71,-22.13,11.780000000000001,-16.64,-69.1,-27.240000000000002,-30.869999999999997,-54.96
2025-07-24T17:13:27.757851,-56.0,81.0,-47.0,-36.0,-48.0,-30.0,3.0,20.0,-40.0,52.0,-57.0,0.0,-32.92,60.86,-46.08,-23.130000000000003,-51.71,-27.13,-13.219999999999999,40.36,-69.1,41.76,-18.869999999999997,-28.96
2025-07-24T17:13:27.765734,-46.0,28.0,-45.0,21.0,59.0,-35.0,-45.0,-24.0,5.0,70.0,-21.0,9.0,-22.92,7.859999999999999,-44.08,33.87,55.29,-32.13,-61.22,-3.6400000000000006,-24.1,59.76,17.130000000000003,-19.96
2025-07-24T17:13:27.770119,6.0,-12.0,-40.0,26.0,0.0,-33.0,4.0,14.0,1.0,-7.0,-52.0,19.0,29.08,-32.14,-39.08,38.87,-3.71,-30.13,-12.219999999999999,34.36,-28.1,-17.240000000000002,-13.869999999999997,-9.96
2025-07-24T17:13:27.778188,19.0,-21.0,-86.0,17.0,-10.0,30.0,-17.0,48.0,-38.0,47.0,1.0,12.0,42.08,-41.14,-85.08,29.869999999999997,-13.71,32.87,-33.22,68.36,-67.1,36.76,39.13,-16.96
2025-07-24T17:13:27.783101,-8.0,59.0,-12.0,-23.0,22.0,-11.0,28.0,23.0,29.0,30.0,-61.0,30.0,15.079999999999998,38.86,-11.08,-10.13,18.29,-8.129999999999999,11.780000000000001,43.36,-0.10000000000000142,19.759999999999998,-22.869999999999997,1.0399999999999991
2025-07-24T17:13:27.787042,-63.0,93.0,-44.0,7.0,73.0,-61.0,18.0,-10.0,7.0,58.0,-4.0,22.0,-39.92,72.86,-43.08,19.869999999999997,69.29,-58.13,1.7800000000000011,10.36,-22.1,47.76,34.13,-6.960000000000001
2025-07-24T17:13:27.795003,-110.0,67.0,-34.0,6.0,33.0,-65.0,-7.0,3.0,9.0,8.0,13.0,-24.0,-86.92,46.86,-33.08,18.869999999999997,29.29,-62.13,-23.22,23.36,-20.1,-2.24,51.13,-52.96
2025-07-24T17:13:27.799707,-8.0,101.0,-95.0,-78.0,2.0,-89.0,42.0,-90.0,-5.0,53.0,-7.0,-39.0,15.079999999999998,80.86,-94.08,-65.13,-1.71,-86.13,25.78,-69.64,-34.1,42.76,31.130000000000003,-67.96000000000001
2025-07-24T17:13:27.807225,-147.0,148.0,34.0,52.0,-17.0,-20.0,-40.0,-33.0,22.0,50.0,1.0,-39.0,-123.92,127.86,34.92,64.87,-20.71,-17.13,-56.22,-12.64,-7.100000000000001,39.76,39.13,-67.96000000000001
2025-07-24T17:13:27.811962,-43.0,42.0,-35.0,-6.0,59.0,-58.0,-56.0,37.0,-42.0,12.0,13.0,-6.0,-19.92,21.86,-34.08,6.869999999999999,55.29,-55.13,-72.22,57.36,-71.1,1.7599999999999998,51.13,-34.96
2025-07-24T17:13:27.819338,14.0,45.0,-82.0,-5.0,-36.0,-83.0,19.0,-25.0,-14.0,17.0,6.0,-91.0,37.08,24.86,-81.08,7.869999999999999,-39.71,-80.13,2.780000000000001,-4.640000000000001,-43.1,6.76,44.13,-119.96000000000001
2025-07-24T17:13:27.824322,1.0,107.0,-51.0,-26.0,-76.0,36.0,-48.0,43.0,-28.0,9.0,75.0,-66.0,24.08,86.86,-50.08,-13.13,-79.71,38.87,-64.22,63.36,-57.1,-1.2400000000000002,113.13,-94.96000000000001
2025-07-24T17:13:27.831714,44.0,-21.0,-39.0,-24.0,-28.0,4.0,9.0,-44.0,-71.0,66.0,12.0,-44.0,67.08,-41.14,-38.08,-11.13,-31.71,6.87,-7.219999999999999,-23.64,-100.1,55.76,50.13,-72.96000000000001
2025-07-24T17:13:27.835552,4.0,14.0,-123.0,30.0,68.0,-15.0,43.0,-72.0,38.0,33.0,16.0,-36.0,27.08,-6.140000000000001,-122.08,42.87,64.29,-12.129999999999999,26.78,-51.64,8.899999999999999,22.759999999999998,54.13,-64.96000000000001
2025-07-24T17:13:27.843962,-67.0,-20.0,-19.0,43.0,25.0,20.0,28.0,-47.0,27.0,41.0,-4.0,-10.0,-43.92,-40.14,-18.08,55.87,21.29,22.87,11.780000000000001,-26.64,-2.1000000000000014,30.759999999999998,34.13,-38.96
2025-07-24T17:13:27.847977,-47.0,55.0,10.0,52.0,37.0,-37.0,-57.0,-87.0,-10.0,15.0,78.0,-59.0,-23.92,34.86,10.92,64.87,33.29,-34.13,-73.22,-66.64,-39.1,4.76,116.13,-87.96000000000001
2025-07-24T17:13:27.856029,-88.0,104.0,-44.0,83.0,-44.0,-23.0,76.0,-8.0,5.0,95.0,13.0,8.0,-64.92,83.86,-43.08,95.87,-47.71,-20.13,59.78,12.36,-24.1,84.76,51.13,-20.96
2025-07-24T17:13:27.860251,-44.0,112.0,-41.0,-5.0,2.0,-8.0,80.0,-28.0,-22.0,42.0,0.0,-42.0,-20.92,91.86,-40.08,7.869999999999999,-1.71,-5.13,63.78,-7.640000000000001,-51.1,31.759999999999998,38.13,-70.96000000000001
2025-07-24T17:13:27.868463,-33.0,-2.0,-63.0,-80.0,8.0,55.0,20.0,-46.0,-25.0,42.0,29.0,-42.0,-9.920000000000002,-22.14,-62.08,-67.13,4.29,57.87,3.780000000000001,-25.64,-54.1,31.759999999999998,67.13,-70.96000000000001
2025-07-24T17:13:27.872989,81.0,89.0,-43.0,-11.0,47.0,-21.0,8.0,-57.0,-31.0,17.0,-8.0,-98.0,104.08,68.86,-42.08,1.8699999999999992,43.29,-18.13,-8.219999999999999,-36.64,-60.1,6.76,30.130000000000003,-126.96000000000001
2025-07-24T17:13:27.880609,5.0,124.0,13.0,-48.0,-3.0,-66.0,11.0,-27.0,10.0,-7.0,12.0,-28.0,28.08,103.86,13.92,-35.13,-6.71,-63.13,-5.219999999999999,-6.640000000000001,-19.1,-17.240000000000002,50.13,-56.96
2025-07-24T17:13:27.885316,19.0,127.0,-91.0,52.0,-24.0,-64.0,17.0,12.0,-73.0,-13.0,12.0,-56.0,42.08,106.86,-90.08,64.87,-27.71,-61.13,0.7800000000000011,32.36,-102.1,-23.240000000000002,50.13,-84.96000000000001
2025-07-24T17:13:27.892896,16.0,-18.0,-65.0,57.0,45.0,-34.0,47.0,-21.0,73.0,-41.0,46.0,-108.0,39.08,-38.14,-64.08,69.87,41.29,-31.13,30.78,-0.6400000000000006,43.9,-51.24,84.13,-136.96
2025-07-24T17:13:27.897287,30.0,24.0,11.0,19.0,-50.0,-24.0,20.0,-3.0,23.0,62.0,65.0,-54.0,53.08,3.8599999999999994,11.92,31.869999999999997,-53.71,-21.13,3.780000000000001,17.36,-6.100000000000001,51.76,103.13,-82.96000000000001
2025-07-24T17:13:27.905272,-60.0,-5.0,3.0,-40.0,-59.0,-32.0,55.0,-14.0,53.0,17.0,50.0,-57.0,-36.92,-25.14,3.92,-27.130000000000003,-62.71,-29.13,38.78,6.359999999999999,23.9,6.76,88.13,-85.96000000000001
2025-07-24T17:13:27.909477,-37.0,83.0,-32.0,-24.0,38.0,-7.0,-8.0,0.0,-31.0,-87.0,-2.0,-7.0,-13.920000000000002,62.86,-31.08,-11.13,34.29,-4.13,-24.22,20.36,-60.1,-97.24,36.13,-35.96
2025-07-24T17:13:27.917477,-38.0,52.0,-13.0,-36.0,9.0,-8.0,4.0,-60.0,-50.0,-41.0,-13.0,-43.0,-14.920000000000002,31.86,-12.08,-23.130000000000003,5.29,-5.13,-12.219999999999999,-39.64,-79.1,-51.24,25.130000000000003,-71.96000000000001
2025-07-24T17:13:27.921999,-84.0,48.0,-58.0,-13.0,55.0,-7.0,60.0,7.0,3.0,17.0,66.0,-109.0,-60.92,27.86,-57.08,-0.13000000000000078,51.29,-4.13,43.78,27.36,-26.1,6.76,104.13,-137.96
2025-07-24T17:13:27.929745,-80.0,37.0,-74.0,37.0,11.0,-60.0,22.0,-16.0,106.0,-39.0,9.0,-97.0,-56.92,16.86,-73.08,49.87,7.29,-57.13,5.780000000000001,4.359999999999999,76.9,-49.24,47.13,-125.96000000000001
2025-07-24T17:13:27.933978,15.0,95.0,-52.0,20.0,-70.0,-76.0,31.0,-17.0,61.0,19.0,33.0,-71.0,38.08,74.86,-51.08,32.87,-73.71,-73.13,14.780000000000001,3.3599999999999994,31.9,8.76,71.13,-99.96000000000001
2025-07-24T17:13:27.942102,-11.0,-18.0,-70.0,22.0,19.0,-2.0,-31.0,-23.0,8.0,13.0,47.0,-79.0,12.079999999999998,-38.14,-69.08,34.87,15.29,0.8700000000000001,-47.22,-2.6400000000000006,-21.1,2.76,85.13,-107.96000000000001
2025-07-24T17:13:27.946968,-48.0,35.0,-79.0,-24.0,-30.0,52.0,6.0,-45.0,-30.0,-6.0,-57.0,-78.0,-24.92,14.86,-78.08,-11.13,-33.71,54.87,-10.219999999999999,-24.64,-59.1,-16.240000000000002,-18.869999999999997,-106.96000000000001
2025-07-24T17:13:27.954184,-19.0,1.0,-36.0,-2.0,11.0,-57.0,-63.0,-30.0,17.0,-34.0,6.0,-8.0,4.079999999999998,-19.14,-35.08,10.87,7.29,-54.13,-79.22,-9.64,-12.100000000000001,-44.24,44.13,-36.96
2025-07-24T17:13:27.958714,-38.0,34.0,-97.0,-53.0,12.0,-64.0,-34.0,-44.0,27.0,51.0,48.0,-35.0,-14.920000000000002,13.86,-96.08,-40.13,8.29,-61.13,-50.22,-23.64,-2.1000000000000014,40.76,86.13,-63.96
2025-07-24T17:13:27.966678,57.0,11.0,28.0,97.0,57.0,-54.0,40.0,-107.0,-19.0,-12.0,-10.0,-42.0,80.08,-9.14,28.92,109.87,53.29,-51.13,23.78,-86.64,-48.1,-22.240000000000002,28.130000000000003,-70.96000000000001
2025-07-24T17:13:27.970710,-91.0,-11.0,56.0,13.0,-9.0,-77.0,53.0,71.0,35.0,7.0,-43.0,-41.0,-67.92,-31.14,56.92,25.869999999999997,-12.71,-74.13,36.78,91.36,5.899999999999999,-3.24,-4.869999999999997,-69.96000000000001
2025-07-24T17:13:27.978726,-104.0,25.0,29.0,-31.0,32.0,20.0,-2.0,5.0,-5.0,-55.0,12.0,-44.0,-80.92,4.859999999999999,29.92,-18.130000000000003,28.29,22.87,-18.22,25.36,-34.1,-65.24,50.13,-72.96000000000001
2025-07-24T17:13:27.983097,-93.0,84.0,22.0,31.0,-16.0,35.0,23.0,-67.0,-14.0,-22.0,23.0,-69.0,-69.92,63.86,22.92,43.87,-19.71,37.87,6.780000000000001,-46.64,-43.1,-32.24,61.13,-97.96000000000001
2025-07-24T17:13:27.991040,-53.0,72.0,-115.0,-94.0,28.0,-11.0,4.0,-20.0,10.0,-25.0,19.0,-49.0,-29.92,51.86,-114.08,-81.13,24.29,-8.129999999999999,-12.219999999999999,0.35999999999999943,-19.1,-35.24,57.13,-77.96000000000001
2025-07-24T17:13:27.995456,25.0,134.0,1.0,-30.0,-28.0,-25.0,-27.0,-58.0,-55.0,-2.0,90.0,-33.0,48.08,113.86,1.92,-17.130000000000003,-31.71,-22.13,-43.22,-37.64,-84.1,-12.24,128.13,-61.96
2025-07-24T17:13:28.003424,22.0,29.0,-78.0,-62.0,72.0,-43.0,56.0,-24.0,-48.0,-27.0,16.0,11.0,45.08,8.86,-77.08,-49.13,68.29,-40.13,39.78,-3.6400000000000006,-77.1,-37.24,54.13,-17.96
2025-07-24T17:13:28.008081,33.0,-17.0,-36.0,46.0,-29.0,-55.0,32.0,-40.0,-39.0,49.0,1.0,-11.0,56.08,-37.14,-35.08,58.87,-32.71,-52.13,15.780000000000001,-19.64,-68.1,38.76,39.13,-39.96
2025-07-24T17:13:28.015843,-52.0,-5.0,-26.0,17.0,-43.0,-16.0,-16.0,-78.0,-12.0,-6.0,-9.0,-35.0,-28.92,-25.14,-25.08,29.869999999999997,-46.71,-13.129999999999999,-32.22,-57.64,-41.1,-16.240000000000002,29.130000000000003,-63.96
2025-07-24T17:13:28.020231,-63.0,124.0,-6.0,-6.0,53.0,-42.0,-21.0,-64.0,-14.0,-21.0,15.0,-36.0,-39.92,103.86,-5.08,6.869999999999999,49.29,-39.13,-37.22,-43.64,-43.1,-31.240000000000002,53.13,-64.96000000000001
2025-07-24T17:13:28.027971,-6.0,135.0,-82.0,-89.0,37.0,-47.0,18.0,-54.0,-44.0,-61.0,-19.0,-62.0,17.08,114.86,-81.08,-76.13,33.29,-44.13,1.7800000000000011,-33.64,-73.1,-71.24,19.130000000000003,-90.96000000000001
2025-07-24T17:13:28.032397,25.0,62.0,-53.0,14.0,34.0,-68.0,24.0,-53.0,-14.0,-26.0,79.0,2.0,48.08,41.86,-52.08,26.869999999999997,30.29,-65.13,7.780000000000001,-32.64,-43.1,-36.24,117.13,-26.96
2025-07-24T17:13:28.040283,12.0,101.0,-99.0,23.0,50.0,-15.0,32.0,16.0,8.0,26.0,-13.0,-52.0,35.08,80.86,-98.08,35.87,46.29,-12.129999999999999,15.780000000000001,36.36,-21.1,15.76,25.130000000000003,-80.96000000000001
2025-07-24T17:13:28.044596,35.0,-29.0,-75.0,7.0,3.0,-87.0,20.0,-36.0,41.0,-20.0,42.0,-34.0,58.08,-49.14,-74.08,19.869999999999997,-0.71,-84.13,3.780000000000001,-15.64,11.899999999999999,-30.240000000000002,80.13,-62.96
2025-07-24T17:13:28.052481,-19.0,-13.0,-39.0,22.0,-13.0,-45.0,86.0,-71.0,31.0,33.0,15.0,-51.0,4.079999999999998,-33.14,-38.08,34.87,-16.71,-42.13,69.78,-50.64,1.8999999999999986,22.759999999999998,53.13,-79.96000000000001
2025-07-24T17:13:28.056837,22.0,-11.0,31.0,-15.0,-9.0,-10.0,-23.0,-23.0,-11.0,-22.0,5.0,0.0,45.08,-31.14,31.92,-2.130000000000001,-12.71,-7.13,-39.22,-2.6400000000000006,-40.1,-32.24,43.13,-28.96
2025-07-24T17:13:28.061016,-65.0,21.0,-17.0,-2.0,18.0,-34.0,6.0,-21.0,59.0,4.0,77.0,-13.0,-41.92,0.8599999999999994,-16.08,10.87,14.29,-31.13,-10.219999999999999,-0.6400000000000006,29.9,-6.24,115.13,-41.96
2025-07-24T17:13:28.069197,-35.0,-46.0,-4.0,-47.0,64.0,-61.0,17.0,-56.0,-21.0,2.0,-7.0,-64.0,-11.920000000000002,-66.14,-3.08,-34.13,60.29,-58.13,0.7800000000000011,-35.64,-50.1,-8.24,31.130000000000003,-92.96000000000001
2025-07-24T17:13:28.073953,-34.0,24.0,38.0,29.0,-11.0,37.0,18.0,-33.0,-4.0,50.0,28.0,-46.0,-10.920000000000002,3.8599999999999994,38.92,41.87,-14.71,39.87,1.7800000000000011,-12.64,-33.1,39.76,66.13,-74.96000000000001
2025-07-24T17:13:28.081287,-17.0,104.0,-3.0,-82.0,0.0,-51.0,-15.0,4.0,3.0,-37.0,27.0,-14.0,6.079999999999998,83.86,-2.08,-69.13,-3.71,-48.13,-31.22,24.36,-26.1,-47.24,65.13,-42.96
2025-07-24T17:13:28.085692,-109.0,43.0,-21.0,-4.0,36.0,-54.0,10.0,-71.0,-18.0,51.0,6.0,-18.0,-85.92,22.86,-20.08,8.87,32.29,-51.13,-6.219999999999999,-50.64,-47.1,40.76,44.13,-46.96
2025-07-24T17:13:28.093864,-20.0,44.0,-13.0,-59.0,41.0,-90.0,-14.0,-104.0,42.0,-52.0,72.0,-56.0,3.0799999999999983,23.86,-12.08,-46.13,37.29,-87.13,-30.22,-83.64,12.899999999999999,-62.24,110.13,-84.96000000000001
2025-07-24T17:13:28.098090,-22.0,100.0,-75.0,1.0,-78.0,-1.0,-10.0,-22.0,-24.0,-23.0,15.0,-64.0,1.0799999999999983,79.86,-74.08,13.87,-81.71,1.87,-26.22,-1.6400000000000006,-53.1,-33.24,53.13,-92.96000000000001
2025-07-24T17:13:28.106159,-44.0,46.0,-68.0,-26.0,-10.0,-20.0,6.0,-58.0,-45.0,-67.0,22.0,-8.0,-20.92,25.86,-67.08,-13.13,-13.71,-17.13,-10.219999999999999,-37.64,-74.1,-77.24,60.13,-36.96
2025-07-24T17:13:28.110550,-5.0,96.0,-44.0,-8.0,31.0,19.0,9.0,-87.0,-16.0,-7.0,-9.0,-17.0,18.08,75.86,-43.08,4.869999999999999,27.29,21.87,-7.219999999999999,-66.64,-45.1,-17.240000000000002,29.130000000000003,-45.96
2025-07-24T17:13:28.118351,17.0,0.0,-32.0,-94.0,49.0,-37.0,24.0,-44.0,-21.0,42.0,-10.0,-14.0,40.08,-20.14,-31.08,-81.13,45.29,-34.13,7.780000000000001,-23.64,-50.1,31.759999999999998,28.130000000000003,-42.96
2025-07-24T17:13:28.122621,20.0,46.0,-15.0,29.0,57.0,-30.0,-2.0,-42.0,-22.0,-24.0,51.0,0.0,43.08,25.86,-14.08,41.87,53.29,-27.13,-18.22,-21.64,-51.1,-34.24,89.13,-28.96
2025-07-24T17:13:28.130879,-95.0,11.0,-1.0,66.0,32.0,-40.0,54.0,-8.0,-30.0,-65.0,14.0,-107.0,-71.92,-9.14,-0.07999999999999996,78.87,28.29,-37.13,37.78,12.36,-59.1,-75.24,52.13,-135.96
2025-07-24T17:13:28.134997,-49.0,128.0,-4.0,18.0,0.0,-40.0,26.0,-31.0,38.0,-19.0,21.0,-31.0,-25.92,107.86,-3.08,30.869999999999997,-3.71,-37.13,9.780000000000001,-10.64,8.899999999999999,-29.240000000000002,59.13,-59.96
2025-07-24T17:13:28.142871,-92.0,12.0,-68.0,44.0,-67.0,9.0,-51.0,-58.0,18.0,-34.0,-5.0,-49.0,-68.92,-8.14,-67.08,56.87,-70.71,11.870000000000001,-67.22,-37.64,-11.100000000000001,-44.24,33.13,-77.96000000000001
2025-07-24T17:13:28.147137,-17.0,80.0,-49.0,-38.0,-22.0,0.0,14.0,49.0,-43.0,49.0,35.0,-5.0,6.079999999999998,59.86,-48.08,-25.130000000000003,-25.71,2.87,-2.219999999999999,69.36,-72.1,38.76,73.13,-33.96
2025-07-24T17:13:28.155220,60.0,76.0,-45.0,1.0,9.0,-36.0,77.0,-11.0,-32.0,-3.0,-14.0,-35.0,83.08,55.86,-44.08,13.87,5.29,-33.13,60.78,9.36,-61.1,-13.24,24.130000000000003,-63.96
2025-07-24T17:13:28.160449,39.0,80.0,-79.0,-14.0,20.0,-7.0,8.0,-102.0,30.0,-9.0,4.0,-44.0,62.08,59.86,-78.08,-1.1300000000000008,16.29,-4.13,-8.219999999999999,-81.64,0.8999999999999986,-19.240000000000002,42.13,-72.96000000000001
2025-07-24T17:13:28.167562,-42.0,78.0,-43.0,1.0,-13.0,-34.0,-10.0,-56.0,46.0,-19.0,12.0,-82.0,-18.92,57.86,-42.08,13.87,-16.71,-31.13,-26.22,-35.64,16.9,-29.240000000000002,50.13,-110.96000000000001
2025-07-24T17:13:28.171747,43.0,44.0,-2.0,-2.0,26.0,-42.0,76.0,-5.0,-25.0,-7.0,7.0,-10.0,66.08,23.86,-1.08,10.87,22.29,-39.13,59.78,15.36,-54.1,-17.240000000000002,45.13,-38.96
2025-07-24T17:13:28.179421,-24.0,-5.0,-39.0,56.0,3.0,-39.0,-6.0,6.0,-57.0,35.0,-56.0,-27.0,-0.9200000000000017,-25.14,-38.08,68.87,-0.71,-36.13,-22.22,26.36,-86.1,24.759999999999998,-17.869999999999997,-55.96
2025-07-24T17:13:28.184360,-2.0,10.0,-48.0,104.0,-105.0,-76.0,86.0,6.0,-1.0,-44.0,19.0,-52.0,21.08,-10.14,-47.08,116.87,-108.71,-73.13,69.78,26.36,-30.1,-54.24,57.13,-80.96000000000001
2025-07-24T17:13:28.191984,21.0,-14.0,1.0,44.0,15.0,-113.0,-10.0,-44.0,-4.0,-50.0,-35.0,-58.0,44.08,-34.14,1.92,56.87,11.29,-110.13,-26.22,-23.64,-33.1,-60.24,3.1300000000000026,-86.96000000000001
2025-07-24T17:13:28.196039,-11.0,32.0,-9.0,-12.0,-41.0,51.0,-8.0,-1.0,-32.0,-20.0,2.0,-53.0,12.079999999999998,11.86,-8.08,0.8699999999999992,-44.71,53.87,-24.22,19.36,-61.1,-30.240000000000002,40.13,-81.96000000000001
2025-07-24T17:13:28.204098,-11.0,10.0,-4.0,-66.0,-8.0,-72.0,6.0,-18.0,-25.0,-28.0,23.0,-46.0,12.079999999999998,-10.14,-3.08,-53.13,-11.71,-69.13,-10.219999999999999,2.3599999999999994,-54.1,-38.24,61.13,-74.96000000000001
2025-07-24T17:13:28.209103,6.0,61.0,-1.0,-48.0,-70.0,23.0,-15.0,-46.0,4.0,-56.0,-32.0,-39.0,29.08,40.86,-0.07999999999999996,-35.13,-73.71,25.87,-31.22,-25.64,-25.1,-66.24,6.130000000000003,-67.96000000000001
2025-07-24T17:13:28.216418,-64.0,141.0,29.0,-25.0,66.0,-43.0,-45.0,48.0,-21.0,-54.0,-27.0,-45.0,-40.92,120.86,29.92,-12.13,62.29,-40.13,-61.22,68.36,-50.1,-64.24,11.130000000000003,-73.96000000000001
2025-07-24T17:13:28.220522,25.0,113.0,-75.0,-65.0,18.0,13.0,60.0,-66.0,-37.0,12.0,-40.0,-77.0,48.08,92.86,-74.08,-52.13,14.29,15.870000000000001,43.78,-45.64,-66.1,1.7599999999999998,-1.8699999999999974,-105.96000000000001
2025-07-24T17:13:28.228650,122.0,92.0,-68.0,53.0,-5.0,-58.0,-16.0,-43.0,11.0,-57.0,47.0,-64.0,145.07999999999998,71.86,-67.08,65.87,-8.71,-55.13,-32.22,-22.64,-18.1,-67.24,85.13,-92.96000000000001
2025-07-24T17:13:28.232912,-18.0,70.0,-37.0,-26.0,-8.0,-14.0,-25.0,-17.0,21.0,-78.0,-59.0,-9.0,5.079999999999998,49.86,-36.08,-13.13,-11.71,-11.129999999999999,-41.22,3.3599999999999994,-8.100000000000001,-88.24,-20.869999999999997,-37.96
2025-07-24T17:13:28.240879,18.0,-26.0,22.0,-16.0,-19.0,-53.0,14.0,-24.0,14.0,13.0,36.0,-134.0,41.08,-46.14,22.92,-3.130000000000001,-22.71,-50.13,-2.219999999999999,-3.6400000000000006,-15.100000000000001,2.76,74.13,-162.96
2025-07-24T17:13:28.245414,-20.0,-17.0,-50.0,2.0,-7.0,-1.0,19.0,-5.0,-1.0,10.0,45.0,-63.0,3.0799999999999983,-37.14,-49.08,14.87,-10.71,1.87,2.780000000000001,15.36,-30.1,-0.2400000000000002,83.13,-91.96000000000001
2025-07-24T17:13:28.253221,-29.0,24.0,29.0,-93.0,-43.0,-31.0,13.0,-12.0,18.0,-100.0,-13.0,-35.0,-5.920000000000002,3.8599999999999994,29.92,-80.13,-46.71,-28.13,-3.219999999999999,8.36,-11.100000000000001,-110.24,25.130000000000003,-63.96
2025-07-24T17:13:28.257701,-74.0,37.0,-20.0,-25.0,92.0,-35.0,32.0,35.0,88.0,0.0,46.0,-32.0,-50.92,16.86,-19.08,-12.13,88.29,-32.13,15.780000000000001,55.36,58.9,-10.24,84.13,-60.96
2025-07-24T17:13:28.265481,-114.0,19.0,-29.0,-81.0,-6.0,-41.0,55.0,-64.0,2.0,-1.0,39.0,-6.0,-90.92,-1.1400000000000006,-28.08,-68.13,-9.71,-38.13,38.78,-43.64,-27.1,-11.24,77.13,-34.96
2025-07-24T17:13:28.269836,-43.0,103.0,-61.0,54.0,86.0,-63.0,-63.0,-54.0,12.0,-5.0,21.0,38.0,-19.92,82.86,-60.08,66.87,82.29,-60.13,-79.22,-33.64,-17.1,-15.24,59.13,9.04
2025-07-24T17:13:28.274162,-3.0,128.0,-44.0,1.0,-22.0,-91.0,93.0,-5.0,-9.0,10.0,-1.0,3.0,20.08,107.86,-43.08,13.87,-25.71,-88.13,76.78,15.36,-38.1,-0.2400000000000002,37.13,-25.96
2025-07-24T17:13:28.281918,19.0,110.0,-70.0,-42.0,-68.0,-20.0,-17.0,-10.0,40.0,-34.0,-7.0,-17.0,42.08,89.86,-69.08,-29.130000000000003,-71.71,-17.13,-33.22,10.36,10.899999999999999,-44.24,31.130000000000003,-45.96
2025-07-24T17:13:28.286454,13.0,50.0,-60.0,-5.0,7.0,5.0,20.0,-30.0,20.0,-17.0,-38.0,74.0,36.08,29.86,-59.08,7.869999999999999,3.29,7.87,3.780000000000001,-9.64,-9.100000000000001,-27.240000000000002,0.13000000000000256,45.04
2025-07-24T17:13:28.294254,-20.0,43.0,-81.0,-41.0,-32.0,21.0,-35.0,-4.0,21.0,80.0,-2.0,4.0,3.0799999999999983,22.86,-80.08,-28.130000000000003,-35.71,23.87,-51.22,16.36,-8.100000000000001,69.76,36.13,-24.96
2025-07-24T17:13:28.298781,69.0,18.0,-93.0,52.0,-78.0,25.0,32.0,-47.0,52.0,32.0,-23.0,4.0,92.08,-2.1400000000000006,-92.08,64.87,-81.71,27.87,15.780000000000001,-26.64,22.9,21.759999999999998,15.130000000000003,-24.96
2025-07-24T17:13:28.306529,16.0,13.0,-105.0,-47.0,-28.0,2.0,4.0,-26.0,10.0,49.0,-64.0,10.0,39.08,-7.140000000000001,-104.08,-34.13,-31.71,4.87,-12.219999999999999,-5.640000000000001,-19.1,38.76,-25.869999999999997,-18.96
2025-07-24T17:13:28.311409,37.0,8.0,-90.0,-29.0,87.0,-83.0,-15.0,34.0,17.0,25.0,-80.0,12.0,60.08,-12.14,-89.08,-16.130000000000003,83.29,-80.13,-31.22,54.36,-12.100000000000001,14.76,-41.87,-16.96
2025-07-24T17:13:28.318941,20.0,-10.0,-36.0,5.0,-31.0,-78.0,-35.0,36.0,-46.0,17.0,9.0,-37.0,43.08,-30.14,-35.08,17.869999999999997,-34.71,-75.13,-51.22,56.36,-75.1,6.76,47.13,-65.96000000000001
2025-07-24T17:13:28.322937,-36.0,-14.0,3.0,-14.0,19.0,10.0,-6.0,8.0,12.0,24.0,18.0,-35.0,-12.920000000000002,-34.14,3.92,-1.1300000000000008,15.29,12.870000000000001,-22.22,28.36,-17.1,13.76,56.13,-63.96
2025-07-24T17:13:28.331090,56.0,-42.0,-18.0,9.0,45.0,-15.0,22.0,-67.0,29.0,68.0,-101.0,-22.0,79.08,-62.14,-17.08,21.869999999999997,41.29,-12.129999999999999,5.780000000000001,-46.64,-0.10000000000000142,57.76,-62.87,-50.96
2025-07-24T17:13:28.335712,-27.0,9.0,29.0,55.0,-53.0,-36.0,16.0,4.0,-35.0,23.0,-40.0,-12.0,-3.9200000000000017,-11.14,29.92,67.87,-56.71,-33.13,-0.21999999999999886,24.36,-64.1,12.76,-1.8699999999999974,-40.96
2025-07-24T17:13:28.343485,-41.0,110.0,18.0,14.0,38.0,-13.0,8.0,35.0,-28.0,29.0,-3.0,-24.0,-17.92,89.86,18.92,26.869999999999997,34.29,-10.129999999999999,-8.219999999999999,55.36,-57.1,18.759999999999998,35.13,-52.96
2025-07-24T17:13:28.347880,-24.0,30.0,-41.0,87.0,3.0,39.0,1.0,-14.0,-31.0,22.0,-29.0,-22.0,-0.9200000000000017,9.86,-40.08,99.87,-0.71,41.87,-15.219999999999999,6.359999999999999,-60.1,11.76,9.130000000000003,-50.96
2025-07-24T17:13:28.355814,29.0,45.0,-50.0,-72.0,-23.0,-11.0,7.0,-18.0,-12.0,34.0,-47.0,35.0,52.08,24.86,-49.08,-59.13,-26.71,-8.129999999999999,-9.219999999999999,2.3599999999999994,-41.1,23.759999999999998,-8.869999999999997,6.039999999999999
2025-07-24T17:13:28.359842,52.0,-19.0,-98.0,-9.0,6.0,-2.0,-8.0,-43.0,24.0,80.0,-11.0,-5.0,75.08,-39.14,-97.08,3.869999999999999,2.29,0.8700000000000001,-24.22,-22.64,-5.100000000000001,69.76,27.130000000000003,-33.96
2025-07-24T17:13:28.368211,33.0,72.0,-100.0,130.0,25.0,-69.0,47.0,18.0,-25.0,23.0,-71.0,-40.0,56.08,51.86,-99.08,142.87,21.29,-66.13,30.78,38.36,-54.1,12.76,-32.87,-68.96000000000001
2025-07-24T17:13:28.372740,40.0,43.0,35.0,-10.0,5.0,-38.0,-29.0,-11.0,-64.0,41.0,8.0,-60.0,63.08,22.86,35.92,2.869999999999999,1.29,-35.13,-45.22,9.36,-93.1,30.759999999999998,46.13,-88.96000000000001
2025-07-24T17:13:28.380418,44.0,-16.0,67.0,31.0,-26.0,-48.0,56.0,-73.0,-9.0,8.0,-141.0,-71.0,67.08,-36.14,67.92,43.87,-29.71,-45.13,39.78,-52.64,-38.1,-2.24,-102.87,-99.96000000000001
2025-07-24T17:13:28.384516,-104.0,3.0,-54.0,-42.0,26.0,-1.0,-35.0,-78.0,-52.0,27.0,-26.0,-62.0,-80.92,-17.14,-53.08,-29.130000000000003,22.29,1.87,-51.22,-57.64,-81.1,16.759999999999998,12.130000000000003,-90.96000000000001
2025-07-24T17:13:28.392405,-8.0,23.0,-44.0,-9.0,0.0,12.0,82.0,-36.0,-43.0,99.0,0.0,-66.0,15.079999999999998,2.8599999999999994,-43.08,3.869999999999999,-3.71,14.870000000000001,65.78,-15.64,-72.1,88.76,38.13,-94.96000000000001
2025-07-24T17:13:28.396728,-72.0,78.0,-22.0,-25.0,41.0,-53.0,46.0,-55.0,0.0,20.0,24.0,-47.0,-48.92,57.86,-21.08,-12.13,37.29,-50.13,29.78,-34.64,-29.1,9.76,62.13,-75.96000000000001
2025-07-24T17:13:28.404766,-53.0,82.0,-68.0,-34.0,53.0,2.0,99.0,-97.0,-37.0,104.0,25.0,-44.0,-29.92,61.86,-67.08,-21.130000000000003,49.29,4.87,82.78,-76.64,-66.1,93.76,63.13,-72.96000000000001
2025-07-24T17:13:28.409125,-11.0,34.0,-49.0,-15.0,-39.0,-56.0,37.0,-11.0,51.0,20.0,-4.0,0.0,12.079999999999998,13.86,-48.08,-2.130000000000001,-42.71,-53.13,20.78,9.36,21.9,9.76,34.13,-28.96
2025-07-24T17:13:28.416949,5.0,85.0,-106.0,54.0,53.0,-21.0,27.0,-7.0,28.0,67.0,73.0,-49.0,28.08,64.86,-105.08,66.87,49.29,-18.13,10.780000000000001,13.36,-1.1000000000000014,56.76,111.13,-77.96000000000001
2025-07-24T17:13:28.421323,-16.0,9.0,-73.0,32.0,-43.0,-36.0,46.0,-56.0,-32.0,50.0,55.0,-75.0,7.079999999999998,-11.14,-72.08,44.87,-46.71,-33.13,29.78,-35.64,-61.1,39.76,93.13,-103.96000000000001
2025-07-24T17:13:28.429226,64.0,26.0,-7.0,29.0,-28.0,16.0,19.0,13.0,-42.0,44.0,18.0,-36.0,87.08,5.859999999999999,-6.08,41.87,-31.71,18.87,2.780000000000001,33.36,-71.1,33.76,56.13,-64.96000000000001
2025-07-24T17:13:28.433545,-27.0,62.0,-12.0,-4.0,-11.0,-16.0,-18.0,-61.0,6.0,79.0,-16.0,-54.0,-3.9200000000000017,41.86,-11.08,8.87,-14.71,-13.129999999999999,-34.22,-40.64,-23.1,68.76,22.130000000000003,-82.96000000000001
2025-07-24T17:13:28.438223,-74.0,102.0,78.0,16.0,19.0,-51.0,-4.0,-61.0,12.0,4.0,15.0,-42.0,-50.92,81.86,78.92,28.869999999999997,15.29,-48.13,-20.22,-40.64,-17.1,-6.24,53.13,-70.96000000000001
2025-07-24T17:13:28.446246,-62.0,132.0,-76.0,8.0,64.0,-79.0,61.0,-28.0,20.0,19.0,30.0,-30.0,-38.92,111.86,-75.08,20.869999999999997,60.29,-76.13,44.78,-7.640000000000001,-9.100000000000001,8.76,68.13,-58.96
2025-07-24T17:13:28.450192,-48.0,44.0,-65.0,-47.0,70.0,-31.0,47.0,7.0,37.0,65.0,93.0,-46.0,-24.92,23.86,-64.08,-34.13,66.29,-28.13,30.78,27.36,7.899999999999999,54.76,131.13,-74.96000000000001
2025-07-24T17:13:28.458489,44.0,47.0,-64.0,-7.0,-41.0,-33.0,-2.0,-101.0,-15.0,49.0,10.0,-104.0,67.08,26.86,-63.08,5.869999999999999,-44.71,-30.13,-18.22,-80.64,-44.1,38.76,48.13,-132.96
2025-07-24T17:13:28.462620,-24.0,19.0,-112.0,26.0,-33.0,39.0,29.0,-15.0,4.0,80.0,-38.0,-66.0,-0.9200000000000017,-1.1400000000000006,-111.08,38.87,-36.71,41.87,12.780000000000001,5.359999999999999,-25.1,69.76,0.13000000000000256,-94.96000000000001
2025-07-24T17:13:28.470530,20.0,48.0,-13.0,5.0,-9.0,-37.0,-10.0,-81.0,37.0,38.0,13.0,-70.0,43.08,27.86,-12.08,17.869999999999997,-12.71,-34.13,-26.22,-60.64,7.899999999999999,27.759999999999998,51.13,-98.96000000000001
2025-07-24T17:13:28.474905,52.0,8.0,3.0,-37.0,-11.0,-1.0,-28.0,-146.0,1.0,38.0,-64.0,-54.0,75.08,-12.14,3.92,-24.130000000000003,-14.71,1.87,-44.22,-125.64,-28.1,27.759999999999998,-25.869999999999997,-82.96000000000001
2025-07-24T17:13:28.482675,-32.0,-1.0,64.0,-55.0,8.0,-18.0,-19.0,-22.0,29.0,52.0,-70.0,-70.0,-8.920000000000002,-21.14,64.92,-42.13,4.29,-15.129999999999999,-35.22,-1.6400000000000006,-0.10000000000000142,41.76,-31.869999999999997,-98.96000000000001
2025-07-24T17:13:28.487117,-42.0,-78.0,3.0,33.0,74.0,-23.0,56.0,-47.0,65.0,38.0,1.0,-7.0,-18.92,-98.14,3.92,45.87,70.29,-20.13,39.78,-26.64,35.9,27.759999999999998,39.13,-35.96
2025-07-24T17:13:28.495043,-24.0,-14.0,8.0,-6.0,-30.0,-36.0,67.0,-33.0,37.0,21.0,1.0,-68.0,-0.9200000000000017,-34.14,8.92,6.869999999999999,-33.71,-33.13,50.78,-12.64,7.899999999999999,10.76,39.13,-96.96000000000001
2025-07-24T17:13:28.499676,-101.0,40.0,-25.0,52.0,2.0,2.0,65.0,-56.0,8.0,-29.0,-17.0,-25.0,-77.92,19.86,-24.08,64.87,-1.71,4.87,48.78,-35.64,-21.1,-39.24,21.130000000000003,-53.96
2025-07-24T17:13:28.507548,-27.0,49.0,-31.0,42.0,26.0,-8.0,51.0,-77.0,-5.0,-14.0,43.0,-99.0,-3.9200000000000017,28.86,-30.08,54.87,22.29,-5.13,34.78,-56.64,-34.1,-24.240000000000002,81.13,-127.96000000000001
2025-07-24T17:13:28.511964,-10.0,84.0,-53.0,11.0,-23.0,-1.0,-27.0,-56.0,11.0,-6.0,1.0,-8.0,13.079999999999998,63.86,-52.08,23.869999999999997,-26.71,1.87,-43.22,-35.64,-18.1,-16.240000000000002,39.13,-36.96
2025-07-24T17:13:28.519397,3.0,93.0,41.0,-8.0,29.0,29.0,22.0,6.0,-33.0,-17.0,23.0,-82.0,26.08,72.86,41.92,4.869999999999999,25.29,31.87,5.780000000000001,26.36,-62.1,-27.240000000000002,61.13,-110.96000000000001
2025-07-24T17:13:28.524681,-32.0,75.0,-1.0,-42.0,49.0,-8.0,-71.0,-77.0,-38.0,42.0,58.0,-71.0,-8.920000000000002,54.86,-0.07999999999999996,-29.130000000000003,45.29,-5.13,-87.22,-56.64,-67.1,31.759999999999998,96.13,-99.96000000000001
2025-07-24T17:13:28.531766,-51.0,23.0,21.0,6.0,25.0,8.0,54.0,-89.0,-37.0,-11.0,71.0,-69.0,-27.92,2.8599999999999994,21.92,18.869999999999997,21.29,10.870000000000001,37.78,-68.64,-66.1,-21.240000000000002,109.13,-97.96000000000001
2025-07-24T17:13:28.535893,-41.0,91.0,54.0,33.0,-39.0,-76.0,27.0,-33.0,27.0,-42.0,14.0,-18.0,-17.92,70.86,54.92,45.87,-42.71,-73.13,10.780000000000001,-12.64,-2.1000000000000014,-52.24,52.13,-46.96
2025-07-24T17:13:28.544161,-43.0,113.0,-29.0,-36.0,78.0,-11.0,89.0,-60.0,41.0,-45.0,7.0,-20.0,-19.92,92.86,-28.08,-23.130000000000003,74.29,-8.129999999999999,72.78,-39.64,11.899999999999999,-55.24,45.13,-48.96
2025-07-24T17:13:28.548271,57.0,126.0,20.0,1.0,60.0,-58.0,-17.0,-40.0,-59.0,-14.0,59.0,-23.0,80.08,105.86,20.92,13.87,56.29,-55.13,-33.22,-19.64,-88.1,-24.240000000000002,97.13,-51.96
2025-07-24T17:13:28.556465,12.0,-12.0,-7.0,-33.0,-9.0,-64.0,11.0,-41.0,11.0,42.0,-54.0,-69.0,35.08,-32.14,-6.08,-20.130000000000003,-12.71,-61.13,-5.219999999999999,-20.64,-18.1,31.759999999999998,-15.869999999999997,-97.96000000000001
2025-07-24T17:13:28.560568,-13.0,39.0,-39.0,-37.0,-92.0,30.0,-29.0,-69.0,-38.0,-60.0,39.0,-70.0,10.079999999999998,18.86,-38.08,-24.130000000000003,-95.71,32.87,-45.22,-48.64,-67.1,-70.24,77.13,-98.96000000000001
2025-07-24T17:13:28.568816,115.0,11.0,10.0,-19.0,6.0,48.0,-6.0,-26.0,-17.0,-12.0,-14.0,-57.0,138.07999999999998,-9.14,10.92,-6.130000000000001,2.29,50.87,-22.22,-5.640000000000001,-46.1,-22.240000000000002,24.130000000000003,-85.96000000000001
2025-07-24T17:13:28.573109,-19.0,-54.0,53.0,-27.0,-30.0,-76.0,63.0,4.0,-6.0,9.0,11.0,-92.0,4.079999999999998,-74.14,53.92,-14.13,-33.71,-73.13,46.78,24.36,-35.1,-1.2400000000000002,49.13,-120.96000000000001
2025-07-24T17:13:28.580755,-82.0,19.0,3.0,-5.0,-1.0,-73.0,20.0,37.0,-4.0,-55.0,95.0,-43.0,-58.92,-1.1400000000000006,3.92,7.869999999999999,-4.71,-70.13,3.780000000000001,57.36,-33.1,-65.24,133.13,-71.96000000000001
2025-07-24T17:13:28.585779,-31.0,-4.0,-10.0,3.0,-18.0,-25.0,42.0,12.0,0.0,48.0,41.0,-51.0,-7.920000000000002,-24.14,-9.08,15.87,-21.71,-22.13,25.78,32.36,-29.1,37.76,79.13,-79.96000000000001
2025-07-24T17:13:28.589559,-60.0,-3.0,79.0,16.0,-29.0,-32.0,68.0,-16.0,23.0,6.0,58.0,-44.0,-36.92,-23.14,79.92,28.869999999999997,-32.71,-29.13,51.78,4.359999999999999,-6.100000000000001,-4.24,96.13,-72.96000000000001
2025-07-24T17:13:28.597234,-88.0,78.0,9.0,60.0,-2.0,-12.0,10.0,-74.0,31.0,-28.0,29.0,-51.0,-64.92,57.86,9.92,72.87,-5.71,-9.129999999999999,-6.219999999999999,-53.64,1.8999999999999986,-38.24,67.13,-79.96000000000001
2025-07-24T17:13:28.601783,-83.0,55.0,-58.0,43.0,47.0,-82.0,38.0,10.0,-17.0,27.0,5.0,-45.0,-59.92,34.86,-57.08,55.87,43.29,-79.13,21.78,30.36,-46.1,16.759999999999998,43.13,-73.96000000000001
2025-07-24T17:13:28.609612,-22.0,101.0,17.0,6.0,11.0,-22.0,14.0,14.0,-65.0,-11.0,25.0,13.0,1.0799999999999983,80.86,17.92,18.869999999999997,7.29,-19.13,-2.219999999999999,34.36,-94.1,-21.240000000000002,63.13,-15.96
2025-07-24T17:13:28.614025,-26.0,-37.0,-29.0,5.0,-30.0,-14.0,10.0,-4.0,0.0,14.0,11.0,-68.0,-2.9200000000000017,-57.14,-28.08,17.869999999999997,-33.71,-11.129999999999999,-6.219999999999999,16.36,-29.1,3.76,49.13,-96.96000000000001
2025-07-24T17:13:28.621789,-47.0,34.0,0.0,-7.0,-3.0,21.0,69.0,40.0,12.0,48.0,31.0,-67.0,-23.92,13.86,0.92,5.869999999999999,-6.71,23.87,52.78,60.36,-17.1,37.76,69.13,-95.96000000000001
2025-07-24T17:13:28.626251,86.0,-6.0,-121.0,-5.0,-4.0,8.0,82.0,-33.0,-5.0,-26.0,21.0,-26.0,109.08,-26.14,-120.08,7.869999999999999,-7.71,10.870000000000001,65.78,-12.64,-34.1,-36.24,59.13,-54.96
2025-07-24T17:13:28.634117,75.0,-18.0,-36.0,-45.0,21.0,5.0,15.0,25.0,44.0,-16.0,107.0,-73.0,98.08,-38.14,-35.08,-32.13,17.29,7.87,-1.2199999999999989,45.36,14.899999999999999,-26.240000000000002,145.13,-101.96000000000001
2025-07-24T17:13:28.638538,49.0,1.0,-7.0,-5.0,57.0,71.0,-2.0,105.0,15.0,-52.0,-13.0,-62.0,72.08,-19.14,-6.08,7.869999999999999,53.29,73.87,-18.22,125.36,-14.100000000000001,-62.24,25.130000000000003,-90.96000000000001
2025-07-24T17:13:28.646390,-17.0,47.0,-18.0,-2.0,21.0,-5.0,62.0,2.0,33.0,-28.0,34.0,-77.0,6.079999999999998,26.86,-17.08,10.87,17.29,-2.13,45.78,22.36,3.8999999999999986,-38.24,72.13,-105.96000000000001
2025-07-24T17:13:28.651001,39.0,-46.0,12.0,-51.0,63.0,1.0,39.0,5.0,-16.0,-25.0,-38.0,-8.0,62.08,-66.14,12.92,-38.13,59.29,3.87,22.78,25.36,-45.1,-35.24,0.13000000000000256,-36.96
2025-07-24T17:13:28.658670,20.0,-5.0,11.0,22.0,70.0,-9.0,6.0,-32.0,17.0,-13.0,-30.0,-46.0,43.08,-25.14,11.92,34.87,66.29,-6.13,-10.219999999999999,-11.64,-12.100000000000001,-23.240000000000002,8.130000000000003,-74.96000000000001
2025-07-24T17:13:28.662918,12.0,14.0,-48.0,-37.0,11.0,-75.0,78.0,21.0,-44.0,-95.0,3.0,-45.0,35.08,-6.140000000000001,-47.08,-24.130000000000003,7.29,-72.13,61.78,41.36,-73.1,-105.24,41.13,-73.96000000000001
2025-07-24T17:13:28.670970,-49.0,31.0,9.0,-4.0,-3.0,-68.0,33.0,-10.0,-17.0,-107.0,58.0,-41.0,-25.92,10.86,9.92,8.87,-6.71,-65.13,16.78,10.36,-46.1,-117.24,96.13,-69.96000000000001
2025-07-24T17:13:28.675316,-23.0,-28.0,50.0,48.0,-26.0,-8.0,73.0,36.0,32.0,23.0,18.0,-117.0,0.0799999999999983,-48.14,50.92,60.87,-29.71,-5.13,56.78,56.36,2.8999999999999986,12.76,56.13,-145.96
2025-07-24T17:13:28.683179,-33.0,100.0,8.0,-18.0,-29.0,6.0,48.0,9.0,16.0,13.0,22.0,25.0,-9.920000000000002,79.86,8.92,-5.130000000000001,-32.71,8.870000000000001,31.78,29.36,-13.100000000000001,2.76,60.13,-3.960000000000001
2025-07-24T17:13:28.687889,-64.0,11.0,-68.0,-54.0,-26.0,46.0,-38.0,36.0,21.0,-32.0,20.0,-87.0,-40.92,-9.14,-67.08,-41.13,-29.71,48.87,-54.22,56.36,-8.100000000000001,-42.24,58.13,-115.96000000000001
2025-07-24T17:13:28.695616,19.0,62.0,-1.0,-68.0,55.0,-51.0,-20.0,-2.0,17.0,-20.0,12.0,-25.0,42.08,41.86,-0.07999999999999996,-55.13,51.29,-48.13,-36.22,18.36,-12.100000000000001,-30.240000000000002,50.13,-53.96
2025-07-24T17:13:28.699922,-24.0,-16.0,-92.0,-34.0,54.0,-37.0,41.0,33.0,-74.0,-58.0,-30.0,-84.0,-0.9200000000000017,-36.14,-91.08,-21.130000000000003,50.29,-34.13,24.78,53.36,-103.1,-68.24,8.130000000000003,-112.96000000000001
2025-07-24T17:13:28.707769,-46.0,33.0,-10.0,25.0,19.0,-27.0,45.0,-86.0,0.0,-36.0,34.0,-19.0,-22.92,12.86,-9.08,37.87,15.29,-24.13,28.78,-65.64,-29.1,-46.24,72.13,-47.96
2025-07-24T17:13:28.712072,50.0,0.0,6.0,16.0,-3.0,-7.0,-12.0,25.0,-16.0,-34.0,10.0,-66.0,73.08,-20.14,6.92,28.869999999999997,-6.71,-4.13,-28.22,45.36,-45.1,-44.24,48.13,-94.96000000000001
2025-07-24T17:13:28.720000,-98.0,-42.0,36.0,17.0,0.0,-4.0,37.0,-23.0,2.0,20.0,11.0,-50.0,-74.92,-62.14,36.92,29.869999999999997,-3.71,-1.13,20.78,-2.6400000000000006,-27.1,9.76,49.13,-78.96000000000001
2025-07-24T17:13:28.724375,-115.0,-38.0,7.0,-30.0,5.0,-41.0,27.0,19.0,-30.0,-31.0,44.0,-34.0,-91.92,-58.14,7.92,-17.130000000000003,1.29,-38.13,10.780000000000001,39.36,-59.1,-41.24,82.13,-62.96
2025-07-24T17:13:28.732284,-63.0,115.0,4.0,-23.0,10.0,-12.0,50.0,-51.0,65.0,13.0,11.0,-24.0,-39.92,94.86,4.92,-10.13,6.29,-9.129999999999999,33.78,-30.64,35.9,2.76,49.13,-52.96
2025-07-24T17:13:28.736731,-11.0,58.0,-23.0,-28.0,-6.0,-66.0,-20.0,-45.0,89.0,34.0,66.0,-52.0,12.079999999999998,37.86,-22.08,-15.13,-9.71,-63.13,-36.22,-24.64,59.9,23.759999999999998,104.13,-80.96000000000001
2025-07-24T17:13:28.744644,75.0,42.0,-85.0,0.0,25.0,-36.0,15.0,-19.0,33.0,-13.0,21.0,-42.0,98.08,21.86,-84.08,12.87,21.29,-33.13,-1.2199999999999989,1.3599999999999994,3.8999999999999986,-23.240000000000002,59.13,-70.96000000000001
2025-07-24T17:13:28.749129,-25.0,6.0,-46.0,18.0,-11.0,-35.0,33.0,-69.0,24.0,-68.0,68.0,-9.0,-1.9200000000000017,-14.14,-45.08,30.869999999999997,-14.71,-32.13,16.78,-48.64,-5.100000000000001,-78.24,106.13,-37.96
2025-07-24T17:13:28.753346,-43.0,20.0,16.0,35.0,23.0,-10.0,-62.0,-46.0,13.0,4.0,-20.0,-4.0,-19.92,-0.14000000000000057,16.92,47.87,19.29,-7.13,-78.22,-25.64,-16.1,-6.24,18.130000000000003,-32.96
2025-07-24T17:13:28.761178,-98.0,30.0,35.0,-37.0,-8.0,-15.0,74.0,1.0,17.0,3.0,-24.0,24.0,-74.92,9.86,35.92,-24.130000000000003,-11.71,-12.129999999999999,57.78,21.36,-12.100000000000001,-7.24,14.130000000000003,-4.960000000000001
2025-07-24T17:13:28.769259,-59.0,-12.0,34.0,-2.0,23.0,-11.0,-3.0,-56.0,-32.0,-71.0,-14.0,-4.0,-35.92,-32.14,34.92,10.87,19.29,-8.129999999999999,-19.22,-35.64,-61.1,-81.24,24.130000000000003,-32.96
2025-07-24T17:13:28.773473,-140.0,69.0,-26.0,-14.0,27.0,-42.0,72.0,-48.0,-8.0,-95.0,-6.0,-12.0,-116.92,48.86,-25.08,-1.1300000000000008,23.29,-39.13,55.78,-27.64,-37.1,-105.24,32.13,-40.96
2025-07-24T17:13:28.778049,-31.0,36.0,-75.0,46.0,56.0,-49.0,43.0,-13.0,38.0,-105.0,-10.0,-69.0,-7.920000000000002,15.86,-74.08,58.87,52.29,-46.13,26.78,7.359999999999999,8.899999999999999,-115.24,28.130000000000003,-97.96000000000001
2025-07-24T17:13:28.785905,-31.0,51.0,-41.0,-13.0,2.0,-86.0,10.0,-25.0,59.0,-7.0,2.0,-20.0,-7.920000000000002,30.86,-40.08,-0.13000000000000078,-1.71,-83.13,-6.219999999999999,-4.640000000000001,29.9,-17.240000000000002,40.13,-48.96
2025-07-24T17:13:28.790841,-3.0,91.0,-7.0,14.0,-20.0,19.0,-32.0,-30.0,-63.0,-3.0,26.0,4.0,20.08,70.86,-6.08,26.869999999999997,-23.71,21.87,-48.22,-9.64,-92.1,-13.24,64.13,-24.96
2025-07-24T17:13:28.797979,23.0,101.0,-36.0,41.0,-27.0,-28.0,8.0,25.0,-48.0,-14.0,70.0,-30.0,46.08,80.86,-35.08,53.87,-30.71,-25.13,-8.219999999999999,45.36,-77.1,-24.240000000000002,108.13,-58.96
2025-07-24T17:13:28.802849,-1.0,-57.0,-16.0,-20.0,-6.0,16.0,-1.0,5.0,32.0,-25.0,22.0,-14.0,22.08,-77.14,-15.08,-7.130000000000001,-9.71,18.87,-17.22,25.36,2.8999999999999986,-35.24,60.13,-42.96
2025-07-24T17:13:28.810341,59.0,39.0,-66.0,-38.0,-8.0,-4.0,53.0,-6.0,-63.0,-32.0,-9.0,-30.0,82.08,18.86,-65.08,-25.130000000000003,-11.71,-1.13,36.78,14.36,-92.1,-42.24,29.130000000000003,-58.96
2025-07-24T17:13:28.814946,14.0,-27.0,-100.0,15.0,-3.0,-2.0,49.0,36.0,-16.0,10.0,32.0,-5.0,37.08,-47.14,-99.08,27.869999999999997,-6.71,0.8700000000000001,32.78,56.36,-45.1,-0.2400000000000002,70.13,-33.96
2025-07-24T17:13:28.822658,-27.0,8.0,7.0,-40.0,21.0,21.0,1.0,-26.0,-47.0,-20.0,-21.0,-54.0,-3.9200000000000017,-12.14,7.92,-27.130000000000003,17.29,23.87,-15.219999999999999,-5.640000000000001,-76.1,-30.240000000000002,17.130000000000003,-82.96000000000001
2025-07-24T17:13:28.827048,45.0,40.0,-38.0,-33.0,1.0,11.0,14.0,-8.0,-21.0,-60.0,28.0,-38.0,68.08,19.86,-37.08,-20.130000000000003,-2.71,13.870000000000001,-2.219999999999999,12.36,-50.1,-70.24,66.13,-66.96000000000001
2025-07-24T17:13:28.835145,-74.0,34.0,-21.0,-24.0,40.0,10.0,43.0,10.0,44.0,-49.0,38.0,-48.0,-50.92,13.86,-20.08,-11.13,36.29,12.870000000000001,26.78,30.36,14.899999999999999,-59.24,76.13,-76.96000000000001
2025-07-24T17:13:28.839061,-112.0,77.0,107.0,-40.0,48.0,-44.0,3.0,83.0,-11.0,-31.0,23.0,-39.0,-88.92,56.86,107.92,-27.130000000000003,44.29,-41.13,-13.219999999999999,103.36,-40.1,-41.24,61.13,-67.96000000000001
2025-07-24T17:13:28.847337,-83.0,57.0,-68.0,5.0,-31.0,-38.0,20.0,-47.0,63.0,-12.0,-16.0,-15.0,-59.92,36.86,-67.08,17.869999999999997,-34.71,-35.13,3.780000000000001,-26.64,33.9,-22.240000000000002,22.130000000000003,-43.96
2025-07-24T17:13:28.851667,26.0,18.0,-18.0,71.0,-15.0,8.0,50.0,-62.0,-51.0,-14.0,-30.0,-7.0,49.08,-2.1400000000000006,-17.08,83.87,-18.71,10.870000000000001,33.78,-41.64,-80.1,-24.240000000000002,8.130000000000003,-35.96
2025-07-24T17:13:28.859423,35.0,17.0,-88.0,-25.0,-8.0,-30.0,11.0,-11.0,23.0,1.0,3.0,1.0,58.08,-3.1400000000000006,-87.08,-12.13,-11.71,-27.13,-5.219999999999999,9.36,-6.100000000000001,-9.24,41.13,-27.96
2025-07-24T17:13:28.864691,70.0,43.0,41.0,-61.0,-29.0,-20.0,23.0,-83.0,13.0,-7.0,-16.0,48.0,93.08,22.86,41.92,-48.13,-32.71,-17.13,6.780000000000001,-62.64,-16.1,-17.240000000000002,22.130000000000003,19.04
2025-07-24T17:13:28.871613,-15.0,-35.0,-32.0,77.0,57.0,42.0,-25.0,-16.0,9.0,-21.0,15.0,53.0,8.079999999999998,-55.14,-31.08,89.87,53.29,44.87,-41.22,4.359999999999999,-20.1,-31.240000000000002,53.13,24.04
2025-07-24T17:13:28.876491,-23.0,17.0,17.0,-11.0,61.0,-34.0,20.0,-38.0,39.0,-33.0,10.0,32.0,0.0799999999999983,-3.1400000000000006,17.92,1.8699999999999992,57.29,-31.13,3.780000000000001,-17.64,9.899999999999999,-43.24,48.13,3.039999999999999
2025-07-24T17:13:28.883926,2.0,68.0,21.0,-11.0,59.0,-11.0,-3.0,0.0,-2.0,-62.0,-33.0,19.0,25.08,47.86,21.92,1.8699999999999992,55.29,-8.129999999999999,-19.22,20.36,-31.1,-72.24,5.130000000000003,-9.96
2025-07-24T17:13:28.889161,-81.0,32.0,37.0,-22.0,-25.0,-52.0,29.0,-36.0,36.0,-13.0,-90.0,17.0,-57.92,11.86,37.92,-9.13,-28.71,-49.13,12.780000000000001,-15.64,6.899999999999999,-23.240000000000002,-51.87,-11.96
2025-07-24T17:13:28.896307,-112.0,133.0,-45.0,60.0,-5.0,-19.0,-20.0,-29.0,-13.0,-28.0,-47.0,57.0,-88.92,112.86,-44.08,72.87,-8.71,-16.13,-36.22,-8.64,-42.1,-38.24,-8.869999999999997,28.04
2025-07-24T17:13:28.900523,19.0,32.0,-86.0,-62.0,15.0,7.0,81.0,-74.0,16.0,-39.0,-75.0,-2.0,42.08,11.86,-85.08,-49.13,11.29,9.870000000000001,64.78,-53.64,-13.100000000000001,-49.24,-36.87,-30.96
2025-07-24T17:13:28.908523,-33.0,13.0,-26.0,-9.0,-1.0,26.0,25.0,-65.0,-50.0,-49.0,-70.0,-12.0,-9.920000000000002,-7.140000000000001,-25.08,3.869999999999999,-4.71,28.87,8.780000000000001,-44.64,-79.1,-59.24,-31.869999999999997,-40.96
2025-07-24T17:13:28.912849,40.0,51.0,-57.0,-42.0,-31.0,10.0,43.0,-36.0,7.0,1.0,-63.0,47.0,63.08,30.86,-56.08,-29.130000000000003,-34.71,12.870000000000001,26.78,-15.64,-22.1,-9.24,-24.869999999999997,18.04
2025-07-24T17:13:28.920697,-16.0,31.0,-49.0,-79.0,58.0,4.0,47.0,-14.0,-7.0,5.0,14.0,11.0,7.079999999999998,10.86,-48.08,-66.13,54.29,6.87,30.78,6.359999999999999,-36.1,-5.24,52.13,-17.96
2025-07-24T17:13:28.925248,-13.0,71.0,26.0,14.0,42.0,-17.0,-31.0,13.0,-10.0,-43.0,-85.0,5.0,10.079999999999998,50.86,26.92,26.869999999999997,38.29,-14.129999999999999,-47.22,33.36,-39.1,-53.24,-46.87,-23.96
2025-07-24T17:13:28.933075,-25.0,3.0,-17.0,-6.0,48.0,5.0,25.0,-21.0,17.0,39.0,-85.0,-5.0,-1.9200000000000017,-17.14,-16.08,6.869999999999999,44.29,7.87,8.780000000000001,-0.6400000000000006,-12.100000000000001,28.759999999999998,-46.87,-33.96
2025-07-24T17:13:28.937479,-27.0,-51.0,-26.0,-37.0,-34.0,-26.0,-35.0,-53.0,59.0,-22.0,-124.0,27.0,-3.9200000000000017,-71.14,-25.08,-24.130000000000003,-37.71,-23.13,-51.22,-32.64,29.9,-32.24,-85.87,-1.9600000000000009
2025-07-24T17:13:28.945454,-57.0,15.0,-8.0,48.0,-30.0,24.0,17.0,-110.0,-13.0,6.0,20.0,47.0,-33.92,-5.140000000000001,-7.08,60.87,-33.71,26.87,0.7800000000000011,-89.64,-42.1,-4.24,58.13,18.04
2025-07-24T17:13:28.949718,13.0,125.0,-52.0,-99.0,-90.0,-6.0,-13.0,18.0,-2.0,5.0,-83.0,51.0,36.08,104.86,-51.08,-86.13,-93.71,-3.13,-29.22,38.36,-31.1,-5.24,-44.87,22.04
2025-07-24T17:13:28.957611,9.0,44.0,-71.0,-11.0,29.0,-18.0,-59.0,-81.0,30.0,0.0,-94.0,67.0,32.08,23.86,-70.08,1.8699999999999992,25.29,-15.129999999999999,-75.22,-60.64,0.8999999999999986,-10.24,-55.87,38.04
2025-07-24T17:13:28.962142,-7.0,75.0,-12.0,-80.0,49.0,-32.0,-63.0,5.0,35.0,10.0,-29.0,70.0,16.08,54.86,-11.08,-67.13,45.29,-29.13,-79.22,25.36,5.899999999999999,-0.2400000000000002,9.130000000000003,41.04
2025-07-24T17:13:28.969908,40.0,10.0,22.0,-81.0,-47.0,-47.0,46.0,-62.0,48.0,34.0,1.0,27.0,63.08,-10.14,22.92,-68.13,-50.71,-44.13,29.78,-41.64,18.9,23.759999999999998,39.13,-1.9600000000000009
2025-07-24T17:13:28.974257,69.0,-28.0,-61.0,11.0,-18.0,-43.0,-12.0,8.0,16.0,12.0,-54.0,11.0,92.08,-48.14,-60.08,23.869999999999997,-21.71,-40.13,-28.22,28.36,-13.100000000000001,1.7599999999999998,-15.869999999999997,-17.96
2025-07-24T17:13:28.982237,10.0,-19.0,29.0,-8.0,-4.0,-13.0,39.0,18.0,-7.0,72.0,-15.0,27.0,33.08,-39.14,29.92,4.869999999999999,-7.71,-10.129999999999999,22.78,38.36,-36.1,61.76,23.130000000000003,-1.9600000000000009
2025-07-24T17:13:28.986710,-16.0,28.0,7.0,-27.0,-14.0,35.0,14.0,12.0,2.0,68.0,-10.0,40.0,7.079999999999998,7.859999999999999,7.92,-14.13,-17.71,37.87,-2.219999999999999,32.36,-27.1,57.76,28.130000000000003,11.04
2025-07-24T17:13:28.994503,-63.0,-7.0,14.0,-11.0,12.0,-31.0,26.0,-36.0,-40.0,50.0,-60.0,28.0,-39.92,-27.14,14.92,1.8699999999999992,8.29,-28.13,9.780000000000001,-15.64,-69.1,39.76,-21.869999999999997,-0.9600000000000009
2025-07-24T17:13:28.998698,-30.0,91.0,-6.0,-18.0,30.0,-7.0,18.0,-8.0,52.0,6.0,-66.0,22.0,-6.920000000000002,70.86,-5.08,-5.130000000000001,26.29,-4.13,1.7800000000000011,12.36,22.9,-4.24,-27.869999999999997,-6.960000000000001
2025-07-24T17:13:29.003072,-29.0,25.0,4.0,-12.0,19.0,64.0,1.0,40.0,-1.0,78.0,-51.0,62.0,-5.920000000000002,4.859999999999999,4.92,0.8699999999999992,15.29,66.87,-15.219999999999999,60.36,-30.1,67.76,-12.869999999999997,33.04
2025-07-24T17:13:29.011369,-81.0,50.0,9.0,-69.0,43.0,-15.0,-22.0,3.0,-88.0,147.0,-43.0,50.0,-57.92,29.86,9.92,-56.13,39.29,-12.129999999999999,-38.22,23.36,-117.1,136.76,-4.869999999999997,21.04
2025-07-24T17:13:29.016075,-39.0,21.0,-24.0,16.0,17.0,-8.0,4.0,13.0,19.0,57.0,-48.0,70.0,-15.920000000000002,0.8599999999999994,-23.08,28.869999999999997,13.29,-5.13,-12.219999999999999,33.36,-10.100000000000001,46.76,-9.869999999999997,41.04
2025-07-24T17:13:29.023250,-120.0,97.0,-77.0,-40.0,19.0,2.0,70.0,59.0,-54.0,23.0,11.0,28.0,-96.92,76.86,-76.08,-27.130000000000003,15.29,4.87,53.78,79.36,-83.1,12.76,49.13,-0.9600000000000009
2025-07-24T17:13:29.027732,-17.0,87.0,-23.0,63.0,2.0,-29.0,39.0,-18.0,-16.0,36.0,-73.0,79.0,6.079999999999998,66.86,-22.08,75.87,-1.71,-26.13,22.78,2.3599999999999994,-45.1,25.759999999999998,-34.87,50.04
2025-07-24T17:13:29.035984,-13.0,-30.0,-48.0,-14.0,-31.0,-36.0,-48.0,-68.0,11.0,-30.0,-35.0,79.0,10.079999999999998,-50.14,-47.08,-1.1300000000000008,-34.71,-33.13,-64.22,-47.64,-18.1,-40.24,3.1300000000000026,50.04
2025-07-24T17:13:29.040423,7.0,-33.0,-20.0,56.0,7.0,17.0,-3.0,-36.0,25.0,60.0,-51.0,28.0,30.08,-53.14,-19.08,68.87,3.29,19.87,-19.22,-15.64,-4.100000000000001,49.76,-12.869999999999997,-0.9600000000000009
2025-07-24T17:13:29.048223,-14.0,-7.0,53.0,56.0,-21.0,35.0,-34.0,-2.0,27.0,36.0,-51.0,66.0,9.079999999999998,-27.14,53.92,68.87,-24.71,37.87,-50.22,18.36,-2.1000000000000014,25.759999999999998,-12.869999999999997,37.04
2025-07-24T17:13:29.052149,14.0,55.0,45.0,-28.0,63.0,-2.0,48.0,53.0,8.0,71.0,-70.0,56.0,37.08,34.86,45.92,-15.13,59.29,0.8700000000000001,31.78,73.36,-21.1,60.76,-31.869999999999997,27.04
2025-07-24T17:13:29.060483,19.0,48.0,8.0,-26.0,-14.0,-5.0,-59.0,12.0,-11.0,40.0,-36.0,50.0,42.08,27.86,8.92,-13.13,-17.71,-2.13,-75.22,32.36,-40.1,29.759999999999998,2.1300000000000026,21.04
2025-07-24T17:13:29.064657,-68.0,83.0,-19.0,30.0,20.0,-26.0,23.0,15.0,-80.0,100.0,-36.0,102.0,-44.92,62.86,-18.08,42.87,16.29,-23.13,6.780000000000001,35.36,-109.1,89.76,2.1300000000000026,73.03999999999999
2025-07-24T17:13:29.072654,-36.0,96.0,-74.0,-16.0,-23.0,0.0,48.0,-38.0,-2.0,29.0,-11.0,1.0,-12.920000000000002,75.86,-73.08,-3.130000000000001,-26.71,2.87,31.78,-17.64,-31.1,18.759999999999998,27.130000000000003,-27.96
2025-07-24T17:13:29.077063,-63.0,42.0,-19.0,-71.0,7.0,-23.0,0.0,28.0,60.0,23.0,-33.0,70.0,-39.92,21.86,-18.08,-58.13,3.29,-20.13,-16.22,48.36,30.9,12.76,5.130000000000003,41.04
2025-07-24T17:13:29.084671,-85.0,36.0,-74.0,-53.0,-34.0,60.0,27.0,64.0,-8.0,31.0,-102.0,12.0,-61.92,15.86,-73.08,-40.13,-37.71,62.87,10.780000000000001,84.36,-37.1,20.759999999999998,-63.87,-16.96
2025-07-24T17:13:29.089403,39.0,14.0,-81.0,58.0,-1.0,23.0,8.0,-31.0,-5.0,35.0,-50.0,82.0,62.08,-6.140000000000001,-80.08,70.87,-4.71,25.87,-8.219999999999999,-10.64,-34.1,24.759999999999998,-11.869999999999997,53.04
2025-07-24T17:13:29.097118,-36.0,47.0,-30.0,-69.0,2.0,39.0,49.0,13.0,19.0,38.0,-77.0,-12.0,-12.920000000000002,26.86,-29.08,-56.13,-1.71,41.87,32.78,33.36,-10.100000000000001,27.759999999999998,-38.87,-40.96
2025-07-24T17:13:29.101653,4.0,-19.0,-37.0,-3.0,24.0,0.0,6.0,-27.0,0.0,25.0,-134.0,79.0,27.08,-39.14,-36.08,9.87,20.29,2.87,-10.219999999999999,-6.640000000000001,-29.1,14.76,-95.87,50.04
2025-07-24T17:13:29.109175,37.0,25.0,-28.0,3.0,-5.0,-51.0,81.0,-31.0,15.0,44.0,-1.0,-14.0,60.08,4.859999999999999,-27.08,15.87,-8.71,-48.13,64.78,-10.64,-14.100000000000001,33.76,37.13,-42.96
2025-07-24T17:13:29.113484,-15.0,1.0,-34.0,31.0,-7.0,33.0,33.0,-40.0,12.0,8.0,-59.0,-25.0,8.079999999999998,-19.14,-33.08,43.87,-10.71,35.87,16.78,-19.64,-17.1,-2.24,-20.869999999999997,-53.96
2025-07-24T17:13:29.121443,-10.0,-11.0,29.0,7.0,28.0,-4.0,8.0,38.0,-19.0,75.0,-42.0,-82.0,13.079999999999998,-31.14,29.92,19.869999999999997,24.29,-1.13,-8.219999999999999,58.36,-48.1,64.76,-3.8699999999999974,-110.96000000000001
2025-07-24T17:13:29.126008,0.0,33.0,-20.0,-11.0,43.0,-2.0,41.0,-10.0,15.0,13.0,-33.0,1.0,23.08,12.86,-19.08,1.8699999999999992,39.29,0.8700000000000001,24.78,10.36,-14.100000000000001,2.76,5.130000000000003,-27.96
2025-07-24T17:13:29.130195,9.0,22.0,43.0,-12.0,-5.0,-38.0,25.0,-33.0,-26.0,87.0,38.0,30.0,32.08,1.8599999999999994,43.92,0.8699999999999992,-8.71,-35.13,8.780000000000001,-12.64,-55.1,76.76,76.13,1.0399999999999991
2025-07-24T17:13:29.138081,-38.0,12.0,49.0,-37.0,5.0,54.0,18.0,-5.0,-41.0,31.0,30.0,11.0,-14.920000000000002,-8.14,49.92,-24.130000000000003,1.29,56.87,1.7800000000000011,15.36,-70.1,20.759999999999998,68.13,-17.96
2025-07-24T17:13:29.145996,-44.0,-18.0,34.0,-69.0,-39.0,-3.0,28.0,-20.0,38.0,52.0,45.0,-22.0,-20.92,-38.14,34.92,-56.13,-42.71,-0.1299999999999999,11.780000000000001,0.35999999999999943,8.899999999999999,41.76,83.13,-50.96
2025-07-24T17:13:29.150378,-14.0,-6.0,26.0,-23.0,49.0,-33.0,11.0,15.0,-12.0,43.0,-23.0,-32.0,9.079999999999998,-26.14,26.92,-10.13,45.29,-30.13,-5.219999999999999,35.36,-41.1,32.76,15.130000000000003,-60.96
2025-07-24T17:13:29.158313,-80.0,104.0,-49.0,-12.0,23.0,-39.0,28.0,-3.0,-5.0,18.0,-4.0,-35.0,-56.92,83.86,-48.08,0.8699999999999992,19.29,-36.13,11.780000000000001,17.36,-34.1,7.76,34.13,-63.96
2025-07-24T17:13:29.162918,-69.0,58.0,2.0,-14.0,24.0,-14.0,37.0,-116.0,-68.0,26.0,46.0,-21.0,-45.92,37.86,2.92,-1.1300000000000008,20.29,-11.129999999999999,20.78,-95.64,-97.1,15.76,84.13,-49.96
2025-07-24T17:13:29.167566,-5.0,21.0,-8.0,-12.0,40.0,1.0,42.0,-68.0,75.0,50.0,22.0,8.0,18.08,0.8599999999999994,-7.08,0.8699999999999992,36.29,3.87,25.78,-47.64,45.9,39.76,60.13,-20.96
2025-07-24T17:13:29.174817,14.0,61.0,-29.0,54.0,14.0,-25.0,102.0,28.0,-95.0,-38.0,-20.0,17.0,37.08,40.86,-28.08,66.87,10.29,-22.13,85.78,48.36,-124.1,-48.24,18.130000000000003,-11.96
2025-07-24T17:13:29.179772,44.0,-34.0,-17.0,0.0,-46.0,25.0,50.0,-26.0,16.0,-57.0,-25.0,-70.0,67.08,-54.14,-16.08,12.87,-49.71,27.87,33.78,-5.640000000000001,-13.100000000000001,-67.24,13.130000000000003,-98.96000000000001
2025-07-24T17:13:29.187007,-81.0,29.0,-49.0,-44.0,29.0,7.0,3.0,-13.0,74.0,9.0,-121.0,-1.0,-57.92,8.86,-48.08,-31.130000000000003,25.29,9.870000000000001,-13.219999999999999,7.359999999999999,44.9,-1.2400000000000002,-82.87,-29.96
2025-07-24T17:13:29.192183,-19.0,27.0,-17.0,-44.0,-61.0,18.0,13.0,-62.0,31.0,-75.0,27.0,-60.0,4.079999999999998,6.859999999999999,-16.08,-31.130000000000003,-64.71,20.87,-3.219999999999999,-41.64,1.8999999999999986,-85.24,65.13,-88.96000000000001
2025-07-24T17:13:29.199615,-8.0,43.0,9.0,-70.0,40.0,3.0,65.0,-70.0,-25.0,-21.0,6.0,-27.0,15.079999999999998,22.86,9.92,-57.13,36.29,5.87,48.78,-49.64,-54.1,-31.240000000000002,44.13,-55.96
2025-07-24T17:13:29.203600,-2.0,78.0,-23.0,42.0,31.0,-14.0,69.0,-38.0,18.0,-29.0,65.0,-112.0,21.08,57.86,-22.08,54.87,27.29,-11.129999999999999,52.78,-17.64,-11.100000000000001,-39.24,103.13,-140.96
2025-07-24T17:13:29.211888,-88.0,99.0,-48.0,-6.0,0.0,10.0,57.0,-63.0,53.0,-53.0,-61.0,-29.0,-64.92,78.86,-47.08,6.869999999999999,-3.71,12.870000000000001,40.78,-42.64,23.9,-63.24,-22.869999999999997,-57.96
2025-07-24T17:13:29.216879,26.0,80.0,-60.0,-14.0,-14.0,-15.0,-4.0,-30.0,100.0,-9.0,-7.0,-33.0,49.08,59.86,-59.08,-1.1300000000000008,-17.71,-12.129999999999999,-20.22,-9.64,70.9,-19.240000000000002,31.130000000000003,-61.96
2025-07-24T17:13:29.223928,-52.0,122.0,-43.0,-8.0,13.0,-18.0,8.0,-13.0,1.0,-3.0,-24.0,29.0,-28.92,101.86,-42.08,4.869999999999999,9.29,-15.129999999999999,-8.219999999999999,7.359999999999999,-28.1,-13.24,14.130000000000003,0.03999999999999915
2025-07-24T17:13:29.228523,37.0,46.0,-69.0,12.0,-25.0,17.0,18.0,13.0,76.0,-13.0,18.0,-58.0,60.08,25.86,-68.08,24.869999999999997,-28.71,19.87,1.7800000000000011,33.36,46.9,-23.240000000000002,56.13,-86.96000000000001
2025-07-24T17:13:29.236366,-61.0,-32.0,-88.0,-71.0,-11.0,9.0,47.0,-14.0,1.0,-25.0,-64.0,-39.0,-37.92,-52.14,-87.08,-58.13,-14.71,11.870000000000001,30.78,6.359999999999999,-28.1,-35.24,-25.869999999999997,-67.96000000000001
2025-07-24T17:13:29.240471,-75.0,-65.0,26.0,-26.0,56.0,12.0,13.0,-45.0,19.0,16.0,18.0,-50.0,-51.92,-85.14,26.92,-13.13,52.29,14.870000000000001,-3.219999999999999,-24.64,-10.100000000000001,5.76,56.13,-78.96000000000001
2025-07-24T17:13:29.248511,6.0,11.0,12.0,-59.0,19.0,-24.0,-26.0,-54.0,-15.0,-50.0,1.0,6.0,29.08,-9.14,12.92,-46.13,15.29,-21.13,-42.22,-33.64,-44.1,-60.24,39.13,-22.96
2025-07-24T17:13:29.253708,-41.0,100.0,7.0,-14.0,6.0,2.0,-16.0,68.0,51.0,1.0,29.0,-63.0,-17.92,79.86,7.92,-1.1300000000000008,2.29,4.87,-32.22,88.36,21.9,-9.24,67.13,-91.96000000000001
2025-07-24T17:13:29.260759,-18.0,26.0,18.0,-64.0,5.0,-73.0,-3.0,-26.0,32.0,-53.0,44.0,-42.0,5.079999999999998,5.859999999999999,18.92,-51.13,1.29,-70.13,-19.22,-5.640000000000001,2.8999999999999986,-63.24,82.13,-70.96000000000001
2025-07-24T17:13:29.265416,-72.0,22.0,-6.0,25.0,-21.0,-54.0,-43.0,-54.0,15.0,-64.0,22.0,-1.0,-48.92,1.8599999999999994,-5.08,37.87,-24.71,-51.13,-59.22,-33.64,-14.100000000000001,-74.24,60.13,-29.96
2025-07-24T17:13:29.273029,-77.0,58.0,-7.0,1.0,-83.0,31.0,-12.0,-41.0,66.0,-49.0,42.0,25.0,-53.92,37.86,-6.08,13.87,-86.71,33.87,-28.22,-20.64,36.9,-59.24,80.13,-3.960000000000001
2025-07-24T17:13:29.277413,-148.0,55.0,-90.0,-29.0,-28.0,10.0,53.0,-16.0,48.0,-16.0,24.0,-22.0,-124.92,34.86,-89.08,-16.130000000000003,-31.71,12.870000000000001,36.78,4.359999999999999,18.9,-26.240000000000002,62.13,-50.96
2025-07-24T17:13:29.285389,8.0,50.0,-46.0,-17.0,-7.0,-51.0,32.0,-2.0,-21.0,7.0,-2.0,19.0,31.08,29.86,-45.08,-4.130000000000001,-10.71,-48.13,15.780000000000001,18.36,-50.1,-3.24,36.13,-9.96
2025-07-24T17:13:29.289571,-46.0,96.0,-34.0,10.0,54.0,41.0,-20.0,17.0,39.0,-30.0,13.0,-4.0,-22.92,75.86,-33.08,22.869999999999997,50.29,43.87,-36.22,37.36,9.899999999999999,-40.24,51.13,-32.96
2025-07-24T17:13:29.297630,56.0,-51.0,-60.0,-6.0,29.0,3.0,40.0,2.0,22.0,-48.0,11.0,-20.0,79.08,-71.14,-59.08,6.869999999999999,25.29,5.87,23.78,22.36,-7.100000000000001,-58.24,49.13,-48.96
2025-07-24T17:13:29.301884,2.0,-13.0,-50.0,32.0,15.0,-6.0,-19.0,25.0,36.0,-29.0,4.0,-65.0,25.08,-33.14,-49.08,44.87,11.29,-3.13,-35.22,45.36,6.899999999999999,-39.24,42.13,-93.96000000000001
2025-07-24T17:13:29.309930,40.0,11.0,-47.0,-8.0,33.0,-18.0,2.0,26.0,25.0,50.0,-58.0,-23.0,63.08,-9.14,-46.08,4.869999999999999,29.29,-15.129999999999999,-14.219999999999999,46.36,-4.100000000000001,39.76,-19.869999999999997,-51.96
2025-07-24T17:13:29.314144,20.0,43.0,33.0,8.0,29.0,-27.0,15.0,20.0,47.0,-10.0,27.0,3.0,43.08,22.86,33.92,20.869999999999997,25.29,-24.13,-1.2199999999999989,40.36,17.9,-20.240000000000002,65.13,-25.96
2025-07-24T17:13:29.322201,-96.0,-16.0,-7.0,4.0,-38.0,4.0,-33.0,-49.0,40.0,-21.0,79.0,-41.0,-72.92,-36.14,-6.08,16.869999999999997,-41.71,6.87,-49.22,-28.64,10.899999999999999,-31.240000000000002,117.13,-69.96000000000001
2025-07-24T17:13:29.326499,-73.0,148.0,54.0,-100.0,-30.0,37.0,-24.0,16.0,32.0,-68.0,-2.0,-26.0,-49.92,127.86,54.92,-87.13,-33.71,39.87,-40.22,36.36,2.8999999999999986,-78.24,36.13,-54.96
2025-07-24T17:13:29.334444,-36.0,53.0,-94.0,-55.0,41.0,15.0,39.0,31.0,23.0,-48.0,12.0,-50.0,-12.920000000000002,32.86,-93.08,-42.13,37.29,17.87,22.78,51.36,-6.100000000000001,-58.24,50.13,-78.96000000000001
2025-07-24T17:13:29.338789,-69.0,104.0,12.0,-80.0,-55.0,8.0,-53.0,-42.0,13.0,-11.0,-16.0,-74.0,-45.92,83.86,12.92,-67.13,-58.71,10.870000000000001,-69.22,-21.64,-16.1,-21.240000000000002,22.130000000000003,-102.96000000000001
2025-07-24T17:13:29.346776,23.0,-18.0,46.0,26.0,-34.0,-30.0,19.0,63.0,-15.0,-30.0,-41.0,-89.0,46.08,-38.14,46.92,38.87,-37.71,-27.13,2.780000000000001,83.36,-44.1,-40.24,-2.8699999999999974,-117.96000000000001
2025-07-24T17:13:29.350949,12.0,35.0,69.0,12.0,-29.0,57.0,-39.0,-16.0,55.0,-65.0,25.0,-5.0,35.08,14.86,69.92,24.869999999999997,-32.71,59.87,-55.22,4.359999999999999,25.9,-75.24,63.13,-33.96
2025-07-24T17:13:29.359277,15.0,-44.0,-16.0,24.0,-16.0,-23.0,1.0,22.0,-51.0,-55.0,15.0,-52.0,38.08,-64.14,-15.08,36.87,-19.71,-20.13,-15.219999999999999,42.36,-80.1,-65.24,53.13,-80.96000000000001
2025-07-24T17:13:29.363249,7.0,-22.0,11.0,-4.0,-4.0,23.0,18.0,14.0,-27.0,13.0,10.0,-5.0,30.08,-42.14,11.92,8.87,-7.71,25.87,1.7800000000000011,34.36,-56.1,2.76,48.13,-33.96
2025-07-24T17:13:29.371266,-33.0,-6.0,39.0,-42.0,31.0,-29.0,-50.0,-2.0,37.0,-20.0,-42.0,-3.0,-9.920000000000002,-26.14,39.92,-29.130000000000003,27.29,-26.13,-66.22,18.36,7.899999999999999,-30.240000000000002,-3.8699999999999974,-31.96
2025-07-24T17:13:29.375459,-73.0,-71.0,20.0,-26.0,35.0,-23.0,25.0,49.0,15.0,-8.0,18.0,-37.0,-49.92,-91.14,20.92,-13.13,31.29,-20.13,8.780000000000001,69.36,-14.100000000000001,-18.240000000000002,56.13,-65.96000000000001
2025-07-24T17:13:29.380574,-89.0,27.0,31.0,-14.0,-16.0,-35.0,-26.0,-7.0,-7.0,-7.0,25.0,15.0,-65.92,6.859999999999999,31.92,-1.1300000000000008,-19.71,-32.13,-42.22,13.36,-36.1,-17.240000000000002,63.13,-13.96
2025-07-24T17:13:29.387759,-29.0,89.0,-33.0,94.0,-79.0,-26.0,-2.0,8.0,-43.0,9.0,35.0,-35.0,-5.920000000000002,68.86,-32.08,106.87,-82.71,-23.13,-18.22,28.36,-72.1,-1.2400000000000002,73.13,-63.96
2025-07-24T17:13:29.392657,-51.0,77.0,-30.0,34.0,14.0,19.0,-12.0,8.0,36.0,-45.0,9.0,52.0,-27.92,56.86,-29.08,46.87,10.29,21.87,-28.22,28.36,6.899999999999999,-55.24,47.13,23.04
2025-07-24T17:13:29.400050,-20.0,73.0,15.0,-3.0,60.0,2.0,46.0,14.0,-35.0,-33.0,27.0,-73.0,3.0799999999999983,52.86,15.92,9.87,56.29,4.87,29.78,34.36,-64.1,-43.24,65.13,-101.96000000000001
2025-07-24T17:13:29.404630,-19.0,83.0,-56.0,-98.0,-69.0,89.0,14.0,31.0,-10.0,-44.0,23.0,-36.0,4.079999999999998,62.86,-55.08,-85.13,-72.71,91.87,-2.219999999999999,51.36,-39.1,-54.24,61.13,-64.96000000000001
2025-07-24T17:13:29.412350,-5.0,-49.0,-9.0,-27.0,-2.0,-2.0,-7.0,-50.0,83.0,-77.0,23.0,-27.0,18.08,-69.14,-8.08,-14.13,-5.71,0.8700000000000001,-23.22,-29.64,53.9,-87.24,61.13,-55.96
2025-07-24T17:13:29.416898,8.0,-35.0,-16.0,-26.0,44.0,16.0,-19.0,12.0,-57.0,-24.0,31.0,32.0,31.08,-55.14,-15.08,-13.13,40.29,18.87,-35.22,32.36,-86.1,-34.24,69.13,3.039999999999999
2025-07-24T17:13:29.424569,-23.0,-3.0,20.0,-43.0,-14.0,-47.0,53.0,-1.0,-24.0,35.0,-3.0,24.0,0.0799999999999983,-23.14,20.92,-30.130000000000003,-17.71,-44.13,36.78,19.36,-53.1,24.759999999999998,35.13,-4.960000000000001
2025-07-24T17:13:29.429245,-64.0,2.0,-14.0,29.0,-13.0,-11.0,11.0,-33.0,8.0,-19.0,14.0,-11.0,-40.92,-18.14,-13.08,41.87,-16.71,-8.129999999999999,-5.219999999999999,-12.64,-21.1,-29.240000000000002,52.13,-39.96
2025-07-24T17:13:29.436844,-38.0,97.0,63.0,19.0,137.0,-74.0,11.0,-58.0,59.0,-5.0,-18.0,31.0,-14.920000000000002,76.86,63.92,31.869999999999997,133.29,-71.13,-5.219999999999999,-37.64,29.9,-15.24,20.130000000000003,2.039999999999999
2025-07-24T17:13:29.441157,-48.0,27.0,-62.0,78.0,-11.0,7.0,63.0,14.0,45.0,-28.0,4.0,26.0,-24.92,6.859999999999999,-61.08,90.87,-14.71,9.870000000000001,46.78,34.36,15.899999999999999,-38.24,42.13,-2.960000000000001
2025-07-24T17:13:29.449222,-58.0,58.0,-77.0,38.0,-11.0,58.0,11.0,11.0,39.0,16.0,-24.0,-9.0,-34.92,37.86,-76.08,50.87,-14.71,60.87,-5.219999999999999,31.36,9.899999999999999,5.76,14.130000000000003,-37.96
2025-07-24T17:13:29.453480,-88.0,96.0,-62.0,-70.0,-65.0,1.0,20.0,8.0,28.0,-66.0,-10.0,-9.0,-64.92,75.86,-61.08,-57.13,-68.71,3.87,3.780000000000001,28.36,-1.1000000000000014,-76.24,28.130000000000003,-37.96
2025-07-24T17:13:29.461679,-79.0,29.0,-69.0,4.0,-10.0,-75.0,36.0,11.0,-47.0,112.0,-47.0,55.0,-55.92,8.86,-68.08,16.869999999999997,-13.71,-72.13,19.78,31.36,-76.1,101.76,-8.869999999999997,26.04
2025-07-24T17:13:29.465728,62.0,69.0,-76.0,34.0,25.0,9.0,20.0,-48.0,63.0,31.0,-66.0,60.0,85.08,48.86,-75.08,46.87,21.29,11.870000000000001,3.780000000000001,-27.64,33.9,20.759999999999998,-27.869999999999997,31.04
2025-07-24T17:13:29.473944,-62.0,21.0,-66.0,-100.0,17.0,-58.0,8.0,-85.0,35.0,79.0,-82.0,58.0,-38.92,0.8599999999999994,-65.08,-87.13,13.29,-55.13,-8.219999999999999,-64.64,5.899999999999999,68.76,-43.87,29.04
2025-07-24T17:13:29.478028,-8.0,30.0,-63.0,-40.0,77.0,2.0,77.0,-43.0,-1.0,16.0,-18.0,36.0,15.079999999999998,9.86,-62.08,-27.130000000000003,73.29,4.87,60.78,-22.64,-30.1,5.76,20.130000000000003,7.039999999999999
2025-07-24T17:13:29.486125,-30.0,-29.0,0.0,-69.0,8.0,-38.0,60.0,-22.0,23.0,27.0,-58.0,20.0,-6.920000000000002,-49.14,0.92,-56.13,4.29,-35.13,43.78,-1.6400000000000006,-6.100000000000001,16.759999999999998,-19.869999999999997,-8.96
2025-07-24T17:13:29.490379,43.0,8.0,65.0,-77.0,43.0,2.0,43.0,-30.0,-40.0,64.0,-23.0,25.0,66.08,-12.14,65.92,-64.13,39.29,4.87,26.78,-9.64,-69.1,53.76,15.130000000000003,-3.960000000000001
2025-07-24T17:13:29.498261,-51.0,14.0,51.0,44.0,24.0,18.0,10.0,-9.0,44.0,72.0,-96.0,65.0,-27.92,-6.140000000000001,51.92,56.87,20.29,20.87,-6.219999999999999,11.36,14.899999999999999,61.76,-57.87,36.04
2025-07-24T17:13:29.502802,21.0,-74.0,11.0,-45.0,32.0,25.0,34.0,57.0,-15.0,7.0,-63.0,36.0,44.08,-94.14,11.92,-32.13,28.29,27.87,17.78,77.36,-44.1,-3.24,-24.869999999999997,7.039999999999999
2025-07-24T17:13:29.510596,-69.0,-32.0,17.0,28.0,51.0,-10.0,81.0,-42.0,-43.0,44.0,-41.0,16.0,-45.92,-52.14,17.92,40.87,47.29,-7.13,64.78,-21.64,-72.1,33.76,-2.8699999999999974,-12.96
2025-07-24T17:13:29.514872,-57.0,15.0,16.0,-86.0,-38.0,29.0,31.0,6.0,-56.0,41.0,-68.0,21.0,-33.92,-5.140000000000001,16.92,-73.13,-41.71,31.87,14.780000000000001,26.36,-85.1,30.759999999999998,-29.869999999999997,-7.960000000000001
2025-07-24T17:13:29.522929,-87.0,76.0,-56.0,11.0,32.0,-75.0,13.0,-26.0,6.0,86.0,-104.0,52.0,-63.92,55.86,-55.08,23.869999999999997,28.29,-72.13,-3.219999999999999,-5.640000000000001,-23.1,75.76,-65.87,23.04
2025-07-24T17:13:29.527548,-4.0,96.0,27.0,-7.0,10.0,5.0,27.0,-16.0,26.0,1.0,-64.0,64.0,19.08,75.86,27.92,5.869999999999999,6.29,7.87,10.780000000000001,4.359999999999999,-3.1000000000000014,-9.24,-25.869999999999997,35.04
2025-07-24T17:13:29.532121,33.0,29.0,-15.0,7.0,-5.0,-62.0,33.0,-22.0,-18.0,28.0,-9.0,85.0,56.08,8.86,-14.08,19.869999999999997,-8.71,-59.13,16.78,-1.6400000000000006,-47.1,17.759999999999998,29.130000000000003,56.04
2025-07-24T17:13:29.539618,-42.0,65.0,-70.0,19.0,19.0,-53.0,-4.0,-24.0,-10.0,69.0,-69.0,25.0,-18.92,44.86,-69.08,31.869999999999997,15.29,-50.13,-20.22,-3.6400000000000006,-39.1,58.76,-30.869999999999997,-3.960000000000001
2025-07-24T17:13:29.544519,-21.0,-4.0,-55.0,33.0,-4.0,28.0,46.0,-20.0,52.0,36.0,-24.0,50.0,2.0799999999999983,-24.14,-54.08,45.87,-7.71,30.87,29.78,0.35999999999999943,22.9,25.759999999999998,14.130000000000003,21.04
2025-07-24T17:13:29.551955,19.0,23.0,6.0,45.0,5.0,-9.0,-14.0,12.0,12.0,12.0,-47.0,16.0,42.08,2.8599999999999994,6.92,57.87,1.29,-6.13,-30.22,32.36,-17.1,1.7599999999999998,-8.869999999999997,-12.96
2025-07-24T17:13:29.556151,20.0,40.0,81.0,-43.0,1.0,-8.0,15.0,-39.0,-42.0,92.0,-76.0,22.0,43.08,19.86,81.92,-30.130000000000003,-2.71,-5.13,-1.2199999999999989,-18.64,-71.1,81.76,-37.87,-6.960000000000001
2025-07-24T17:13:29.563973,3.0,6.0,11.0,-24.0,-8.0,61.0,81.0,-83.0,17.0,66.0,-46.0,39.0,26.08,-14.14,11.92,-11.13,-11.71,63.87,64.78,-62.64,-12.100000000000001,55.76,-7.869999999999997,10.04
2025-07-24T17:13:29.568825,-14.0,-45.0,-10.0,-7.0,22.0,54.0,33.0,-10.0,-4.0,10.0,-61.0,-8.0,9.079999999999998,-65.14,-9.08,5.869999999999999,18.29,56.87,16.78,10.36,-33.1,-0.2400000000000002,-22.869999999999997,-36.96
2025-07-24T17:13:29.576432,12.0,-23.0,59.0,-72.0,17.0,-45.0,75.0,-89.0,13.0,27.0,-77.0,19.0,35.08,-43.14,59.92,-59.13,13.29,-42.13,58.78,-68.64,-16.1,16.759999999999998,-38.87,-9.96
2025-07-24T17:13:29.580771,-24.0,16.0,41.0,-12.0,7.0,-26.0,3.0,-102.0,26.0,43.0,-10.0,23.0,-0.9200000000000017,-4.140000000000001,41.92,0.8699999999999992,3.29,-23.13,-13.219999999999999,-81.64,-3.1000000000000014,32.76,28.130000000000003,-5.960000000000001
2025-07-24T17:13:29.588633,-48.0,35.0,-23.0,3.0,28.0,-41.0,-22.0,58.0,28.0,21.0,-45.0,-9.0,-24.92,14.86,-22.08,15.87,24.29,-38.13,-38.22,78.36,-1.1000000000000014,10.76,-6.869999999999997,-37.96
2025-07-24T17:13:29.592721,-44.0,33.0,-75.0,14.0,-34.0,12.0,16.0,71.0,-1.0,28.0,-100.0,103.0,-20.92,12.86,-74.08,26.869999999999997,-37.71,14.870000000000001,-0.21999999999999886,91.36,-30.1,17.759999999999998,-61.87,74.03999999999999
2025-07-24T17:13:29.600847,-11.0,75.0,-93.0,-43.0,-5.0,-9.0,22.0,-24.0,47.0,43.0,-4.0,7.0,12.079999999999998,54.86,-92.08,-30.130000000000003,-8.71,-6.13,5.780000000000001,-3.6400000000000006,17.9,32.76,34.13,-21.96
2025-07-24T17:13:29.605000,-10.0,64.0,-7.0,-27.0,-15.0,38.0,0.0,-25.0,27.0,22.0,-88.0,-6.0,13.079999999999998,43.86,-6.08,-14.13,-18.71,40.87,-16.22,-4.640000000000001,-2.1000000000000014,11.76,-49.87,-34.96
2025-07-24T17:13:29.612983,7.0,11.0,0.0,-15.0,-12.0,-12.0,22.0,39.0,-11.0,74.0,-66.0,87.0,30.08,-9.14,0.92,-2.130000000000001,-15.71,-9.129999999999999,5.780000000000001,59.36,-40.1,63.76,-27.869999999999997,58.04
2025-07-24T17:13:29.617744,9.0,-51.0,-35.0,-44.0,-16.0,1.0,16.0,-6.0,-23.0,67.0,-43.0,7.0,32.08,-71.14,-34.08,-31.130000000000003,-19.71,3.87,-0.21999999999999886,14.36,-52.1,56.76,-4.869999999999997,-21.96
2025-07-24T17:13:29.625432,26.0,1.0,-50.0,-31.0,27.0,-40.0,-1.0,-37.0,-2.0,57.0,-14.0,-27.0,49.08,-19.14,-49.08,-18.130000000000003,23.29,-37.13,-17.22,-16.64,-31.1,46.76,24.130000000000003,-55.96
2025-07-24T17:13:29.629534,-30.0,15.0,-66.0,47.0,-56.0,-2.0,-5.0,-22.0,27.0,13.0,-65.0,16.0,-6.920000000000002,-5.140000000000001,-65.08,59.87,-59.71,0.8700000000000001,-21.22,-1.6400000000000006,-2.1000000000000014,2.76,-26.869999999999997,-12.96
2025-07-24T17:13:29.637464,0.0,37.0,-62.0,-3.0,16.0,4.0,4.0,-43.0,68.0,-5.0,-62.0,-7.0,23.08,16.86,-61.08,9.87,12.29,6.87,-12.219999999999999,-22.64,38.9,-15.24,-23.869999999999997,-35.96
2025-07-24T17:13:29.642101,52.0,12.0,-5.0,15.0,-49.0,23.0,-29.0,-43.0,9.0,2.0,-74.0,-7.0,75.08,-8.14,-4.08,27.869999999999997,-52.71,25.87,-45.22,-22.64,-20.1,-8.24,-35.87,-35.96
2025-07-24T17:13:29.646840,1.0,38.0,13.0,-22.0,-6.0,11.0,27.0,25.0,8.0,111.0,49.0,-41.0,24.08,17.86,13.92,-9.13,-9.71,13.870000000000001,10.780000000000001,45.36,-21.1,100.76,87.13,-69.96000000000001
2025-07-24T17:13:29.654102,33.0,35.0,-4.0,32.0,-27.0,31.0,-1.0,-55.0,39.0,13.0,4.0,-17.0,56.08,14.86,-3.08,44.87,-30.71,33.87,-17.22,-34.64,9.899999999999999,2.76,42.13,-45.96
2025-07-24T17:13:29.658992,21.0,-27.0,70.0,9.0,57.0,3.0,-36.0,-25.0,60.0,88.0,-6.0,-31.0,44.08,-47.14,70.92,21.869999999999997,53.29,5.87,-52.22,-4.640000000000001,30.9,77.76,32.13,-59.96
2025-07-24T17:13:29.666666,29.0,46.0,-9.0,-2.0,74.0,22.0,-17.0,-17.0,21.0,-14.0,39.0,35.0,52.08,25.86,-8.08,10.87,70.29,24.87,-33.22,3.3599999999999994,-8.100000000000001,-24.240000000000002,77.13,6.039999999999999
2025-07-24T17:13:29.670867,-35.0,16.0,53.0,26.0,52.0,-38.0,-25.0,-67.0,21.0,12.0,-1.0,-57.0,-11.920000000000002,-4.140000000000001,53.92,38.87,48.29,-35.13,-41.22,-46.64,-8.100000000000001,1.7599999999999998,37.13,-85.96000000000001
2025-07-24T17:13:29.678598,-46.0,116.0,-8.0,41.0,-26.0,-52.0,-65.0,3.0,84.0,47.0,-27.0,-37.0,-22.92,95.86,-7.08,53.87,-29.71,-49.13,-81.22,23.36,54.9,36.76,11.130000000000003,-65.96000000000001
2025-07-24T17:13:29.683150,49.0,55.0,-4.0,-57.0,-56.0,-81.0,-41.0,29.0,54.0,-26.0,18.0,-50.0,72.08,34.86,-3.08,-44.13,-59.71,-78.13,-57.22,49.36,24.9,-36.24,56.13,-78.96000000000001
2025-07-24T17:13:29.690915,8.0,88.0,-3.0,-8.0,-7.0,-42.0,35.0,-24.0,45.0,-111.0,-24.0,-25.0,31.08,67.86,-2.08,4.869999999999999,-10.71,-39.13,18.78,-3.6400000000000006,15.899999999999999,-121.24,14.130000000000003,-53.96
2025-07-24T17:13:29.695314,-61.0,-19.0,18.0,-27.0,-12.0,12.0,-31.0,-85.0,40.0,20.0,56.0,-38.0,-37.92,-39.14,18.92,-14.13,-15.71,14.870000000000001,-47.22,-64.64,10.899999999999999,9.76,94.13,-66.96000000000001
2025-07-24T17:13:29.703480,75.0,15.0,81.0,-69.0,11.0,-10.0,13.0,-26.0,40.0,39.0,25.0,-24.0,98.08,-5.140000000000001,81.92,-56.13,7.29,-7.13,-3.219999999999999,-5.640000000000001,10.899999999999999,28.759999999999998,63.13,-52.96
2025-07-24T17:13:29.707679,-15.0,19.0,10.0,47.0,60.0,-31.0,-31.0,-24.0,35.0,4.0,10.0,-53.0,8.079999999999998,-1.1400000000000006,10.92,59.87,56.29,-28.13,-47.22,-3.6400000000000006,5.899999999999999,-6.24,48.13,-81.96000000000001
2025-07-24T17:13:29.715402,-98.0,52.0,6.0,2.0,102.0,-41.0,27.0,10.0,41.0,27.0,-38.0,-24.0,-74.92,31.86,6.92,14.87,98.29,-38.13,10.780000000000001,30.36,11.899999999999999,16.759999999999998,0.13000000000000256,-52.96
2025-07-24T17:13:29.719799,-70.0,55.0,-127.0,25.0,51.0,1.0,4.0,-61.0,0.0,-2.0,-5.0,-29.0,-46.92,34.86,-126.08,37.87,47.29,3.87,-12.219999999999999,-40.64,-29.1,-12.24,33.13,-57.96
2025-07-24T17:13:29.727961,-45.0,132.0,-2.0,30.0,-18.0,-62.0,-21.0,17.0,-32.0,12.0,-19.0,-8.0,-21.92,111.86,-1.08,42.87,-21.71,-59.13,-37.22,37.36,-61.1,1.7599999999999998,19.130000000000003,-36.96
2025-07-24T17:13:29.732324,-1.0,53.0,-73.0,18.0,-50.0,32.0,53.0,-11.0,-3.0,22.0,-34.0,45.0,22.08,32.86,-72.08,30.869999999999997,-53.71,34.87,36.78,9.36,-32.1,11.76,4.130000000000003,16.04
2025-07-24T17:13:29.740117,-13.0,58.0,-18.0,-35.0,-6.0,-21.0,97.0,3.0,14.0,-7.0,-49.0,-2.0,10.079999999999998,37.86,-17.08,-22.130000000000003,-9.71,-18.13,80.78,23.36,-15.100000000000001,-17.240000000000002,-10.869999999999997,-30.96
2025-07-24T17:13:29.744597,-19.0,86.0,-53.0,-15.0,-27.0,-9.0,-25.0,-32.0,62.0,14.0,-102.0,32.0,4.079999999999998,65.86,-52.08,-2.130000000000001,-30.71,-6.13,-41.22,-11.64,32.9,3.76,-63.87,3.039999999999999
2025-07-24T17:13:29.752561,-8.0,-6.0,-61.0,-64.0,-7.0,-69.0,-22.0,-64.0,13.0,-11.0,-16.0,24.0,15.079999999999998,-26.14,-60.08,-51.13,-10.71,-66.13,-38.22,-43.64,-16.1,-21.240000000000002,22.130000000000003,-4.960000000000001
2025-07-24T17:13:29.756972,-16.0,-32.0,-30.0,-38.0,15.0,-31.0,21.0,-4.0,11.0,33.0,-25.0,21.0,7.079999999999998,-52.14,-29.08,-25.130000000000003,11.29,-28.13,4.780000000000001,16.36,-18.1,22.759999999999998,13.130000000000003,-7.960000000000001
2025-07-24T17:13:29.764540,-26.0,-3.0,37.0,-20.0,28.0,-31.0,0.0,-25.0,66.0,11.0,-63.0,32.0,-2.9200000000000017,-23.14,37.92,-7.130000000000001,24.29,-28.13,-16.22,-4.640000000000001,36.9,0.7599999999999998,-24.869999999999997,3.039999999999999
2025-07-24T17:13:29.769176,21.0,35.0,76.0,33.0,-9.0,-14.0,14.0,42.0,24.0,70.0,-40.0,49.0,44.08,14.86,76.92,45.87,-12.71,-11.129999999999999,-2.219999999999999,62.36,-5.100000000000001,59.76,-1.8699999999999974,20.04
2025-07-24T17:13:29.776924,15.0,-43.0,-4.0,27.0,-23.0,9.0,27.0,5.0,34.0,81.0,-40.0,21.0,38.08,-63.14,-3.08,39.87,-26.71,11.870000000000001,10.780000000000001,25.36,4.899999999999999,70.76,-1.8699999999999974,-7.960000000000001
2025-07-24T17:13:29.781074,-74.0,27.0,50.0,-13.0,-48.0,39.0,20.0,-6.0,2.0,94.0,-59.0,55.0,-50.92,6.859999999999999,50.92,-0.13000000000000078,-51.71,41.87,3.780000000000001,14.36,-27.1,83.76,-20.869999999999997,26.04
2025-07-24T17:13:29.789139,-33.0,-33.0,26.0,-20.0,54.0,38.0,1.0,4.0,63.0,53.0,-76.0,94.0,-9.920000000000002,-53.14,26.92,-7.130000000000001,50.29,40.87,-15.219999999999999,24.36,33.9,42.76,-37.87,65.03999999999999
2025-07-24T17:13:29.793470,-43.0,36.0,60.0,-40.0,49.0,59.0,49.0,-60.0,-15.0,85.0,-23.0,70.0,-19.92,15.86,60.92,-27.130000000000003,45.29,61.87,32.78,-39.64,-44.1,74.76,15.130000000000003,41.04
2025-07-24T17:13:29.801444,29.0,54.0,19.0,28.0,20.0,-43.0,-25.0,-62.0,5.0,56.0,-44.0,35.0,52.08,33.86,19.92,40.87,16.29,-40.13,-41.22,-41.64,-24.1,45.76,-5.869999999999997,6.039999999999999
2025-07-24T17:13:29.805635,-64.0,57.0,-1.0,-32.0,-5.0,12.0,50.0,-46.0,-7.0,22.0,-80.0,43.0,-40.92,36.86,-0.07999999999999996,-19.130000000000003,-8.71,14.870000000000001,33.78,-25.64,-36.1,11.76,-41.87,14.04
2025-07-24T17:13:29.811025,-61.0,-13.0,1.0,47.0,-32.0,11.0,5.0,-9.0,7.0,15.0,-43.0,80.0,-37.92,-33.14,1.92,59.87,-35.71,13.870000000000001,-11.219999999999999,11.36,-22.1,4.76,-4.869999999999997,51.04
2025-07-24T17:13:29.818558,-52.0,79.0,-78.0,54.0,2.0,-5.0,40.0,-18.0,61.0,7.0,-75.0,51.0,-28.92,58.86,-77.08,66.87,-1.71,-2.13,23.78,2.3599999999999994,31.9,-3.24,-36.87,22.04
2025-07-24T17:13:29.823081,-63.0,93.0,-75.0,-51.0,39.0,-63.0,-21.0,3.0,30.0,81.0,-62.0,43.0,-39.92,72.86,-74.08,-38.13,35.29,-60.13,-37.22,23.36,0.8999999999999986,70.76,-23.869999999999997,14.04
2025-07-24T17:13:29.830244,-20.0,94.0,-56.0,-56.0,-44.0,-5.0,87.0,-46.0,78.0,98.0,-92.0,-23.0,3.0799999999999983,73.86,-55.08,-43.13,-47.71,-2.13,70.78,-25.64,48.9,87.76,-53.87,-51.96
2025-07-24T17:13:29.835496,-25.0,13.0,-25.0,-41.0,-50.0,20.0,-9.0,-99.0,39.0,61.0,-95.0,38.0,-1.9200000000000017,-7.140000000000001,-24.08,-28.130000000000003,-53.71,22.87,-25.22,-78.64,9.899999999999999,50.76,-56.87,9.04
2025-07-24T17:13:29.842545,-5.0,31.0,-18.0,-51.0,-22.0,-64.0,6.0,3.0,44.0,96.0,-88.0,0.0,18.08,10.86,-17.08,-38.13,-25.71,-61.13,-10.219999999999999,23.36,14.899999999999999,85.76,-49.87,-28.96
2025-07-24T17:13:29.846963,9.0,-19.0,14.0,-62.0,36.0,-27.0,-7.0,-57.0,38.0,15.0,-30.0,11.0,32.08,-39.14,14.92,-49.13,32.29,-24.13,-23.22,-36.64,8.899999999999999,4.76,8.130000000000003,-17.96
2025-07-24T17:13:29.854943,-21.0,15.0,12.0,17.0,-16.0,-24.0,5.0,-53.0,29.0,29.0,-45.0,-24.0,2.0799999999999983,-5.140000000000001,12.92,29.869999999999997,-19.71,-21.13,-11.219999999999999,-32.64,-0.10000000000000142,18.759999999999998,-6.869999999999997,-52.96
2025-07-24T17:13:29.859571,5.0,37.0,73.0,31.0,22.0,-49.0,-8.0,13.0,57.0,45.0,-2.0,48.0,28.08,16.86,73.92,43.87,18.29,-46.13,-24.22,33.36,27.9,34.76,36.13,19.04
2025-07-24T17:13:29.866941,-104.0,3.0,88.0,-24.0,80.0,-15.0,58.0,-36.0,43.0,80.0,-100.0,83.0,-80.92,-17.14,88.92,-11.13,76.29,-12.129999999999999,41.78,-15.64,13.899999999999999,69.76,-61.87,54.04
2025-07-24T17:13:29.871613,-48.0,42.0,-34.0,-29.0,-28.0,44.0,43.0,-9.0,51.0,21.0,15.0,65.0,-24.92,21.86,-33.08,-16.130000000000003,-31.71,46.87,26.78,11.36,21.9,10.76,53.13,36.04
2025-07-24T17:13:29.879551,3.0,81.0,-40.0,-4.0,-52.0,-21.0,-4.0,-6.0,66.0,116.0,-50.0,71.0,26.08,60.86,-39.08,8.87,-55.71,-18.13,-20.22,14.36,36.9,105.76,-11.869999999999997,42.04
2025-07-24T17:13:29.883773,61.0,55.0,-30.0,50.0,60.0,36.0,-24.0,18.0,35.0,-55.0,-71.0,68.0,84.08,34.86,-29.08,62.87,56.29,38.87,-40.22,38.36,5.899999999999999,-65.24,-32.87,39.04
2025-07-24T17:13:29.891680,11.0,-31.0,-78.0,-92.0,4.0,-28.0,2.0,-13.0,85.0,51.0,-12.0,18.0,34.08,-51.14,-77.08,-79.13,0.29000000000000004,-25.13,-14.219999999999999,7.359999999999999,55.9,40.76,26.130000000000003,-10.96
2025-07-24T17:13:29.896070,-54.0,-12.0,-86.0,7.0,-8.0,77.0,32.0,9.0,8.0,118.0,-56.0,64.0,-30.92,-32.14,-85.08,19.869999999999997,-11.71,79.87,15.780000000000001,29.36,-21.1,107.76,-17.869999999999997,35.04
2025-07-24T17:13:29.904147,-88.0,-44.0,-18.0,-40.0,47.0,-14.0,36.0,-53.0,-16.0,103.0,-4.0,-32.0,-64.92,-64.14,-17.08,-27.130000000000003,43.29,-11.129999999999999,19.78,-32.64,-45.1,92.76,34.13,-60.96
2025-07-24T17:13:29.908081,48.0,11.0,59.0,18.0,-46.0,-13.0,-1.0,-5.0,-8.0,21.0,-8.0,35.0,71.08,-9.14,59.92,30.869999999999997,-49.71,-10.129999999999999,-17.22,15.36,-37.1,10.76,30.130000000000003,6.039999999999999
2025-07-24T17:13:29.916084,-40.0,-65.0,52.0,-7.0,59.0,-9.0,42.0,-51.0,-9.0,35.0,-59.0,12.0,-16.92,-85.14,52.92,5.869999999999999,55.29,-6.13,25.78,-30.64,-38.1,24.759999999999998,-20.869999999999997,-16.96
2025-07-24T17:13:29.920331,17.0,27.0,8.0,28.0,75.0,-40.0,12.0,-72.0,44.0,76.0,-60.0,-10.0,40.08,6.859999999999999,8.92,40.87,71.29,-37.13,-4.219999999999999,-51.64,14.899999999999999,65.76,-21.869999999999997,-38.96
2025-07-24T17:13:29.928514,-84.0,-28.0,67.0,6.0,34.0,22.0,20.0,-14.0,27.0,-32.0,-66.0,46.0,-60.92,-48.14,67.92,18.869999999999997,30.29,24.87,3.780000000000001,6.359999999999999,-2.1000000000000014,-42.24,-27.869999999999997,17.04
2025-07-24T17:13:29.932784,-28.0,105.0,47.0,-31.0,28.0,36.0,23.0,-38.0,53.0,29.0,-37.0,90.0,-4.920000000000002,84.86,47.92,-18.130000000000003,24.29,38.87,6.780000000000001,-17.64,23.9,18.759999999999998,1.1300000000000026,61.04
2025-07-24T17:13:29.940672,-42.0,66.0,-51.0,-11.0,-9.0,-29.0,-1.0,-24.0,11.0,85.0,-86.0,91.0,-18.92,45.86,-50.08,1.8699999999999992,-12.71,-26.13,-17.22,-3.6400000000000006,-18.1,74.76,-47.87,62.04
2025-07-24T17:13:29.944985,-82.0,88.0,2.0,26.0,-12.0,26.0,-45.0,11.0,4.0,27.0,26.0,29.0,-58.92,67.86,2.92,38.87,-15.71,28.87,-61.22,31.36,-25.1,16.759999999999998,64.13,0.03999999999999915
2025-07-24T17:13:29.952939,2.0,44.0,-31.0,28.0,-25.0,-4.0,15.0,-35.0,20.0,44.0,-32.0,-9.0,25.08,23.86,-30.08,40.87,-28.71,-1.13,-1.2199999999999989,-14.64,-9.100000000000001,33.76,6.130000000000003,-37.96
2025-07-24T17:13:29.957181,7.0,30.0,-75.0,-72.0,67.0,-18.0,-43.0,-3.0,3.0,35.0,-75.0,11.0,30.08,9.86,-74.08,-59.13,63.29,-15.129999999999999,-59.22,17.36,-26.1,24.759999999999998,-36.87,-17.96
2025-07-24T17:13:29.965227,63.0,71.0,-42.0,39.0,-6.0,-67.0,84.0,14.0,47.0,45.0,-78.0,38.0,86.08,50.86,-41.08,51.87,-9.71,-64.13,67.78,34.36,17.9,34.76,-39.87,9.04
2025-07-24T17:13:29.969468,53.0,89.0,-19.0,31.0,-29.0,-2.0,55.0,30.0,35.0,-19.0,-34.0,31.0,76.08,68.86,-18.08,43.87,-32.71,0.8700000000000001,38.78,50.36,5.899999999999999,-29.240000000000002,4.130000000000003,2.039999999999999
2025-07-24T17:13:29.977452,25.0,-1.0,-54.0,42.0,-32.0,-35.0,0.0,2.0,31.0,21.0,-52.0,25.0,48.08,-21.14,-53.08,54.87,-35.71,-32.13,-16.22,22.36,1.8999999999999986,10.76,-13.869999999999997,-3.960000000000001
2025-07-24T17:13:29.982011,-11.0,-27.0,-36.0,-6.0,-46.0,-57.0,-7.0,-70.0,-17.0,23.0,-86.0,104.0,12.079999999999998,-47.14,-35.08,6.869999999999999,-49.71,-54.13,-23.22,-49.64,-46.1,12.76,-47.87,75.03999999999999
2025-07-24T17:13:29.986588,-1.0,-5.0,37.0,-60.0,45.0,38.0,4.0,32.0,7.0,49.0,-64.0,46.0,22.08,-25.14,37.92,-47.13,41.29,40.87,-12.219999999999999,52.36,-22.1,38.76,-25.869999999999997,17.04
2025-07-24T17:13:29.994054,19.0,19.0,7.0,27.0,69.0,45.0,-46.0,-33.0,-46.0,1.0,-142.0,18.0,42.08,-1.1400000000000006,7.92,39.87,65.29,47.87,-62.22,-12.64,-75.1,-9.24,-103.87,-10.96
2025-07-24T17:13:29.998447,-79.0,-5.0,-47.0,36.0,14.0,-7.0,65.0,-15.0,4.0,174.0,-40.0,50.0,-55.92,-25.14,-46.08,48.87,10.29,-4.13,48.78,5.359999999999999,-25.1,163.76,-1.8699999999999974,21.04
2025-07-24T17:13:30.006644,-93.0,72.0,-27.0,-2.0,-36.0,-23.0,-14.0,-16.0,29.0,48.0,-24.0,9.0,-69.92,51.86,-26.08,10.87,-39.71,-20.13,-30.22,4.359999999999999,-0.10000000000000142,37.76,14.130000000000003,-19.96
2025-07-24T17:13:30.010858,-57.0,68.0,-28.0,43.0,-22.0,-99.0,17.0,-27.0,4.0,-18.0,-98.0,34.0,-33.92,47.86,-27.08,55.87,-25.71,-96.13,0.7800000000000011,-6.640000000000001,-25.1,-28.240000000000002,-59.87,5.039999999999999
2025-07-24T17:13:30.018812,-39.0,96.0,-76.0,28.0,-1.0,32.0,-21.0,-29.0,11.0,88.0,-33.0,37.0,-15.920000000000002,75.86,-75.08,40.87,-4.71,34.87,-37.22,-8.64,-18.1,77.76,5.130000000000003,8.04
2025-07-24T17:13:30.023861,26.0,28.0,-58.0,-13.0,-9.0,76.0,-32.0,-16.0,-7.0,38.0,-28.0,73.0,49.08,7.859999999999999,-57.08,-0.13000000000000078,-12.71,78.87,-48.22,4.359999999999999,-36.1,27.759999999999998,10.130000000000003,44.04
2025-07-24T17:13:30.030849,9.0,-2.0,-19.0,34.0,0.0,43.0,-24.0,-11.0,-26.0,37.0,-30.0,46.0,32.08,-22.14,-18.08,46.87,-3.71,45.87,-40.22,9.36,-55.1,26.759999999999998,8.130000000000003,17.04
2025-07-24T17:13:30.036051,46.0,8.0,9.0,-21.0,37.0,-19.0,-20.0,13.0,-16.0,69.0,-68.0,41.0,69.08,-12.14,9.92,-8.13,33.29,-16.13,-36.22,33.36,-45.1,58.76,-29.869999999999997,12.04
2025-07-24T17:13:30.043502,-72.0,45.0,51.0,82.0,-34.0,-4.0,40.0,24.0,35.0,84.0,-62.0,38.0,-48.92,24.86,51.92,94.87,-37.71,-1.13,23.78,44.36,5.899999999999999,73.76,-23.869999999999997,9.04
2025-07-24T17:13:30.048084,-82.0,54.0,60.0,13.0,18.0,-30.0,-25.0,-8.0,3.0,45.0,-84.0,44.0,-58.92,33.86,60.92,25.869999999999997,14.29,-27.13,-41.22,12.36,-26.1,34.76,-45.87,15.04
2025-07-24T17:13:30.055385,-97.0,63.0,-89.0,17.0,-19.0,4.0,-34.0,6.0,40.0,82.0,-69.0,49.0,-73.92,42.86,-88.08,29.869999999999997,-22.71,6.87,-50.22,26.36,10.899999999999999,71.76,-30.869999999999997,20.04
2025-07-24T17:13:30.060793,-61.0,104.0,-16.0,-32.0,12.0,0.0,61.0,-40.0,-9.0,-18.0,-80.0,7.0,-37.92,83.86,-15.08,-19.130000000000003,8.29,2.87,44.78,-19.64,-38.1,-28.240000000000002,-41.87,-21.96
2025-07-24T17:13:30.067720,-18.0,79.0,-27.0,-82.0,48.0,-16.0,45.0,-49.0,-11.0,56.0,-112.0,60.0,5.079999999999998,58.86,-26.08,-69.13,44.29,-13.129999999999999,28.78,-28.64,-40.1,45.76,-73.87,31.04
