timestamp,x1,y1,z1,x2,y2,z2,x3,y3,z3,x4,y4,z4,x1_calib,y1_calib,z1_calib,x2_calib,y2_calib,z2_calib,x3_calib,y3_calib,z3_calib,x4_calib,y4_calib,z4_calib
2025-08-08T18:54:07.833371,70.0,-18.0,36.0,-28.0,59.0,-34.0,98.0,-9.0,33.0,-20.0,-5.0,2.0,62.3,-44.81,47.57,-40.34,29.36,-34.63,96.93,-28.74,44.22,-10.1,-27.18,18.44
2025-08-08T18:54:07.837385,16.0,-2.0,-8.0,-3.0,13.0,-19.0,65.0,64.0,0.0,-5.0,82.0,26.0,8.3,-28.81,3.5700000000000003,-15.34,-16.64,-19.63,63.93,44.260000000000005,11.22,4.9,59.82,42.44
2025-08-08T18:54:07.843910,31.0,36.0,44.0,16.0,56.0,-16.0,-13.0,2.0,-15.0,-40.0,-6.0,2.0,23.3,9.190000000000001,55.57,3.66,26.36,-16.63,-14.07,-17.74,-3.7799999999999994,-30.1,-28.18,18.44
2025-08-08T18:54:07.847322,-19.0,3.0,3.0,-1.0,38.0,-21.0,45.0,-13.0,-10.0,18.0,24.0,28.0,-26.7,-23.81,14.57,-13.34,8.36,-21.63,43.93,-32.739999999999995,1.2200000000000006,27.9,1.8200000000000003,44.44
2025-08-08T18:54:07.849445,33.0,-40.0,-40.0,18.0,34.0,78.0,5.0,39.0,-1.0,3.0,64.0,-14.0,25.3,-66.81,-28.43,5.66,4.359999999999999,77.37,3.9299999999999997,19.26,10.22,12.9,41.82,2.4400000000000013
2025-08-08T18:54:07.851808,4.0,-6.0,-10.0,-26.0,118.0,-12.0,23.0,18.0,-4.0,-49.0,-46.0,-50.0,-3.7,-32.81,1.5700000000000003,-38.34,88.36,-12.63,21.93,-1.7399999999999984,7.220000000000001,-39.1,-68.18,-33.56
2025-08-08T18:54:07.855500,-7.0,31.0,27.0,7.0,64.0,61.0,-27.0,18.0,-45.0,23.0,69.0,0.0,-14.7,4.190000000000001,38.57,-5.34,34.36,60.37,-28.07,-1.7399999999999984,-33.78,32.9,46.82,16.44
2025-08-08T18:54:07.856829,-57.0,95.0,-14.0,-3.0,8.0,42.0,-21.0,-59.0,-28.0,-75.0,77.0,-13.0,-64.7,68.19,-2.4299999999999997,-15.34,-21.64,41.37,-22.07,-78.74,-16.78,-65.1,54.82,3.4400000000000013
2025-08-08T18:54:07.865106,-44.0,57.0,58.0,43.0,-26.0,-41.0,45.0,17.0,6.0,-29.0,-25.0,-78.0,-51.7,30.19,69.57,30.66,-55.64,-41.63,43.93,-2.7399999999999984,17.22,-19.1,-47.18,-61.56
2025-08-08T18:54:07.869392,27.0,31.0,18.0,-8.0,16.0,-47.0,-36.0,-11.0,-77.0,-21.0,2.0,-123.0,19.3,4.190000000000001,29.57,-20.34,-13.64,-47.63,-37.07,-30.74,-65.78,-11.1,-20.18,-106.56
2025-08-08T18:54:07.877328,-15.0,107.0,-36.0,42.0,41.0,-21.0,-21.0,-7.0,30.0,-46.0,8.0,-33.0,-22.7,80.19,-24.43,29.66,11.36,-21.63,-22.07,-26.74,41.22,-36.1,-14.18,-16.56
2025-08-08T18:54:07.881638,-30.0,20.0,-119.0,50.0,1.0,53.0,42.0,55.0,33.0,46.0,43.0,-24.0,-37.7,-6.809999999999999,-107.43,37.66,-28.64,52.37,40.93,35.260000000000005,44.22,55.9,20.82,-7.559999999999999
2025-08-08T18:54:07.889565,7.0,1.0,-24.0,53.0,56.0,15.0,21.0,55.0,-21.0,-28.0,3.0,-34.0,-0.7000000000000002,-25.81,-12.43,40.66,26.36,14.37,19.93,35.260000000000005,-9.78,-18.1,-19.18,-17.56
2025-08-08T18:54:07.893927,52.0,56.0,43.0,13.0,9.0,85.0,11.0,65.0,-63.0,-17.0,21.0,-41.0,44.3,29.19,54.57,0.6600000000000001,-20.64,84.37,9.93,45.260000000000005,-51.78,-7.1,-1.1799999999999997,-24.56
2025-08-08T18:54:07.901920,34.0,32.0,8.0,-46.0,-41.0,-16.0,61.0,67.0,-42.0,-34.0,13.0,-33.0,26.3,5.190000000000001,19.57,-58.34,-70.64,-16.63,59.93,47.260000000000005,-30.78,-24.1,-9.18,-16.56
2025-08-08T18:54:07.906306,-3.0,3.0,-4.0,20.0,17.0,-86.0,10.0,-29.0,-70.0,-70.0,38.0,-24.0,-10.7,-23.81,7.57,7.66,-12.64,-86.63,8.93,-48.739999999999995,-58.78,-60.1,15.82,-7.559999999999999
2025-08-08T18:54:07.914043,106.0,39.0,-18.0,24.0,16.0,-20.0,5.0,72.0,-5.0,-42.0,1.0,6.0,98.3,12.190000000000001,-6.43,11.66,-13.64,-20.63,3.9299999999999997,52.260000000000005,6.220000000000001,-32.1,-21.18,22.44
2025-08-08T18:54:07.918399,19.0,52.0,-46.0,14.0,22.0,-55.0,47.0,-5.0,1.0,-22.0,-11.0,-26.0,11.3,25.19,-34.43,1.6600000000000001,-7.640000000000001,-55.63,45.93,-24.74,12.22,-12.1,-33.18,-9.559999999999999
2025-08-08T18:54:07.926434,16.0,0.0,-15.0,16.0,6.0,-1.0,17.0,-121.0,-70.0,-22.0,-57.0,-17.0,8.3,-26.81,-3.4299999999999997,3.66,-23.64,-1.63,15.93,-140.74,-58.78,-12.1,-79.18,-0.5599999999999987
2025-08-08T18:54:07.930740,34.0,46.0,23.0,40.0,26.0,40.0,-7.0,78.0,-4.0,-61.0,60.0,-25.0,26.3,19.19,34.57,27.66,-3.6400000000000006,39.37,-8.07,58.260000000000005,7.220000000000001,-51.1,37.82,-8.559999999999999
2025-08-08T18:54:07.938787,32.0,-30.0,10.0,61.0,17.0,-26.0,-69.0,-2.0,8.0,-42.0,-1.0,-25.0,24.3,-56.81,21.57,48.66,-12.64,-26.63,-70.07,-21.74,19.22,-32.1,-23.18,-8.559999999999999
2025-08-08T18:54:07.942991,3.0,20.0,-38.0,8.0,5.0,41.0,-23.0,-9.0,-23.0,-52.0,7.0,34.0,-4.7,-6.809999999999999,-26.43,-4.34,-24.64,40.37,-24.07,-28.74,-11.78,-42.1,-15.18,50.44
2025-08-08T18:54:07.951202,41.0,0.0,-39.0,-56.0,6.0,30.0,-49.0,9.0,-18.0,11.0,-11.0,36.0,33.3,-26.81,-27.43,-68.34,-23.64,29.37,-50.07,-10.739999999999998,-6.779999999999999,20.9,-33.18,52.44
2025-08-08T18:54:07.956143,32.0,-17.0,-44.0,-54.0,32.0,-18.0,-44.0,-25.0,-8.0,-20.0,29.0,-43.0,24.3,-43.81,-32.43,-66.34,2.3599999999999994,-18.63,-45.07,-44.739999999999995,3.2200000000000006,-10.1,6.82,-26.56
2025-08-08T18:54:07.963358,79.0,-1.0,1.0,35.0,31.0,-18.0,49.0,-25.0,37.0,-71.0,14.0,-30.0,71.3,-27.81,12.57,22.66,1.3599999999999994,-18.63,47.93,-44.739999999999995,48.22,-61.1,-8.18,-13.559999999999999
2025-08-08T18:54:07.968096,-9.0,-21.0,-5.0,25.0,69.0,-31.0,38.0,-35.0,-17.0,-34.0,17.0,-63.0,-16.7,-47.81,6.57,12.66,39.36,-31.63,36.93,-54.739999999999995,-5.779999999999999,-24.1,-5.18,-46.56
2025-08-08T18:54:07.975731,38.0,35.0,38.0,27.0,-2.0,14.0,0.0,33.0,-41.0,10.0,22.0,-117.0,30.3,8.190000000000001,49.57,14.66,-31.64,13.37,-1.07,13.260000000000002,-29.78,19.9,-0.17999999999999972,-100.56
2025-08-08T18:54:07.980168,-51.0,-9.0,27.0,-5.0,46.0,1.0,68.0,28.0,-17.0,49.0,40.0,-57.0,-58.7,-35.81,38.57,-17.34,16.36,0.37,66.93,8.260000000000002,-5.779999999999999,58.9,17.82,-40.56
2025-08-08T18:54:07.987748,-40.0,-16.0,40.0,24.0,7.0,26.0,-19.0,16.0,-49.0,-84.0,26.0,-35.0,-47.7,-42.81,51.57,11.66,-22.64,25.37,-20.07,-3.7399999999999984,-37.78,-74.1,3.8200000000000003,-18.56
2025-08-08T18:54:07.992536,-23.0,46.0,15.0,26.0,92.0,33.0,66.0,4.0,1.0,36.0,-10.0,-72.0,-30.7,19.19,26.57,13.66,62.36,32.37,64.93,-15.739999999999998,12.22,45.9,-32.18,-55.56
2025-08-08T18:54:07.997419,-62.0,24.0,32.0,12.0,83.0,57.0,52.0,37.0,-33.0,12.0,25.0,-59.0,-69.7,-2.8099999999999987,43.57,-0.33999999999999986,53.36,56.37,50.93,17.26,-21.78,21.9,2.8200000000000003,-42.56
2025-08-08T18:54:08.004679,-7.0,37.0,19.0,81.0,-5.0,9.0,7.0,-22.0,-19.0,3.0,30.0,26.0,-14.7,10.190000000000001,30.57,68.66,-34.64,8.37,5.93,-41.739999999999995,-7.779999999999999,12.9,7.82,42.44
2025-08-08T18:54:08.009725,-17.0,59.0,-17.0,9.0,70.0,21.0,10.0,38.0,-69.0,11.0,18.0,15.0,-24.7,32.19,-5.43,-3.34,40.36,20.37,8.93,18.26,-57.78,20.9,-4.18,31.44
2025-08-08T18:54:08.016826,-22.0,38.0,30.0,-2.0,4.0,-17.0,60.0,0.0,-28.0,-12.0,38.0,59.0,-29.7,11.190000000000001,41.57,-14.34,-25.64,-17.63,58.93,-19.74,-16.78,-2.0999999999999996,15.82,75.44
2025-08-08T18:54:08.021969,-5.0,9.0,-31.0,-23.0,41.0,24.0,25.0,50.0,-59.0,5.0,23.0,-13.0,-12.7,-17.81,-19.43,-35.34,11.36,23.37,23.93,30.26,-47.78,14.9,0.8200000000000003,3.4400000000000013
2025-08-08T18:54:08.029291,-63.0,72.0,24.0,65.0,-47.0,13.0,14.0,3.0,-46.0,16.0,-70.0,-46.0,-70.7,45.19,35.57,52.66,-76.64,12.37,12.93,-16.74,-34.78,25.9,-92.18,-29.56
2025-08-08T18:54:08.034302,-6.0,45.0,-3.0,45.0,-27.0,4.0,16.0,5.0,-1.0,11.0,8.0,19.0,-13.7,18.19,8.57,32.66,-56.64,3.37,14.93,-14.739999999999998,10.22,20.9,-14.18,35.44
2025-08-08T18:54:08.041649,-63.0,38.0,-56.0,69.0,25.0,-12.0,25.0,-36.0,24.0,-78.0,20.0,-16.0,-70.7,11.190000000000001,-44.43,56.66,-4.640000000000001,-12.63,23.93,-55.739999999999995,35.22,-68.1,-2.1799999999999997,0.4400000000000013
2025-08-08T18:54:08.049279,54.0,112.0,-13.0,113.0,52.0,-15.0,-35.0,-12.0,-7.0,18.0,121.0,-34.0,46.3,85.19,-1.4299999999999997,100.66,22.36,-15.63,-36.07,-31.74,4.220000000000001,27.9,98.82,-17.56
2025-08-08T18:54:08.053878,23.0,32.0,-24.0,121.0,24.0,41.0,9.0,1.0,20.0,-44.0,23.0,-90.0,15.3,5.190000000000001,-12.43,108.66,-5.640000000000001,40.37,7.93,-18.74,31.22,-34.1,0.8200000000000003,-73.56
2025-08-08T18:54:08.057879,30.0,72.0,5.0,1.0,-11.0,-47.0,-54.0,59.0,-21.0,-3.0,20.0,-50.0,22.3,45.19,16.57,-11.34,-40.64,-47.63,-55.07,39.260000000000005,-9.78,6.9,-2.1799999999999997,-33.56
2025-08-08T18:54:08.065913,11.0,44.0,-7.0,24.0,48.0,-25.0,-11.0,59.0,-17.0,-42.0,54.0,-36.0,3.3,17.19,4.57,11.66,18.36,-25.63,-12.07,39.260000000000005,-5.779999999999999,-32.1,31.82,-19.56
2025-08-08T18:54:08.070357,-20.0,16.0,24.0,17.0,19.0,-18.0,17.0,16.0,-37.0,41.0,-39.0,-11.0,-27.7,-10.809999999999999,35.57,4.66,-10.64,-18.63,15.93,-3.7399999999999984,-25.78,50.9,-61.18,5.440000000000001
2025-08-08T18:54:08.078072,-44.0,7.0,-11.0,14.0,80.0,-60.0,-4.0,64.0,-26.0,-64.0,-11.0,-45.0,-51.7,-19.81,0.5700000000000003,1.6600000000000001,50.36,-60.63,-5.07,44.260000000000005,-14.78,-54.1,-33.18,-28.56
2025-08-08T18:54:08.082381,-32.0,54.0,16.0,-21.0,45.0,7.0,-68.0,23.0,1.0,-23.0,18.0,-4.0,-39.7,27.19,27.57,-33.34,15.36,6.37,-69.07,3.2600000000000016,12.22,-13.1,-4.18,12.440000000000001
2025-08-08T18:54:08.090113,22.0,32.0,-7.0,69.0,-21.0,-13.0,58.0,18.0,3.0,11.0,2.0,33.0,14.3,5.190000000000001,4.57,56.66,-50.64,-13.63,56.93,-1.7399999999999984,14.22,20.9,-20.18,49.44
2025-08-08T18:54:08.094747,7.0,14.0,-27.0,-18.0,-15.0,14.0,-52.0,-6.0,0.0,60.0,38.0,51.0,-0.7000000000000002,-12.809999999999999,-15.43,-30.34,-44.64,13.37,-53.07,-25.74,11.22,69.9,15.82,67.44
2025-08-08T18:54:08.102667,-24.0,-29.0,50.0,11.0,3.0,-16.0,-4.0,-29.0,-35.0,15.0,5.0,20.0,-31.7,-55.81,61.57,-1.3399999999999999,-26.64,-16.63,-5.07,-48.739999999999995,-23.78,24.9,-17.18,36.44
2025-08-08T18:54:08.106977,24.0,-21.0,22.0,-19.0,24.0,-47.0,21.0,40.0,-15.0,13.0,11.0,-19.0,16.3,-47.81,33.57,-31.34,-5.640000000000001,-47.63,19.93,20.26,-3.7799999999999994,22.9,-11.18,-2.5599999999999987
2025-08-08T18:54:08.114982,-17.0,6.0,-38.0,-19.0,104.0,35.0,42.0,-59.0,12.0,-88.0,20.0,3.0,-24.7,-20.81,-26.43,-31.34,74.36,34.37,40.93,-78.74,23.22,-78.1,-2.1799999999999997,19.44
2025-08-08T18:54:08.119384,-19.0,29.0,-41.0,-2.0,52.0,-55.0,7.0,44.0,-16.0,-47.0,44.0,30.0,-26.7,2.1900000000000013,-29.43,-14.34,22.36,-55.63,5.93,24.26,-4.779999999999999,-37.1,21.82,46.44
2025-08-08T18:54:08.127114,-54.0,-10.0,-3.0,71.0,-3.0,-14.0,-15.0,59.0,-11.0,-26.0,1.0,-62.0,-61.7,-36.81,8.57,58.66,-32.64,-14.63,-16.07,39.260000000000005,0.22000000000000064,-16.1,-21.18,-45.56
2025-08-08T18:54:08.131422,0.0,51.0,-38.0,-19.0,4.0,-7.0,11.0,46.0,-20.0,-66.0,56.0,28.0,-7.7,24.19,-26.43,-31.34,-25.64,-7.63,9.93,26.26,-8.78,-56.1,33.82,44.44
2025-08-08T18:54:08.139317,25.0,21.0,3.0,58.0,22.0,-70.0,-94.0,21.0,8.0,-30.0,10.0,21.0,17.3,-5.809999999999999,14.57,45.66,-7.640000000000001,-70.63,-95.07,1.2600000000000016,19.22,-20.1,-12.18,37.44
2025-08-08T18:54:08.143918,41.0,19.0,6.0,43.0,44.0,29.0,-63.0,69.0,56.0,7.0,35.0,-56.0,33.3,-7.809999999999999,17.57,30.66,14.36,28.37,-64.07,49.260000000000005,67.22,16.9,12.82,-39.56
2025-08-08T18:54:08.151842,-28.0,8.0,-13.0,-17.0,47.0,46.0,-68.0,7.0,-20.0,-2.0,65.0,-26.0,-35.7,-18.81,-1.4299999999999997,-29.34,17.36,45.37,-69.07,-12.739999999999998,-8.78,7.9,42.82,-9.559999999999999
2025-08-08T18:54:08.156319,-32.0,47.0,-41.0,-68.0,42.0,32.0,-50.0,14.0,-10.0,-23.0,29.0,-36.0,-39.7,20.19,-29.43,-80.34,12.36,31.37,-51.07,-5.739999999999998,1.2200000000000006,-13.1,6.82,-19.56
2025-08-08T18:54:08.163897,17.0,1.0,-89.0,90.0,39.0,9.0,5.0,38.0,-27.0,40.0,95.0,49.0,9.3,-25.81,-77.43,77.66,9.36,8.37,3.9299999999999997,18.26,-15.78,49.9,72.82,65.44
2025-08-08T18:54:08.168428,19.0,63.0,-42.0,17.0,89.0,29.0,4.0,-23.0,20.0,-6.0,112.0,-50.0,11.3,36.19,-30.43,4.66,59.36,28.37,2.9299999999999997,-42.739999999999995,31.22,3.9000000000000004,89.82,-33.56
2025-08-08T18:54:08.176246,-9.0,39.0,-31.0,92.0,24.0,14.0,12.0,120.0,-30.0,13.0,-25.0,8.0,-16.7,12.190000000000001,-19.43,79.66,-5.640000000000001,13.37,10.93,100.26,-18.78,22.9,-47.18,24.44
2025-08-08T18:54:08.180727,56.0,-71.0,49.0,-46.0,54.0,50.0,11.0,5.0,-34.0,11.0,56.0,-33.0,48.3,-97.81,60.57,-58.34,24.36,49.37,9.93,-14.739999999999998,-22.78,20.9,33.82,-16.56
2025-08-08T18:54:08.188547,-8.0,82.0,-5.0,-42.0,-15.0,-31.0,-18.0,35.0,59.0,-90.0,32.0,-11.0,-15.7,55.19,6.57,-54.34,-44.64,-31.63,-19.07,15.260000000000002,70.22,-80.1,9.82,5.440000000000001
2025-08-08T18:54:08.192875,48.0,80.0,-38.0,58.0,49.0,-19.0,9.0,33.0,28.0,-26.0,59.0,-40.0,40.3,53.19,-26.43,45.66,19.36,-19.63,7.93,13.260000000000002,39.22,-16.1,36.82,-23.56
2025-08-08T18:54:08.200754,19.0,37.0,-44.0,61.0,9.0,-10.0,-48.0,60.0,8.0,-2.0,41.0,-40.0,11.3,10.190000000000001,-32.43,48.66,-20.64,-10.63,-49.07,40.260000000000005,19.22,7.9,18.82,-23.56
2025-08-08T18:54:08.205366,26.0,96.0,-66.0,27.0,38.0,41.0,-14.0,8.0,-25.0,-47.0,63.0,-4.0,18.3,69.19,-54.43,14.66,8.36,40.37,-15.07,-11.739999999999998,-13.78,-37.1,40.82,12.440000000000001
2025-08-08T18:54:08.213271,-30.0,21.0,-33.0,60.0,28.0,-8.0,-32.0,0.0,43.0,-27.0,-22.0,-39.0,-37.7,-5.809999999999999,-21.43,47.66,-1.6400000000000006,-8.63,-33.07,-19.74,54.22,-17.1,-44.18,-22.56
2025-08-08T18:54:08.218064,17.0,37.0,-3.0,65.0,26.0,-44.0,-60.0,47.0,-20.0,39.0,40.0,-6.0,9.3,10.190000000000001,8.57,52.66,-3.6400000000000006,-44.63,-61.07,27.26,-8.78,48.9,17.82,10.440000000000001
2025-08-08T18:54:08.226857,43.0,-19.0,-33.0,0.0,14.0,-39.0,99.0,12.0,5.0,-6.0,62.0,-17.0,35.3,-45.81,-21.43,-12.34,-15.64,-39.63,97.93,-7.739999999999998,16.22,3.9000000000000004,39.82,-0.5599999999999987
2025-08-08T18:54:08.236310,73.0,18.0,-51.0,24.0,43.0,-25.0,3.0,53.0,-1.0,-13.0,13.0,-16.0,65.3,-8.809999999999999,-39.43,11.66,13.36,-25.63,1.93,33.260000000000005,10.22,-3.0999999999999996,-9.18,0.4400000000000013
2025-08-08T18:54:08.241280,84.0,66.0,4.0,30.0,116.0,-2.0,10.0,-31.0,-32.0,43.0,6.0,2.0,76.3,39.19,15.57,17.66,86.36,-2.63,8.93,-50.739999999999995,-20.78,52.9,-16.18,18.44
2025-08-08T18:54:08.245379,59.0,31.0,-46.0,49.0,23.0,10.0,43.0,-6.0,28.0,-1.0,46.0,-4.0,51.3,4.190000000000001,-34.43,36.66,-6.640000000000001,9.37,41.93,-25.74,39.22,8.9,23.82,12.440000000000001
2025-08-08T18:54:08.247744,68.0,63.0,-69.0,-8.0,43.0,-40.0,84.0,-12.0,44.0,33.0,64.0,-23.0,60.3,36.19,-57.43,-20.34,13.36,-40.63,82.93,-31.74,55.22,42.9,41.82,-6.559999999999999
2025-08-08T18:54:08.254453,-45.0,78.0,-15.0,4.0,19.0,27.0,-45.0,-33.0,-17.0,29.0,-27.0,57.0,-52.7,51.19,-3.4299999999999997,-8.34,-10.64,26.37,-46.07,-52.739999999999995,-5.779999999999999,38.9,-49.18,73.44
2025-08-08T18:54:08.258309,2.0,55.0,-8.0,-49.0,49.0,22.0,91.0,48.0,-43.0,-37.0,1.0,26.0,-5.7,28.19,3.5700000000000003,-61.34,19.36,21.37,89.93,28.26,-31.78,-27.1,-21.18,42.44
2025-08-08T18:54:08.266223,25.0,8.0,-4.0,-40.0,42.0,9.0,33.0,-3.0,-15.0,-40.0,-43.0,-21.0,17.3,-18.81,7.57,-52.34,12.36,8.37,31.93,-22.74,-3.7799999999999994,-30.1,-65.18,-4.559999999999999
2025-08-08T18:54:08.270529,41.0,-2.0,-64.0,72.0,32.0,-38.0,36.0,-65.0,26.0,20.0,-16.0,48.0,33.3,-28.81,-52.43,59.66,2.3599999999999994,-38.63,34.93,-84.74,37.22,29.9,-38.18,64.44
2025-08-08T18:54:08.278557,11.0,59.0,-32.0,32.0,43.0,17.0,10.0,35.0,-2.0,15.0,68.0,15.0,3.3,32.19,-20.43,19.66,13.36,16.37,8.93,15.260000000000002,9.22,24.9,45.82,31.44
2025-08-08T18:54:08.282943,76.0,-15.0,-9.0,-29.0,19.0,7.0,7.0,40.0,-23.0,68.0,7.0,47.0,68.3,-41.81,2.5700000000000003,-41.34,-10.64,6.37,5.93,20.26,-11.78,77.9,-15.18,63.44
2025-08-08T18:54:08.291055,14.0,-21.0,50.0,-15.0,47.0,50.0,2.0,-17.0,-8.0,-55.0,61.0,2.0,6.3,-47.81,61.57,-27.34,17.36,49.37,0.9299999999999999,-36.739999999999995,3.2200000000000006,-45.1,38.82,18.44
2025-08-08T18:54:08.295163,6.0,-63.0,17.0,7.0,-13.0,-23.0,42.0,56.0,35.0,15.0,84.0,-44.0,-1.7000000000000002,-89.81,28.57,-5.34,-42.64,-23.63,40.93,36.260000000000005,46.22,24.9,61.82,-27.56
2025-08-08T18:54:08.303238,111.0,42.0,68.0,-13.0,76.0,31.0,102.0,15.0,-18.0,-32.0,56.0,-27.0,103.3,15.190000000000001,79.57,-25.34,46.36,30.37,100.93,-4.739999999999998,-6.779999999999999,-22.1,33.82,-10.559999999999999
2025-08-08T18:54:08.307418,7.0,10.0,65.0,-15.0,35.0,18.0,-70.0,63.0,-51.0,-56.0,12.0,6.0,-0.7000000000000002,-16.81,76.57,-27.34,5.359999999999999,17.37,-71.07,43.260000000000005,-39.78,-46.1,-10.18,22.44
2025-08-08T18:54:08.315574,-46.0,81.0,12.0,2.0,16.0,34.0,10.0,59.0,16.0,7.0,24.0,-65.0,-53.7,54.19,23.57,-10.34,-13.64,33.37,8.93,39.260000000000005,27.22,16.9,1.8200000000000003,-48.56
2025-08-08T18:54:08.320018,-64.0,-4.0,-30.0,14.0,38.0,74.0,-34.0,11.0,-12.0,-24.0,12.0,21.0,-71.7,-30.81,-18.43,1.6600000000000001,8.36,73.37,-35.07,-8.739999999999998,-0.7799999999999994,-14.1,-10.18,37.44
2025-08-08T18:54:08.327826,-26.0,-63.0,-29.0,-42.0,14.0,22.0,57.0,20.0,-89.0,-26.0,149.0,-11.0,-33.7,-89.81,-17.43,-54.34,-15.64,21.37,55.93,0.26000000000000156,-77.78,-16.1,126.82,5.440000000000001
2025-08-08T18:54:08.332196,-57.0,26.0,22.0,26.0,-20.0,8.0,39.0,14.0,-75.0,14.0,71.0,17.0,-64.7,-0.8099999999999987,33.57,13.66,-49.64,7.37,37.93,-5.739999999999998,-63.78,23.9,48.82,33.44
2025-08-08T18:54:08.340089,-19.0,55.0,10.0,65.0,44.0,-94.0,48.0,32.0,-33.0,4.0,60.0,-67.0,-26.7,28.19,21.57,52.66,14.36,-94.63,46.93,12.260000000000002,-21.78,13.9,37.82,-50.56
2025-08-08T18:54:08.345044,37.0,37.0,-7.0,59.0,0.0,25.0,-10.0,14.0,-65.0,-46.0,50.0,-16.0,29.3,10.190000000000001,4.57,46.66,-29.64,24.37,-11.07,-5.739999999999998,-53.78,-36.1,27.82,0.4400000000000013
2025-08-08T18:54:08.352423,46.0,26.0,-4.0,33.0,35.0,29.0,9.0,82.0,-15.0,-26.0,74.0,-18.0,38.3,-0.8099999999999987,7.57,20.66,5.359999999999999,28.37,7.93,62.260000000000005,-3.7799999999999994,-16.1,51.82,-1.5599999999999987
2025-08-08T18:54:08.357341,-88.0,70.0,-40.0,-13.0,-1.0,12.0,-8.0,51.0,24.0,-53.0,8.0,33.0,-95.7,43.19,-28.43,-25.34,-30.64,11.37,-9.07,31.26,35.22,-43.1,-14.18,49.44
2025-08-08T18:54:08.364663,-35.0,17.0,-48.0,24.0,2.0,7.0,3.0,-34.0,-7.0,-41.0,80.0,-38.0,-42.7,-9.809999999999999,-36.43,11.66,-27.64,6.37,1.93,-53.739999999999995,4.220000000000001,-31.1,57.82,-21.56
2025-08-08T18:54:08.369331,10.0,51.0,18.0,18.0,81.0,9.0,-4.0,-11.0,-49.0,7.0,-21.0,41.0,2.3,24.19,29.57,5.66,51.36,8.37,-5.07,-30.74,-37.78,16.9,-43.18,57.44
2025-08-08T18:54:08.373893,3.0,75.0,-3.0,4.0,16.0,46.0,6.0,52.0,-3.0,-24.0,-23.0,-20.0,-4.7,48.19,8.57,-8.34,-13.64,45.37,4.93,32.260000000000005,8.22,-14.1,-45.18,-3.5599999999999987
2025-08-08T18:54:08.381749,-30.0,18.0,12.0,50.0,32.0,-38.0,29.0,-20.0,-4.0,0.0,57.0,-38.0,-37.7,-8.809999999999999,23.57,37.66,2.3599999999999994,-38.63,27.93,-39.739999999999995,7.220000000000001,9.9,34.82,-21.56
2025-08-08T18:54:08.387720,-28.0,65.0,-6.0,-6.0,74.0,-47.0,-14.0,0.0,24.0,-14.0,53.0,14.0,-35.7,38.19,5.57,-18.34,44.36,-47.63,-15.07,-19.74,35.22,-4.1,30.82,30.44
2025-08-08T18:54:08.393449,-9.0,79.0,42.0,83.0,1.0,64.0,8.0,-32.0,10.0,-38.0,71.0,1.0,-16.7,52.19,53.57,70.66,-28.64,63.37,6.93,-51.739999999999995,21.22,-28.1,48.82,17.44
2025-08-08T18:54:08.398810,-3.0,53.0,10.0,44.0,-22.0,-23.0,33.0,-24.0,-44.0,-15.0,70.0,25.0,-10.7,26.19,21.57,31.66,-51.64,-23.63,31.93,-43.739999999999995,-32.78,-5.1,47.82,41.44
2025-08-08T18:54:08.406216,27.0,4.0,-51.0,25.0,22.0,13.0,20.0,-18.0,-1.0,-57.0,-31.0,-24.0,19.3,-22.81,-39.43,12.66,-7.640000000000001,12.37,18.93,-37.739999999999995,10.22,-47.1,-53.18,-7.559999999999999
2025-08-08T18:54:08.411166,8.0,27.0,24.0,41.0,104.0,-4.0,-18.0,64.0,28.0,-49.0,17.0,7.0,0.2999999999999998,0.19000000000000128,35.57,28.66,74.36,-4.63,-19.07,44.260000000000005,39.22,-39.1,-5.18,23.44
2025-08-08T18:54:08.418380,-20.0,48.0,-4.0,27.0,15.0,9.0,9.0,84.0,34.0,-9.0,62.0,-15.0,-27.7,21.19,7.57,14.66,-14.64,8.37,7.93,64.26,45.22,0.9000000000000004,39.82,1.4400000000000013
2025-08-08T18:54:08.424267,22.0,20.0,-20.0,35.0,-17.0,25.0,-9.0,54.0,-79.0,-34.0,24.0,-26.0,14.3,-6.809999999999999,-8.43,22.66,-46.64,24.37,-10.07,34.260000000000005,-67.78,-24.1,1.8200000000000003,-9.559999999999999
2025-08-08T18:54:08.430728,-25.0,21.0,-67.0,70.0,21.0,-24.0,-57.0,48.0,-23.0,-53.0,81.0,-44.0,-32.7,-5.809999999999999,-55.43,57.66,-8.64,-24.63,-58.07,28.26,-11.78,-43.1,58.82,-27.56
2025-08-08T18:54:08.437431,-59.0,-20.0,-23.0,4.0,48.0,44.0,38.0,-14.0,-18.0,-52.0,27.0,-28.0,-66.7,-46.81,-11.43,-8.34,18.36,43.37,36.93,-33.739999999999995,-6.779999999999999,-42.1,4.82,-11.559999999999999
2025-08-08T18:54:08.443285,11.0,24.0,2.0,-6.0,48.0,28.0,50.0,-18.0,12.0,-60.0,-6.0,-16.0,3.3,-2.8099999999999987,13.57,-18.34,18.36,27.37,48.93,-37.739999999999995,23.22,-50.1,-28.18,0.4400000000000013
2025-08-08T18:54:08.447010,13.0,9.0,-5.0,14.0,5.0,-27.0,29.0,9.0,-35.0,-30.0,5.0,-87.0,5.3,-17.81,6.57,1.6600000000000001,-24.64,-27.63,27.93,-10.739999999999998,-23.78,-20.1,-17.18,-70.56
2025-08-08T18:54:08.455335,96.0,-16.0,-37.0,-46.0,14.0,-3.0,-55.0,-17.0,-25.0,5.0,70.0,-11.0,88.3,-42.81,-25.43,-58.34,-15.64,-3.63,-56.07,-36.739999999999995,-13.78,14.9,47.82,5.440000000000001
2025-08-08T18:54:08.459322,50.0,32.0,32.0,-7.0,-27.0,2.0,34.0,-65.0,-19.0,-26.0,21.0,-13.0,42.3,5.190000000000001,43.57,-19.34,-56.64,1.37,32.93,-84.74,-7.779999999999999,-16.1,-1.1799999999999997,3.4400000000000013
2025-08-08T18:54:08.467132,87.0,94.0,-26.0,-6.0,-10.0,-6.0,-17.0,59.0,-26.0,-22.0,53.0,-33.0,79.3,67.19,-14.43,-18.34,-39.64,-6.63,-18.07,39.260000000000005,-14.78,-12.1,30.82,-16.56
2025-08-08T18:54:08.471763,-13.0,33.0,31.0,35.0,-9.0,20.0,46.0,-1.0,-6.0,-19.0,-31.0,-10.0,-20.7,6.190000000000001,42.57,22.66,-38.64,19.37,44.93,-20.74,5.220000000000001,-9.1,-53.18,6.440000000000001
2025-08-08T18:54:08.479820,92.0,-18.0,10.0,-20.0,14.0,-8.0,-24.0,36.0,-18.0,54.0,15.0,52.0,84.3,-44.81,21.57,-32.34,-15.64,-8.63,-25.07,16.26,-6.779999999999999,63.9,-7.18,68.44
2025-08-08T18:54:08.483805,-40.0,-41.0,15.0,11.0,49.0,-24.0,2.0,23.0,-53.0,13.0,58.0,-28.0,-47.7,-67.81,26.57,-1.3399999999999999,19.36,-24.63,0.9299999999999999,3.2600000000000016,-41.78,22.9,35.82,-11.559999999999999
2025-08-08T18:54:08.491702,34.0,41.0,-34.0,24.0,-5.0,8.0,36.0,78.0,-21.0,7.0,24.0,4.0,26.3,14.190000000000001,-22.43,11.66,-34.64,7.37,34.93,58.260000000000005,-9.78,16.9,1.8200000000000003,20.44
2025-08-08T18:54:08.496102,-17.0,-17.0,-5.0,-22.0,22.0,44.0,-15.0,21.0,-32.0,-25.0,-20.0,26.0,-24.7,-43.81,6.57,-34.34,-7.640000000000001,43.37,-16.07,1.2600000000000016,-20.78,-15.1,-42.18,42.44
2025-08-08T18:54:08.503848,-2.0,8.0,-29.0,49.0,54.0,-1.0,-26.0,22.0,-69.0,-69.0,18.0,-62.0,-9.7,-18.81,-17.43,36.66,24.36,-1.63,-27.07,2.2600000000000016,-57.78,-59.1,-4.18,-45.56
2025-08-08T18:54:08.508549,6.0,82.0,-16.0,24.0,81.0,-43.0,29.0,-12.0,-12.0,-56.0,2.0,-37.0,-1.7000000000000002,55.19,-4.43,11.66,51.36,-43.63,27.93,-31.74,-0.7799999999999994,-46.1,-20.18,-20.56
2025-08-08T18:54:08.516017,9.0,74.0,-7.0,-1.0,9.0,-22.0,18.0,31.0,-47.0,40.0,33.0,14.0,1.2999999999999998,47.19,4.57,-13.34,-20.64,-22.63,16.93,11.260000000000002,-35.78,49.9,10.82,30.44
2025-08-08T18:54:08.520672,-21.0,0.0,-50.0,34.0,168.0,-44.0,76.0,4.0,0.0,-26.0,72.0,-24.0,-28.7,-26.81,-38.43,21.66,138.36,-44.63,74.93,-15.739999999999998,11.22,-16.1,49.82,-7.559999999999999
2025-08-08T18:54:08.528414,14.0,-50.0,-90.0,39.0,-4.0,-43.0,-34.0,80.0,-19.0,-5.0,-43.0,-132.0,6.3,-76.81,-78.43,26.66,-33.64,-43.63,-35.07,60.260000000000005,-7.779999999999999,4.9,-65.18,-115.56
2025-08-08T18:54:08.533154,-2.0,64.0,-77.0,-14.0,18.0,65.0,-24.0,73.0,-10.0,-5.0,76.0,-6.0,-9.7,37.19,-65.43,-26.34,-11.64,64.37,-25.07,53.260000000000005,1.2200000000000006,4.9,53.82,10.440000000000001
2025-08-08T18:54:08.540857,24.0,43.0,3.0,-28.0,25.0,28.0,-33.0,29.0,-28.0,-26.0,-27.0,5.0,16.3,16.19,14.57,-40.34,-4.640000000000001,27.37,-34.07,9.260000000000002,-16.78,-16.1,-49.18,21.44
2025-08-08T18:54:08.545404,-10.0,68.0,1.0,-17.0,16.0,-13.0,-3.0,-13.0,-47.0,-2.0,-36.0,-13.0,-17.7,41.19,12.57,-29.34,-13.64,-13.63,-4.07,-32.739999999999995,-35.78,7.9,-58.18,3.4400000000000013
2025-08-08T18:54:08.553155,25.0,83.0,-10.0,-17.0,-23.0,-63.0,6.0,-20.0,-31.0,-37.0,11.0,-61.0,17.3,56.19,1.5700000000000003,-29.34,-52.64,-63.63,4.93,-39.739999999999995,-19.78,-27.1,-11.18,-44.56
2025-08-08T18:54:08.557631,30.0,15.0,-31.0,44.0,35.0,41.0,-4.0,56.0,-37.0,-33.0,0.0,-19.0,22.3,-11.809999999999999,-19.43,31.66,5.359999999999999,40.37,-5.07,36.260000000000005,-25.78,-23.1,-22.18,-2.5599999999999987
2025-08-08T18:54:08.565185,65.0,77.0,-53.0,75.0,-19.0,6.0,-14.0,27.0,-82.0,-50.0,109.0,-52.0,57.3,50.19,-41.43,62.66,-48.64,5.37,-15.07,7.260000000000002,-70.78,-40.1,86.82,-35.56
2025-08-08T18:54:08.569977,20.0,65.0,-23.0,14.0,18.0,-14.0,51.0,49.0,-20.0,-22.0,60.0,-57.0,12.3,38.19,-11.43,1.6600000000000001,-11.64,-14.63,49.93,29.26,-8.78,-12.1,37.82,-40.56
2025-08-08T18:54:08.574261,9.0,69.0,5.0,11.0,48.0,-13.0,45.0,59.0,26.0,-5.0,34.0,-60.0,1.2999999999999998,42.19,16.57,-1.3399999999999999,18.36,-13.63,43.93,39.260000000000005,37.22,4.9,11.82,-43.56
2025-08-08T18:54:08.582338,48.0,33.0,-37.0,73.0,42.0,15.0,-6.0,-3.0,-3.0,-23.0,-17.0,-47.0,40.3,6.190000000000001,-25.43,60.66,12.36,14.37,-7.07,-22.74,8.22,-13.1,-39.18,-30.56
2025-08-08T18:54:08.589861,7.0,-16.0,-51.0,-25.0,-16.0,-12.0,-12.0,-13.0,11.0,47.0,-10.0,-73.0,-0.7000000000000002,-42.81,-39.43,-37.34,-45.64,-12.63,-13.07,-32.739999999999995,22.22,56.9,-32.18,-56.56
2025-08-08T18:54:08.594207,5.0,-18.0,5.0,16.0,22.0,12.0,-4.0,62.0,-53.0,10.0,11.0,20.0,-2.7,-44.81,16.57,3.66,-7.640000000000001,11.37,-5.07,42.260000000000005,-41.78,19.9,-11.18,36.44
2025-08-08T18:54:08.598530,-10.0,18.0,54.0,-5.0,76.0,-10.0,55.0,44.0,-66.0,-51.0,66.0,43.0,-17.7,-8.809999999999999,65.57,-17.34,46.36,-10.63,53.93,24.26,-54.78,-41.1,43.82,59.44
2025-08-08T18:54:08.606737,66.0,-55.0,20.0,-2.0,73.0,-3.0,-9.0,105.0,16.0,7.0,-12.0,29.0,58.3,-81.81,31.57,-14.34,43.36,-3.63,-10.07,85.26,27.22,16.9,-34.18,45.44
2025-08-08T18:54:08.610822,21.0,-58.0,-70.0,-4.0,38.0,-52.0,11.0,12.0,-32.0,-81.0,3.0,-29.0,13.3,-84.81,-58.43,-16.34,8.36,-52.63,9.93,-7.739999999999998,-20.78,-71.1,-19.18,-12.559999999999999
2025-08-08T18:54:08.618825,46.0,-48.0,-9.0,-26.0,74.0,-75.0,-67.0,4.0,6.0,-13.0,83.0,-18.0,38.3,-74.81,2.5700000000000003,-38.34,44.36,-75.63,-68.07,-15.739999999999998,17.22,-3.0999999999999996,60.82,-1.5599999999999987
2025-08-08T18:54:08.623270,27.0,54.0,-13.0,6.0,12.0,29.0,-15.0,-11.0,-71.0,-15.0,75.0,-12.0,19.3,27.19,-1.4299999999999997,-6.34,-17.64,28.37,-16.07,-30.74,-59.78,-5.1,52.82,4.440000000000001
2025-08-08T18:54:08.631082,79.0,36.0,-6.0,13.0,30.0,-44.0,38.0,72.0,-9.0,-82.0,-24.0,-46.0,71.3,9.190000000000001,5.57,0.6600000000000001,0.35999999999999943,-44.63,36.93,52.260000000000005,2.2200000000000006,-72.1,-46.18,-29.56
2025-08-08T18:54:08.635608,32.0,32.0,13.0,22.0,-11.0,37.0,-3.0,17.0,-1.0,-84.0,34.0,-62.0,24.3,5.190000000000001,24.57,9.66,-40.64,36.37,-4.07,-2.7399999999999984,10.22,-74.1,11.82,-45.56
2025-08-08T18:54:08.643473,77.0,43.0,-17.0,5.0,-11.0,-42.0,-47.0,55.0,-58.0,-33.0,53.0,-39.0,69.3,16.19,-5.43,-7.34,-40.64,-42.63,-48.07,35.260000000000005,-46.78,-23.1,30.82,-22.56
2025-08-08T18:54:08.647768,17.0,29.0,-49.0,-23.0,37.0,-38.0,-22.0,65.0,-27.0,6.0,42.0,-42.0,9.3,2.1900000000000013,-37.43,-35.34,7.359999999999999,-38.63,-23.07,45.260000000000005,-15.78,15.9,19.82,-25.56
2025-08-08T18:54:08.656719,9.0,82.0,-89.0,36.0,32.0,-34.0,-16.0,-13.0,-37.0,-38.0,41.0,5.0,1.2999999999999998,55.19,-77.43,23.66,2.3599999999999994,-34.63,-17.07,-32.739999999999995,-25.78,-28.1,18.82,21.44
2025-08-08T18:54:08.660354,38.0,54.0,-9.0,52.0,31.0,35.0,-10.0,-8.0,-31.0,8.0,6.0,-68.0,30.3,27.19,2.5700000000000003,39.66,1.3599999999999994,34.37,-11.07,-27.74,-19.78,17.9,-16.18,-51.56
2025-08-08T18:54:08.668418,-23.0,50.0,-61.0,41.0,36.0,-33.0,7.0,8.0,-60.0,28.0,96.0,-95.0,-30.7,23.19,-49.43,28.66,6.359999999999999,-33.63,5.93,-11.739999999999998,-48.78,37.9,73.82,-78.56
2025-08-08T18:54:08.672110,-38.0,36.0,-23.0,30.0,31.0,-6.0,-25.0,-38.0,17.0,-30.0,41.0,-56.0,-45.7,9.190000000000001,-11.43,17.66,1.3599999999999994,-6.63,-26.07,-57.739999999999995,28.22,-20.1,18.82,-39.56
2025-08-08T18:54:08.679964,-17.0,135.0,-62.0,5.0,47.0,-8.0,-10.0,26.0,14.0,-9.0,54.0,-66.0,-24.7,108.19,-50.43,-7.34,17.36,-8.63,-11.07,6.260000000000002,25.22,0.9000000000000004,31.82,-49.56
2025-08-08T18:54:08.684223,-24.0,32.0,18.0,0.0,-6.0,-23.0,17.0,4.0,-3.0,-11.0,99.0,-45.0,-31.7,5.190000000000001,29.57,-12.34,-35.64,-23.63,15.93,-15.739999999999998,8.22,-1.0999999999999996,76.82,-28.56
2025-08-08T18:54:08.692171,60.0,28.0,-78.0,77.0,44.0,-32.0,39.0,12.0,20.0,7.0,1.0,-26.0,52.3,1.1900000000000013,-66.43,64.66,14.36,-32.63,37.93,-7.739999999999998,31.22,16.9,-21.18,-9.559999999999999
2025-08-08T18:54:08.696641,-40.0,67.0,-55.0,16.0,11.0,14.0,66.0,4.0,28.0,-29.0,-6.0,-35.0,-47.7,40.19,-43.43,3.66,-18.64,13.37,64.93,-15.739999999999998,39.22,-19.1,-28.18,-18.56
2025-08-08T18:54:08.704436,31.0,53.0,-5.0,-52.0,13.0,-12.0,-17.0,43.0,38.0,-6.0,12.0,20.0,23.3,26.19,6.57,-64.34,-16.64,-12.63,-18.07,23.26,49.22,3.9000000000000004,-10.18,36.44
2025-08-08T18:54:08.708826,-12.0,3.0,-48.0,83.0,42.0,-4.0,-24.0,77.0,-3.0,-51.0,13.0,-27.0,-19.7,-23.81,-36.43,70.66,12.36,-4.63,-25.07,57.260000000000005,8.22,-41.1,-9.18,-10.559999999999999
2025-08-08T18:54:08.716835,61.0,101.0,-23.0,-10.0,11.0,-31.0,-20.0,1.0,25.0,-41.0,-31.0,-45.0,53.3,74.19,-11.43,-22.34,-18.64,-31.63,-21.07,-18.74,36.22,-31.1,-53.18,-28.56
2025-08-08T18:54:08.721108,-7.0,3.0,-10.0,27.0,22.0,-38.0,19.0,65.0,-73.0,-70.0,31.0,0.0,-14.7,-23.81,1.5700000000000003,14.66,-7.640000000000001,-38.63,17.93,45.260000000000005,-61.78,-60.1,8.82,16.44
2025-08-08T18:54:08.729029,60.0,108.0,-53.0,-49.0,33.0,-25.0,-13.0,41.0,-51.0,-33.0,67.0,21.0,52.3,81.19,-41.43,-61.34,3.3599999999999994,-25.63,-14.07,21.26,-39.78,-23.1,44.82,37.44
2025-08-08T18:54:08.733414,46.0,16.0,-60.0,-33.0,7.0,-12.0,-6.0,-41.0,5.0,-21.0,18.0,-53.0,38.3,-10.809999999999999,-48.43,-45.34,-22.64,-12.63,-7.07,-60.739999999999995,16.22,-11.1,-4.18,-36.56
2025-08-08T18:54:08.741461,14.0,-9.0,-12.0,-17.0,-12.0,-36.0,11.0,26.0,-64.0,-24.0,12.0,1.0,6.3,-35.81,-0.4299999999999997,-29.34,-41.64,-36.63,9.93,6.260000000000002,-52.78,-14.1,-10.18,17.44
2025-08-08T18:54:08.745727,98.0,4.0,-41.0,-12.0,3.0,-14.0,-37.0,103.0,-83.0,-56.0,81.0,-32.0,90.3,-22.81,-29.43,-24.34,-26.64,-14.63,-38.07,83.26,-71.78,-46.1,58.82,-15.559999999999999
2025-08-08T18:54:08.753639,84.0,7.0,-97.0,43.0,-12.0,1.0,32.0,63.0,-56.0,-40.0,75.0,-50.0,76.3,-19.81,-85.43,30.66,-41.64,0.37,30.93,43.260000000000005,-44.78,-30.1,52.82,-33.56
2025-08-08T18:54:08.758123,40.0,28.0,-142.0,-29.0,71.0,-19.0,-35.0,91.0,28.0,-17.0,77.0,-90.0,32.3,1.1900000000000013,-130.43,-41.34,41.36,-19.63,-36.07,71.26,39.22,-7.1,54.82,-73.56
2025-08-08T18:54:08.762313,27.0,10.0,-14.0,7.0,54.0,-33.0,-16.0,61.0,2.0,-38.0,12.0,-70.0,19.3,-16.81,-2.4299999999999997,-5.34,24.36,-33.63,-17.07,41.260000000000005,13.22,-28.1,-10.18,-53.56
2025-08-08T18:54:08.770246,-19.0,-23.0,-66.0,35.0,45.0,-3.0,27.0,33.0,-76.0,-4.0,87.0,-67.0,-26.7,-49.81,-54.43,22.66,15.36,-3.63,25.93,13.260000000000002,-64.78,5.9,64.82,-50.56
2025-08-08T18:54:08.778159,28.0,68.0,-48.0,-18.0,31.0,-4.0,-28.0,47.0,-24.0,-20.0,120.0,-38.0,20.3,41.19,-36.43,-30.34,1.3599999999999994,-4.63,-29.07,27.26,-12.78,-10.1,97.82,-21.56
2025-08-08T18:54:08.782863,24.0,50.0,-25.0,-49.0,-14.0,-53.0,16.0,-35.0,24.0,-10.0,35.0,-51.0,16.3,23.19,-13.43,-61.34,-43.64,-53.63,14.93,-54.739999999999995,35.22,-0.09999999999999964,12.82,-34.56
2025-08-08T18:54:08.790728,-20.0,74.0,-37.0,-20.0,49.0,-56.0,-75.0,-24.0,9.0,-35.0,-21.0,-28.0,-27.7,47.19,-25.43,-32.34,19.36,-56.63,-76.07,-43.739999999999995,20.22,-25.1,-43.18,-11.559999999999999
2025-08-08T18:54:08.795275,22.0,35.0,-38.0,-9.0,30.0,-42.0,-39.0,31.0,-65.0,-19.0,16.0,-8.0,14.3,8.190000000000001,-26.43,-21.34,0.35999999999999943,-42.63,-40.07,11.260000000000002,-53.78,-9.1,-6.18,8.440000000000001
2025-08-08T18:54:08.802850,28.0,17.0,-16.0,54.0,73.0,-17.0,-33.0,35.0,-52.0,-42.0,11.0,-41.0,20.3,-9.809999999999999,-4.43,41.66,43.36,-17.63,-34.07,15.260000000000002,-40.78,-32.1,-11.18,-24.56
2025-08-08T18:54:08.807553,10.0,80.0,-92.0,30.0,23.0,-12.0,17.0,-17.0,-56.0,-75.0,-28.0,-36.0,2.3,53.19,-80.43,17.66,-6.640000000000001,-12.63,15.93,-36.739999999999995,-44.78,-65.1,-50.18,-19.56
2025-08-08T18:54:08.811871,37.0,19.0,-38.0,1.0,42.0,3.0,19.0,81.0,-38.0,-65.0,88.0,-76.0,29.3,-7.809999999999999,-26.43,-11.34,12.36,2.37,17.93,61.260000000000005,-26.78,-55.1,65.82,-59.56
2025-08-08T18:54:08.819925,35.0,31.0,-60.0,32.0,-31.0,20.0,54.0,70.0,-68.0,41.0,-23.0,-121.0,27.3,4.190000000000001,-48.43,19.66,-60.64,19.37,52.93,50.260000000000005,-56.78,50.9,-45.18,-104.56
2025-08-08T18:54:08.824377,-26.0,83.0,-67.0,2.0,4.0,-59.0,-57.0,15.0,-45.0,44.0,39.0,-16.0,-33.7,56.19,-55.43,-10.34,-25.64,-59.63,-58.07,-4.739999999999998,-33.78,53.9,16.82,0.4400000000000013
2025-08-08T18:54:08.832109,52.0,-44.0,-14.0,31.0,57.0,-44.0,40.0,13.0,34.0,-48.0,-19.0,20.0,44.3,-70.81,-2.4299999999999997,18.66,27.36,-44.63,38.93,-6.739999999999998,45.22,-38.1,-41.18,36.44
2025-08-08T18:54:08.839687,-49.0,14.0,-20.0,2.0,102.0,-61.0,-6.0,-11.0,-71.0,-82.0,-27.0,-62.0,-56.7,-12.809999999999999,-8.43,-10.34,72.36,-61.63,-7.07,-30.74,-59.78,-72.1,-49.18,-45.56
2025-08-08T18:54:08.844507,-66.0,53.0,-20.0,-20.0,36.0,-1.0,57.0,18.0,6.0,-98.0,-16.0,-15.0,-73.7,26.19,-8.43,-32.34,6.359999999999999,-1.63,55.93,-1.7399999999999984,17.22,-88.1,-38.18,1.4400000000000013
2025-08-08T18:54:08.848986,45.0,26.0,-2.0,23.0,25.0,-40.0,28.0,37.0,17.0,-1.0,13.0,-8.0,37.3,-0.8099999999999987,9.57,10.66,-4.640000000000001,-40.63,26.93,17.26,28.22,8.9,-9.18,8.440000000000001
2025-08-08T18:54:08.856472,-45.0,28.0,-21.0,12.0,57.0,7.0,-3.0,70.0,0.0,-18.0,29.0,-47.0,-52.7,1.1900000000000013,-9.43,-0.33999999999999986,27.36,6.37,-4.07,50.260000000000005,11.22,-8.1,6.82,-30.56
2025-08-08T18:54:08.861252,23.0,17.0,-59.0,38.0,1.0,6.0,-18.0,96.0,-10.0,-19.0,56.0,-90.0,15.3,-9.809999999999999,-47.43,25.66,-28.64,5.37,-19.07,76.26,1.2200000000000006,-9.1,33.82,-73.56
2025-08-08T18:54:08.869204,-56.0,-17.0,-22.0,10.0,35.0,0.0,-54.0,52.0,-12.0,-84.0,-37.0,12.0,-63.7,-43.81,-10.43,-2.34,5.359999999999999,-0.63,-55.07,32.260000000000005,-0.7799999999999994,-74.1,-59.18,28.44
2025-08-08T18:54:08.873517,20.0,47.0,-31.0,59.0,14.0,34.0,-17.0,137.0,-34.0,6.0,96.0,6.0,12.3,20.19,-19.43,46.66,-15.64,33.37,-18.07,117.26,-22.78,15.9,73.82,22.44
2025-08-08T18:54:08.882880,3.0,47.0,-159.0,22.0,109.0,-7.0,-29.0,35.0,-119.0,23.0,103.0,-68.0,-4.7,20.19,-147.43,9.66,79.36,-7.63,-30.07,15.260000000000002,-107.78,32.9,80.82,-51.56
2025-08-08T18:54:08.888099,-49.0,28.0,-88.0,23.0,-11.0,-31.0,29.0,35.0,-17.0,-20.0,27.0,-43.0,-56.7,1.1900000000000013,-76.43,10.66,-40.64,-31.63,27.93,15.260000000000002,-5.779999999999999,-10.1,4.82,-26.56
2025-08-08T18:54:08.893173,33.0,9.0,-6.0,3.0,48.0,12.0,9.0,-28.0,14.0,-24.0,44.0,-103.0,25.3,-17.81,5.57,-9.34,18.36,11.37,7.93,-47.739999999999995,25.22,-14.1,21.82,-86.56
2025-08-08T18:54:08.898379,43.0,48.0,-64.0,75.0,15.0,-24.0,-63.0,26.0,-38.0,41.0,35.0,-53.0,35.3,21.19,-52.43,62.66,-14.64,-24.63,-64.07,6.260000000000002,-26.78,50.9,12.82,-36.56
2025-08-08T18:54:08.905363,-14.0,32.0,-73.0,33.0,45.0,-62.0,17.0,-7.0,-22.0,40.0,27.0,-53.0,-21.7,5.190000000000001,-61.43,20.66,15.36,-62.63,15.93,-26.74,-10.78,49.9,4.82,-36.56
2025-08-08T18:54:08.912929,89.0,9.0,-41.0,16.0,-4.0,-42.0,-34.0,2.0,-62.0,-37.0,28.0,-20.0,81.3,-17.81,-29.43,3.66,-33.64,-42.63,-35.07,-17.74,-50.78,-27.1,5.82,-3.5599999999999987
2025-08-08T18:54:08.917549,59.0,9.0,-22.0,29.0,56.0,-78.0,43.0,6.0,-39.0,-33.0,68.0,-66.0,51.3,-17.81,-10.43,16.66,26.36,-78.63,41.93,-13.739999999999998,-27.78,-23.1,45.82,-49.56
2025-08-08T18:54:08.921984,30.0,46.0,-69.0,25.0,-36.0,-19.0,-35.0,-3.0,-83.0,4.0,31.0,-71.0,22.3,19.19,-57.43,12.66,-65.64,-19.63,-36.07,-22.74,-71.78,13.9,8.82,-54.56
2025-08-08T18:54:08.929932,73.0,44.0,-29.0,-53.0,86.0,-79.0,-22.0,48.0,16.0,-10.0,-2.0,-64.0,65.3,17.19,-17.43,-65.34,56.36,-79.63,-23.07,28.26,27.22,-0.09999999999999964,-24.18,-47.56
2025-08-08T18:54:08.934230,16.0,25.0,-37.0,37.0,14.0,-48.0,-12.0,-56.0,16.0,37.0,-66.0,-14.0,8.3,-1.8099999999999987,-25.43,24.66,-15.64,-48.63,-13.07,-75.74,27.22,46.9,-88.18,2.4400000000000013
2025-08-08T18:54:08.942925,-6.0,52.0,1.0,53.0,91.0,-15.0,-32.0,68.0,-23.0,25.0,17.0,-18.0,-13.7,25.19,12.57,40.66,61.36,-15.63,-33.07,48.260000000000005,-11.78,34.9,-5.18,-1.5599999999999987
2025-08-08T18:54:08.946520,0.0,49.0,-83.0,15.0,52.0,-73.0,-60.0,-47.0,-33.0,-80.0,29.0,-90.0,-7.7,22.19,-71.43,2.66,22.36,-73.63,-61.07,-66.74,-21.78,-70.1,6.82,-73.56
2025-08-08T18:54:08.954626,3.0,81.0,-58.0,-16.0,62.0,8.0,60.0,86.0,-38.0,-98.0,51.0,-53.0,-4.7,54.19,-46.43,-28.34,32.36,7.37,58.93,66.26,-26.78,-88.1,28.82,-36.56
2025-08-08T18:54:08.959202,45.0,102.0,-33.0,-1.0,-35.0,-75.0,-42.0,-2.0,-92.0,20.0,-18.0,-110.0,37.3,75.19,-21.43,-13.34,-64.64,-75.63,-43.07,-21.74,-80.78,29.9,-40.18,-93.56
2025-08-08T18:54:08.966751,8.0,-4.0,-92.0,-29.0,30.0,-62.0,10.0,87.0,-26.0,-6.0,48.0,-57.0,0.2999999999999998,-30.81,-80.43,-41.34,0.35999999999999943,-62.63,8.93,67.26,-14.78,3.9000000000000004,25.82,-40.56
2025-08-08T18:54:08.971236,2.0,108.0,-56.0,32.0,53.0,-43.0,25.0,-20.0,-35.0,43.0,2.0,-42.0,-5.7,81.19,-44.43,19.66,23.36,-43.63,23.93,-39.739999999999995,-23.78,52.9,-20.18,-25.56
2025-08-08T18:54:08.979190,26.0,49.0,-59.0,-6.0,35.0,-71.0,51.0,-35.0,-45.0,-11.0,6.0,-85.0,18.3,22.19,-47.43,-18.34,5.359999999999999,-71.63,49.93,-54.739999999999995,-33.78,-1.0999999999999996,-16.18,-68.56
2025-08-08T18:54:08.983495,82.0,-21.0,-42.0,73.0,20.0,-49.0,-33.0,32.0,-31.0,25.0,-6.0,-84.0,74.3,-47.81,-30.43,60.66,-9.64,-49.63,-34.07,12.260000000000002,-19.78,34.9,-28.18,-67.56
2025-08-08T18:54:08.991367,58.0,41.0,-141.0,72.0,43.0,-47.0,-13.0,9.0,-59.0,-12.0,8.0,-53.0,50.3,14.190000000000001,-129.43,59.66,13.36,-47.63,-14.07,-10.739999999999998,-47.78,-2.0999999999999996,-14.18,-36.56
2025-08-08T18:54:08.995748,9.0,71.0,-166.0,26.0,44.0,-64.0,-23.0,-112.0,-26.0,34.0,-29.0,-48.0,1.2999999999999998,44.19,-154.43,13.66,14.36,-64.63,-24.07,-131.74,-14.78,43.9,-51.18,-31.56
2025-08-08T18:54:09.003666,59.0,68.0,-70.0,3.0,-28.0,-65.0,-14.0,64.0,-38.0,-110.0,37.0,-32.0,51.3,41.19,-58.43,-9.34,-57.64,-65.63,-15.07,44.260000000000005,-26.78,-100.1,14.82,-15.559999999999999
2025-08-08T18:54:09.008107,-15.0,29.0,-64.0,23.0,-1.0,-3.0,-60.0,35.0,-92.0,-66.0,108.0,-58.0,-22.7,2.1900000000000013,-52.43,10.66,-30.64,-3.63,-61.07,15.260000000000002,-80.78,-56.1,85.82,-41.56
2025-08-08T18:54:09.016044,7.0,52.0,-4.0,-4.0,57.0,-116.0,19.0,13.0,-78.0,21.0,62.0,-75.0,-0.7000000000000002,25.19,7.57,-16.34,27.36,-116.63,17.93,-6.739999999999998,-66.78,30.9,39.82,-58.56
2025-08-08T18:54:09.020388,69.0,43.0,-112.0,55.0,66.0,-51.0,-84.0,24.0,-57.0,-29.0,38.0,-38.0,61.3,16.19,-100.43,42.66,36.36,-51.63,-85.07,4.260000000000002,-45.78,-19.1,15.82,-21.56
2025-08-08T18:54:09.028238,30.0,5.0,-42.0,-2.0,74.0,-53.0,74.0,17.0,-89.0,-84.0,38.0,-41.0,22.3,-21.81,-30.43,-14.34,44.36,-53.63,72.93,-2.7399999999999984,-77.78,-74.1,15.82,-24.56
2025-08-08T18:54:09.032490,-15.0,-24.0,-70.0,18.0,-7.0,-31.0,-10.0,-19.0,-87.0,-59.0,52.0,1.0,-22.7,-50.81,-58.43,5.66,-36.64,-31.63,-11.07,-38.739999999999995,-75.78,-49.1,29.82,17.44
2025-08-08T18:54:09.040614,27.0,42.0,4.0,54.0,32.0,-57.0,17.0,42.0,-77.0,-10.0,94.0,-94.0,19.3,15.190000000000001,15.57,41.66,2.3599999999999994,-57.63,15.93,22.26,-65.78,-0.09999999999999964,71.82,-77.56
2025-08-08T18:54:09.044921,-45.0,9.0,-48.0,-14.0,28.0,-66.0,19.0,12.0,-107.0,21.0,93.0,-55.0,-52.7,-17.81,-36.43,-26.34,-1.6400000000000006,-66.63,17.93,-7.739999999999998,-95.78,30.9,70.82,-38.56
2025-08-08T18:54:09.052804,11.0,98.0,-46.0,1.0,59.0,-47.0,-1.0,103.0,-71.0,-23.0,-22.0,-54.0,3.3,71.19,-34.43,-11.34,29.36,-47.63,-2.0700000000000003,83.26,-59.78,-13.1,-44.18,-37.56
2025-08-08T18:54:09.057149,39.0,54.0,9.0,80.0,38.0,-99.0,-35.0,-33.0,-97.0,-25.0,77.0,-79.0,31.3,27.19,20.57,67.66,8.36,-99.63,-36.07,-52.739999999999995,-85.78,-15.1,54.82,-62.56
2025-08-08T18:54:09.061416,0.0,12.0,-110.0,70.0,3.0,-29.0,-81.0,50.0,4.0,-63.0,12.0,-37.0,-7.7,-14.809999999999999,-98.43,57.66,-26.64,-29.63,-82.07,30.26,15.22,-53.1,-10.18,-20.56
2025-08-08T18:54:09.069398,-14.0,75.0,-76.0,2.0,43.0,-86.0,-7.0,115.0,-94.0,-33.0,26.0,-105.0,-21.7,48.19,-64.43,-10.34,13.36,-86.63,-8.07,95.26,-82.78,-23.1,3.8200000000000003,-88.56
2025-08-08T18:54:09.073379,1.0,57.0,-24.0,33.0,-5.0,6.0,40.0,11.0,-114.0,-25.0,-7.0,-92.0,-6.7,30.19,-12.43,20.66,-34.64,5.37,38.93,-8.739999999999998,-102.78,-15.1,-29.18,-75.56
2025-08-08T18:54:09.081638,30.0,50.0,-101.0,0.0,32.0,-65.0,11.0,70.0,-91.0,-75.0,48.0,-99.0,22.3,23.19,-89.43,-12.34,2.3599999999999994,-65.63,9.93,50.260000000000005,-79.78,-65.1,25.82,-82.56
2025-08-08T18:54:09.089525,109.0,-23.0,-26.0,17.0,15.0,-53.0,-23.0,4.0,-31.0,-61.0,94.0,-114.0,101.3,-49.81,-14.43,4.66,-14.64,-53.63,-24.07,-15.739999999999998,-19.78,-51.1,71.82,-97.56
2025-08-08T18:54:09.094047,102.0,11.0,-66.0,34.0,69.0,-50.0,18.0,98.0,-12.0,-37.0,0.0,-113.0,94.3,-15.809999999999999,-54.43,21.66,39.36,-50.63,16.93,78.26,-0.7799999999999994,-27.1,-22.18,-96.56
2025-08-08T18:54:09.097989,79.0,-20.0,-51.0,28.0,75.0,-15.0,27.0,2.0,-91.0,-35.0,39.0,-82.0,71.3,-46.81,-39.43,15.66,45.36,-15.63,25.93,-17.74,-79.78,-25.1,16.82,-65.56
2025-08-08T18:54:09.106219,43.0,-2.0,-64.0,59.0,-24.0,-46.0,20.0,-6.0,-63.0,-35.0,38.0,-43.0,35.3,-28.81,-52.43,46.66,-53.64,-46.63,18.93,-25.74,-51.78,-25.1,15.82,-26.56
2025-08-08T18:54:09.110291,28.0,27.0,-58.0,19.0,27.0,-38.0,14.0,1.0,-78.0,-22.0,54.0,-71.0,20.3,0.19000000000000128,-46.43,6.66,-2.6400000000000006,-38.63,12.93,-18.74,-66.78,-12.1,31.82,-54.56
2025-08-08T18:54:09.118809,35.0,-16.0,-103.0,14.0,16.0,-88.0,-45.0,24.0,-58.0,-3.0,50.0,-101.0,27.3,-42.81,-91.43,1.6600000000000001,-13.64,-88.63,-46.07,4.260000000000002,-46.78,6.9,27.82,-84.56
2025-08-08T18:54:09.122568,-14.0,17.0,-66.0,-25.0,8.0,-37.0,-22.0,103.0,-67.0,-36.0,50.0,-63.0,-21.7,-9.809999999999999,-54.43,-37.34,-21.64,-37.63,-23.07,83.26,-55.78,-26.1,27.82,-46.56
2025-08-08T18:54:09.130914,15.0,84.0,-83.0,58.0,37.0,-75.0,-13.0,107.0,-61.0,6.0,51.0,-104.0,7.3,57.19,-71.43,45.66,7.359999999999999,-75.63,-14.07,87.26,-49.78,15.9,28.82,-87.56
2025-08-08T18:54:09.134919,-36.0,53.0,-126.0,23.0,52.0,-66.0,-42.0,75.0,-198.0,21.0,65.0,-113.0,-43.7,26.19,-114.43,10.66,22.36,-66.63,-43.07,55.260000000000005,-186.78,30.9,42.82,-96.56
2025-08-08T18:54:09.143216,-17.0,90.0,-127.0,30.0,66.0,-85.0,-30.0,113.0,-95.0,-1.0,42.0,-63.0,-24.7,63.19,-115.43,17.66,36.36,-85.63,-31.07,93.26,-83.78,8.9,19.82,-46.56
2025-08-08T18:54:09.147130,8.0,8.0,-67.0,34.0,-15.0,-32.0,-1.0,9.0,-119.0,-52.0,11.0,-65.0,0.2999999999999998,-18.81,-55.43,21.66,-44.64,-32.63,-2.0700000000000003,-10.739999999999998,-107.78,-42.1,-11.18,-48.56
2025-08-08T18:54:09.155151,35.0,-10.0,-66.0,60.0,69.0,-24.0,33.0,8.0,-119.0,-63.0,53.0,-132.0,27.3,-36.81,-54.43,47.66,39.36,-24.63,31.93,-11.739999999999998,-107.78,-53.1,30.82,-115.56
2025-08-08T18:54:09.159451,20.0,21.0,-83.0,-5.0,101.0,-52.0,52.0,52.0,-159.0,-47.0,35.0,-90.0,12.3,-5.809999999999999,-71.43,-17.34,71.36,-52.63,50.93,32.260000000000005,-147.78,-37.1,12.82,-73.56
2025-08-08T18:54:09.167781,0.0,12.0,-85.0,-2.0,-15.0,-125.0,-15.0,-5.0,-77.0,-9.0,25.0,-101.0,-7.7,-14.809999999999999,-73.43,-14.34,-44.64,-125.63,-16.07,-24.74,-65.78,0.9000000000000004,2.8200000000000003,-84.56
2025-08-08T18:54:09.171715,49.0,35.0,-95.0,85.0,23.0,-62.0,-78.0,-40.0,-26.0,-18.0,65.0,-69.0,41.3,8.190000000000001,-83.43,72.66,-6.640000000000001,-62.63,-79.07,-59.739999999999995,-14.78,-8.1,42.82,-52.56
2025-08-08T18:54:09.179759,16.0,57.0,-172.0,39.0,65.0,-75.0,-24.0,66.0,-55.0,-51.0,81.0,-102.0,8.3,30.19,-160.43,26.66,35.36,-75.63,-25.07,46.260000000000005,-43.78,-41.1,58.82,-85.56
2025-08-08T18:54:09.183986,8.0,146.0,-159.0,73.0,22.0,-72.0,-88.0,7.0,-67.0,22.0,-27.0,-147.0,0.2999999999999998,119.19,-147.43,60.66,-7.640000000000001,-72.63,-89.07,-12.739999999999998,-55.78,31.9,-49.18,-130.56
2025-08-08T18:54:09.192192,58.0,81.0,-183.0,46.0,37.0,-26.0,2.0,-30.0,-129.0,-38.0,63.0,-96.0,50.3,54.19,-171.43,33.66,7.359999999999999,-26.63,0.9299999999999999,-49.739999999999995,-117.78,-28.1,40.82,-79.56
2025-08-08T18:54:09.196242,19.0,35.0,-102.0,24.0,58.0,-75.0,-9.0,10.0,-86.0,-84.0,-3.0,-45.0,11.3,8.190000000000001,-90.43,11.66,28.36,-75.63,-10.07,-9.739999999999998,-74.78,-74.1,-25.18,-28.56
2025-08-08T18:54:09.204385,113.0,40.0,-149.0,50.0,24.0,-68.0,-67.0,-60.0,-32.0,-69.0,32.0,-124.0,105.3,13.190000000000001,-137.43,37.66,-5.640000000000001,-68.63,-68.07,-79.74,-20.78,-59.1,9.82,-107.56
2025-08-08T18:54:09.212389,43.0,-92.0,-36.0,19.0,17.0,-53.0,-51.0,-28.0,-117.0,-47.0,94.0,-80.0,35.3,-118.81,-24.43,6.66,-12.64,-53.63,-52.07,-47.739999999999995,-105.78,-37.1,71.82,-63.56
2025-08-08T18:54:09.216717,131.0,53.0,-110.0,114.0,8.0,-106.0,-91.0,-99.0,-115.0,-30.0,144.0,-62.0,123.3,26.19,-98.43,101.66,-21.64,-106.63,-92.07,-118.74,-103.78,-20.1,121.82,-45.56
2025-08-08T18:54:09.224792,75.0,84.0,-100.0,48.0,-28.0,-99.0,-75.0,64.0,-114.0,-99.0,59.0,-114.0,67.3,57.19,-88.43,35.66,-57.64,-99.63,-76.07,44.260000000000005,-102.78,-89.1,36.82,-97.56
2025-08-08T18:54:09.229259,41.0,21.0,-90.0,32.0,-63.0,-74.0,40.0,105.0,-120.0,-13.0,15.0,-67.0,33.3,-5.809999999999999,-78.43,19.66,-92.64,-74.63,38.93,85.26,-108.78,-3.0999999999999996,-7.18,-50.56
2025-08-08T18:54:09.237215,38.0,27.0,-90.0,66.0,50.0,-62.0,25.0,-93.0,-149.0,-38.0,24.0,-158.0,30.3,0.19000000000000128,-78.43,53.66,20.36,-62.63,23.93,-112.74,-137.78,-28.1,1.8200000000000003,-141.56
2025-08-08T18:54:09.241354,11.0,92.0,-138.0,44.0,34.0,-104.0,31.0,-10.0,-137.0,2.0,67.0,-99.0,3.3,65.19,-126.43,31.66,4.359999999999999,-104.63,29.93,-29.74,-125.78,11.9,44.82,-82.56
2025-08-08T18:54:09.249455,33.0,13.0,-67.0,36.0,95.0,-33.0,25.0,-70.0,-129.0,-82.0,79.0,-111.0,25.3,-13.809999999999999,-55.43,23.66,65.36,-33.63,23.93,-89.74,-117.78,-72.1,56.82,-94.56
2025-08-08T18:54:09.254116,27.0,58.0,-77.0,68.0,-5.0,-117.0,-48.0,60.0,-77.0,34.0,46.0,-162.0,19.3,31.19,-65.43,55.66,-34.64,-117.63,-49.07,40.260000000000005,-65.78,43.9,23.82,-145.56
2025-08-08T18:54:09.262191,-55.0,45.0,-155.0,51.0,45.0,-88.0,-56.0,43.0,-128.0,-45.0,113.0,-124.0,-62.7,18.19,-143.43,38.66,15.36,-88.63,-57.07,23.26,-116.78,-35.1,90.82,-107.56
2025-08-08T18:54:09.266721,-34.0,9.0,-111.0,0.0,49.0,-114.0,-18.0,17.0,-88.0,-26.0,-22.0,-106.0,-41.7,-17.81,-99.43,-12.34,19.36,-114.63,-19.07,-2.7399999999999984,-76.78,-16.1,-44.18,-89.56
2025-08-08T18:54:09.274487,48.0,56.0,-190.0,20.0,0.0,-44.0,-13.0,49.0,-184.0,-57.0,103.0,-129.0,40.3,29.19,-178.43,7.66,-29.64,-44.63,-14.07,29.26,-172.78,-47.1,80.82,-112.56
2025-08-08T18:54:09.279249,95.0,56.0,-138.0,51.0,-9.0,-130.0,-24.0,-41.0,-154.0,-27.0,81.0,-89.0,87.3,29.19,-126.43,38.66,-38.64,-130.63,-25.07,-60.739999999999995,-142.78,-17.1,58.82,-72.56
2025-08-08T18:54:09.286829,-15.0,91.0,-113.0,-21.0,-38.0,-115.0,-35.0,-37.0,-59.0,-64.0,93.0,-190.0,-22.7,64.19,-101.43,-33.34,-67.64,-115.63,-36.07,-56.739999999999995,-47.78,-54.1,70.82,-173.56
2025-08-08T18:54:09.291375,87.0,-8.0,-106.0,43.0,-9.0,-147.0,3.0,57.0,-86.0,13.0,101.0,-180.0,79.3,-34.81,-94.43,30.66,-38.64,-147.63,1.93,37.260000000000005,-74.78,22.9,78.82,-163.56
2025-08-08T18:54:09.299058,-5.0,92.0,-151.0,1.0,-6.0,-102.0,-89.0,9.0,-139.0,-91.0,73.0,-144.0,-12.7,65.19,-139.43,-11.34,-35.64,-102.63,-90.07,-10.739999999999998,-127.78,-81.1,50.82,-127.56
2025-08-08T18:54:09.303835,100.0,67.0,-151.0,83.0,16.0,-132.0,-1.0,33.0,-106.0,10.0,96.0,-172.0,92.3,40.19,-139.43,70.66,-13.64,-132.63,-2.0700000000000003,13.260000000000002,-94.78,19.9,73.82,-155.56
2025-08-08T18:54:09.311353,75.0,-13.0,-126.0,33.0,13.0,-117.0,-29.0,3.0,-202.0,-77.0,96.0,-125.0,67.3,-39.81,-114.43,20.66,-16.64,-117.63,-30.07,-16.74,-190.78,-67.1,73.82,-108.56
2025-08-08T18:54:09.321870,80.0,34.0,-118.0,76.0,-7.0,-61.0,-44.0,-48.0,-106.0,-68.0,62.0,-56.0,72.3,7.190000000000001,-106.43,63.66,-36.64,-61.63,-45.07,-67.74,-94.78,-58.1,39.82,-39.56
2025-08-08T18:54:09.329169,51.0,13.0,-181.0,68.0,-11.0,-168.0,-50.0,-41.0,-106.0,-102.0,44.0,-48.0,43.3,-13.809999999999999,-169.43,55.66,-40.64,-168.63,-51.07,-60.739999999999995,-94.78,-92.1,21.82,-31.56
2025-08-08T18:54:09.333020,0.0,36.0,-126.0,51.0,23.0,-139.0,-103.0,15.0,-87.0,30.0,19.0,-123.0,-7.7,9.190000000000001,-114.43,38.66,-6.640000000000001,-139.63,-104.07,-4.739999999999998,-75.78,39.9,-3.1799999999999997,-106.56
2025-08-08T18:54:09.336244,47.0,126.0,-135.0,25.0,-36.0,-151.0,-60.0,-33.0,-128.0,-12.0,35.0,-192.0,39.3,99.19,-123.43,12.66,-65.64,-151.63,-61.07,-52.739999999999995,-116.78,-2.0999999999999996,12.82,-175.56
2025-08-08T18:54:09.343608,77.0,41.0,-199.0,41.0,-7.0,-99.0,-59.0,-19.0,-104.0,-50.0,24.0,-191.0,69.3,14.190000000000001,-187.43,28.66,-36.64,-99.63,-60.07,-38.739999999999995,-92.78,-40.1,1.8200000000000003,-174.56
2025-08-08T18:54:09.347745,67.0,54.0,-98.0,73.0,-8.0,-127.0,-29.0,19.0,-141.0,-97.0,41.0,-84.0,59.3,27.19,-86.43,60.66,-37.64,-127.63,-30.07,-0.7399999999999984,-129.78,-87.1,18.82,-67.56
2025-08-08T18:54:09.355824,-41.0,76.0,-129.0,70.0,-3.0,-15.0,-93.0,1.0,-118.0,-108.0,71.0,-125.0,-48.7,49.19,-117.43,57.66,-32.64,-15.63,-94.07,-18.74,-106.78,-98.1,48.82,-108.56
2025-08-08T18:54:09.360350,-16.0,149.0,-134.0,87.0,-14.0,-34.0,-78.0,18.0,-128.0,-53.0,82.0,-82.0,-23.7,122.19,-122.43,74.66,-43.64,-34.63,-79.07,-1.7399999999999984,-116.78,-43.1,59.82,-65.56
2025-08-08T18:54:09.368110,-19.0,72.0,-143.0,71.0,42.0,-156.0,-123.0,19.0,-142.0,-57.0,90.0,-159.0,-26.7,45.19,-131.43,58.66,12.36,-156.63,-124.07,-0.7399999999999984,-130.78,-47.1,67.82,-142.56
2025-08-08T18:54:09.372461,28.0,23.0,-116.0,24.0,-14.0,-141.0,-15.0,-2.0,-122.0,-10.0,38.0,-173.0,20.3,-3.8099999999999987,-104.43,11.66,-43.64,-141.63,-16.07,-21.74,-110.78,-0.09999999999999964,15.82,-156.56
2025-08-08T18:54:09.380493,88.0,83.0,-118.0,69.0,49.0,-125.0,-36.0,-3.0,-71.0,-44.0,54.0,-131.0,80.3,56.19,-106.43,56.66,19.36,-125.63,-37.07,-22.74,-59.78,-34.1,31.82,-114.56
2025-08-08T18:54:09.384851,73.0,1.0,-107.0,8.0,-12.0,-103.0,-5.0,29.0,-103.0,-108.0,80.0,-160.0,65.3,-25.81,-95.43,-4.34,-41.64,-103.63,-6.07,9.260000000000002,-91.78,-98.1,57.82,-143.56
2025-08-08T18:54:09.392610,15.0,39.0,-118.0,49.0,25.0,-95.0,36.0,2.0,-95.0,-71.0,64.0,-141.0,7.3,12.190000000000001,-106.43,36.66,-4.640000000000001,-95.63,34.93,-17.74,-83.78,-61.1,41.82,-124.56
2025-08-08T18:54:09.397385,-31.0,89.0,-123.0,-13.0,-44.0,-95.0,-46.0,-21.0,-148.0,-20.0,62.0,-133.0,-38.7,62.19,-111.43,-25.34,-73.64,-95.63,-47.07,-40.739999999999995,-136.78,-10.1,39.82,-116.56
2025-08-08T18:54:09.405229,51.0,93.0,-143.0,8.0,-6.0,-129.0,-43.0,-3.0,-159.0,17.0,44.0,-132.0,43.3,66.19,-131.43,-4.34,-35.64,-129.63,-44.07,-22.74,-147.78,26.9,21.82,-115.56
2025-08-08T18:54:09.409333,127.0,6.0,-165.0,41.0,16.0,-62.0,0.0,-8.0,-133.0,-66.0,34.0,-123.0,119.3,-20.81,-153.43,28.66,-13.64,-62.63,-1.07,-27.74,-121.78,-56.1,11.82,-106.56
2025-08-08T18:54:09.417466,32.0,33.0,-56.0,74.0,20.0,-108.0,-29.0,-20.0,-57.0,-117.0,-4.0,-186.0,24.3,6.190000000000001,-44.43,61.66,-9.64,-108.63,-30.07,-39.739999999999995,-45.78,-107.1,-26.18,-169.56
2025-08-08T18:54:09.421639,10.0,24.0,-75.0,69.0,49.0,-109.0,-103.0,2.0,-106.0,-87.0,83.0,-109.0,2.3,-2.8099999999999987,-63.43,56.66,19.36,-109.63,-104.07,-17.74,-94.78,-77.1,60.82,-92.56
2025-08-08T18:54:09.429898,19.0,10.0,-107.0,45.0,-55.0,-138.0,9.0,-58.0,-69.0,-46.0,78.0,-143.0,11.3,-16.81,-95.43,32.66,-84.64,-138.63,7.93,-77.74,-57.78,-36.1,55.82,-126.56
2025-08-08T18:54:09.437854,27.0,94.0,-196.0,30.0,41.0,-101.0,-15.0,63.0,-154.0,-62.0,24.0,-145.0,19.3,67.19,-184.43,17.66,11.36,-101.63,-16.07,43.260000000000005,-142.78,-52.1,1.8200000000000003,-128.56
2025-08-08T18:54:09.442767,53.0,50.0,-140.0,-4.0,7.0,-101.0,-8.0,61.0,-114.0,-82.0,44.0,-100.0,45.3,23.19,-128.43,-16.34,-22.64,-101.63,-9.07,41.260000000000005,-102.78,-72.1,21.82,-83.56
2025-08-08T18:54:09.450087,38.0,14.0,-191.0,67.0,-13.0,-126.0,41.0,-39.0,-145.0,-97.0,12.0,-99.0,30.3,-12.809999999999999,-179.43,54.66,-42.64,-126.63,39.93,-58.739999999999995,-133.78,-87.1,-10.18,-82.56
2025-08-08T18:54:09.454738,10.0,5.0,-134.0,41.0,-62.0,-77.0,-77.0,28.0,-132.0,-93.0,18.0,-126.0,2.3,-21.81,-122.43,28.66,-91.64,-77.63,-78.07,8.260000000000002,-120.78,-83.1,-4.18,-109.56
2025-08-08T18:54:09.462350,76.0,53.0,-98.0,8.0,-21.0,-70.0,-114.0,2.0,-99.0,-67.0,58.0,-170.0,68.3,26.19,-86.43,-4.34,-50.64,-70.63,-115.07,-17.74,-87.78,-57.1,35.82,-153.56
2025-08-08T18:54:09.466813,10.0,68.0,-83.0,-47.0,64.0,-74.0,-101.0,22.0,-156.0,-87.0,66.0,-165.0,2.3,41.19,-71.43,-59.34,34.36,-74.63,-102.07,2.2600000000000016,-144.78,-77.1,43.82,-148.56
2025-08-08T18:54:09.474693,-53.0,38.0,-208.0,43.0,25.0,-117.0,-74.0,-1.0,-180.0,-78.0,52.0,-88.0,-60.7,11.190000000000001,-196.43,30.66,-4.640000000000001,-117.63,-75.07,-20.74,-168.78,-68.1,29.82,-71.56
2025-08-08T18:54:09.479199,52.0,120.0,-175.0,49.0,31.0,-126.0,11.0,-18.0,-119.0,-94.0,32.0,-127.0,44.3,93.19,-163.43,36.66,1.3599999999999994,-126.63,9.93,-37.739999999999995,-107.78,-84.1,9.82,-110.56
2025-08-08T18:54:09.487074,63.0,81.0,-156.0,45.0,16.0,-110.0,4.0,-21.0,-133.0,-62.0,49.0,-87.0,55.3,54.19,-144.43,32.66,-13.64,-110.63,2.9299999999999997,-40.739999999999995,-121.78,-52.1,26.82,-70.56
2025-08-08T18:54:09.491429,-13.0,89.0,-72.0,62.0,37.0,-122.0,-61.0,-4.0,-112.0,-62.0,-5.0,-108.0,-20.7,62.19,-60.43,49.66,7.359999999999999,-122.63,-62.07,-23.74,-100.78,-52.1,-27.18,-91.56
2025-08-08T18:54:09.499402,-22.0,61.0,-153.0,68.0,27.0,-92.0,-84.0,-31.0,-119.0,-24.0,9.0,-159.0,-29.7,34.19,-141.43,55.66,-2.6400000000000006,-92.63,-85.07,-50.739999999999995,-107.78,-14.1,-13.18,-142.56
2025-08-08T18:54:09.503805,-29.0,57.0,-127.0,76.0,-50.0,-70.0,-106.0,-16.0,-137.0,-57.0,47.0,-168.0,-36.7,30.19,-115.43,63.66,-79.64,-70.63,-107.07,-35.739999999999995,-125.78,-47.1,24.82,-151.56
2025-08-08T18:54:09.511809,100.0,61.0,-145.0,38.0,22.0,-131.0,-26.0,-46.0,-182.0,-64.0,64.0,-126.0,92.3,34.19,-133.43,25.66,-7.640000000000001,-131.63,-27.07,-65.74,-170.78,-54.1,41.82,-109.56
2025-08-08T18:54:09.516191,25.0,52.0,-87.0,52.0,12.0,-150.0,-41.0,-22.0,-128.0,-102.0,43.0,-122.0,17.3,25.19,-75.43,39.66,-17.64,-150.63,-42.07,-41.739999999999995,-116.78,-92.1,20.82,-105.56
2025-08-08T18:54:09.524141,12.0,59.0,-32.0,63.0,-29.0,-120.0,-62.0,18.0,-125.0,-44.0,-19.0,-189.0,4.3,32.19,-20.43,50.66,-58.64,-120.63,-63.07,-1.7399999999999984,-113.78,-34.1,-41.18,-172.56
2025-08-08T18:54:09.531826,17.0,44.0,-85.0,30.0,-90.0,-98.0,-31.0,-20.0,-148.0,-32.0,61.0,-122.0,9.3,17.19,-73.43,17.66,-119.64,-98.63,-32.07,-39.739999999999995,-136.78,-22.1,38.82,-105.56
2025-08-08T18:54:09.536459,-23.0,62.0,-17.0,118.0,19.0,-104.0,-68.0,16.0,-116.0,-67.0,95.0,-122.0,-30.7,35.19,-5.43,105.66,-10.64,-104.63,-69.07,-3.7399999999999984,-104.78,-57.1,72.82,-105.56
2025-08-08T18:54:09.544264,22.0,1.0,-173.0,43.0,26.0,-60.0,49.0,26.0,-137.0,-66.0,63.0,-113.0,14.3,-25.81,-161.43,30.66,-3.6400000000000006,-60.63,47.93,6.260000000000002,-125.78,-56.1,40.82,-96.56
2025-08-08T18:54:09.548755,44.0,42.0,-190.0,64.0,-35.0,-135.0,-13.0,-67.0,-113.0,-34.0,60.0,-181.0,36.3,15.190000000000001,-178.43,51.66,-64.64,-135.63,-14.07,-86.74,-101.78,-24.1,37.82,-164.56
2025-08-08T18:54:09.556700,69.0,18.0,-121.0,10.0,18.0,-75.0,0.0,-45.0,-28.0,-27.0,72.0,-148.0,61.3,-8.809999999999999,-109.43,-2.34,-11.64,-75.63,-1.07,-64.74,-16.78,-17.1,49.82,-131.56
2025-08-08T18:54:09.561068,53.0,39.0,-134.0,30.0,26.0,-117.0,-116.0,-103.0,-97.0,-52.0,27.0,-150.0,45.3,12.190000000000001,-122.43,17.66,-3.6400000000000006,-117.63,-117.07,-122.74,-85.78,-42.1,4.82,-133.56
2025-08-08T18:54:09.568914,25.0,25.0,-116.0,118.0,15.0,-140.0,-61.0,93.0,-153.0,-126.0,14.0,-101.0,17.3,-1.8099999999999987,-104.43,105.66,-14.64,-140.63,-62.07,73.26,-141.78,-116.1,-8.18,-84.56
2025-08-08T18:54:09.573418,66.0,82.0,-162.0,84.0,6.0,-144.0,-12.0,-7.0,-162.0,30.0,50.0,-198.0,58.3,55.19,-150.43,71.66,-23.64,-144.63,-13.07,-26.74,-150.78,39.9,27.82,-181.56
2025-08-08T18:54:09.581356,101.0,146.0,-178.0,36.0,-2.0,-164.0,-42.0,-16.0,-98.0,-92.0,-26.0,-109.0,93.3,119.19,-166.43,23.66,-31.64,-164.63,-43.07,-35.739999999999995,-86.78,-82.1,-48.18,-92.56
2025-08-08T18:54:09.585662,79.0,53.0,-121.0,11.0,-1.0,-136.0,12.0,-18.0,-62.0,-71.0,85.0,-141.0,71.3,26.19,-109.43,-1.3399999999999999,-30.64,-136.63,10.93,-37.739999999999995,-50.78,-61.1,62.82,-124.56
2025-08-08T18:54:09.593653,58.0,53.0,-118.0,53.0,-34.0,-92.0,-73.0,-57.0,-114.0,-98.0,53.0,-147.0,50.3,26.19,-106.43,40.66,-63.64,-92.63,-74.07,-76.74,-102.78,-88.1,30.82,-130.56
2025-08-08T18:54:09.598132,0.0,33.0,-98.0,6.0,53.0,-119.0,-46.0,31.0,-145.0,-91.0,44.0,-130.0,-7.7,6.190000000000001,-86.43,-6.34,23.36,-119.63,-47.07,11.260000000000002,-133.78,-81.1,21.82,-113.56
2025-08-08T18:54:09.606072,-46.0,73.0,-128.0,-11.0,-5.0,-142.0,-29.0,20.0,-123.0,-50.0,39.0,-71.0,-53.7,46.19,-116.43,-23.34,-34.64,-142.63,-30.07,0.26000000000000156,-111.78,-40.1,16.82,-54.56
2025-08-08T18:54:09.610151,39.0,96.0,-167.0,51.0,-32.0,-58.0,5.0,-28.0,-138.0,-135.0,41.0,-108.0,31.3,69.19,-155.43,38.66,-61.64,-58.63,3.9299999999999997,-47.739999999999995,-126.78,-125.1,18.82,-91.56
2025-08-08T18:54:09.618297,24.0,84.0,-167.0,52.0,6.0,-120.0,-18.0,-27.0,-121.0,-39.0,13.0,-184.0,16.3,57.19,-155.43,39.66,-23.64,-120.63,-19.07,-46.739999999999995,-109.78,-29.1,-9.18,-167.56
2025-08-08T18:54:09.626056,20.0,92.0,-177.0,76.0,-40.0,-91.0,-102.0,7.0,-110.0,-45.0,-32.0,-152.0,12.3,65.19,-165.43,63.66,-69.64,-91.63,-103.07,-12.739999999999998,-98.78,-35.1,-54.18,-135.56
2025-08-08T18:54:09.630494,56.0,61.0,-110.0,111.0,18.0,-113.0,-70.0,-3.0,-135.0,-47.0,31.0,-43.0,48.3,34.19,-98.43,98.66,-11.64,-113.63,-71.07,-22.74,-123.78,-37.1,8.82,-26.56
2025-08-08T18:54:09.638429,-23.0,-18.0,-92.0,14.0,43.0,-69.0,-33.0,25.0,-121.0,-15.0,49.0,-141.0,-30.7,-44.81,-80.43,1.6600000000000001,13.36,-69.63,-34.07,5.260000000000002,-109.78,-5.1,26.82,-124.56
2025-08-08T18:54:09.642862,60.0,100.0,-156.0,67.0,10.0,-132.0,-6.0,-42.0,-176.0,-20.0,54.0,-91.0,52.3,73.19,-144.43,54.66,-19.64,-132.63,-7.07,-61.739999999999995,-164.78,-10.1,31.82,-74.56
2025-08-08T18:54:09.650972,-30.0,73.0,-75.0,107.0,17.0,-106.0,-22.0,-32.0,-185.0,-26.0,65.0,-126.0,-37.7,46.19,-63.43,94.66,-12.64,-106.63,-23.07,-51.739999999999995,-173.78,-16.1,42.82,-109.56
2025-08-08T18:54:09.655435,47.0,26.0,-200.0,113.0,1.0,-120.0,39.0,-40.0,-141.0,-118.0,43.0,-154.0,39.3,-0.8099999999999987,-188.43,100.66,-28.64,-120.63,37.93,-59.739999999999995,-129.78,-108.1,20.82,-137.56
2025-08-08T18:54:09.664198,98.0,53.0,-143.0,31.0,45.0,-167.0,-121.0,44.0,-137.0,-122.0,49.0,-80.0,90.3,26.19,-131.43,18.66,15.36,-167.63,-122.07,24.26,-125.78,-112.1,26.82,-63.56
2025-08-08T18:54:09.668302,69.0,61.0,-116.0,27.0,-62.0,-124.0,-81.0,-3.0,-110.0,-3.0,69.0,-127.0,61.3,34.19,-104.43,14.66,-91.64,-124.63,-82.07,-22.74,-98.78,6.9,46.82,-110.56
2025-08-08T18:54:09.676629,47.0,76.0,-165.0,41.0,38.0,-116.0,-5.0,-32.0,-134.0,-33.0,50.0,-158.0,39.3,49.19,-153.43,28.66,8.36,-116.63,-6.07,-51.739999999999995,-122.78,-23.1,27.82,-141.56
2025-08-08T18:54:09.680422,80.0,48.0,-101.0,112.0,0.0,-119.0,-29.0,18.0,-88.0,-20.0,-14.0,-183.0,72.3,21.19,-89.43,99.66,-29.64,-119.63,-30.07,-1.7399999999999984,-76.78,-10.1,-36.18,-166.56
2025-08-08T18:54:09.688949,54.0,26.0,-162.0,53.0,-43.0,-136.0,-44.0,-50.0,-57.0,-7.0,42.0,-158.0,46.3,-0.8099999999999987,-150.43,40.66,-72.64,-136.63,-45.07,-69.74,-45.78,2.9000000000000004,19.82,-141.56
2025-08-08T18:54:09.692097,85.0,38.0,-149.0,24.0,37.0,-106.0,-48.0,37.0,-140.0,-67.0,-3.0,-138.0,77.3,11.190000000000001,-137.43,11.66,7.359999999999999,-106.63,-49.07,17.26,-128.78,-57.1,-25.18,-121.56
2025-08-08T18:54:09.700662,21.0,20.0,-122.0,78.0,14.0,-162.0,-84.0,-10.0,-128.0,-83.0,71.0,-137.0,13.3,-6.809999999999999,-110.43,65.66,-15.64,-162.63,-85.07,-29.74,-116.78,-73.1,48.82,-120.56
2025-08-08T18:54:09.707921,72.0,99.0,-40.0,77.0,8.0,-160.0,-65.0,-30.0,-154.0,-106.0,7.0,-124.0,64.3,72.19,-28.43,64.66,-21.64,-160.63,-66.07,-49.739999999999995,-142.78,-96.1,-15.18,-107.56
2025-08-08T18:54:09.713061,-2.0,135.0,-105.0,29.0,-37.0,-112.0,-64.0,-10.0,-119.0,39.0,74.0,-161.0,-9.7,108.19,-93.43,16.66,-66.64,-112.63,-65.07,-29.74,-107.78,48.9,51.82,-144.56
2025-08-08T18:54:09.720492,98.0,133.0,-131.0,-7.0,-4.0,-131.0,-27.0,-5.0,-83.0,-15.0,-13.0,-173.0,90.3,106.19,-119.43,-19.34,-33.64,-131.63,-28.07,-24.74,-71.78,-5.1,-35.18,-156.56
2025-08-08T18:54:09.724969,6.0,41.0,-192.0,81.0,-16.0,-154.0,-89.0,47.0,-74.0,-58.0,49.0,-156.0,-1.7000000000000002,14.190000000000001,-180.43,68.66,-45.64,-154.63,-90.07,27.26,-62.78,-48.1,26.82,-139.56
2025-08-08T18:54:09.732874,57.0,-3.0,-149.0,-31.0,-6.0,-136.0,-23.0,-14.0,-118.0,-5.0,83.0,-138.0,49.3,-29.81,-137.43,-43.34,-35.64,-136.63,-24.07,-33.739999999999995,-106.78,4.9,60.82,-121.56
2025-08-08T18:54:09.737224,112.0,22.0,-96.0,9.0,11.0,-151.0,-53.0,38.0,-144.0,-46.0,92.0,-124.0,104.3,-4.809999999999999,-84.43,-3.34,-18.64,-151.63,-54.07,18.26,-132.78,-36.1,69.82,-107.56
2025-08-08T18:54:09.745155,119.0,54.0,-108.0,93.0,20.0,-60.0,10.0,16.0,-137.0,-16.0,37.0,-122.0,111.3,27.19,-96.43,80.66,-9.64,-60.63,8.93,-3.7399999999999984,-125.78,-6.1,14.82,-105.56
2025-08-08T18:54:09.749558,10.0,76.0,-119.0,-25.0,-27.0,-100.0,6.0,-45.0,-106.0,-71.0,32.0,-157.0,2.3,49.19,-107.43,-37.34,-56.64,-100.63,4.93,-64.74,-94.78,-61.1,9.82,-140.56
2025-08-08T18:54:09.757440,141.0,52.0,-148.0,46.0,22.0,-95.0,7.0,-68.0,-127.0,-89.0,63.0,-143.0,133.3,25.19,-136.43,33.66,-7.640000000000001,-95.63,5.93,-87.74,-115.78,-79.1,40.82,-126.56
2025-08-08T18:54:09.761782,112.0,93.0,-125.0,-9.0,7.0,-99.0,-38.0,-4.0,-69.0,-43.0,2.0,-139.0,104.3,66.19,-113.43,-21.34,-22.64,-99.63,-39.07,-23.74,-57.78,-33.1,-20.18,-122.56
2025-08-08T18:54:09.769692,54.0,46.0,-143.0,56.0,-60.0,-75.0,-37.0,-33.0,-72.0,-83.0,34.0,-136.0,46.3,19.19,-131.43,43.66,-89.64,-75.63,-38.07,-52.739999999999995,-60.78,-73.1,11.82,-119.56
2025-08-08T18:54:09.774351,16.0,19.0,-194.0,57.0,0.0,-75.0,-40.0,-70.0,-84.0,-18.0,113.0,-149.0,8.3,-7.809999999999999,-182.43,44.66,-29.64,-75.63,-41.07,-89.74,-72.78,-8.1,90.82,-132.56
2025-08-08T18:54:09.782146,25.0,16.0,-70.0,35.0,31.0,-116.0,-97.0,-53.0,-114.0,-79.0,46.0,-150.0,17.3,-10.809999999999999,-58.43,22.66,1.3599999999999994,-116.63,-98.07,-72.74,-102.78,-69.1,23.82,-133.56
2025-08-08T18:54:09.786582,14.0,67.0,-186.0,88.0,-45.0,-90.0,-31.0,-7.0,-170.0,-63.0,64.0,-105.0,6.3,40.19,-174.43,75.66,-74.64,-90.63,-32.07,-26.74,-158.78,-53.1,41.82,-88.56
2025-08-08T18:54:09.794416,-27.0,80.0,-145.0,-14.0,-42.0,-107.0,69.0,-28.0,-98.0,-47.0,100.0,-150.0,-34.7,53.19,-133.43,-26.34,-71.64,-107.63,67.93,-47.739999999999995,-86.78,-37.1,77.82,-133.56
2025-08-08T18:54:09.798879,8.0,77.0,-140.0,30.0,62.0,-61.0,22.0,-37.0,-92.0,-53.0,86.0,-81.0,0.2999999999999998,50.19,-128.43,17.66,32.36,-61.63,20.93,-56.739999999999995,-80.78,-43.1,63.82,-64.56
2025-08-08T18:54:09.806795,27.0,75.0,-175.0,116.0,2.0,-64.0,-42.0,-37.0,-168.0,-63.0,-45.0,-122.0,19.3,48.19,-163.43,103.66,-27.64,-64.63,-43.07,-56.739999999999995,-156.78,-53.1,-67.18,-105.56
2025-08-08T18:54:09.812834,59.0,16.0,-84.0,21.0,63.0,-92.0,-29.0,22.0,-112.0,-56.0,88.0,-103.0,51.3,-10.809999999999999,-72.43,8.66,33.36,-92.63,-30.07,2.2600000000000016,-100.78,-46.1,65.82,-86.56
2025-08-08T18:54:09.819124,13.0,63.0,-85.0,86.0,-56.0,-166.0,-52.0,8.0,-178.0,-148.0,101.0,-165.0,5.3,36.19,-73.43,73.66,-85.64,-166.63,-53.07,-11.739999999999998,-166.78,-138.1,78.82,-148.56
2025-08-08T18:54:09.826725,41.0,58.0,-153.0,-1.0,21.0,-67.0,-51.0,69.0,-189.0,-114.0,47.0,-177.0,33.3,31.19,-141.43,-13.34,-8.64,-67.63,-52.07,49.260000000000005,-177.78,-104.1,24.82,-160.56
2025-08-08T18:54:09.831431,-4.0,87.0,-92.0,10.0,11.0,-110.0,-52.0,21.0,-131.0,-122.0,18.0,-183.0,-11.7,60.19,-80.43,-2.34,-18.64,-110.63,-53.07,1.2600000000000016,-119.78,-112.1,-4.18,-166.56
2025-08-08T18:54:09.839719,47.0,89.0,-184.0,124.0,-43.0,-119.0,-102.0,-37.0,-87.0,-34.0,85.0,-141.0,39.3,62.19,-172.43,111.66,-72.64,-119.63,-103.07,-56.739999999999995,-75.78,-24.1,62.82,-124.56
2025-08-08T18:54:09.846533,21.0,46.0,-138.0,4.0,-40.0,-157.0,-12.0,-14.0,-108.0,-75.0,55.0,-135.0,13.3,19.19,-126.43,-8.34,-69.64,-157.63,-13.07,-33.739999999999995,-96.78,-65.1,32.82,-118.56
2025-08-08T18:54:09.851845,86.0,11.0,-136.0,41.0,-20.0,-104.0,-49.0,10.0,-117.0,4.0,56.0,-165.0,78.3,-15.809999999999999,-124.43,28.66,-49.64,-104.63,-50.07,-9.739999999999998,-105.78,13.9,33.82,-148.56
2025-08-08T18:54:09.855865,28.0,36.0,-93.0,62.0,-4.0,-132.0,59.0,-5.0,-115.0,-43.0,41.0,-138.0,20.3,9.190000000000001,-81.43,49.66,-33.64,-132.63,57.93,-24.74,-103.78,-33.1,18.82,-121.56
2025-08-08T18:54:09.864052,28.0,51.0,-100.0,37.0,-33.0,-91.0,-58.0,-36.0,-119.0,3.0,93.0,-143.0,20.3,24.19,-88.43,24.66,-62.64,-91.63,-59.07,-55.739999999999995,-107.78,12.9,70.82,-126.56
2025-08-08T18:54:09.867866,54.0,19.0,-132.0,17.0,14.0,-110.0,-94.0,-44.0,-113.0,-49.0,61.0,-66.0,46.3,-7.809999999999999,-120.43,4.66,-15.64,-110.63,-95.07,-63.739999999999995,-101.78,-39.1,38.82,-49.56
2025-08-08T18:54:09.876121,23.0,28.0,-149.0,68.0,-4.0,-75.0,-18.0,25.0,-161.0,-7.0,61.0,-80.0,15.3,1.1900000000000013,-137.43,55.66,-33.64,-75.63,-19.07,5.260000000000002,-149.78,2.9000000000000004,38.82,-63.56
2025-08-08T18:54:09.880659,42.0,-25.0,-133.0,123.0,-22.0,-121.0,-94.0,56.0,-74.0,-50.0,71.0,-101.0,34.3,-51.81,-121.43,110.66,-51.64,-121.63,-95.07,36.260000000000005,-62.78,-40.1,48.82,-84.56
2025-08-08T18:54:09.888489,-18.0,91.0,-100.0,82.0,-54.0,-64.0,16.0,45.0,-155.0,-98.0,34.0,-107.0,-25.7,64.19,-88.43,69.66,-83.64,-64.63,14.93,25.26,-143.78,-88.1,11.82,-90.56
2025-08-08T18:54:09.893121,37.0,77.0,-122.0,74.0,62.0,-173.0,15.0,27.0,-93.0,11.0,53.0,-137.0,29.3,50.19,-110.43,61.66,32.36,-173.63,13.93,7.260000000000002,-81.78,20.9,30.82,-120.56
2025-08-08T18:54:09.900828,50.0,112.0,-128.0,60.0,40.0,-93.0,-16.0,-22.0,-167.0,-131.0,47.0,-156.0,42.3,85.19,-116.43,47.66,10.36,-93.63,-17.07,-41.739999999999995,-155.78,-121.1,24.82,-139.56
2025-08-08T18:54:09.905221,-3.0,39.0,-114.0,76.0,17.0,-147.0,-29.0,-64.0,-58.0,9.0,-4.0,-176.0,-10.7,12.190000000000001,-102.43,63.66,-12.64,-147.63,-30.07,-83.74,-46.78,18.9,-26.18,-159.56
2025-08-08T18:54:09.913262,90.0,25.0,-133.0,79.0,69.0,-143.0,-128.0,23.0,-115.0,-9.0,36.0,-125.0,82.3,-1.8099999999999987,-121.43,66.66,39.36,-143.63,-129.07,3.2600000000000016,-103.78,0.9000000000000004,13.82,-108.56
2025-08-08T18:54:09.919911,26.0,110.0,-98.0,74.0,1.0,-90.0,-85.0,16.0,-143.0,-92.0,73.0,-131.0,18.3,83.19,-86.43,61.66,-28.64,-90.63,-86.07,-3.7399999999999984,-131.78,-82.1,50.82,-114.56
2025-08-08T18:54:09.925497,64.0,28.0,-168.0,149.0,-43.0,-113.0,-59.0,-5.0,-138.0,-47.0,36.0,-190.0,56.3,1.1900000000000013,-156.43,136.66,-72.64,-113.63,-60.07,-24.74,-126.78,-37.1,13.82,-173.56
2025-08-08T18:54:09.933271,24.0,123.0,-96.0,57.0,15.0,-86.0,-29.0,9.0,-188.0,44.0,46.0,-121.0,16.3,96.19,-84.43,44.66,-14.64,-86.63,-30.07,-10.739999999999998,-176.78,53.9,23.82,-104.56
2025-08-08T18:54:09.938027,47.0,62.0,-164.0,65.0,4.0,-71.0,-45.0,-67.0,-120.0,-58.0,60.0,-92.0,39.3,35.19,-152.43,52.66,-25.64,-71.63,-46.07,-86.74,-108.78,-48.1,37.82,-75.56
2025-08-08T18:54:09.945773,129.0,-31.0,-138.0,-8.0,-17.0,-148.0,-88.0,6.0,-142.0,-72.0,1.0,-110.0,121.3,-57.81,-126.43,-20.34,-46.64,-148.63,-89.07,-13.739999999999998,-130.78,-62.1,-21.18,-93.56
2025-08-08T18:54:09.950367,94.0,5.0,-167.0,88.0,28.0,-117.0,1.0,-73.0,-132.0,-52.0,33.0,-132.0,86.3,-21.81,-155.43,75.66,-1.6400000000000006,-117.63,-0.07000000000000006,-92.74,-120.78,-42.1,10.82,-115.56
2025-08-08T18:54:09.958064,0.0,7.0,-150.0,38.0,-41.0,-112.0,-44.0,87.0,-123.0,-62.0,-23.0,-145.0,-7.7,-19.81,-138.43,25.66,-70.64,-112.63,-45.07,67.26,-111.78,-52.1,-45.18,-128.56
2025-08-08T18:54:09.962403,39.0,26.0,-131.0,-18.0,-51.0,-98.0,-92.0,19.0,-144.0,-131.0,90.0,-85.0,31.3,-0.8099999999999987,-119.43,-30.34,-80.64,-98.63,-93.07,-0.7399999999999984,-132.78,-121.1,67.82,-68.56
2025-08-08T18:54:09.970211,3.0,149.0,-167.0,39.0,-19.0,-102.0,-94.0,0.0,-114.0,7.0,6.0,-130.0,-4.7,122.19,-155.43,26.66,-48.64,-102.63,-95.07,-19.74,-102.78,16.9,-16.18,-113.56
2025-08-08T18:54:09.974686,98.0,25.0,-222.0,116.0,-29.0,-130.0,-31.0,-19.0,-111.0,-43.0,13.0,-141.0,90.3,-1.8099999999999987,-210.43,103.66,-58.64,-130.63,-32.07,-38.739999999999995,-99.78,-33.1,-9.18,-124.56
2025-08-08T18:54:09.982510,68.0,20.0,-179.0,60.0,-53.0,-94.0,-21.0,13.0,-134.0,-60.0,23.0,-128.0,60.3,-6.809999999999999,-167.43,47.66,-82.64,-94.63,-22.07,-6.739999999999998,-122.78,-50.1,0.8200000000000003,-111.56
2025-08-08T18:54:09.987214,136.0,75.0,-126.0,80.0,-39.0,-101.0,-38.0,58.0,-57.0,-96.0,-42.0,-113.0,128.3,48.19,-114.43,67.66,-68.64,-101.63,-39.07,38.260000000000005,-45.78,-86.1,-64.18,-96.56
2025-08-08T18:54:09.994907,60.0,1.0,-73.0,157.0,-66.0,-119.0,-25.0,-4.0,-117.0,-36.0,81.0,-189.0,52.3,-25.81,-61.43,144.66,-95.64,-119.63,-26.07,-23.74,-105.78,-26.1,58.82,-172.56
2025-08-08T18:54:09.999478,94.0,53.0,-137.0,77.0,8.0,-136.0,42.0,17.0,-157.0,-21.0,6.0,-206.0,86.3,26.19,-125.43,64.66,-21.64,-136.63,40.93,-2.7399999999999984,-145.78,-11.1,-16.18,-189.56
2025-08-08T18:54:10.007204,97.0,43.0,-114.0,105.0,-22.0,-105.0,-23.0,77.0,-106.0,-9.0,71.0,-157.0,89.3,16.19,-102.43,92.66,-51.64,-105.63,-24.07,57.260000000000005,-94.78,0.9000000000000004,48.82,-140.56
2025-08-08T18:54:10.011485,106.0,33.0,-188.0,87.0,8.0,-84.0,32.0,-41.0,-183.0,5.0,55.0,-177.0,98.3,6.190000000000001,-176.43,74.66,-21.64,-84.63,30.93,-60.739999999999995,-171.78,14.9,32.82,-160.56
2025-08-08T18:54:10.019553,105.0,14.0,-126.0,114.0,-40.0,-73.0,47.0,-102.0,-179.0,-35.0,60.0,-239.0,97.3,-12.809999999999999,-114.43,101.66,-69.64,-73.63,45.93,-121.74,-167.78,-25.1,37.82,-222.56
2025-08-08T18:54:10.027662,189.0,51.0,-85.0,145.0,-30.0,-87.0,-27.0,-89.0,-178.0,-50.0,112.0,-161.0,181.3,24.19,-73.43,132.66,-59.64,-87.63,-28.07,-108.74,-166.78,-40.1,89.82,-144.56
2025-08-08T18:54:10.032006,154.0,32.0,-71.0,174.0,-71.0,-115.0,-56.0,-32.0,-203.0,3.0,84.0,-265.0,146.3,5.190000000000001,-59.43,161.66,-100.64,-115.63,-57.07,-51.739999999999995,-191.78,12.9,61.82,-248.56
2025-08-08T18:54:10.039922,197.0,66.0,-143.0,183.0,-32.0,-128.0,9.0,38.0,-209.0,-7.0,67.0,-263.0,189.3,39.19,-131.43,170.66,-61.64,-128.63,7.93,18.26,-197.78,2.9000000000000004,44.82,-246.56
2025-08-08T18:54:10.044282,109.0,62.0,-176.0,132.0,-8.0,-186.0,32.0,-38.0,-191.0,-52.0,17.0,-268.0,101.3,35.19,-164.43,119.66,-37.64,-186.63,30.93,-57.739999999999995,-179.78,-42.1,-5.18,-251.56
2025-08-08T18:54:10.052492,242.0,23.0,-199.0,172.0,-23.0,-147.0,27.0,-42.0,-224.0,-74.0,142.0,-244.0,234.3,-3.8099999999999987,-187.43,159.66,-52.64,-147.63,25.93,-61.739999999999995,-212.78,-64.1,119.82,-227.56
2025-08-08T18:54:10.057244,201.0,-17.0,-163.0,198.0,-64.0,-100.0,-22.0,-65.0,-249.0,-38.0,63.0,-241.0,193.3,-43.81,-151.43,185.66,-93.64,-100.63,-23.07,-84.74,-237.78,-28.1,40.82,-224.56
2025-08-08T18:54:10.065201,172.0,93.0,-188.0,172.0,-22.0,-84.0,26.0,-136.0,-241.0,22.0,101.0,-266.0,164.3,66.19,-176.43,159.66,-51.64,-84.63,24.93,-155.74,-229.78,31.9,78.82,-249.56
2025-08-08T18:54:10.072728,182.0,80.0,-212.0,177.0,-74.0,-90.0,-8.0,-137.0,-183.0,-81.0,-8.0,-302.0,174.3,53.19,-200.43,164.66,-103.64,-90.63,-9.07,-156.74,-171.78,-71.1,-30.18,-285.56
2025-08-08T18:54:10.077563,304.0,76.0,-132.0,261.0,-73.0,-152.0,-14.0,-182.0,-306.0,-21.0,91.0,-359.0,296.3,49.19,-120.43,248.66,-102.64,-152.63,-15.07,-201.74,-294.78,-11.1,68.82,-342.56
2025-08-08T18:54:10.085775,277.0,15.0,-179.0,251.0,-60.0,-122.0,10.0,-156.0,-309.0,-26.0,100.0,-308.0,269.3,-11.809999999999999,-167.43,238.66,-89.64,-122.63,8.93,-175.74,-297.78,-16.1,77.82,-291.56
2025-08-08T18:54:10.096142,294.0,87.0,-187.0,287.0,-90.0,-154.0,-5.0,-143.0,-287.0,30.0,97.0,-415.0,286.3,60.19,-175.43,274.66,-119.64,-154.63,-6.07,-162.74,-275.78,39.9,74.82,-398.56
2025-08-08T18:54:10.102032,382.0,12.0,-303.0,297.0,-103.0,-111.0,21.0,-175.0,-268.0,-73.0,50.0,-437.0,374.3,-14.809999999999999,-291.43,284.66,-132.64,-111.63,19.93,-194.74,-256.78,-63.1,27.82,-420.56
2025-08-08T18:54:10.105300,348.0,-44.0,-310.0,355.0,-117.0,-116.0,84.0,-291.0,-361.0,14.0,122.0,-498.0,340.3,-70.81,-298.43,342.66,-146.64,-116.63,82.93,-310.74,-349.78,23.9,99.82,-481.56
2025-08-08T18:54:10.109910,470.0,-35.0,-322.0,316.0,-153.0,-125.0,48.0,-232.0,-343.0,-6.0,99.0,-529.0,462.3,-61.81,-310.43,303.66,-182.64,-125.63,46.93,-251.74,-331.78,3.9000000000000004,76.82,-512.56
2025-08-08T18:54:10.117773,462.0,40.0,-280.0,348.0,-191.0,-104.0,98.0,-229.0,-347.0,-18.0,14.0,-564.0,454.3,13.190000000000001,-268.43,335.66,-220.64,-104.63,96.93,-248.74,-335.78,-8.1,-8.18,-547.56
2025-08-08T18:54:10.122253,484.0,-19.0,-283.0,462.0,-155.0,-126.0,77.0,-334.0,-470.0,-15.0,147.0,-503.0,476.3,-45.81,-271.43,449.66,-184.64,-126.63,75.93,-353.74,-458.78,-5.1,124.82,-486.56
2025-08-08T18:54:10.130222,427.0,32.0,-323.0,326.0,-220.0,-153.0,49.0,-288.0,-381.0,-15.0,114.0,-576.0,419.3,5.190000000000001,-311.43,313.66,-249.64,-153.63,47.93,-307.74,-369.78,-5.1,91.82,-559.56
2025-08-08T18:54:10.134514,438.0,2.0,-296.0,409.0,-164.0,-174.0,54.0,-257.0,-387.0,13.0,102.0,-496.0,430.3,-24.81,-284.43,396.66,-193.64,-174.63,52.93,-276.74,-375.78,22.9,79.82,-479.56
2025-08-08T18:54:10.142926,450.0,7.0,-282.0,443.0,-130.0,-202.0,72.0,-298.0,-399.0,31.0,132.0,-562.0,442.3,-19.81,-270.43,430.66,-159.64,-202.63,70.93,-317.74,-387.78,40.9,109.82,-545.56
2025-08-08T18:54:10.150547,436.0,6.0,-330.0,392.0,-205.0,-134.0,101.0,-300.0,-377.0,-14.0,95.0,-591.0,428.3,-20.81,-318.43,379.66,-234.64,-134.63,99.93,-319.74,-365.78,-4.1,72.82,-574.56
2025-08-08T18:54:10.154912,492.0,-79.0,-272.0,431.0,-155.0,-113.0,75.0,-286.0,-435.0,-8.0,76.0,-541.0,484.3,-105.81,-260.43,418.66,-184.64,-113.63,73.93,-305.74,-423.78,1.9000000000000004,53.82,-524.56
2025-08-08T18:54:10.162875,490.0,54.0,-246.0,391.0,-161.0,-130.0,199.0,-388.0,-447.0,-7.0,129.0,-496.0,482.3,27.19,-234.43,378.66,-190.64,-130.63,197.93,-407.74,-435.78,2.9000000000000004,106.82,-479.56
2025-08-08T18:54:10.167269,550.0,-52.0,-273.0,398.0,-209.0,-147.0,22.0,-381.0,-407.0,0.0,120.0,-507.0,542.3,-78.81,-261.43,385.66,-238.64,-147.63,20.93,-400.74,-395.78,9.9,97.82,-490.56
2025-08-08T18:54:10.175113,503.0,51.0,-306.0,409.0,-148.0,-154.0,53.0,-336.0,-391.0,11.0,47.0,-588.0,495.3,24.19,-294.43,396.66,-177.64,-154.63,51.93,-355.74,-379.78,20.9,24.82,-571.56
2025-08-08T18:54:10.183315,525.0,-42.0,-225.0,408.0,-197.0,-116.0,122.0,-306.0,-417.0,45.0,137.0,-589.0,517.3,-68.81,-213.43,395.66,-226.64,-116.63,120.93,-325.74,-405.78,54.9,114.82,-572.56
2025-08-08T18:54:10.187706,390.0,-92.0,-307.0,440.0,-151.0,-96.0,59.0,-256.0,-416.0,41.0,138.0,-582.0,382.3,-118.81,-295.43,427.66,-180.64,-96.63,57.93,-275.74,-404.78,50.9,115.82,-565.56
2025-08-08T18:54:10.196117,462.0,51.0,-263.0,453.0,-122.0,-136.0,61.0,-258.0,-422.0,72.0,79.0,-592.0,454.3,24.19,-251.43,440.66,-151.64,-136.63,59.93,-277.74,-410.78,81.9,56.82,-575.56
2025-08-08T18:54:10.200031,538.0,-7.0,-297.0,415.0,-115.0,-191.0,30.0,-302.0,-364.0,28.0,60.0,-561.0,530.3,-33.81,-285.43,402.66,-144.64,-191.63,28.93,-321.74,-352.78,37.9,37.82,-544.56
2025-08-08T18:54:10.208292,538.0,-17.0,-258.0,392.0,-254.0,-132.0,82.0,-257.0,-363.0,59.0,125.0,-543.0,530.3,-43.81,-246.43,379.66,-283.64,-132.63,80.93,-276.74,-351.78,68.9,102.82,-526.56
2025-08-08T18:54:10.216094,442.0,41.0,-216.0,410.0,-244.0,-136.0,48.0,-274.0,-404.0,-20.0,77.0,-632.0,434.3,14.190000000000001,-204.43,397.66,-273.64,-136.63,46.93,-293.74,-392.78,-10.1,54.82,-615.56
2025-08-08T18:54:10.220638,537.0,12.0,-339.0,387.0,-165.0,-175.0,58.0,-369.0,-433.0,104.0,86.0,-528.0,529.3,-14.809999999999999,-327.43,374.66,-194.64,-175.63,56.93,-388.74,-421.78,113.9,63.82,-511.56
2025-08-08T18:54:10.228493,507.0,-11.0,-238.0,428.0,-166.0,-123.0,42.0,-312.0,-446.0,-85.0,89.0,-528.0,499.3,-37.81,-226.43,415.66,-195.64,-123.63,40.93,-331.74,-434.78,-75.1,66.82,-511.56
2025-08-08T18:54:10.233076,535.0,-13.0,-282.0,355.0,-175.0,-152.0,51.0,-362.0,-421.0,0.0,86.0,-476.0,527.3,-39.81,-270.43,342.66,-204.64,-152.63,49.93,-381.74,-409.78,9.9,63.82,-459.56
2025-08-08T18:54:10.243041,432.0,-28.0,-255.0,422.0,-158.0,-135.0,72.0,-329.0,-430.0,-62.0,87.0,-506.0,424.3,-54.81,-243.43,409.66,-187.64,-135.63,70.93,-348.74,-418.78,-52.1,64.82,-489.56
2025-08-08T18:54:10.248980,491.0,62.0,-282.0,404.0,-167.0,-133.0,6.0,-273.0,-407.0,-8.0,141.0,-563.0,483.3,35.19,-270.43,391.66,-196.64,-133.63,4.93,-292.74,-395.78,1.9000000000000004,118.82,-546.56
2025-08-08T18:54:10.253502,434.0,-11.0,-199.0,404.0,-191.0,-170.0,49.0,-302.0,-414.0,72.0,96.0,-565.0,426.3,-37.81,-187.43,391.66,-220.64,-170.63,47.93,-321.74,-402.78,81.9,73.82,-548.56
2025-08-08T18:54:10.261281,490.0,4.0,-314.0,444.0,-180.0,-99.0,53.0,-282.0,-403.0,-56.0,32.0,-528.0,482.3,-22.81,-302.43,431.66,-209.64,-99.63,51.93,-301.74,-391.78,-46.1,9.82,-511.56
2025-08-08T18:54:10.265622,529.0,-27.0,-295.0,362.0,-130.0,-119.0,85.0,-317.0,-420.0,-56.0,83.0,-547.0,521.3,-53.81,-283.43,349.66,-159.64,-119.63,83.93,-336.74,-408.78,-46.1,60.82,-530.56
2025-08-08T18:54:10.275331,483.0,37.0,-248.0,398.0,-213.0,-139.0,29.0,-316.0,-376.0,36.0,35.0,-531.0,475.3,10.190000000000001,-236.43,385.66,-242.64,-139.63,27.93,-335.74,-364.78,45.9,12.82,-514.56
2025-08-08T18:54:10.281513,513.0,20.0,-322.0,355.0,-155.0,-187.0,55.0,-337.0,-415.0,-4.0,95.0,-536.0,505.3,-6.809999999999999,-310.43,342.66,-184.64,-187.63,53.93,-356.74,-403.78,5.9,72.82,-519.56
2025-08-08T18:54:10.286028,534.0,-43.0,-249.0,359.0,-113.0,-192.0,103.0,-321.0,-368.0,17.0,83.0,-572.0,526.3,-69.81,-237.43,346.66,-142.64,-192.63,101.93,-340.74,-356.78,26.9,60.82,-555.56
2025-08-08T18:54:10.294049,409.0,-1.0,-299.0,381.0,-140.0,-206.0,78.0,-245.0,-345.0,7.0,87.0,-600.0,401.3,-27.81,-287.43,368.66,-169.64,-206.63,76.93,-264.74,-333.78,16.9,64.82,-583.56
2025-08-08T18:54:10.298222,438.0,9.0,-288.0,374.0,-220.0,-213.0,66.0,-341.0,-437.0,2.0,71.0,-530.0,430.3,-17.81,-276.43,361.66,-249.64,-213.63,64.93,-360.74,-425.78,11.9,48.82,-513.56
2025-08-08T18:54:10.306244,499.0,74.0,-340.0,390.0,-190.0,-93.0,101.0,-326.0,-419.0,14.0,83.0,-570.0,491.3,47.19,-328.43,377.66,-219.64,-93.63,99.93,-345.74,-407.78,23.9,60.82,-553.56
2025-08-08T18:54:10.314280,569.0,-31.0,-319.0,443.0,-234.0,-151.0,51.0,-331.0,-417.0,17.0,116.0,-560.0,561.3,-57.81,-307.43,430.66,-263.64,-151.63,49.93,-350.74,-405.78,26.9,93.82,-543.56
2025-08-08T18:54:10.319043,481.0,49.0,-225.0,417.0,-192.0,-113.0,-22.0,-301.0,-419.0,17.0,22.0,-612.0,473.3,22.19,-213.43,404.66,-221.64,-113.63,-23.07,-320.74,-407.78,26.9,-0.17999999999999972,-595.56
2025-08-08T18:54:10.326780,456.0,-46.0,-288.0,416.0,-127.0,-109.0,81.0,-296.0,-405.0,11.0,137.0,-539.0,448.3,-72.81,-276.43,403.66,-156.64,-109.63,79.93,-315.74,-393.78,20.9,114.82,-522.56
2025-08-08T18:54:10.331053,504.0,29.0,-271.0,379.0,-163.0,-99.0,47.0,-319.0,-395.0,-18.0,91.0,-588.0,496.3,2.1900000000000013,-259.43,366.66,-192.64,-99.63,45.93,-338.74,-383.78,-8.1,68.82,-571.56
2025-08-08T18:54:10.339153,456.0,66.0,-279.0,312.0,-149.0,-173.0,78.0,-310.0,-436.0,12.0,127.0,-517.0,448.3,39.19,-267.43,299.66,-178.64,-173.63,76.93,-329.74,-424.78,21.9,104.82,-500.56
2025-08-08T18:54:10.347135,501.0,-61.0,-272.0,434.0,-202.0,-156.0,77.0,-332.0,-348.0,-26.0,78.0,-528.0,493.3,-87.81,-260.43,421.66,-231.64,-156.63,75.93,-351.74,-336.78,-16.1,55.82,-511.56
2025-08-08T18:54:10.352036,437.0,-7.0,-265.0,403.0,-107.0,-142.0,37.0,-366.0,-401.0,18.0,82.0,-617.0,429.3,-33.81,-253.43,390.66,-136.64,-142.63,35.93,-385.74,-389.78,27.9,59.82,-600.56
2025-08-08T18:54:10.359446,476.0,21.0,-277.0,331.0,-146.0,-138.0,40.0,-272.0,-449.0,27.0,64.0,-530.0,468.3,-5.809999999999999,-265.43,318.66,-175.64,-138.63,38.93,-291.74,-437.78,36.9,41.82,-513.56
2025-08-08T18:54:10.364104,496.0,-19.0,-263.0,461.0,-182.0,-110.0,103.0,-395.0,-398.0,65.0,78.0,-493.0,488.3,-45.81,-251.43,448.66,-211.64,-110.63,101.93,-414.74,-386.78,74.9,55.82,-476.56
2025-08-08T18:54:10.371895,514.0,-52.0,-240.0,391.0,-129.0,-178.0,18.0,-293.0,-343.0,-80.0,110.0,-561.0,506.3,-78.81,-228.43,378.66,-158.64,-178.63,16.93,-312.74,-331.78,-70.1,87.82,-544.56
2025-08-08T18:54:10.376227,442.0,4.0,-259.0,401.0,-176.0,-123.0,48.0,-293.0,-474.0,18.0,76.0,-588.0,434.3,-22.81,-247.43,388.66,-205.64,-123.63,46.93,-312.74,-462.78,27.9,53.82,-571.56
2025-08-08T18:54:10.384293,454.0,56.0,-235.0,431.0,-173.0,-164.0,95.0,-331.0,-428.0,-23.0,74.0,-553.0,446.3,29.19,-223.43,418.66,-202.64,-164.63,93.93,-350.74,-416.78,-13.1,51.82,-536.56
2025-08-08T18:54:10.392160,463.0,-5.0,-259.0,367.0,-180.0,-144.0,65.0,-298.0,-451.0,5.0,70.0,-578.0,455.3,-31.81,-247.43,354.66,-209.64,-144.63,63.93,-317.74,-439.78,14.9,47.82,-561.56
2025-08-08T18:54:10.397740,483.0,42.0,-308.0,436.0,-96.0,-158.0,86.0,-320.0,-451.0,-1.0,86.0,-530.0,475.3,15.190000000000001,-296.43,423.66,-125.64,-158.63,84.93,-339.74,-439.78,8.9,63.82,-513.56
2025-08-08T18:54:10.404733,579.0,26.0,-317.0,411.0,-259.0,-213.0,94.0,-368.0,-395.0,61.0,93.0,-576.0,571.3,-0.8099999999999987,-305.43,398.66,-288.64,-213.63,92.93,-387.74,-383.78,70.9,70.82,-559.56
2025-08-08T18:54:10.409096,502.0,5.0,-312.0,430.0,-187.0,-170.0,39.0,-318.0,-369.0,-39.0,44.0,-560.0,494.3,-21.81,-300.43,417.66,-216.64,-170.63,37.93,-337.74,-357.78,-29.1,21.82,-543.56
2025-08-08T18:54:10.417212,521.0,43.0,-310.0,409.0,-185.0,-133.0,82.0,-298.0,-463.0,30.0,112.0,-532.0,513.3,16.19,-298.43,396.66,-214.64,-133.63,80.93,-317.74,-451.78,39.9,89.82,-515.56
2025-08-08T18:54:10.424912,542.0,-66.0,-312.0,415.0,-224.0,-125.0,131.0,-304.0,-439.0,-53.0,143.0,-553.0,534.3,-92.81,-300.43,402.66,-253.64,-125.63,129.93,-323.74,-427.78,-43.1,120.82,-536.56
2025-08-08T18:54:10.430752,464.0,-64.0,-274.0,397.0,-162.0,-162.0,143.0,-327.0,-438.0,15.0,147.0,-567.0,456.3,-90.81,-262.43,384.66,-191.64,-162.63,141.93,-346.74,-426.78,24.9,124.82,-550.56
2025-08-08T18:54:10.437223,422.0,81.0,-313.0,396.0,-216.0,-121.0,71.0,-366.0,-461.0,84.0,138.0,-565.0,414.3,54.19,-301.43,383.66,-245.64,-121.63,69.93,-385.74,-449.78,93.9,115.82,-548.56
2025-08-08T18:54:10.441817,489.0,-40.0,-255.0,310.0,-144.0,-101.0,64.0,-308.0,-480.0,-34.0,84.0,-540.0,481.3,-66.81,-243.43,297.66,-173.64,-101.63,62.93,-327.74,-468.78,-24.1,61.82,-523.56
2025-08-08T18:54:10.449874,415.0,-23.0,-283.0,419.0,-164.0,-121.0,73.0,-352.0,-378.0,-46.0,85.0,-589.0,407.3,-49.81,-271.43,406.66,-193.64,-121.63,71.93,-371.74,-366.78,-36.1,62.82,-572.56
2025-08-08T18:54:10.457731,525.0,-6.0,-350.0,382.0,-161.0,-85.0,63.0,-290.0,-478.0,65.0,109.0,-569.0,517.3,-32.81,-338.43,369.66,-190.64,-85.63,61.93,-309.74,-466.78,74.9,86.82,-552.56
2025-08-08T18:54:10.462264,508.0,-3.0,-261.0,443.0,-168.0,-171.0,100.0,-287.0,-443.0,-28.0,133.0,-593.0,500.3,-29.81,-249.43,430.66,-197.64,-171.63,98.93,-306.74,-431.78,-18.1,110.82,-576.56
2025-08-08T18:54:10.470277,531.0,-44.0,-284.0,480.0,-226.0,-165.0,40.0,-314.0,-381.0,-13.0,87.0,-554.0,523.3,-70.81,-272.43,467.66,-255.64,-165.63,38.93,-333.74,-369.78,-3.0999999999999996,64.82,-537.56
2025-08-08T18:54:10.476075,476.0,-66.0,-258.0,433.0,-135.0,-100.0,107.0,-293.0,-435.0,44.0,83.0,-566.0,468.3,-92.81,-246.43,420.66,-164.64,-100.63,105.93,-312.74,-423.78,53.9,60.82,-549.56
2025-08-08T18:54:10.482453,516.0,-31.0,-269.0,453.0,-196.0,-145.0,91.0,-375.0,-449.0,22.0,75.0,-551.0,508.3,-57.81,-257.43,440.66,-225.64,-145.63,89.93,-394.74,-437.78,31.9,52.82,-534.56
2025-08-08T18:54:10.490650,464.0,59.0,-320.0,401.0,-178.0,-200.0,105.0,-364.0,-407.0,-52.0,71.0,-505.0,456.3,32.19,-308.43,388.66,-207.64,-200.63,103.93,-383.74,-395.78,-42.1,48.82,-488.56
2025-08-08T18:54:10.495088,467.0,42.0,-301.0,414.0,-110.0,-206.0,49.0,-287.0,-476.0,-7.0,164.0,-560.0,459.3,15.190000000000001,-289.43,401.66,-139.64,-206.63,47.93,-306.74,-464.78,2.9000000000000004,141.82,-543.56
2025-08-08T18:54:10.502981,463.0,-1.0,-303.0,422.0,-172.0,-145.0,58.0,-407.0,-432.0,-8.0,126.0,-547.0,455.3,-27.81,-291.43,409.66,-201.64,-145.63,56.93,-426.74,-420.78,1.9000000000000004,103.82,-530.56
2025-08-08T18:54:10.507501,445.0,33.0,-267.0,395.0,-190.0,-147.0,43.0,-364.0,-391.0,-19.0,110.0,-573.0,437.3,6.190000000000001,-255.43,382.66,-219.64,-147.63,41.93,-383.74,-379.78,-9.1,87.82,-556.56
2025-08-08T18:54:10.515394,435.0,-11.0,-277.0,439.0,-184.0,-191.0,29.0,-257.0,-376.0,23.0,32.0,-528.0,427.3,-37.81,-265.43,426.66,-213.64,-191.63,27.93,-276.74,-364.78,32.9,9.82,-511.56
2025-08-08T18:54:10.523257,536.0,34.0,-310.0,394.0,-212.0,-144.0,114.0,-399.0,-407.0,2.0,76.0,-582.0,528.3,7.190000000000001,-298.43,381.66,-241.64,-144.63,112.93,-418.74,-395.78,11.9,53.82,-565.56
2025-08-08T18:54:10.527695,484.0,7.0,-244.0,389.0,-251.0,-124.0,86.0,-336.0,-380.0,18.0,57.0,-611.0,476.3,-19.81,-232.43,376.66,-280.64,-124.63,84.93,-355.74,-368.78,27.9,34.82,-594.56
2025-08-08T18:54:10.535681,472.0,-36.0,-325.0,392.0,-155.0,-121.0,55.0,-285.0,-377.0,13.0,16.0,-518.0,464.3,-62.81,-313.43,379.66,-184.64,-121.63,53.93,-304.74,-365.78,22.9,-6.18,-501.56
2025-08-08T18:54:10.540295,521.0,46.0,-240.0,446.0,-149.0,-133.0,57.0,-335.0,-394.0,-14.0,98.0,-580.0,513.3,19.19,-228.43,433.66,-178.64,-133.63,55.93,-354.74,-382.78,-4.1,75.82,-563.56
2025-08-08T18:54:10.548200,457.0,-23.0,-246.0,423.0,-214.0,-148.0,25.0,-342.0,-395.0,106.0,68.0,-614.0,449.3,-49.81,-234.43,410.66,-243.64,-148.63,23.93,-361.74,-383.78,115.9,45.82,-597.56
2025-08-08T18:54:10.556665,514.0,-23.0,-224.0,430.0,-231.0,-143.0,70.0,-327.0,-455.0,64.0,92.0,-599.0,506.3,-49.81,-212.43,417.66,-260.64,-143.63,68.93,-346.74,-443.78,73.9,69.82,-582.56
2025-08-08T18:54:10.563614,477.0,-57.0,-333.0,401.0,-198.0,-96.0,58.0,-344.0,-407.0,17.0,91.0,-580.0,469.3,-83.81,-321.43,388.66,-227.64,-96.63,56.93,-363.74,-395.78,26.9,68.82,-563.56
2025-08-08T18:54:10.568474,448.0,-38.0,-217.0,308.0,-197.0,-203.0,47.0,-300.0,-401.0,27.0,40.0,-548.0,440.3,-64.81,-205.43,295.66,-226.64,-203.63,45.93,-319.74,-389.78,36.9,17.82,-531.56
2025-08-08T18:54:10.572593,442.0,4.0,-246.0,388.0,-187.0,-190.0,15.0,-314.0,-420.0,30.0,42.0,-576.0,434.3,-22.81,-234.43,375.66,-216.64,-190.63,13.93,-333.74,-408.78,39.9,19.82,-559.56
2025-08-08T18:54:10.580744,455.0,-3.0,-286.0,413.0,-127.0,-139.0,80.0,-330.0,-419.0,-85.0,68.0,-594.0,447.3,-29.81,-274.43,400.66,-156.64,-139.63,78.93,-349.74,-407.78,-75.1,45.82,-577.56
2025-08-08T18:54:10.585418,517.0,12.0,-315.0,430.0,-164.0,-175.0,100.0,-324.0,-408.0,26.0,96.0,-591.0,509.3,-14.809999999999999,-303.43,417.66,-193.64,-175.63,98.93,-343.74,-396.78,35.9,73.82,-574.56
2025-08-08T18:54:10.592886,460.0,-5.0,-289.0,390.0,-189.0,-156.0,25.0,-321.0,-447.0,48.0,23.0,-573.0,452.3,-31.81,-277.43,377.66,-218.64,-156.63,23.93,-340.74,-435.78,57.9,0.8200000000000003,-556.56
2025-08-08T18:54:10.601037,463.0,26.0,-286.0,377.0,-175.0,-176.0,66.0,-281.0,-449.0,-71.0,56.0,-529.0,455.3,-0.8099999999999987,-274.43,364.66,-204.64,-176.63,64.93,-300.74,-437.78,-61.1,33.82,-512.56
2025-08-08T18:54:10.605397,464.0,-29.0,-301.0,406.0,-162.0,-161.0,56.0,-367.0,-387.0,29.0,134.0,-529.0,456.3,-55.81,-289.43,393.66,-191.64,-161.63,54.93,-386.74,-375.78,38.9,111.82,-512.56
2025-08-08T18:54:10.613400,432.0,-43.0,-274.0,432.0,-165.0,-144.0,0.0,-310.0,-434.0,9.0,63.0,-621.0,424.3,-69.81,-262.43,419.66,-194.64,-144.63,-1.07,-329.74,-422.78,18.9,40.82,-604.56
2025-08-08T18:54:10.617744,389.0,-55.0,-336.0,446.0,-218.0,-147.0,76.0,-357.0,-391.0,-36.0,138.0,-573.0,381.3,-81.81,-324.43,433.66,-247.64,-147.63,74.93,-376.74,-379.78,-26.1,115.82,-556.56
2025-08-08T18:54:10.625703,464.0,-17.0,-272.0,417.0,-177.0,-176.0,109.0,-367.0,-400.0,24.0,79.0,-595.0,456.3,-43.81,-260.43,404.66,-206.64,-176.63,107.93,-386.74,-388.78,33.9,56.82,-578.56
2025-08-08T18:54:10.633686,501.0,24.0,-276.0,372.0,-236.0,-113.0,60.0,-333.0,-454.0,45.0,158.0,-576.0,493.3,-2.8099999999999987,-264.43,359.66,-265.64,-113.63,58.93,-352.74,-442.78,54.9,135.82,-559.56
2025-08-08T18:54:10.638178,473.0,-5.0,-294.0,459.0,-220.0,-165.0,96.0,-309.0,-445.0,41.0,85.0,-574.0,465.3,-31.81,-282.43,446.66,-249.64,-165.63,94.93,-328.74,-433.78,50.9,62.82,-557.56
2025-08-08T18:54:10.646200,559.0,-44.0,-270.0,416.0,-193.0,-196.0,73.0,-289.0,-342.0,29.0,140.0,-480.0,551.3,-70.81,-258.43,403.66,-222.64,-196.63,71.93,-308.74,-330.78,38.9,117.82,-463.56
2025-08-08T18:54:10.650489,433.0,-62.0,-271.0,411.0,-268.0,-147.0,49.0,-319.0,-384.0,47.0,100.0,-569.0,425.3,-88.81,-259.43,398.66,-297.64,-147.63,47.93,-338.74,-372.78,56.9,77.82,-552.56
2025-08-08T18:54:10.658542,499.0,32.0,-335.0,446.0,-242.0,-151.0,109.0,-295.0,-442.0,-51.0,81.0,-568.0,491.3,5.190000000000001,-323.43,433.66,-271.64,-151.63,107.93,-314.74,-430.78,-41.1,58.82,-551.56
2025-08-08T18:54:10.666746,497.0,-45.0,-292.0,404.0,-231.0,-136.0,23.0,-347.0,-400.0,47.0,58.0,-598.0,489.3,-71.81,-280.43,391.66,-260.64,-136.63,21.93,-366.74,-388.78,56.9,35.82,-581.56
2025-08-08T18:54:10.672565,458.0,-80.0,-253.0,402.0,-229.0,-199.0,112.0,-292.0,-447.0,-36.0,90.0,-571.0,450.3,-106.81,-241.43,389.66,-258.64,-199.63,110.93,-311.74,-435.78,-26.1,67.82,-554.56
2025-08-08T18:54:10.679315,450.0,-6.0,-306.0,356.0,-166.0,-212.0,13.0,-291.0,-392.0,20.0,113.0,-535.0,442.3,-32.81,-294.43,343.66,-195.64,-212.63,11.93,-310.74,-380.78,29.9,90.82,-518.56
2025-08-08T18:54:10.683532,524.0,3.0,-279.0,412.0,-183.0,-160.0,25.0,-314.0,-391.0,6.0,82.0,-600.0,516.3,-23.81,-267.43,399.66,-212.64,-160.63,23.93,-333.74,-379.78,15.9,59.82,-583.56
2025-08-08T18:54:10.691516,473.0,35.0,-201.0,361.0,-203.0,-187.0,35.0,-378.0,-413.0,3.0,114.0,-536.0,465.3,8.190000000000001,-189.43,348.66,-232.64,-187.63,33.93,-397.74,-401.78,12.9,91.82,-519.56
2025-08-08T18:54:10.699348,458.0,0.0,-272.0,441.0,-151.0,-108.0,128.0,-289.0,-399.0,-41.0,58.0,-564.0,450.3,-26.81,-260.43,428.66,-180.64,-108.63,126.93,-308.74,-387.78,-31.1,35.82,-547.56
2025-08-08T18:54:10.703699,490.0,-56.0,-305.0,436.0,-168.0,-141.0,57.0,-315.0,-401.0,23.0,99.0,-545.0,482.3,-82.81,-293.43,423.66,-197.64,-141.63,55.93,-334.74,-389.78,32.9,76.82,-528.56
2025-08-08T18:54:10.711745,529.0,-23.0,-319.0,461.0,-140.0,-178.0,27.0,-324.0,-485.0,-12.0,92.0,-596.0,521.3,-49.81,-307.43,448.66,-169.64,-178.63,25.93,-343.74,-473.78,-2.0999999999999996,69.82,-579.56
2025-08-08T18:54:10.716265,416.0,-1.0,-264.0,417.0,-176.0,-220.0,71.0,-291.0,-475.0,-37.0,128.0,-593.0,408.3,-27.81,-252.43,404.66,-205.64,-220.63,69.93,-310.74,-463.78,-27.1,105.82,-576.56
2025-08-08T18:54:10.724233,473.0,50.0,-266.0,468.0,-184.0,-164.0,55.0,-343.0,-409.0,-1.0,67.0,-625.0,465.3,23.19,-254.43,455.66,-213.64,-164.63,53.93,-362.74,-397.78,8.9,44.82,-608.56
2025-08-08T18:54:10.732106,463.0,8.0,-286.0,438.0,-209.0,-193.0,64.0,-303.0,-433.0,13.0,79.0,-538.0,455.3,-18.81,-274.43,425.66,-238.64,-193.63,62.93,-322.74,-421.78,22.9,56.82,-521.56
2025-08-08T18:54:10.736512,536.0,22.0,-321.0,377.0,-166.0,-126.0,99.0,-350.0,-411.0,-53.0,108.0,-574.0,528.3,-4.809999999999999,-309.43,364.66,-195.64,-126.63,97.93,-369.74,-399.78,-43.1,85.82,-557.56
2025-08-08T18:54:10.745100,465.0,-14.0,-291.0,447.0,-168.0,-165.0,106.0,-357.0,-419.0,29.0,114.0,-567.0,457.3,-40.81,-279.43,434.66,-197.64,-165.63,104.93,-376.74,-407.78,38.9,91.82,-550.56
2025-08-08T18:54:10.749087,540.0,-14.0,-243.0,440.0,-135.0,-243.0,-6.0,-334.0,-387.0,0.0,78.0,-582.0,532.3,-40.81,-231.43,427.66,-164.64,-243.63,-7.07,-353.74,-375.78,9.9,55.82,-565.56
2025-08-08T18:54:10.756911,427.0,4.0,-242.0,351.0,-216.0,-155.0,22.0,-296.0,-406.0,-50.0,108.0,-551.0,419.3,-22.81,-230.43,338.66,-245.64,-155.63,20.93,-315.74,-394.78,-40.1,85.82,-534.56
2025-08-08T18:54:10.764778,475.0,-5.0,-312.0,386.0,-210.0,-142.0,96.0,-265.0,-391.0,-4.0,45.0,-556.0,467.3,-31.81,-300.43,373.66,-239.64,-142.63,94.93,-284.74,-379.78,5.9,22.82,-539.56
2025-08-08T18:54:10.769449,542.0,67.0,-244.0,475.0,-228.0,-126.0,78.0,-319.0,-453.0,-127.0,6.0,-530.0,534.3,40.19,-232.43,462.66,-257.64,-126.63,76.93,-338.74,-441.78,-117.1,-16.18,-513.56
2025-08-08T18:54:10.777105,492.0,13.0,-260.0,450.0,-219.0,-109.0,97.0,-346.0,-379.0,0.0,75.0,-493.0,484.3,-13.809999999999999,-248.43,437.66,-248.64,-109.63,95.93,-365.74,-367.78,9.9,52.82,-476.56
2025-08-08T18:54:10.781526,438.0,-16.0,-243.0,357.0,-215.0,-118.0,50.0,-347.0,-342.0,12.0,116.0,-586.0,430.3,-42.81,-231.43,344.66,-244.64,-118.63,48.93,-366.74,-330.78,21.9,93.82,-569.56
2025-08-08T18:54:10.789475,535.0,-38.0,-251.0,321.0,-205.0,-126.0,54.0,-351.0,-412.0,3.0,109.0,-556.0,527.3,-64.81,-239.43,308.66,-234.64,-126.63,52.93,-370.74,-400.78,12.9,86.82,-539.56
2025-08-08T18:54:10.793874,461.0,36.0,-303.0,415.0,-200.0,-183.0,76.0,-363.0,-400.0,28.0,122.0,-554.0,453.3,9.190000000000001,-291.43,402.66,-229.64,-183.63,74.93,-382.74,-388.78,37.9,99.82,-537.56
2025-08-08T18:54:10.801825,431.0,0.0,-292.0,427.0,-234.0,-145.0,58.0,-329.0,-310.0,35.0,42.0,-584.0,423.3,-26.81,-280.43,414.66,-263.64,-145.63,56.93,-348.74,-298.78,44.9,19.82,-567.56
2025-08-08T18:54:10.810120,523.0,-51.0,-258.0,356.0,-179.0,-170.0,58.0,-274.0,-403.0,45.0,25.0,-504.0,515.3,-77.81,-246.43,343.66,-208.64,-170.63,56.93,-293.74,-391.78,54.9,2.8200000000000003,-487.56
2025-08-08T18:54:10.814457,430.0,-16.0,-242.0,368.0,-129.0,-141.0,100.0,-280.0,-419.0,28.0,88.0,-505.0,422.3,-42.81,-230.43,355.66,-158.64,-141.63,98.93,-299.74,-407.78,37.9,65.82,-488.56
2025-08-08T18:54:10.822400,401.0,-46.0,-292.0,296.0,-142.0,-131.0,8.0,-250.0,-369.0,-10.0,76.0,-544.0,393.3,-72.81,-280.43,283.66,-171.64,-131.63,6.93,-269.74,-357.78,-0.09999999999999964,53.82,-527.56
2025-08-08T18:54:10.826749,395.0,-32.0,-224.0,338.0,-114.0,-108.0,69.0,-254.0,-360.0,5.0,34.0,-472.0,387.3,-58.81,-212.43,325.66,-143.64,-108.63,67.93,-273.74,-348.78,14.9,11.82,-455.56
2025-08-08T18:54:10.834871,403.0,5.0,-255.0,285.0,-84.0,-96.0,36.0,-246.0,-298.0,-37.0,77.0,-440.0,395.3,-21.81,-243.43,272.66,-113.64,-96.63,34.93,-265.74,-286.78,-27.1,54.82,-423.56
2025-08-08T18:54:10.842639,277.0,36.0,-231.0,326.0,-96.0,-140.0,74.0,-224.0,-270.0,-53.0,128.0,-452.0,269.3,9.190000000000001,-219.43,313.66,-125.64,-140.63,72.93,-243.74,-258.78,-43.1,105.82,-435.56
2025-08-08T18:54:10.847291,322.0,65.0,-191.0,236.0,-140.0,-139.0,-19.0,-198.0,-307.0,35.0,80.0,-336.0,314.3,38.19,-179.43,223.66,-169.64,-139.63,-20.07,-217.74,-295.78,44.9,57.82,-319.56
2025-08-08T18:54:10.855213,270.0,-1.0,-167.0,215.0,-85.0,-103.0,43.0,-128.0,-276.0,-26.0,33.0,-332.0,262.3,-27.81,-155.43,202.66,-114.64,-103.63,41.93,-147.74,-264.78,-16.1,10.82,-315.56
2025-08-08T18:54:10.859570,259.0,47.0,-126.0,159.0,-88.0,-60.0,87.0,-110.0,-214.0,-19.0,99.0,-259.0,251.3,20.19,-114.43,146.66,-117.64,-60.63,85.93,-129.74,-202.78,-9.1,76.82,-242.56
2025-08-08T18:54:10.867430,228.0,-4.0,-211.0,164.0,-103.0,-80.0,4.0,-116.0,-141.0,29.0,35.0,-359.0,220.3,-30.81,-199.43,151.66,-132.64,-80.63,2.9299999999999997,-135.74,-129.78,38.9,12.82,-342.56
2025-08-08T18:54:10.871754,239.0,-74.0,-174.0,191.0,-57.0,-96.0,67.0,-84.0,-263.0,56.0,30.0,-246.0,231.3,-100.81,-162.43,178.66,-86.64,-96.63,65.93,-103.74,-251.78,65.9,7.82,-229.56
2025-08-08T18:54:10.879831,226.0,-60.0,-142.0,164.0,-77.0,-89.0,67.0,-126.0,-253.0,-27.0,96.0,-367.0,218.3,-86.81,-130.43,151.66,-106.64,-89.63,65.93,-145.74,-241.78,-17.1,73.82,-350.56
2025-08-08T18:54:10.887878,109.0,31.0,-170.0,162.0,-86.0,-123.0,33.0,-148.0,-173.0,15.0,77.0,-277.0,101.3,4.190000000000001,-158.43,149.66,-115.64,-123.63,31.93,-167.74,-161.78,24.9,54.82,-260.56
2025-08-08T18:54:10.892303,177.0,-19.0,-177.0,111.0,-2.0,-92.0,-29.0,-32.0,-185.0,-30.0,75.0,-247.0,169.3,-45.81,-165.43,98.66,-31.64,-92.63,-30.07,-51.739999999999995,-173.78,-20.1,52.82,-230.56
2025-08-08T18:54:10.900576,162.0,37.0,-155.0,152.0,-69.0,-75.0,-31.0,-60.0,-227.0,6.0,30.0,-222.0,154.3,10.190000000000001,-143.43,139.66,-98.64,-75.63,-32.07,-79.74,-215.78,15.9,7.82,-205.56
2025-08-08T18:54:10.904322,179.0,54.0,-185.0,112.0,-42.0,-76.0,-14.0,-48.0,-196.0,-36.0,21.0,-204.0,171.3,27.19,-173.43,99.66,-71.64,-76.63,-15.07,-67.74,-184.78,-26.1,-1.1799999999999997,-187.56
2025-08-08T18:54:10.912484,168.0,12.0,-132.0,64.0,-33.0,-69.0,40.0,-62.0,-156.0,-16.0,95.0,-208.0,160.3,-14.809999999999999,-120.43,51.66,-62.64,-69.63,38.93,-81.74,-144.78,-6.1,72.82,-191.56
2025-08-08T18:54:10.916693,104.0,-44.0,-125.0,77.0,-74.0,-150.0,-33.0,-43.0,-178.0,-55.0,80.0,-267.0,96.3,-70.81,-113.43,64.66,-103.64,-150.63,-34.07,-62.739999999999995,-166.78,-45.1,57.82,-250.56
2025-08-08T18:54:10.925035,98.0,48.0,-118.0,159.0,-25.0,-95.0,41.0,-77.0,-154.0,-79.0,31.0,-169.0,90.3,21.19,-106.43,146.66,-54.64,-95.63,39.93,-96.74,-142.78,-69.1,8.82,-152.56
2025-08-08T18:54:10.929036,145.0,28.0,-170.0,82.0,-41.0,-125.0,21.0,-35.0,-124.0,-40.0,95.0,-168.0,137.3,1.1900000000000013,-158.43,69.66,-70.64,-125.63,19.93,-54.739999999999995,-112.78,-30.1,72.82,-151.56
2025-08-08T18:54:10.937195,111.0,-62.0,-96.0,107.0,-76.0,-32.0,-4.0,-7.0,-156.0,5.0,115.0,-161.0,103.3,-88.81,-84.43,94.66,-105.64,-32.63,-5.07,-26.74,-144.78,14.9,92.82,-144.56
2025-08-08T18:54:10.941220,37.0,8.0,-99.0,38.0,-60.0,-88.0,-4.0,-7.0,-112.0,-74.0,80.0,-129.0,29.3,-18.81,-87.43,25.66,-89.64,-88.63,-5.07,-26.74,-100.78,-64.1,57.82,-112.56
2025-08-08T18:54:10.950537,8.0,8.0,-109.0,77.0,-19.0,-130.0,-25.0,-41.0,-153.0,-33.0,47.0,-98.0,0.2999999999999998,-18.81,-97.43,64.66,-48.64,-130.63,-26.07,-60.739999999999995,-141.78,-23.1,24.82,-81.56
2025-08-08T18:54:10.953830,-29.0,63.0,-111.0,35.0,7.0,-70.0,89.0,-25.0,-165.0,-11.0,65.0,-155.0,-36.7,36.19,-99.43,22.66,-22.64,-70.63,87.93,-44.739999999999995,-153.78,-1.0999999999999996,42.82,-138.56
2025-08-08T18:54:10.963078,58.0,75.0,-167.0,134.0,2.0,-85.0,-12.0,-83.0,-133.0,-128.0,46.0,-111.0,50.3,48.19,-155.43,121.66,-27.64,-85.63,-13.07,-102.74,-121.78,-118.1,23.82,-94.56
2025-08-08T18:54:10.969522,54.0,84.0,-90.0,78.0,34.0,-97.0,-73.0,-70.0,-149.0,-65.0,110.0,-71.0,46.3,57.19,-78.43,65.66,4.359999999999999,-97.63,-74.07,-89.74,-137.78,-55.1,87.82,-54.56
2025-08-08T18:54:10.974337,109.0,-9.0,-153.0,41.0,32.0,-160.0,-106.0,61.0,-116.0,-61.0,78.0,-192.0,101.3,-35.81,-141.43,28.66,2.3599999999999994,-160.63,-107.07,41.260000000000005,-104.78,-51.1,55.82,-175.56
2025-08-08T18:54:10.981972,23.0,61.0,-151.0,81.0,22.0,-90.0,-7.0,4.0,-124.0,-25.0,78.0,-195.0,15.3,34.19,-139.43,68.66,-7.640000000000001,-90.63,-8.07,-15.739999999999998,-112.78,-15.1,55.82,-178.56
2025-08-08T18:54:10.986597,27.0,-31.0,-142.0,53.0,21.0,-105.0,5.0,-7.0,-134.0,-18.0,63.0,-208.0,19.3,-57.81,-130.43,40.66,-8.64,-105.63,3.9299999999999997,-26.74,-122.78,-8.1,40.82,-191.56
2025-08-08T18:54:10.994157,28.0,44.0,-156.0,58.0,-53.0,-110.0,-26.0,-44.0,-131.0,13.0,2.0,-169.0,20.3,17.19,-144.43,45.66,-82.64,-110.63,-27.07,-63.739999999999995,-119.78,22.9,-20.18,-152.56
2025-08-08T18:54:10.998528,66.0,36.0,-97.0,26.0,59.0,-72.0,-34.0,-80.0,-139.0,-133.0,95.0,-95.0,58.3,9.190000000000001,-85.43,13.66,29.36,-72.63,-35.07,-99.74,-127.78,-123.1,72.82,-78.56
2025-08-08T18:54:11.006531,83.0,61.0,-170.0,61.0,80.0,-155.0,4.0,-19.0,-129.0,-34.0,24.0,-134.0,75.3,34.19,-158.43,48.66,50.36,-155.63,2.9299999999999997,-38.739999999999995,-117.78,-24.1,1.8200000000000003,-117.56
2025-08-08T18:54:11.011002,49.0,9.0,-132.0,116.0,-41.0,-162.0,-16.0,-1.0,-113.0,-25.0,57.0,-138.0,41.3,-17.81,-120.43,103.66,-70.64,-162.63,-17.07,-20.74,-101.78,-15.1,34.82,-121.56
2025-08-08T18:54:11.018895,66.0,53.0,-90.0,73.0,-8.0,-74.0,-53.0,-11.0,-176.0,-22.0,46.0,-117.0,58.3,26.19,-78.43,60.66,-37.64,-74.63,-54.07,-30.74,-164.78,-12.1,23.82,-100.56
2025-08-08T18:54:11.023418,25.0,-22.0,-162.0,2.0,18.0,-107.0,1.0,-35.0,-187.0,-55.0,-56.0,-64.0,17.3,-48.81,-150.43,-10.34,-11.64,-107.63,-0.07000000000000006,-54.739999999999995,-175.78,-45.1,-78.18,-47.56
2025-08-08T18:54:11.031316,43.0,11.0,-66.0,67.0,-3.0,-138.0,-8.0,-69.0,-172.0,-108.0,36.0,-123.0,35.3,-15.809999999999999,-54.43,54.66,-32.64,-138.63,-9.07,-88.74,-160.78,-98.1,13.82,-106.56
2025-08-08T18:54:11.035865,-8.0,3.0,-182.0,76.0,1.0,-60.0,-51.0,42.0,-130.0,-97.0,123.0,-104.0,-15.7,-23.81,-170.43,63.66,-28.64,-60.63,-52.07,22.26,-118.78,-87.1,100.82,-87.56
2025-08-08T18:54:11.043661,130.0,20.0,-179.0,14.0,-14.0,-94.0,-18.0,16.0,-132.0,-29.0,93.0,-189.0,122.3,-6.809999999999999,-167.43,1.6600000000000001,-43.64,-94.63,-19.07,-3.7399999999999984,-120.78,-19.1,70.82,-172.56
2025-08-08T18:54:11.048188,41.0,-9.0,-128.0,49.0,-30.0,-141.0,-77.0,-15.0,-113.0,-28.0,13.0,-119.0,33.3,-35.81,-116.43,36.66,-59.64,-141.63,-78.07,-34.739999999999995,-101.78,-18.1,-9.18,-102.56
2025-08-08T18:54:11.056060,106.0,67.0,-145.0,83.0,-11.0,-86.0,-101.0,-7.0,-151.0,-51.0,62.0,-160.0,98.3,40.19,-133.43,70.66,-40.64,-86.63,-102.07,-26.74,-139.78,-41.1,39.82,-143.56
2025-08-08T18:54:11.060311,29.0,-14.0,-89.0,38.0,-34.0,-98.0,-13.0,-37.0,-129.0,-69.0,6.0,-112.0,21.3,-40.81,-77.43,25.66,-63.64,-98.63,-14.07,-56.739999999999995,-117.78,-59.1,-16.18,-95.56
2025-08-08T18:54:11.068542,24.0,97.0,-202.0,-9.0,-71.0,-38.0,-34.0,-12.0,-155.0,-94.0,-26.0,-111.0,16.3,70.19,-190.43,-21.34,-100.64,-38.63,-35.07,-31.74,-143.78,-84.1,-48.18,-94.56
2025-08-08T18:54:11.076294,-5.0,73.0,-147.0,95.0,-22.0,-178.0,50.0,-58.0,-113.0,-114.0,43.0,-76.0,-12.7,46.19,-135.43,82.66,-51.64,-178.63,48.93,-77.74,-101.78,-104.1,20.82,-59.56
2025-08-08T18:54:11.080690,5.0,42.0,-158.0,100.0,-14.0,-130.0,-7.0,31.0,-104.0,-63.0,40.0,-132.0,-2.7,15.190000000000001,-146.43,87.66,-43.64,-130.63,-8.07,11.260000000000002,-92.78,-53.1,17.82,-115.56
2025-08-08T18:54:11.088621,30.0,15.0,-168.0,2.0,10.0,-88.0,-43.0,62.0,-158.0,-52.0,114.0,-149.0,22.3,-11.809999999999999,-156.43,-10.34,-19.64,-88.63,-44.07,42.260000000000005,-146.78,-42.1,91.82,-132.56
2025-08-08T18:54:11.093148,96.0,60.0,-145.0,51.0,-18.0,-140.0,-40.0,44.0,-175.0,-15.0,48.0,-162.0,88.3,33.19,-133.43,38.66,-47.64,-140.63,-41.07,24.26,-163.78,-5.1,25.82,-145.56
2025-08-08T18:54:11.100918,39.0,-30.0,-85.0,-3.0,3.0,-144.0,-5.0,-48.0,-166.0,-52.0,58.0,-106.0,31.3,-56.81,-73.43,-15.34,-26.64,-144.63,-6.07,-67.74,-154.78,-42.1,35.82,-89.56
2025-08-08T18:54:11.105465,79.0,65.0,-74.0,47.0,31.0,-76.0,-57.0,-48.0,-130.0,-27.0,-5.0,-173.0,71.3,38.19,-62.43,34.66,1.3599999999999994,-76.63,-58.07,-67.74,-118.78,-17.1,-27.18,-156.56
2025-08-08T18:54:11.113099,93.0,39.0,-172.0,65.0,28.0,-112.0,3.0,-17.0,-182.0,-54.0,74.0,-150.0,85.3,12.190000000000001,-160.43,52.66,-1.6400000000000006,-112.63,1.93,-36.739999999999995,-170.78,-44.1,51.82,-133.56
2025-08-08T18:54:11.120837,28.0,23.0,-128.0,37.0,20.0,-115.0,-68.0,40.0,-125.0,-15.0,90.0,-103.0,20.3,-3.8099999999999987,-116.43,24.66,-9.64,-115.63,-69.07,20.26,-113.78,-5.1,67.82,-86.56
2025-08-08T18:54:11.128061,93.0,17.0,-153.0,29.0,-36.0,-123.0,-28.0,16.0,-105.0,-42.0,30.0,-182.0,85.3,-9.809999999999999,-141.43,16.66,-65.64,-123.63,-29.07,-3.7399999999999984,-93.78,-32.1,7.82,-165.56
2025-08-08T18:54:11.134993,54.0,-62.0,-113.0,24.0,-19.0,-121.0,-56.0,-23.0,-117.0,12.0,-27.0,-174.0,46.3,-88.81,-101.43,11.66,-48.64,-121.63,-57.07,-42.739999999999995,-105.78,21.9,-49.18,-157.56
2025-08-08T18:54:11.140007,-48.0,71.0,-93.0,81.0,-25.0,-150.0,-7.0,10.0,-168.0,-42.0,18.0,-152.0,-55.7,44.19,-81.43,68.66,-54.64,-150.63,-8.07,-9.739999999999998,-156.78,-32.1,-4.18,-135.56
2025-08-08T18:54:11.142846,-24.0,63.0,-107.0,31.0,58.0,-101.0,4.0,40.0,-96.0,-74.0,35.0,-170.0,-31.7,36.19,-95.43,18.66,28.36,-101.63,2.9299999999999997,20.26,-84.78,-64.1,12.82,-153.56
2025-08-08T18:54:11.150399,43.0,86.0,-191.0,8.0,-7.0,-92.0,-66.0,6.0,-118.0,-86.0,121.0,-151.0,35.3,59.19,-179.43,-4.34,-36.64,-92.63,-67.07,-13.739999999999998,-106.78,-76.1,98.82,-134.56
2025-08-08T18:54:11.154234,-15.0,77.0,-117.0,68.0,-30.0,-136.0,14.0,-20.0,-126.0,-45.0,4.0,-126.0,-22.7,50.19,-105.43,55.66,-59.64,-136.63,12.93,-39.739999999999995,-114.78,-35.1,-18.18,-109.56
2025-08-08T18:54:11.162284,40.0,27.0,-218.0,41.0,9.0,-103.0,-77.0,-11.0,-107.0,-84.0,114.0,-166.0,32.3,0.19000000000000128,-206.43,28.66,-20.64,-103.63,-78.07,-30.74,-95.78,-74.1,91.82,-149.56
2025-08-08T18:54:11.170124,79.0,56.0,-182.0,22.0,-9.0,-140.0,-42.0,-25.0,-147.0,-39.0,26.0,-153.0,71.3,29.19,-170.43,9.66,-38.64,-140.63,-43.07,-44.739999999999995,-135.78,-29.1,3.8200000000000003,-136.56
2025-08-08T18:54:11.174610,33.0,44.0,-123.0,41.0,95.0,-132.0,1.0,-42.0,-95.0,-49.0,71.0,-104.0,25.3,17.19,-111.43,28.66,65.36,-132.63,-0.07000000000000006,-61.739999999999995,-83.78,-39.1,48.82,-87.56
2025-08-08T18:54:11.182473,34.0,40.0,-166.0,70.0,39.0,-112.0,-38.0,0.0,-54.0,-114.0,112.0,-164.0,26.3,13.190000000000001,-154.43,57.66,9.36,-112.63,-39.07,-19.74,-42.78,-104.1,89.82,-147.56
2025-08-08T18:54:11.186951,-1.0,32.0,-161.0,102.0,23.0,-151.0,-56.0,2.0,-125.0,-92.0,64.0,-90.0,-8.7,5.190000000000001,-149.43,89.66,-6.640000000000001,-151.63,-57.07,-17.74,-113.78,-82.1,41.82,-73.56
2025-08-08T18:54:11.195032,42.0,77.0,-178.0,-13.0,-52.0,-84.0,-117.0,15.0,-104.0,-13.0,90.0,-131.0,34.3,50.19,-166.43,-25.34,-81.64,-84.63,-118.07,-4.739999999999998,-92.78,-3.0999999999999996,67.82,-114.56
2025-08-08T18:54:11.199116,60.0,29.0,-200.0,46.0,-12.0,-144.0,-2.0,1.0,-91.0,-18.0,54.0,-93.0,52.3,2.1900000000000013,-188.43,33.66,-41.64,-144.63,-3.0700000000000003,-18.74,-79.78,-8.1,31.82,-76.56
2025-08-08T18:54:11.207205,32.0,55.0,-94.0,5.0,-13.0,-63.0,-57.0,37.0,-109.0,-57.0,88.0,-134.0,24.3,28.19,-82.43,-7.34,-42.64,-63.63,-58.07,17.26,-97.78,-47.1,65.82,-117.56
2025-08-08T18:54:11.211385,61.0,83.0,-123.0,39.0,59.0,-151.0,-19.0,-20.0,-89.0,-57.0,29.0,-128.0,53.3,56.19,-111.43,26.66,29.36,-151.63,-20.07,-39.739999999999995,-77.78,-47.1,6.82,-111.56
2025-08-08T18:54:11.219585,-10.0,38.0,-102.0,5.0,-1.0,-54.0,20.0,-51.0,-190.0,-113.0,44.0,-143.0,-17.7,11.190000000000001,-90.43,-7.34,-30.64,-54.63,18.93,-70.74,-178.78,-103.1,21.82,-126.56
2025-08-08T18:54:11.223782,73.0,40.0,-176.0,82.0,-60.0,-126.0,67.0,-18.0,-146.0,-138.0,95.0,-129.0,65.3,13.190000000000001,-164.43,69.66,-89.64,-126.63,65.93,-37.739999999999995,-134.78,-128.1,72.82,-112.56
2025-08-08T18:54:11.231871,79.0,-35.0,-119.0,95.0,58.0,-97.0,-54.0,-3.0,-98.0,-68.0,20.0,-155.0,71.3,-61.81,-107.43,82.66,28.36,-97.63,-55.07,-22.74,-86.78,-58.1,-2.1799999999999997,-138.56
2025-08-08T18:54:11.236290,49.0,36.0,-105.0,67.0,12.0,-145.0,4.0,13.0,-127.0,-14.0,58.0,-161.0,41.3,9.190000000000001,-93.43,54.66,-17.64,-145.63,2.9299999999999997,-6.739999999999998,-115.78,-4.1,35.82,-144.56
2025-08-08T18:54:11.244277,67.0,48.0,-81.0,111.0,4.0,-133.0,5.0,-26.0,-167.0,7.0,69.0,-108.0,59.3,21.19,-69.43,98.66,-25.64,-133.63,3.9299999999999997,-45.739999999999995,-155.78,16.9,46.82,-91.56
2025-08-08T18:54:11.248800,62.0,116.0,-119.0,38.0,27.0,-119.0,-24.0,-15.0,-157.0,-2.0,12.0,-129.0,54.3,89.19,-107.43,25.66,-2.6400000000000006,-119.63,-25.07,-34.739999999999995,-145.78,7.9,-10.18,-112.56
2025-08-08T18:54:11.256686,82.0,80.0,-170.0,19.0,-14.0,-85.0,-40.0,-83.0,-112.0,-57.0,45.0,-107.0,74.3,53.19,-158.43,6.66,-43.64,-85.63,-41.07,-102.74,-100.78,-47.1,22.82,-90.56
2025-08-08T18:54:11.261477,77.0,151.0,-132.0,34.0,-2.0,-118.0,-69.0,31.0,-99.0,-28.0,121.0,-70.0,69.3,124.19,-120.43,21.66,-31.64,-118.63,-70.07,11.260000000000002,-87.78,-18.1,98.82,-53.56
2025-08-08T18:54:11.269221,24.0,93.0,-118.0,76.0,-24.0,-172.0,-38.0,41.0,-157.0,-90.0,95.0,-179.0,16.3,66.19,-106.43,63.66,-53.64,-172.63,-39.07,21.26,-145.78,-80.1,72.82,-162.56
2025-08-08T18:54:11.273443,6.0,55.0,-130.0,58.0,-40.0,-168.0,58.0,16.0,-130.0,-90.0,84.0,-71.0,-1.7000000000000002,28.19,-118.43,45.66,-69.64,-168.63,56.93,-3.7399999999999984,-118.78,-80.1,61.82,-54.56
2025-08-08T18:54:11.281198,55.0,94.0,-68.0,87.0,32.0,-138.0,-8.0,8.0,-117.0,-47.0,75.0,-151.0,47.3,67.19,-56.43,74.66,2.3599999999999994,-138.63,-9.07,-11.739999999999998,-105.78,-37.1,52.82,-134.56
2025-08-08T18:54:11.285650,84.0,57.0,-128.0,9.0,55.0,-92.0,-71.0,-60.0,-74.0,29.0,36.0,-91.0,76.3,30.19,-116.43,-3.34,25.36,-92.63,-72.07,-79.74,-62.78,38.9,13.82,-74.56
2025-08-08T18:54:11.293791,48.0,76.0,-199.0,84.0,1.0,-66.0,4.0,79.0,-110.0,-165.0,-25.0,-123.0,40.3,49.19,-187.43,71.66,-28.64,-66.63,2.9299999999999997,59.260000000000005,-98.78,-155.1,-47.18,-106.56
2025-08-08T18:54:11.301401,85.0,31.0,-221.0,20.0,51.0,-107.0,-55.0,78.0,-126.0,-69.0,35.0,-124.0,77.3,4.190000000000001,-209.43,7.66,21.36,-107.63,-56.07,58.260000000000005,-114.78,-59.1,12.82,-107.56
2025-08-08T18:54:11.305823,29.0,31.0,-157.0,52.0,3.0,-130.0,-73.0,-48.0,-80.0,-141.0,77.0,-163.0,21.3,4.190000000000001,-145.43,39.66,-26.64,-130.63,-74.07,-67.74,-68.78,-131.1,54.82,-146.56
2025-08-08T18:54:11.313805,0.0,33.0,-105.0,62.0,39.0,-108.0,-61.0,-53.0,-75.0,-3.0,64.0,-126.0,-7.7,6.190000000000001,-93.43,49.66,9.36,-108.63,-62.07,-72.74,-63.78,6.9,41.82,-109.56
2025-08-08T18:54:11.318216,28.0,53.0,-107.0,37.0,-12.0,-147.0,-22.0,23.0,-74.0,12.0,48.0,-132.0,20.3,26.19,-95.43,24.66,-41.64,-147.63,-23.07,3.2600000000000016,-62.78,21.9,25.82,-115.56
2025-08-08T18:54:11.326449,72.0,111.0,-145.0,50.0,-27.0,-156.0,-92.0,-60.0,-98.0,-65.0,27.0,-146.0,64.3,84.19,-133.43,37.66,-56.64,-156.63,-93.07,-79.74,-86.78,-55.1,4.82,-129.56
2025-08-08T18:54:11.330500,-11.0,148.0,-143.0,78.0,-33.0,-97.0,-45.0,-9.0,-146.0,-17.0,41.0,-135.0,-18.7,121.19,-131.43,65.66,-62.64,-97.63,-46.07,-28.74,-134.78,-7.1,18.82,-118.56
2025-08-08T18:54:11.338887,51.0,110.0,-163.0,2.0,43.0,-133.0,-59.0,-24.0,-146.0,-54.0,33.0,-144.0,43.3,83.19,-151.43,-10.34,13.36,-133.63,-60.07,-43.739999999999995,-134.78,-44.1,10.82,-127.56
2025-08-08T18:54:11.344567,107.0,20.0,-141.0,9.0,66.0,-89.0,-44.0,45.0,-118.0,-107.0,78.0,-104.0,99.3,-6.809999999999999,-129.43,-3.34,36.36,-89.63,-45.07,25.26,-106.78,-97.1,55.82,-87.56
2025-08-08T18:54:11.351542,69.0,86.0,-111.0,-13.0,-60.0,-74.0,-17.0,-10.0,-87.0,8.0,45.0,-181.0,61.3,59.19,-99.43,-25.34,-89.64,-74.63,-18.07,-29.74,-75.78,17.9,22.82,-164.56
2025-08-08T18:54:11.355263,36.0,65.0,-99.0,26.0,-4.0,-163.0,-111.0,-53.0,-59.0,-52.0,45.0,-131.0,28.3,38.19,-87.43,13.66,-33.64,-163.63,-112.07,-72.74,-47.78,-42.1,22.82,-114.56
2025-08-08T18:54:11.363304,76.0,99.0,-89.0,43.0,-8.0,-149.0,-79.0,-20.0,-107.0,9.0,83.0,-163.0,68.3,72.19,-77.43,30.66,-37.64,-149.63,-80.07,-39.739999999999995,-95.78,18.9,60.82,-146.56
2025-08-08T18:54:11.367707,17.0,87.0,-145.0,73.0,14.0,-89.0,-57.0,-34.0,-131.0,40.0,106.0,-108.0,9.3,60.19,-133.43,60.66,-15.64,-89.63,-58.07,-53.739999999999995,-119.78,49.9,83.82,-91.56
2025-08-08T18:54:11.375668,141.0,49.0,-204.0,82.0,20.0,-130.0,-90.0,-70.0,-128.0,-59.0,89.0,-113.0,133.3,22.19,-192.43,69.66,-9.64,-130.63,-91.07,-89.74,-116.78,-49.1,66.82,-96.56
2025-08-08T18:54:11.383194,20.0,28.0,-84.0,17.0,-25.0,-108.0,-49.0,-113.0,-144.0,-63.0,57.0,-152.0,12.3,1.1900000000000013,-72.43,4.66,-54.64,-108.63,-50.07,-132.74,-132.78,-53.1,34.82,-135.56
2025-08-08T18:54:11.388056,14.0,16.0,-145.0,44.0,49.0,-115.0,-6.0,-61.0,-163.0,-62.0,88.0,-168.0,6.3,-10.809999999999999,-133.43,31.66,19.36,-115.63,-7.07,-80.74,-151.78,-52.1,65.82,-151.56
2025-08-08T18:54:11.395760,14.0,92.0,-116.0,-2.0,-38.0,-71.0,-19.0,1.0,-154.0,-50.0,-21.0,-134.0,6.3,65.19,-104.43,-14.34,-67.64,-71.63,-20.07,-18.74,-142.78,-40.1,-43.18,-117.56
2025-08-08T18:54:11.400231,19.0,1.0,-199.0,32.0,-10.0,-81.0,-136.0,28.0,-117.0,-33.0,81.0,-113.0,11.3,-25.81,-187.43,19.66,-39.64,-81.63,-137.07,8.260000000000002,-105.78,-23.1,58.82,-96.56
2025-08-08T18:54:11.408115,36.0,91.0,-202.0,46.0,-49.0,-89.0,-9.0,20.0,-121.0,-25.0,24.0,-142.0,28.3,64.19,-190.43,33.66,-78.64,-89.63,-10.07,0.26000000000000156,-109.78,-15.1,1.8200000000000003,-125.56
2025-08-08T18:54:11.412703,84.0,39.0,-189.0,14.0,28.0,-169.0,-26.0,1.0,-141.0,-137.0,97.0,-92.0,76.3,12.190000000000001,-177.43,1.6600000000000001,-1.6400000000000006,-169.63,-27.07,-18.74,-129.78,-127.1,74.82,-75.56
2025-08-08T18:54:11.420455,-26.0,46.0,-155.0,74.0,53.0,-85.0,-79.0,-9.0,-160.0,-122.0,97.0,-166.0,-33.7,19.19,-143.43,61.66,23.36,-85.63,-80.07,-28.74,-148.78,-112.1,74.82,-149.56
2025-08-08T18:54:11.424929,48.0,-43.0,-89.0,-3.0,-49.0,-132.0,-1.0,-38.0,-176.0,1.0,42.0,-222.0,40.3,-69.81,-77.43,-15.34,-78.64,-132.63,-2.0700000000000003,-57.739999999999995,-164.78,10.9,19.82,-205.56
2025-08-08T18:54:11.432668,22.0,24.0,-124.0,60.0,6.0,-106.0,25.0,-30.0,-134.0,-16.0,72.0,-160.0,14.3,-2.8099999999999987,-112.43,47.66,-23.64,-106.63,23.93,-49.739999999999995,-122.78,-6.1,49.82,-143.56
2025-08-08T18:54:11.437312,-14.0,30.0,-144.0,133.0,-1.0,-144.0,-88.0,20.0,-36.0,-44.0,73.0,-115.0,-21.7,3.1900000000000013,-132.43,120.66,-30.64,-144.63,-89.07,0.26000000000000156,-24.78,-34.1,50.82,-98.56
2025-08-08T18:54:11.445121,36.0,93.0,-170.0,78.0,25.0,-106.0,-19.0,59.0,-122.0,-42.0,29.0,-111.0,28.3,66.19,-158.43,65.66,-4.640000000000001,-106.63,-20.07,39.260000000000005,-110.78,-32.1,6.82,-94.56
2025-08-08T18:54:11.449653,59.0,8.0,-141.0,26.0,3.0,-133.0,-16.0,-5.0,-110.0,-61.0,-19.0,-100.0,51.3,-18.81,-129.43,13.66,-26.64,-133.63,-17.07,-24.74,-98.78,-51.1,-41.18,-83.56
2025-08-08T18:54:11.457459,104.0,10.0,-128.0,36.0,-60.0,-110.0,45.0,-11.0,-134.0,-49.0,137.0,-181.0,96.3,-16.81,-116.43,23.66,-89.64,-110.63,43.93,-30.74,-122.78,-39.1,114.82,-164.56
2025-08-08T18:54:11.462094,40.0,110.0,-106.0,15.0,-7.0,-95.0,-89.0,-34.0,-123.0,-14.0,18.0,-167.0,32.3,83.19,-94.43,2.66,-36.64,-95.63,-90.07,-53.739999999999995,-111.78,-4.1,-4.18,-150.56
2025-08-08T18:54:11.469708,16.0,36.0,-86.0,40.0,-2.0,-75.0,-87.0,22.0,-164.0,-5.0,0.0,-161.0,8.3,9.190000000000001,-74.43,27.66,-31.64,-75.63,-88.07,2.2600000000000016,-152.78,4.9,-22.18,-144.56
2025-08-08T18:54:11.474258,-23.0,50.0,-170.0,60.0,51.0,-117.0,-107.0,42.0,-154.0,-22.0,25.0,-120.0,-30.7,23.19,-158.43,47.66,21.36,-117.63,-108.07,22.26,-142.78,-12.1,2.8200000000000003,-103.56
2025-08-08T18:54:11.481904,65.0,5.0,-117.0,95.0,-71.0,-131.0,-60.0,-43.0,-132.0,-81.0,42.0,-91.0,57.3,-21.81,-105.43,82.66,-100.64,-131.63,-61.07,-62.739999999999995,-120.78,-71.1,19.82,-74.56
2025-08-08T18:54:11.489646,92.0,43.0,-152.0,77.0,-71.0,-98.0,1.0,-15.0,-115.0,-115.0,46.0,-94.0,84.3,16.19,-140.43,64.66,-100.64,-98.63,-0.07000000000000006,-34.739999999999995,-103.78,-105.1,23.82,-77.56
2025-08-08T18:54:11.494837,43.0,131.0,-136.0,25.0,42.0,-81.0,-30.0,-45.0,-128.0,-34.0,31.0,-154.0,35.3,104.19,-124.43,12.66,12.36,-81.63,-31.07,-64.74,-116.78,-24.1,8.82,-137.56
2025-08-08T18:54:11.502293,72.0,111.0,-145.0,24.0,-34.0,-87.0,-44.0,57.0,-65.0,-4.0,15.0,-179.0,64.3,84.19,-133.43,11.66,-63.64,-87.63,-45.07,37.260000000000005,-53.78,5.9,-7.18,-162.56
2025-08-08T18:54:11.506812,-10.0,60.0,-151.0,60.0,29.0,-175.0,-50.0,25.0,-165.0,-21.0,85.0,-160.0,-17.7,33.19,-139.43,47.66,-0.6400000000000006,-175.63,-51.07,5.260000000000002,-153.78,-11.1,62.82,-143.56
2025-08-08T18:54:11.514740,44.0,90.0,-148.0,103.0,29.0,-124.0,-64.0,-14.0,-204.0,-106.0,60.0,-204.0,36.3,63.19,-136.43,90.66,-0.6400000000000006,-124.63,-65.07,-33.739999999999995,-192.78,-96.1,37.82,-187.56
2025-08-08T18:54:11.519201,28.0,6.0,-67.0,46.0,20.0,-99.0,-91.0,48.0,-93.0,-44.0,19.0,-146.0,20.3,-20.81,-55.43,33.66,-9.64,-99.63,-92.07,28.26,-81.78,-34.1,-3.1799999999999997,-129.56
2025-08-08T18:54:11.527010,76.0,45.0,-92.0,103.0,-17.0,-134.0,-78.0,18.0,-84.0,-30.0,72.0,-87.0,68.3,18.19,-80.43,90.66,-46.64,-134.63,-79.07,-1.7399999999999984,-72.78,-20.1,49.82,-70.56
2025-08-08T18:54:11.531597,54.0,49.0,-95.0,38.0,10.0,-126.0,13.0,46.0,-131.0,-65.0,41.0,-186.0,46.3,22.19,-83.43,25.66,-19.64,-126.63,11.93,26.26,-119.78,-55.1,18.82,-169.56
2025-08-08T18:54:11.539742,46.0,113.0,-127.0,86.0,9.0,-175.0,-149.0,26.0,-124.0,-72.0,57.0,-119.0,38.3,86.19,-115.43,73.66,-20.64,-175.63,-150.07,6.260000000000002,-112.78,-62.1,34.82,-102.56
2025-08-08T18:54:11.544102,30.0,30.0,-104.0,62.0,-6.0,-128.0,-64.0,-17.0,-166.0,-40.0,80.0,-130.0,22.3,3.1900000000000013,-92.43,49.66,-35.64,-128.63,-65.07,-36.739999999999995,-154.78,-30.1,57.82,-113.56
2025-08-08T18:54:11.552281,-42.0,68.0,-170.0,-16.0,-50.0,-104.0,4.0,-14.0,-80.0,-27.0,132.0,-112.0,-49.7,41.19,-158.43,-28.34,-79.64,-104.63,2.9299999999999997,-33.739999999999995,-68.78,-17.1,109.82,-95.56
2025-08-08T18:54:11.555883,52.0,58.0,-141.0,0.0,-24.0,-100.0,23.0,-29.0,-131.0,3.0,53.0,-146.0,44.3,31.19,-129.43,-12.34,-53.64,-100.63,21.93,-48.739999999999995,-119.78,12.9,30.82,-129.56
2025-08-08T18:54:11.564633,58.0,-3.0,-105.0,45.0,-9.0,-107.0,-80.0,-6.0,-91.0,-38.0,54.0,-105.0,50.3,-29.81,-93.43,32.66,-38.64,-107.63,-81.07,-25.74,-79.78,-28.1,31.82,-88.56
2025-08-08T18:54:11.568218,27.0,27.0,-99.0,60.0,-11.0,-99.0,-26.0,68.0,-131.0,-17.0,86.0,-176.0,19.3,0.19000000000000128,-87.43,47.66,-40.64,-99.63,-27.07,48.260000000000005,-119.78,-7.1,63.82,-159.56
2025-08-08T18:54:11.577140,55.0,104.0,-116.0,45.0,-15.0,-141.0,-94.0,56.0,-163.0,-52.0,51.0,-77.0,47.3,77.19,-104.43,32.66,-44.64,-141.63,-95.07,36.260000000000005,-151.78,-42.1,28.82,-60.56
2025-08-08T18:54:11.582722,6.0,54.0,-234.0,66.0,-56.0,-70.0,-3.0,-57.0,-122.0,-28.0,100.0,-94.0,-1.7000000000000002,27.19,-222.43,53.66,-85.64,-70.63,-4.07,-76.74,-110.78,-18.1,77.82,-77.56
2025-08-08T18:54:11.589325,42.0,73.0,-122.0,65.0,-50.0,-118.0,-1.0,14.0,-105.0,-38.0,100.0,-265.0,34.3,46.19,-110.43,52.66,-79.64,-118.63,-2.0700000000000003,-5.739999999999998,-93.78,-28.1,77.82,-248.56
2025-08-08T18:54:11.596274,67.0,53.0,-185.0,20.0,-57.0,-115.0,-76.0,53.0,-110.0,-60.0,74.0,-217.0,59.3,26.19,-173.43,7.66,-86.64,-115.63,-77.07,33.260000000000005,-98.78,-50.1,51.82,-200.56
2025-08-08T18:54:11.600686,41.0,43.0,-104.0,95.0,31.0,-117.0,-89.0,-26.0,-167.0,-54.0,-10.0,-96.0,33.3,16.19,-92.43,82.66,1.3599999999999994,-117.63,-90.07,-45.739999999999995,-155.78,-44.1,-32.18,-79.56
2025-08-08T18:54:11.608667,15.0,-25.0,-168.0,41.0,121.0,-78.0,-23.0,15.0,-136.0,-83.0,-9.0,-132.0,7.3,-51.81,-156.43,28.66,91.36,-78.63,-24.07,-4.739999999999998,-124.78,-73.1,-31.18,-115.56
2025-08-08T18:54:11.612900,37.0,110.0,-177.0,47.0,5.0,-102.0,-1.0,-22.0,-126.0,-87.0,-9.0,-104.0,29.3,83.19,-165.43,34.66,-24.64,-102.63,-2.0700000000000003,-41.739999999999995,-114.78,-77.1,-31.18,-87.56
2025-08-08T18:54:11.621303,-11.0,84.0,-171.0,-11.0,7.0,-72.0,14.0,-4.0,-136.0,-30.0,63.0,-141.0,-18.7,57.19,-159.43,-23.34,-22.64,-72.63,12.93,-23.74,-124.78,-20.1,40.82,-124.56
2025-08-08T18:54:11.625908,26.0,64.0,-170.0,163.0,3.0,-68.0,-27.0,-19.0,-187.0,-85.0,73.0,-48.0,18.3,37.19,-158.43,150.66,-26.64,-68.63,-28.07,-38.739999999999995,-175.78,-75.1,50.82,-31.56
2025-08-08T18:54:11.633456,38.0,73.0,-142.0,18.0,2.0,-169.0,-128.0,57.0,-109.0,-10.0,52.0,-122.0,30.3,46.19,-130.43,5.66,-27.64,-169.63,-129.07,37.260000000000005,-97.78,-0.09999999999999964,29.82,-105.56
2025-08-08T18:54:11.638453,31.0,45.0,-148.0,-30.0,5.0,-86.0,-42.0,37.0,-165.0,-27.0,55.0,-106.0,23.3,18.19,-136.43,-42.34,-24.64,-86.63,-43.07,17.26,-153.78,-17.1,32.82,-89.56
2025-08-08T18:54:11.648356,76.0,20.0,-106.0,-54.0,15.0,-103.0,-14.0,-22.0,-121.0,46.0,25.0,-108.0,68.3,-6.809999999999999,-94.43,-66.34,-14.64,-103.63,-15.07,-41.739999999999995,-109.78,55.9,2.8200000000000003,-91.56
2025-08-08T18:54:11.653550,33.0,91.0,-127.0,52.0,20.0,-71.0,-2.0,-36.0,-31.0,-42.0,110.0,-187.0,25.3,64.19,-115.43,39.66,-9.64,-71.63,-3.0700000000000003,-55.739999999999995,-19.78,-32.1,87.82,-170.56
2025-08-08T18:54:11.657822,-3.0,77.0,-181.0,66.0,-16.0,-112.0,-3.0,-5.0,-136.0,-52.0,47.0,-130.0,-10.7,50.19,-169.43,53.66,-45.64,-112.63,-4.07,-24.74,-124.78,-42.1,24.82,-113.56
2025-08-08T18:54:11.662590,89.0,38.0,-138.0,27.0,64.0,-65.0,-40.0,7.0,-62.0,-101.0,67.0,-126.0,81.3,11.190000000000001,-126.43,14.66,34.36,-65.63,-41.07,-12.739999999999998,-50.78,-91.1,44.82,-109.56
2025-08-08T18:54:11.670469,8.0,18.0,-151.0,133.0,-25.0,-56.0,-27.0,7.0,-55.0,71.0,47.0,-136.0,0.2999999999999998,-8.809999999999999,-139.43,120.66,-54.64,-56.63,-28.07,-12.739999999999998,-43.78,80.9,24.82,-119.56
2025-08-08T18:54:11.674847,65.0,11.0,-86.0,25.0,44.0,-9.0,-82.0,-36.0,-121.0,-29.0,-46.0,-88.0,57.3,-15.809999999999999,-74.43,12.66,14.36,-9.63,-83.07,-55.739999999999995,-109.78,-19.1,-68.18,-71.56
2025-08-08T18:54:11.682616,6.0,42.0,-107.0,53.0,61.0,-100.0,55.0,81.0,-170.0,-22.0,-29.0,-132.0,-1.7000000000000002,15.190000000000001,-95.43,40.66,31.36,-100.63,53.93,61.260000000000005,-158.78,-12.1,-51.18,-115.56
2025-08-08T18:54:11.687273,-23.0,120.0,-98.0,-8.0,-41.0,-149.0,-38.0,-32.0,-165.0,-47.0,-9.0,-63.0,-30.7,93.19,-86.43,-20.34,-70.64,-149.63,-39.07,-51.739999999999995,-153.78,-37.1,-31.18,-46.56
2025-08-08T18:54:11.694756,32.0,69.0,-98.0,7.0,-13.0,-126.0,-34.0,-11.0,-94.0,-70.0,-13.0,-97.0,24.3,42.19,-86.43,-5.34,-42.64,-126.63,-35.07,-30.74,-82.78,-60.1,-35.18,-80.56
2025-08-08T18:54:11.700170,47.0,75.0,-101.0,55.0,-19.0,-68.0,-44.0,19.0,-111.0,-7.0,27.0,-113.0,39.3,48.19,-89.43,42.66,-48.64,-68.63,-45.07,-0.7399999999999984,-99.78,2.9000000000000004,4.82,-96.56
2025-08-08T18:54:11.707307,85.0,26.0,-79.0,22.0,96.0,-3.0,-1.0,-17.0,-150.0,4.0,46.0,-141.0,77.3,-0.8099999999999987,-67.43,9.66,66.36,-3.63,-2.0700000000000003,-36.739999999999995,-138.78,13.9,23.82,-124.56
2025-08-08T18:54:11.711457,9.0,13.0,-111.0,54.0,13.0,-123.0,12.0,-4.0,-74.0,16.0,90.0,-75.0,1.2999999999999998,-13.809999999999999,-99.43,41.66,-16.64,-123.63,10.93,-23.74,-62.78,25.9,67.82,-58.56
2025-08-08T18:54:11.719251,52.0,56.0,-167.0,40.0,18.0,-83.0,-33.0,7.0,-185.0,-49.0,0.0,-145.0,44.3,29.19,-155.43,27.66,-11.64,-83.63,-34.07,-12.739999999999998,-173.78,-39.1,-22.18,-128.56
2025-08-08T18:54:11.723668,6.0,12.0,-29.0,87.0,48.0,-87.0,33.0,30.0,-101.0,54.0,55.0,-105.0,-1.7000000000000002,-14.809999999999999,-17.43,74.66,18.36,-87.63,31.93,10.260000000000002,-89.78,63.9,32.82,-88.56
2025-08-08T18:54:11.732223,57.0,25.0,-95.0,78.0,-15.0,-72.0,-32.0,-2.0,-108.0,-37.0,75.0,-79.0,49.3,-1.8099999999999987,-83.43,65.66,-44.64,-72.63,-33.07,-21.74,-96.78,-27.1,52.82,-62.56
2025-08-08T18:54:11.736060,15.0,34.0,-70.0,-12.0,-59.0,-31.0,10.0,43.0,-67.0,-64.0,36.0,-106.0,7.3,7.190000000000001,-58.43,-24.34,-88.64,-31.63,8.93,23.26,-55.78,-54.1,13.82,-89.56
2025-08-08T18:54:11.743873,5.0,60.0,-91.0,90.0,-3.0,-102.0,-27.0,7.0,-103.0,20.0,89.0,-86.0,-2.7,33.19,-79.43,77.66,-32.64,-102.63,-28.07,-12.739999999999998,-91.78,29.9,66.82,-69.56
2025-08-08T18:54:11.748400,59.0,75.0,-70.0,59.0,52.0,-95.0,-83.0,-39.0,-123.0,10.0,39.0,-97.0,51.3,48.19,-58.43,46.66,22.36,-95.63,-84.07,-58.739999999999995,-111.78,19.9,16.82,-80.56
2025-08-08T18:54:11.756218,37.0,27.0,-112.0,59.0,39.0,-56.0,-54.0,2.0,-101.0,-19.0,112.0,-83.0,29.3,0.19000000000000128,-100.43,46.66,9.36,-56.63,-55.07,-17.74,-89.78,-9.1,89.82,-66.56
2025-08-08T18:54:11.761989,17.0,33.0,-127.0,101.0,1.0,-67.0,-47.0,-2.0,-161.0,-22.0,26.0,-75.0,9.3,6.190000000000001,-115.43,88.66,-28.64,-67.63,-48.07,-21.74,-149.78,-12.1,3.8200000000000003,-58.56
2025-08-08T18:54:11.770185,37.0,11.0,-138.0,-16.0,13.0,-71.0,-63.0,68.0,-134.0,71.0,27.0,-91.0,29.3,-15.809999999999999,-126.43,-28.34,-16.64,-71.63,-64.07,48.260000000000005,-122.78,80.9,4.82,-74.56
2025-08-08T18:54:11.776340,-49.0,18.0,-134.0,66.0,45.0,-107.0,-31.0,-5.0,-79.0,-14.0,31.0,-30.0,-56.7,-8.809999999999999,-122.43,53.66,15.36,-107.63,-32.07,-24.74,-67.78,-4.1,8.82,-13.559999999999999
2025-08-08T18:54:11.780851,-7.0,50.0,-32.0,56.0,21.0,-65.0,-18.0,-20.0,-58.0,10.0,43.0,-94.0,-14.7,23.19,-20.43,43.66,-8.64,-65.63,-19.07,-39.739999999999995,-46.78,19.9,20.82,-77.56
2025-08-08T18:54:11.784754,4.0,7.0,-86.0,29.0,0.0,-36.0,-76.0,12.0,-120.0,-53.0,42.0,-97.0,-3.7,-19.81,-74.43,16.66,-29.64,-36.63,-77.07,-7.739999999999998,-108.78,-43.1,19.82,-80.56
2025-08-08T18:54:11.793125,17.0,-1.0,-76.0,-23.0,28.0,-45.0,-38.0,-17.0,-44.0,-2.0,91.0,-84.0,9.3,-27.81,-64.43,-35.34,-1.6400000000000006,-45.63,-39.07,-36.739999999999995,-32.78,7.9,68.82,-67.56
2025-08-08T18:54:11.797138,39.0,59.0,-13.0,94.0,32.0,-110.0,-29.0,94.0,-81.0,-37.0,69.0,-61.0,31.3,32.19,-1.4299999999999997,81.66,2.3599999999999994,-110.63,-30.07,74.26,-69.78,-27.1,46.82,-44.56
2025-08-08T18:54:11.805320,-10.0,11.0,-107.0,5.0,-15.0,-58.0,11.0,15.0,-41.0,18.0,112.0,-155.0,-17.7,-15.809999999999999,-95.43,-7.34,-44.64,-58.63,9.93,-4.739999999999998,-29.78,27.9,89.82,-138.56
2025-08-08T18:54:11.809366,21.0,70.0,-113.0,11.0,38.0,-96.0,-32.0,60.0,-110.0,11.0,48.0,-90.0,13.3,43.19,-101.43,-1.3399999999999999,8.36,-96.63,-33.07,40.260000000000005,-98.78,20.9,25.82,-73.56
2025-08-08T18:54:11.818185,88.0,57.0,-43.0,-26.0,50.0,-80.0,-45.0,7.0,-99.0,31.0,38.0,-46.0,80.3,30.19,-31.43,-38.34,20.36,-80.63,-46.07,-12.739999999999998,-87.78,40.9,15.82,-29.56
2025-08-08T18:54:11.828230,-26.0,-22.0,-148.0,18.0,13.0,-12.0,-43.0,36.0,-50.0,-85.0,42.0,-138.0,-33.7,-48.81,-136.43,5.66,-16.64,-12.63,-44.07,16.26,-38.78,-75.1,19.82,-121.56
2025-08-08T18:54:11.834592,76.0,-28.0,-5.0,30.0,92.0,-46.0,27.0,21.0,-95.0,-19.0,51.0,-114.0,68.3,-54.81,6.57,17.66,62.36,-46.63,25.93,1.2600000000000016,-83.78,-9.1,28.82,-97.56
2025-08-08T18:54:11.839058,-2.0,-8.0,-67.0,9.0,48.0,-43.0,18.0,-6.0,-44.0,-53.0,8.0,-72.0,-9.7,-34.81,-55.43,-3.34,18.36,-43.63,16.93,-25.74,-32.78,-43.1,-14.18,-55.56
2025-08-08T18:54:11.843339,14.0,27.0,-54.0,31.0,-26.0,-8.0,-32.0,17.0,-86.0,-21.0,5.0,-118.0,6.3,0.19000000000000128,-42.43,18.66,-55.64,-8.63,-33.07,-2.7399999999999984,-74.78,-11.1,-17.18,-101.56
2025-08-08T18:54:11.846271,21.0,11.0,-23.0,-2.0,9.0,-95.0,42.0,20.0,-54.0,-57.0,82.0,-39.0,13.3,-15.809999999999999,-11.43,-14.34,-20.64,-95.63,40.93,0.26000000000000156,-42.78,-47.1,59.82,-22.56
2025-08-08T18:54:11.854340,-94.0,52.0,-57.0,30.0,22.0,-133.0,-16.0,19.0,-56.0,-18.0,-1.0,-28.0,-101.7,25.19,-45.43,17.66,-7.640000000000001,-133.63,-17.07,-0.7399999999999984,-44.78,-8.1,-23.18,-11.559999999999999
2025-08-08T18:54:11.858539,54.0,89.0,-19.0,12.0,3.0,-73.0,-37.0,10.0,-59.0,-33.0,77.0,-60.0,46.3,62.19,-7.43,-0.33999999999999986,-26.64,-73.63,-38.07,-9.739999999999998,-47.78,-23.1,54.82,-43.56
2025-08-08T18:54:11.866999,-2.0,34.0,-46.0,27.0,8.0,-55.0,-76.0,-30.0,-76.0,-1.0,58.0,-66.0,-9.7,7.190000000000001,-34.43,14.66,-21.64,-55.63,-77.07,-49.739999999999995,-64.78,8.9,35.82,-49.56
2025-08-08T18:54:11.870924,-15.0,83.0,-10.0,29.0,-26.0,-12.0,-24.0,-47.0,-53.0,-38.0,6.0,-143.0,-22.7,56.19,1.5700000000000003,16.66,-55.64,-12.63,-25.07,-66.74,-41.78,-28.1,-16.18,-126.56
2025-08-08T18:54:11.879038,-58.0,81.0,-69.0,18.0,110.0,-96.0,-20.0,95.0,-58.0,-26.0,22.0,-101.0,-65.7,54.19,-57.43,5.66,80.36,-96.63,-21.07,75.26,-46.78,-16.1,-0.17999999999999972,-84.56
2025-08-08T18:54:11.884225,58.0,41.0,-74.0,42.0,41.0,-49.0,-9.0,13.0,-43.0,-38.0,30.0,-24.0,50.3,14.190000000000001,-62.43,29.66,11.36,-49.63,-10.07,-6.739999999999998,-31.78,-28.1,7.82,-7.559999999999999
2025-08-08T18:54:11.891115,-13.0,-17.0,-158.0,-3.0,-18.0,-53.0,0.0,51.0,-94.0,5.0,82.0,5.0,-20.7,-43.81,-146.43,-15.34,-47.64,-53.63,-1.07,31.26,-82.78,14.9,59.82,21.44
2025-08-08T18:54:11.895434,85.0,88.0,-71.0,14.0,78.0,-33.0,-63.0,62.0,-131.0,-48.0,-13.0,-13.0,77.3,61.19,-59.43,1.6600000000000001,48.36,-33.63,-64.07,42.260000000000005,-119.78,-38.1,-35.18,3.4400000000000013
2025-08-08T18:54:11.903498,5.0,86.0,-97.0,26.0,-10.0,-12.0,39.0,45.0,-77.0,-39.0,44.0,-13.0,-2.7,59.19,-85.43,13.66,-39.64,-12.63,37.93,25.26,-65.78,-29.1,21.82,3.4400000000000013
2025-08-08T18:54:11.907633,37.0,-4.0,-73.0,-28.0,62.0,-41.0,-23.0,56.0,-88.0,-46.0,29.0,-13.0,29.3,-30.81,-61.43,-40.34,32.36,-41.63,-24.07,36.260000000000005,-76.78,-36.1,6.82,3.4400000000000013
2025-08-08T18:54:11.915912,36.0,-11.0,-118.0,-13.0,-60.0,-69.0,40.0,-66.0,-63.0,-78.0,24.0,-28.0,28.3,-37.81,-106.43,-25.34,-89.64,-69.63,38.93,-85.74,-51.78,-68.1,1.8200000000000003,-11.559999999999999
2025-08-08T18:54:11.919878,55.0,28.0,-87.0,87.0,26.0,2.0,-11.0,-30.0,-74.0,-9.0,43.0,-62.0,47.3,1.1900000000000013,-75.43,74.66,-3.6400000000000006,1.37,-12.07,-49.739999999999995,-62.78,0.9000000000000004,20.82,-45.56
2025-08-08T18:54:11.928219,11.0,52.0,-75.0,39.0,25.0,-60.0,-30.0,-70.0,-63.0,-55.0,31.0,-84.0,3.3,25.19,-63.43,26.66,-4.640000000000001,-60.63,-31.07,-89.74,-51.78,-45.1,8.82,-67.56
2025-08-08T18:54:11.932139,-19.0,50.0,8.0,91.0,24.0,-34.0,-30.0,10.0,-52.0,-65.0,20.0,-100.0,-26.7,23.19,19.57,78.66,-5.640000000000001,-34.63,-31.07,-9.739999999999998,-40.78,-55.1,-2.1799999999999997,-83.56
2025-08-08T18:54:11.940575,-30.0,90.0,-83.0,-52.0,32.0,-60.0,28.0,-55.0,13.0,-41.0,-29.0,-49.0,-37.7,63.19,-71.43,-64.34,2.3599999999999994,-60.63,26.93,-74.74,24.22,-31.1,-51.18,-32.56
2025-08-08T18:54:11.944627,67.0,89.0,-66.0,20.0,73.0,-33.0,-35.0,16.0,-23.0,-37.0,24.0,-18.0,59.3,62.19,-54.43,7.66,43.36,-33.63,-36.07,-3.7399999999999984,-11.78,-27.1,1.8200000000000003,-1.5599999999999987
2025-08-08T18:54:11.952764,-48.0,67.0,-37.0,72.0,2.0,2.0,-26.0,85.0,-40.0,9.0,19.0,-34.0,-55.7,40.19,-25.43,59.66,-27.64,1.37,-27.07,65.26,-28.78,18.9,-3.1799999999999997,-17.56
2025-08-08T18:54:11.957465,12.0,88.0,-61.0,7.0,9.0,-13.0,-49.0,68.0,-26.0,24.0,13.0,-80.0,4.3,61.19,-49.43,-5.34,-20.64,-13.63,-50.07,48.260000000000005,-14.78,33.9,-9.18,-63.56
2025-08-08T18:54:11.965160,-25.0,94.0,-59.0,33.0,58.0,-39.0,40.0,99.0,-81.0,-51.0,10.0,-30.0,-32.7,67.19,-47.43,20.66,28.36,-39.63,38.93,79.26,-69.78,-41.1,-12.18,-13.559999999999999
2025-08-08T18:54:11.969861,71.0,16.0,-80.0,64.0,23.0,51.0,-12.0,9.0,-119.0,26.0,2.0,-9.0,63.3,-10.809999999999999,-68.43,51.66,-6.640000000000001,50.37,-13.07,-10.739999999999998,-107.78,35.9,-20.18,7.440000000000001
2025-08-08T18:54:11.977405,40.0,101.0,-45.0,44.0,43.0,-90.0,-49.0,-7.0,-118.0,-50.0,14.0,-48.0,32.3,74.19,-33.43,31.66,13.36,-90.63,-50.07,-26.74,-106.78,-40.1,-8.18,-31.56
2025-08-08T18:54:11.983377,52.0,76.0,-86.0,40.0,13.0,-19.0,7.0,53.0,7.0,-73.0,38.0,-32.0,44.3,49.19,-74.43,27.66,-16.64,-19.63,5.93,33.260000000000005,18.22,-63.1,15.82,-15.559999999999999
2025-08-08T18:54:11.989651,19.0,20.0,-66.0,-25.0,77.0,-24.0,-37.0,61.0,21.0,-30.0,49.0,-73.0,11.3,-6.809999999999999,-54.43,-37.34,47.36,-24.63,-38.07,41.260000000000005,32.22,-20.1,26.82,-56.56
2025-08-08T18:54:11.994232,-2.0,36.0,6.0,34.0,76.0,-56.0,16.0,74.0,-2.0,35.0,59.0,-56.0,-9.7,9.190000000000001,17.57,21.66,46.36,-56.63,14.93,54.260000000000005,9.22,44.9,36.82,-39.56
2025-08-08T18:54:12.001985,-4.0,4.0,-14.0,71.0,23.0,21.0,-55.0,-20.0,-70.0,49.0,51.0,-27.0,-11.7,-22.81,-2.4299999999999997,58.66,-6.640000000000001,20.37,-56.07,-39.739999999999995,-58.78,58.9,28.82,-10.559999999999999
2025-08-08T18:54:12.006562,-15.0,39.0,-4.0,-35.0,26.0,36.0,-67.0,15.0,-11.0,-6.0,81.0,-27.0,-22.7,12.190000000000001,7.57,-47.34,-3.6400000000000006,35.37,-68.07,-4.739999999999998,0.22000000000000064,3.9000000000000004,58.82,-10.559999999999999
2025-08-08T18:54:12.014215,20.0,50.0,-59.0,41.0,-18.0,-45.0,-20.0,48.0,-10.0,-43.0,52.0,-85.0,12.3,23.19,-47.43,28.66,-47.64,-45.63,-21.07,28.26,1.2200000000000006,-33.1,29.82,-68.56
2025-08-08T18:54:12.018895,6.0,33.0,-16.0,10.0,59.0,22.0,-46.0,70.0,-10.0,14.0,-21.0,-26.0,-1.7000000000000002,6.190000000000001,-4.43,-2.34,29.36,21.37,-47.07,50.260000000000005,1.2200000000000006,23.9,-43.18,-9.559999999999999
2025-08-08T18:54:12.026544,-17.0,49.0,3.0,12.0,55.0,-47.0,6.0,79.0,-98.0,-59.0,14.0,-24.0,-24.7,22.19,14.57,-0.33999999999999986,25.36,-47.63,4.93,59.260000000000005,-86.78,-49.1,-8.18,-7.559999999999999
2025-08-08T18:54:12.031338,-79.0,60.0,-49.0,-41.0,8.0,-7.0,-34.0,56.0,-129.0,-22.0,67.0,-6.0,-86.7,33.19,-37.43,-53.34,-21.64,-7.63,-35.07,36.260000000000005,-117.78,-12.1,44.82,10.440000000000001
2025-08-08T18:54:12.038705,34.0,94.0,-91.0,7.0,-17.0,-10.0,-25.0,-6.0,-63.0,-23.0,62.0,-27.0,26.3,67.19,-79.43,-5.34,-46.64,-10.63,-26.07,-25.74,-51.78,-13.1,39.82,-10.559999999999999
2025-08-08T18:54:12.043691,-48.0,53.0,-52.0,-8.0,18.0,1.0,49.0,52.0,-46.0,13.0,35.0,-12.0,-55.7,26.19,-40.43,-20.34,-11.64,0.37,47.93,32.260000000000005,-34.78,22.9,12.82,4.440000000000001
2025-08-08T18:54:12.053163,-18.0,102.0,-85.0,34.0,-41.0,-7.0,21.0,74.0,-55.0,-84.0,19.0,22.0,-25.7,75.19,-73.43,21.66,-70.64,-7.63,19.93,54.260000000000005,-43.78,-74.1,-3.1799999999999997,38.44
2025-08-08T18:54:12.059460,41.0,24.0,-35.0,38.0,5.0,-34.0,29.0,0.0,-62.0,-10.0,29.0,-56.0,33.3,-2.8099999999999987,-23.43,25.66,-24.64,-34.63,27.93,-19.74,-50.78,-0.09999999999999964,6.82,-39.56
2025-08-08T18:54:12.064028,89.0,93.0,-32.0,24.0,21.0,-1.0,17.0,20.0,-85.0,-15.0,40.0,-97.0,81.3,66.19,-20.43,11.66,-8.64,-1.63,15.93,0.26000000000000156,-73.78,-5.1,17.82,-80.56
2025-08-08T18:54:12.068281,-12.0,-10.0,-69.0,2.0,10.0,-67.0,-7.0,9.0,7.0,-26.0,-19.0,-61.0,-19.7,-36.81,-57.43,-10.34,-19.64,-67.63,-8.07,-10.739999999999998,18.22,-16.1,-41.18,-44.56
2025-08-08T18:54:12.071532,-14.0,47.0,-112.0,27.0,-2.0,-51.0,-68.0,14.0,7.0,-12.0,1.0,-71.0,-21.7,20.19,-100.43,14.66,-31.64,-51.63,-69.07,-5.739999999999998,18.22,-2.0999999999999996,-21.18,-54.56
2025-08-08T18:54:12.079552,60.0,60.0,-47.0,66.0,66.0,44.0,60.0,30.0,-16.0,-50.0,23.0,-152.0,52.3,33.19,-35.43,53.66,36.36,43.37,58.93,10.260000000000002,-4.779999999999999,-40.1,0.8200000000000003,-135.56
2025-08-08T18:54:12.083708,44.0,22.0,-38.0,-17.0,4.0,19.0,-8.0,-34.0,-18.0,-27.0,-15.0,-97.0,36.3,-4.809999999999999,-26.43,-29.34,-25.64,18.37,-9.07,-53.739999999999995,-6.779999999999999,-17.1,-37.18,-80.56
2025-08-08T18:54:12.092047,-6.0,23.0,-47.0,0.0,14.0,3.0,-81.0,29.0,-11.0,3.0,23.0,-50.0,-13.7,-3.8099999999999987,-35.43,-12.34,-15.64,2.37,-82.07,9.260000000000002,0.22000000000000064,12.9,0.8200000000000003,-33.56
2025-08-08T18:54:12.096130,40.0,32.0,-50.0,1.0,63.0,11.0,50.0,21.0,-64.0,-52.0,61.0,-63.0,32.3,5.190000000000001,-38.43,-11.34,33.36,10.37,48.93,1.2600000000000016,-52.78,-42.1,38.82,-46.56
2025-08-08T18:54:12.104666,22.0,-17.0,-22.0,-47.0,45.0,-60.0,-13.0,14.0,15.0,-27.0,60.0,-50.0,14.3,-43.81,-10.43,-59.34,15.36,-60.63,-14.07,-5.739999999999998,26.22,-17.1,37.82,-33.56
2025-08-08T18:54:12.108448,41.0,28.0,30.0,-33.0,-24.0,-62.0,5.0,54.0,-9.0,-40.0,18.0,15.0,33.3,1.1900000000000013,41.57,-45.34,-53.64,-62.63,3.9299999999999997,34.260000000000005,2.2200000000000006,-30.1,-4.18,31.44
2025-08-08T18:54:12.116641,95.0,12.0,33.0,68.0,20.0,-49.0,-51.0,83.0,-26.0,5.0,-8.0,56.0,87.3,-14.809999999999999,44.57,55.66,-9.64,-49.63,-52.07,63.260000000000005,-14.78,14.9,-30.18,72.44
2025-08-08T18:54:12.120655,24.0,-22.0,-54.0,15.0,-67.0,-87.0,-33.0,21.0,-94.0,-25.0,18.0,-58.0,16.3,-48.81,-42.43,2.66,-96.64,-87.63,-34.07,1.2600000000000016,-82.78,-15.1,-4.18,-41.56
2025-08-08T18:54:12.128711,5.0,6.0,-38.0,-24.0,-18.0,-1.0,17.0,104.0,-61.0,4.0,27.0,-1.0,-2.7,-20.81,-26.43,-36.34,-47.64,-1.63,15.93,84.26,-49.78,13.9,4.82,15.440000000000001
2025-08-08T18:54:12.133061,8.0,19.0,1.0,35.0,32.0,-35.0,53.0,55.0,-14.0,-4.0,59.0,-45.0,0.2999999999999998,-7.809999999999999,12.57,22.66,2.3599999999999994,-35.63,51.93,35.260000000000005,-2.7799999999999994,5.9,36.82,-28.56
2025-08-08T18:54:12.141080,-46.0,36.0,-32.0,50.0,43.0,40.0,47.0,47.0,-44.0,-20.0,29.0,-52.0,-53.7,9.190000000000001,-20.43,37.66,13.36,39.37,45.93,27.26,-32.78,-10.1,6.82,-35.56
2025-08-08T18:54:12.145251,-32.0,64.0,-52.0,1.0,62.0,-23.0,-7.0,52.0,-64.0,-5.0,61.0,-80.0,-39.7,37.19,-40.43,-11.34,32.36,-23.63,-8.07,32.260000000000005,-52.78,4.9,38.82,-63.56
2025-08-08T18:54:12.153349,26.0,54.0,16.0,-43.0,-23.0,-64.0,47.0,-7.0,-14.0,-9.0,65.0,-112.0,18.3,27.19,27.57,-55.34,-52.64,-64.63,45.93,-26.74,-2.7799999999999994,0.9000000000000004,42.82,-95.56
2025-08-08T18:54:12.157705,-62.0,35.0,32.0,33.0,-6.0,8.0,-9.0,11.0,-26.0,18.0,58.0,-14.0,-69.7,8.190000000000001,43.57,20.66,-35.64,7.37,-10.07,-8.739999999999998,-14.78,27.9,35.82,2.4400000000000013
2025-08-08T18:54:12.165638,10.0,39.0,-40.0,-10.0,14.0,30.0,58.0,51.0,-19.0,-64.0,44.0,-45.0,2.3,12.190000000000001,-28.43,-22.34,-15.64,29.37,56.93,31.26,-7.779999999999999,-54.1,21.82,-28.56
2025-08-08T18:54:12.170368,-23.0,60.0,-60.0,47.0,-9.0,-44.0,-32.0,11.0,14.0,-7.0,21.0,-56.0,-30.7,33.19,-48.43,34.66,-38.64,-44.63,-33.07,-8.739999999999998,25.22,2.9000000000000004,-1.1799999999999997,-39.56
2025-08-08T18:54:12.178283,-3.0,38.0,-49.0,37.0,113.0,-1.0,-11.0,42.0,-14.0,-36.0,66.0,-5.0,-10.7,11.190000000000001,-37.43,24.66,83.36,-1.63,-12.07,22.26,-2.7799999999999994,-26.1,43.82,11.440000000000001
2025-08-08T18:54:12.182808,103.0,48.0,-35.0,13.0,82.0,-3.0,-26.0,33.0,-51.0,-70.0,-62.0,-8.0,95.3,21.19,-23.43,0.6600000000000001,52.36,-3.63,-27.07,13.260000000000002,-39.78,-60.1,-84.18,8.440000000000001
2025-08-08T18:54:12.190536,86.0,11.0,31.0,-16.0,35.0,-25.0,30.0,45.0,-48.0,1.0,-42.0,-3.0,78.3,-15.809999999999999,42.57,-28.34,5.359999999999999,-25.63,28.93,25.26,-36.78,10.9,-64.18,13.440000000000001
2025-08-08T18:54:12.195063,7.0,-19.0,-31.0,16.0,65.0,-14.0,71.0,5.0,-49.0,-25.0,41.0,-46.0,-0.7000000000000002,-45.81,-19.43,3.66,35.36,-14.63,69.93,-14.739999999999998,-37.78,-15.1,18.82,-29.56
2025-08-08T18:54:12.202902,27.0,-28.0,-32.0,-41.0,16.0,-57.0,35.0,-8.0,-87.0,-39.0,58.0,-3.0,19.3,-54.81,-20.43,-53.34,-13.64,-57.63,33.93,-27.74,-75.78,-29.1,35.82,13.440000000000001
2025-08-08T18:54:12.207336,14.0,-35.0,-5.0,-27.0,131.0,18.0,-63.0,11.0,-48.0,20.0,8.0,-35.0,6.3,-61.81,6.57,-39.34,101.36,17.37,-64.07,-8.739999999999998,-36.78,29.9,-14.18,-18.56
2025-08-08T18:54:12.215135,22.0,31.0,-12.0,50.0,68.0,-3.0,-18.0,-36.0,3.0,45.0,61.0,-14.0,14.3,4.190000000000001,-0.4299999999999997,37.66,38.36,-3.63,-19.07,-55.739999999999995,14.22,54.9,38.82,2.4400000000000013
2025-08-08T18:54:12.219621,31.0,22.0,-26.0,24.0,9.0,23.0,-10.0,15.0,-5.0,27.0,39.0,-63.0,23.3,-4.809999999999999,-14.43,11.66,-20.64,22.37,-11.07,-4.739999999999998,6.220000000000001,36.9,16.82,-46.56
2025-08-08T18:54:12.227188,44.0,88.0,-50.0,37.0,13.0,-32.0,-57.0,-28.0,-16.0,26.0,134.0,-69.0,36.3,61.19,-38.43,24.66,-16.64,-32.63,-58.07,-47.739999999999995,-4.779999999999999,35.9,111.82,-52.56
2025-08-08T18:54:12.232025,-46.0,29.0,-29.0,31.0,61.0,-84.0,33.0,46.0,-70.0,-21.0,-11.0,-92.0,-53.7,2.1900000000000013,-17.43,18.66,31.36,-84.63,31.93,26.26,-58.78,-11.1,-33.18,-75.56
2025-08-08T18:54:12.239443,14.0,64.0,-52.0,0.0,-46.0,45.0,-31.0,51.0,-87.0,46.0,56.0,25.0,6.3,37.19,-40.43,-12.34,-75.64,44.37,-32.07,31.26,-75.78,55.9,33.82,41.44
2025-08-08T18:54:12.244130,-28.0,37.0,-42.0,43.0,-2.0,8.0,-36.0,-16.0,-37.0,-36.0,-1.0,-6.0,-35.7,10.190000000000001,-30.43,30.66,-31.64,7.37,-37.07,-35.739999999999995,-25.78,-26.1,-23.18,10.440000000000001
2025-08-08T18:54:12.248430,-15.0,83.0,-8.0,-7.0,8.0,1.0,41.0,-7.0,-88.0,5.0,20.0,-28.0,-22.7,56.19,3.5700000000000003,-19.34,-21.64,0.37,39.93,-26.74,-76.78,14.9,-2.1799999999999997,-11.559999999999999
2025-08-08T18:54:12.256365,-7.0,40.0,21.0,-6.0,5.0,-37.0,9.0,20.0,-54.0,27.0,30.0,-34.0,-14.7,13.190000000000001,32.57,-18.34,-24.64,-37.63,7.93,0.26000000000000156,-42.78,36.9,7.82,-17.56
2025-08-08T18:54:12.266291,-35.0,41.0,-14.0,24.0,32.0,-58.0,-14.0,16.0,-33.0,-24.0,-29.0,-93.0,-42.7,14.190000000000001,-2.4299999999999997,11.66,2.3599999999999994,-58.63,-15.07,-3.7399999999999984,-21.78,-14.1,-51.18,-76.56
2025-08-08T18:54:12.275013,24.0,84.0,-13.0,-4.0,60.0,-1.0,19.0,24.0,-61.0,-24.0,-10.0,-43.0,16.3,57.19,-1.4299999999999997,-16.34,30.36,-1.63,17.93,4.260000000000002,-49.78,-14.1,-32.18,-26.56
2025-08-08T18:54:12.280475,-27.0,36.0,45.0,52.0,34.0,25.0,18.0,24.0,-53.0,38.0,53.0,-34.0,-34.7,9.190000000000001,56.57,39.66,4.359999999999999,24.37,16.93,4.260000000000002,-41.78,47.9,30.82,-17.56
2025-08-08T18:54:12.284791,-36.0,74.0,-75.0,-53.0,67.0,-42.0,23.0,14.0,-8.0,-58.0,44.0,63.0,-43.7,47.19,-63.43,-65.34,37.36,-42.63,21.93,-5.739999999999998,3.2200000000000006,-48.1,21.82,79.44
2025-08-08T18:54:12.288312,26.0,29.0,-49.0,14.0,-6.0,-27.0,-57.0,21.0,-9.0,19.0,-18.0,-58.0,18.3,2.1900000000000013,-37.43,1.6600000000000001,-35.64,-27.63,-58.07,1.2600000000000016,2.2200000000000006,28.9,-40.18,-41.56
2025-08-08T18:54:12.293370,-3.0,76.0,-31.0,-25.0,17.0,8.0,34.0,-46.0,-109.0,-7.0,-28.0,-42.0,-10.7,49.19,-19.43,-37.34,-12.64,7.37,32.93,-65.74,-97.78,2.9000000000000004,-50.18,-25.56
2025-08-08T18:54:12.298074,-20.0,-8.0,-44.0,12.0,6.0,-9.0,-42.0,36.0,-15.0,-17.0,83.0,-39.0,-27.7,-34.81,-32.43,-0.33999999999999986,-23.64,-9.63,-43.07,16.26,-3.7799999999999994,-7.1,60.82,-22.56
2025-08-08T18:54:12.305211,11.0,55.0,-56.0,-72.0,34.0,-13.0,-35.0,-23.0,-49.0,-26.0,-5.0,-29.0,3.3,28.19,-44.43,-84.34,4.359999999999999,-13.63,-36.07,-42.739999999999995,-37.78,-16.1,-27.18,-12.559999999999999
2025-08-08T18:54:12.309098,59.0,-19.0,-78.0,5.0,-5.0,0.0,22.0,37.0,-21.0,-35.0,29.0,-3.0,51.3,-45.81,-66.43,-7.34,-34.64,-0.63,20.93,17.26,-9.78,-25.1,6.82,13.440000000000001
2025-08-08T18:54:12.317165,20.0,43.0,-6.0,12.0,-7.0,-27.0,-86.0,50.0,-41.0,-54.0,64.0,-5.0,12.3,16.19,5.57,-0.33999999999999986,-36.64,-27.63,-87.07,30.26,-29.78,-44.1,41.82,11.440000000000001
2025-08-08T18:54:12.321242,99.0,-17.0,16.0,6.0,29.0,18.0,16.0,-48.0,-47.0,66.0,-1.0,-52.0,91.3,-43.81,27.57,-6.34,-0.6400000000000006,17.37,14.93,-67.74,-35.78,75.9,-23.18,-35.56
2025-08-08T18:54:12.329499,-23.0,-12.0,-40.0,18.0,81.0,-60.0,-60.0,11.0,-83.0,-59.0,22.0,-32.0,-30.7,-38.81,-28.43,5.66,51.36,-60.63,-61.07,-8.739999999999998,-71.78,-49.1,-0.17999999999999972,-15.559999999999999
2025-08-08T18:54:12.333562,66.0,55.0,-7.0,21.0,1.0,28.0,77.0,27.0,-81.0,52.0,32.0,-30.0,58.3,28.19,4.57,8.66,-28.64,27.37,75.93,7.260000000000002,-69.78,61.9,9.82,-13.559999999999999
2025-08-08T18:54:12.341691,-10.0,22.0,27.0,14.0,95.0,15.0,24.0,14.0,-11.0,-36.0,-8.0,51.0,-17.7,-4.809999999999999,38.57,1.6600000000000001,65.36,14.37,22.93,-5.739999999999998,0.22000000000000064,-26.1,-30.18,67.44
2025-08-08T18:54:12.346065,30.0,73.0,31.0,-15.0,-43.0,54.0,3.0,70.0,-45.0,-79.0,74.0,-80.0,22.3,46.19,42.57,-27.34,-72.64,53.37,1.93,50.260000000000005,-33.78,-69.1,51.82,-63.56
2025-08-08T18:54:12.354102,33.0,41.0,16.0,-33.0,80.0,4.0,-7.0,-20.0,18.0,-39.0,-72.0,-91.0,25.3,14.190000000000001,27.57,-45.34,50.36,3.37,-8.07,-39.739999999999995,29.22,-29.1,-94.18,-74.56
2025-08-08T18:54:12.358264,-20.0,-7.0,-8.0,23.0,19.0,-27.0,7.0,-9.0,-9.0,-22.0,4.0,-25.0,-27.7,-33.81,3.5700000000000003,10.66,-10.64,-27.63,5.93,-28.74,2.2200000000000006,-12.1,-18.18,-8.559999999999999
2025-08-08T18:54:12.366186,53.0,10.0,-10.0,82.0,43.0,9.0,31.0,8.0,5.0,-45.0,-8.0,-7.0,45.3,-16.81,1.5700000000000003,69.66,13.36,8.37,29.93,-11.739999999999998,16.22,-35.1,-30.18,9.440000000000001
2025-08-08T18:54:12.370533,-59.0,-9.0,26.0,7.0,29.0,-41.0,-27.0,1.0,-50.0,-50.0,-19.0,-52.0,-66.7,-35.81,37.57,-5.34,-0.6400000000000006,-41.63,-28.07,-18.74,-38.78,-40.1,-41.18,-35.56
2025-08-08T18:54:12.378651,24.0,-37.0,-39.0,49.0,-27.0,-14.0,10.0,8.0,3.0,40.0,30.0,31.0,16.3,-63.81,-27.43,36.66,-56.64,-14.63,8.93,-11.739999999999998,14.22,49.9,7.82,47.44
2025-08-08T18:54:12.382955,-3.0,-28.0,-41.0,64.0,60.0,29.0,27.0,16.0,8.0,-50.0,65.0,10.0,-10.7,-54.81,-29.43,51.66,30.36,28.37,25.93,-3.7399999999999984,19.22,-40.1,42.82,26.44
2025-08-08T18:54:12.391068,-38.0,-1.0,0.0,-53.0,22.0,-21.0,-5.0,-3.0,14.0,-64.0,27.0,-111.0,-45.7,-27.81,11.57,-65.34,-7.640000000000001,-21.63,-6.07,-22.74,25.22,-54.1,4.82,-94.56
2025-08-08T18:54:12.395580,-27.0,-20.0,-13.0,-32.0,3.0,-36.0,-10.0,94.0,-10.0,32.0,-33.0,-49.0,-34.7,-46.81,-1.4299999999999997,-44.34,-26.64,-36.63,-11.07,74.26,1.2200000000000006,41.9,-55.18,-32.56
2025-08-08T18:54:12.403289,0.0,63.0,1.0,-10.0,29.0,-38.0,-18.0,-7.0,-108.0,28.0,38.0,-38.0,-7.7,36.19,12.57,-22.34,-0.6400000000000006,-38.63,-19.07,-26.74,-96.78,37.9,15.82,-21.56
2025-08-08T18:54:12.407809,60.0,80.0,23.0,6.0,133.0,1.0,17.0,61.0,-38.0,-5.0,17.0,-24.0,52.3,53.19,34.57,-6.34,103.36,0.37,15.93,41.260000000000005,-26.78,4.9,-5.18,-7.559999999999999
2025-08-08T18:54:12.414031,-41.0,39.0,-86.0,-6.0,8.0,12.0,14.0,38.0,-23.0,4.0,-14.0,-48.0,-48.7,12.190000000000001,-74.43,-18.34,-21.64,11.37,12.93,18.26,-11.78,13.9,-36.18,-31.56
2025-08-08T18:54:12.420043,-36.0,19.0,-29.0,16.0,16.0,-9.0,5.0,-15.0,-78.0,35.0,63.0,-15.0,-43.7,-7.809999999999999,-17.43,3.66,-13.64,-9.63,3.9299999999999997,-34.739999999999995,-66.78,44.9,40.82,1.4400000000000013
2025-08-08T18:54:12.424848,6.0,64.0,-6.0,8.0,8.0,13.0,-33.0,-27.0,-74.0,-15.0,-42.0,-70.0,-1.7000000000000002,37.19,5.57,-4.34,-21.64,12.37,-34.07,-46.739999999999995,-62.78,-5.1,-64.18,-53.56
2025-08-08T18:54:12.432446,-65.0,73.0,-8.0,49.0,-49.0,41.0,-53.0,7.0,-2.0,-88.0,15.0,-64.0,-72.7,46.19,3.5700000000000003,36.66,-78.64,40.37,-54.07,-12.739999999999998,9.22,-78.1,-7.18,-47.56
2025-08-08T18:54:12.437624,-15.0,54.0,-13.0,44.0,5.0,-9.0,-19.0,85.0,-26.0,-22.0,32.0,68.0,-22.7,27.19,-1.4299999999999997,31.66,-24.64,-9.63,-20.07,65.26,-14.78,-12.1,9.82,84.44
2025-08-08T18:54:12.444497,72.0,-6.0,15.0,64.0,54.0,-28.0,-129.0,42.0,-23.0,-27.0,64.0,-52.0,64.3,-32.81,26.57,51.66,24.36,-28.63,-130.07,22.26,-11.78,-17.1,41.82,-35.56
2025-08-08T18:54:12.449333,-92.0,28.0,-7.0,37.0,60.0,12.0,59.0,28.0,-33.0,22.0,46.0,77.0,-99.7,1.1900000000000013,4.57,24.66,30.36,11.37,57.93,8.260000000000002,-21.78,31.9,23.82,93.44
2025-08-08T18:54:12.456679,6.0,82.0,3.0,10.0,29.0,61.0,-34.0,28.0,-33.0,-45.0,91.0,33.0,-1.7000000000000002,55.19,14.57,-2.34,-0.6400000000000006,60.37,-35.07,8.260000000000002,-21.78,-35.1,68.82,49.44
2025-08-08T18:54:12.461642,-38.0,71.0,-9.0,-31.0,16.0,23.0,56.0,43.0,-27.0,-34.0,83.0,7.0,-45.7,44.19,2.5700000000000003,-43.34,-13.64,22.37,54.93,23.26,-15.78,-24.1,60.82,23.44
2025-08-08T18:54:12.469290,12.0,64.0,22.0,-13.0,-20.0,-88.0,44.0,88.0,-33.0,-52.0,1.0,-14.0,4.3,37.19,33.57,-25.34,-49.64,-88.63,42.93,68.26,-21.78,-42.1,-21.18,2.4400000000000013
2025-08-08T18:54:12.473929,-58.0,93.0,4.0,-47.0,67.0,-10.0,34.0,12.0,-15.0,-46.0,-1.0,-18.0,-65.7,66.19,15.57,-59.34,37.36,-10.63,32.93,-7.739999999999998,-3.7799999999999994,-36.1,-23.18,-1.5599999999999987
2025-08-08T18:54:12.482225,30.0,43.0,-72.0,50.0,33.0,30.0,-26.0,40.0,-6.0,-42.0,31.0,-34.0,22.3,16.19,-60.43,37.66,3.3599999999999994,29.37,-27.07,20.26,5.220000000000001,-32.1,8.82,-17.56
2025-08-08T18:54:12.485769,40.0,39.0,-20.0,29.0,57.0,-8.0,11.0,-17.0,9.0,-32.0,29.0,-53.0,32.3,12.190000000000001,-8.43,16.66,27.36,-8.63,9.93,-36.739999999999995,20.22,-22.1,6.82,-36.56
2025-08-08T18:54:12.494198,54.0,84.0,-45.0,59.0,71.0,2.0,17.0,26.0,-15.0,23.0,3.0,-58.0,46.3,57.19,-33.43,46.66,41.36,1.37,15.93,6.260000000000002,-3.7799999999999994,32.9,-19.18,-41.56
2025-08-08T18:54:12.500836,100.0,19.0,-56.0,46.0,32.0,-23.0,40.0,22.0,6.0,1.0,11.0,-23.0,92.3,-7.809999999999999,-44.43,33.66,2.3599999999999994,-23.63,38.93,2.2600000000000016,17.22,10.9,-11.18,-6.559999999999999
2025-08-08T18:54:12.505804,-12.0,24.0,-30.0,27.0,2.0,-36.0,6.0,36.0,-49.0,-50.0,19.0,-58.0,-19.7,-2.8099999999999987,-18.43,14.66,-27.64,-36.63,4.93,16.26,-37.78,-40.1,-3.1799999999999997,-41.56
2025-08-08T18:54:12.509881,37.0,16.0,-27.0,1.0,-12.0,-15.0,4.0,91.0,-53.0,-51.0,-2.0,50.0,29.3,-10.809999999999999,-15.43,-11.34,-41.64,-15.63,2.9299999999999997,71.26,-41.78,-41.1,-24.18,66.44
2025-08-08T18:54:12.518077,8.0,52.0,-34.0,-33.0,11.0,13.0,25.0,48.0,-57.0,-27.0,46.0,-11.0,0.2999999999999998,25.19,-22.43,-45.34,-18.64,12.37,23.93,28.26,-45.78,-17.1,23.82,5.440000000000001
2025-08-08T18:54:12.522445,23.0,45.0,-25.0,41.0,0.0,5.0,67.0,-34.0,-120.0,-86.0,29.0,-12.0,15.3,18.19,-13.43,28.66,-29.64,4.37,65.93,-53.739999999999995,-108.78,-76.1,6.82,4.440000000000001
2025-08-08T18:54:12.530561,-19.0,32.0,63.0,37.0,17.0,-24.0,-27.0,-29.0,7.0,-19.0,79.0,2.0,-26.7,5.190000000000001,74.57,24.66,-12.64,-24.63,-28.07,-48.739999999999995,18.22,-9.1,56.82,18.44
2025-08-08T18:54:12.534644,2.0,5.0,48.0,39.0,48.0,-6.0,-13.0,-4.0,-30.0,8.0,5.0,-22.0,-5.7,-21.81,59.57,26.66,18.36,-6.63,-14.07,-23.74,-18.78,17.9,-17.18,-5.559999999999999
2025-08-08T18:54:12.542871,-7.0,63.0,-8.0,-22.0,31.0,-1.0,-28.0,44.0,-26.0,-42.0,71.0,2.0,-14.7,36.19,3.5700000000000003,-34.34,1.3599999999999994,-1.63,-29.07,24.26,-14.78,-32.1,48.82,18.44
2025-08-08T18:54:12.546792,28.0,59.0,-10.0,79.0,30.0,21.0,-19.0,65.0,-77.0,-59.0,27.0,22.0,20.3,32.19,1.5700000000000003,66.66,0.35999999999999943,20.37,-20.07,45.260000000000005,-65.78,-49.1,4.82,38.44
2025-08-08T18:54:12.554801,8.0,56.0,5.0,35.0,59.0,-26.0,8.0,-18.0,-34.0,17.0,16.0,-84.0,0.2999999999999998,29.19,16.57,22.66,29.36,-26.63,6.93,-37.739999999999995,-22.78,26.9,-6.18,-67.56
2025-08-08T18:54:12.559237,-10.0,2.0,39.0,36.0,35.0,21.0,82.0,-62.0,18.0,-31.0,-31.0,-40.0,-17.7,-24.81,50.57,23.66,5.359999999999999,20.37,80.93,-81.74,29.22,-21.1,-53.18,-23.56
2025-08-08T18:54:12.566950,-51.0,-14.0,0.0,30.0,84.0,27.0,-59.0,-2.0,58.0,-1.0,-1.0,-34.0,-58.7,-40.81,11.57,17.66,54.36,26.37,-60.07,-21.74,69.22,8.9,-23.18,-17.56
2025-08-08T18:54:12.571528,-45.0,77.0,28.0,50.0,55.0,9.0,-12.0,-28.0,-51.0,85.0,65.0,-32.0,-52.7,50.19,39.57,37.66,25.36,8.37,-13.07,-47.739999999999995,-39.78,94.9,42.82,-15.559999999999999
2025-08-08T18:54:12.579194,-11.0,2.0,-20.0,-8.0,-4.0,-13.0,52.0,89.0,18.0,28.0,71.0,-16.0,-18.7,-24.81,-8.43,-20.34,-33.64,-13.63,50.93,69.26,29.22,37.9,48.82,0.4400000000000013
2025-08-08T18:54:12.583717,-9.0,59.0,-61.0,132.0,19.0,39.0,-13.0,-30.0,-14.0,-21.0,95.0,-62.0,-16.7,32.19,-49.43,119.66,-10.64,38.37,-14.07,-49.739999999999995,-2.7799999999999994,-11.1,72.82,-45.56
2025-08-08T18:54:12.587975,-19.0,92.0,-7.0,11.0,46.0,23.0,-47.0,26.0,-24.0,17.0,85.0,-28.0,-26.7,65.19,4.57,-1.3399999999999999,16.36,22.37,-48.07,6.260000000000002,-12.78,26.9,62.82,-11.559999999999999
2025-08-08T18:54:12.595721,68.0,-1.0,-113.0,26.0,50.0,27.0,52.0,-3.0,-43.0,-96.0,3.0,63.0,60.3,-27.81,-101.43,13.66,20.36,26.37,50.93,-22.74,-31.78,-86.1,-19.18,79.44
2025-08-08T18:54:12.603741,36.0,-11.0,-37.0,22.0,2.0,15.0,-42.0,36.0,-53.0,-38.0,-31.0,31.0,28.3,-37.81,-25.43,9.66,-27.64,14.37,-43.07,16.26,-41.78,-28.1,-53.18,47.44
2025-08-08T18:54:12.608291,64.0,85.0,-40.0,54.0,34.0,16.0,-6.0,-3.0,-79.0,-37.0,24.0,-16.0,56.3,58.19,-28.43,41.66,4.359999999999999,15.37,-7.07,-22.74,-67.78,-27.1,1.8200000000000003,0.4400000000000013
2025-08-08T18:54:12.612370,18.0,13.0,-23.0,31.0,26.0,-80.0,-32.0,-58.0,-40.0,12.0,58.0,38.0,10.3,-13.809999999999999,-11.43,18.66,-3.6400000000000006,-80.63,-33.07,-77.74,-28.78,21.9,35.82,54.44
2025-08-08T18:54:12.620424,-39.0,-20.0,25.0,48.0,55.0,17.0,69.0,45.0,46.0,-12.0,47.0,15.0,-46.7,-46.81,36.57,35.66,25.36,16.37,67.93,25.26,57.22,-2.0999999999999996,24.82,31.44
2025-08-08T18:54:12.625379,8.0,7.0,26.0,-6.0,27.0,-5.0,-17.0,35.0,-39.0,-41.0,29.0,-19.0,0.2999999999999998,-19.81,37.57,-18.34,-2.6400000000000006,-5.63,-18.07,15.260000000000002,-27.78,-31.1,6.82,-2.5599999999999987
2025-08-08T18:54:12.633671,15.0,-1.0,16.0,-34.0,62.0,-45.0,0.0,8.0,-41.0,51.0,42.0,-15.0,7.3,-27.81,27.57,-46.34,32.36,-45.63,-1.07,-11.739999999999998,-29.78,60.9,19.82,1.4400000000000013
2025-08-08T18:54:12.640566,-35.0,-10.0,-1.0,23.0,-51.0,-17.0,-78.0,35.0,-16.0,-40.0,-19.0,-14.0,-42.7,-36.81,10.57,10.66,-80.64,-17.63,-79.07,15.260000000000002,-4.779999999999999,-30.1,-41.18,2.4400000000000013
2025-08-08T18:54:12.646048,-35.0,28.0,29.0,54.0,83.0,-7.0,-26.0,39.0,66.0,-19.0,45.0,-17.0,-42.7,1.1900000000000013,40.57,41.66,53.36,-7.63,-27.07,19.26,77.22,-9.1,22.82,-0.5599999999999987
2025-08-08T18:54:12.649913,20.0,-12.0,33.0,-30.0,59.0,23.0,15.0,48.0,-26.0,15.0,16.0,5.0,12.3,-38.81,44.57,-42.34,29.36,22.37,13.93,28.26,-14.78,24.9,-6.18,21.44
2025-08-08T18:54:12.658313,-18.0,25.0,-28.0,15.0,40.0,17.0,-78.0,133.0,-42.0,15.0,16.0,-33.0,-25.7,-1.8099999999999987,-16.43,2.66,10.36,16.37,-79.07,113.26,-30.78,24.9,-6.18,-16.56
2025-08-08T18:54:12.661539,97.0,21.0,-30.0,-7.0,-54.0,24.0,-88.0,50.0,-55.0,8.0,-18.0,4.0,89.3,-5.809999999999999,-18.43,-19.34,-83.64,23.37,-89.07,30.26,-43.78,17.9,-40.18,20.44
2025-08-08T18:54:12.669451,21.0,51.0,-40.0,-16.0,9.0,7.0,35.0,56.0,-74.0,71.0,35.0,2.0,13.3,24.19,-28.43,-28.34,-20.64,6.37,33.93,36.260000000000005,-62.78,80.9,12.82,18.44
2025-08-08T18:54:12.673577,-11.0,-10.0,-38.0,6.0,19.0,24.0,7.0,13.0,-26.0,6.0,47.0,1.0,-18.7,-36.81,-26.43,-6.34,-10.64,23.37,5.93,-6.739999999999998,-14.78,15.9,24.82,17.44
2025-08-08T18:54:12.681609,3.0,73.0,14.0,58.0,65.0,23.0,8.0,42.0,-41.0,57.0,25.0,-37.0,-4.7,46.19,25.57,45.66,35.36,22.37,6.93,22.26,-29.78,66.9,2.8200000000000003,-20.56
2025-08-08T18:54:12.685888,26.0,118.0,-4.0,11.0,96.0,3.0,49.0,38.0,-28.0,-13.0,20.0,-4.0,18.3,91.19,7.57,-1.3399999999999999,66.36,2.37,47.93,18.26,-16.78,-3.0999999999999996,-2.1799999999999997,12.440000000000001
2025-08-08T18:54:12.693949,50.0,48.0,-73.0,37.0,12.0,0.0,7.0,69.0,-70.0,-14.0,29.0,-16.0,42.3,21.19,-61.43,24.66,-17.64,-0.63,5.93,49.260000000000005,-58.78,-4.1,6.82,0.4400000000000013
2025-08-08T18:54:12.698242,7.0,61.0,4.0,38.0,24.0,23.0,17.0,-12.0,-27.0,-1.0,1.0,35.0,-0.7000000000000002,34.19,15.57,25.66,-5.640000000000001,22.37,15.93,-31.74,-15.78,8.9,-21.18,51.44
2025-08-08T18:54:12.706256,16.0,41.0,18.0,22.0,-3.0,0.0,-1.0,22.0,-14.0,-48.0,18.0,19.0,8.3,14.190000000000001,29.57,9.66,-32.64,-0.63,-2.0700000000000003,2.2600000000000016,-2.7799999999999994,-38.1,-4.18,35.44
2025-08-08T18:54:12.710524,51.0,50.0,-19.0,35.0,5.0,6.0,2.0,28.0,-56.0,-41.0,68.0,19.0,43.3,23.19,-7.43,22.66,-24.64,5.37,0.9299999999999999,8.260000000000002,-44.78,-31.1,45.82,35.44
2025-08-08T18:54:12.718523,41.0,94.0,-32.0,-11.0,41.0,0.0,-19.0,52.0,-54.0,-22.0,14.0,32.0,33.3,67.19,-20.43,-23.34,11.36,-0.63,-20.07,32.260000000000005,-42.78,-12.1,-8.18,48.44
2025-08-08T18:54:12.723111,47.0,57.0,24.0,11.0,-32.0,-48.0,41.0,70.0,-25.0,-8.0,119.0,-68.0,39.3,30.19,35.57,-1.3399999999999999,-61.64,-48.63,39.93,50.260000000000005,-13.78,1.9000000000000004,96.82,-51.56
2025-08-08T18:54:12.731108,55.0,57.0,-2.0,42.0,30.0,7.0,-14.0,12.0,54.0,16.0,2.0,-48.0,47.3,30.19,9.57,29.66,0.35999999999999943,6.37,-15.07,-7.739999999999998,65.22,25.9,-20.18,-31.56
2025-08-08T18:54:12.735521,74.0,-22.0,2.0,-3.0,5.0,-7.0,-36.0,79.0,-6.0,21.0,30.0,4.0,66.3,-48.81,13.57,-15.34,-24.64,-7.63,-37.07,59.260000000000005,5.220000000000001,30.9,7.82,20.44
2025-08-08T18:54:12.743241,47.0,-19.0,-27.0,46.0,60.0,-24.0,-12.0,-32.0,-1.0,29.0,6.0,-131.0,39.3,-45.81,-15.43,33.66,30.36,-24.63,-13.07,-51.739999999999995,10.22,38.9,-16.18,-114.56
2025-08-08T18:54:12.747874,16.0,8.0,-22.0,-19.0,39.0,62.0,-41.0,73.0,-17.0,20.0,31.0,15.0,8.3,-18.81,-10.43,-31.34,9.36,61.37,-42.07,53.260000000000005,-5.779999999999999,29.9,8.82,31.44
2025-08-08T18:54:12.752382,-5.0,-8.0,-2.0,14.0,39.0,-2.0,-4.0,25.0,-49.0,-22.0,23.0,-3.0,-12.7,-34.81,9.57,1.6600000000000001,9.36,-2.63,-5.07,5.260000000000002,-37.78,-12.1,0.8200000000000003,13.440000000000001
2025-08-08T18:54:12.759815,-33.0,17.0,27.0,4.0,41.0,-33.0,-33.0,2.0,16.0,-49.0,86.0,15.0,-40.7,-9.809999999999999,38.57,-8.34,11.36,-33.63,-34.07,-17.74,27.22,-39.1,63.82,31.44
2025-08-08T18:54:12.767607,-34.0,-20.0,33.0,-10.0,-14.0,-32.0,-38.0,14.0,-28.0,-10.0,51.0,-32.0,-41.7,-46.81,44.57,-22.34,-43.64,-32.63,-39.07,-5.739999999999998,-16.78,-0.09999999999999964,28.82,-15.559999999999999
2025-08-08T18:54:12.772184,16.0,-34.0,-17.0,39.0,2.0,-5.0,-14.0,28.0,-84.0,9.0,15.0,0.0,8.3,-60.81,-5.43,26.66,-27.64,-5.63,-15.07,8.260000000000002,-72.78,18.9,-7.18,16.44
2025-08-08T18:54:12.781252,-11.0,65.0,7.0,44.0,-38.0,-10.0,27.0,10.0,-44.0,10.0,-33.0,-2.0,-18.7,38.19,18.57,31.66,-67.64,-10.63,25.93,-9.739999999999998,-32.78,19.9,-55.18,14.440000000000001
2025-08-08T18:54:12.786343,-26.0,54.0,-1.0,-4.0,19.0,-11.0,73.0,25.0,-27.0,-25.0,-11.0,-26.0,-33.7,27.19,10.57,-16.34,-10.64,-11.63,71.93,5.260000000000002,-15.78,-15.1,-33.18,-9.559999999999999
2025-08-08T18:54:12.789358,-47.0,17.0,19.0,24.0,-26.0,24.0,18.0,-1.0,-43.0,-17.0,-8.0,-23.0,-54.7,-9.809999999999999,30.57,11.66,-55.64,23.37,16.93,-20.74,-31.78,-7.1,-30.18,-6.559999999999999
2025-08-08T18:54:12.796708,66.0,47.0,30.0,32.0,26.0,33.0,-9.0,64.0,-35.0,-114.0,-23.0,7.0,58.3,20.19,41.57,19.66,-3.6400000000000006,32.37,-10.07,44.260000000000005,-23.78,-104.1,-45.18,23.44
2025-08-08T18:54:12.801615,3.0,-18.0,0.0,47.0,47.0,60.0,-3.0,10.0,-54.0,-27.0,99.0,-21.0,-4.7,-44.81,11.57,34.66,17.36,59.37,-4.07,-9.739999999999998,-42.78,-17.1,76.82,-4.559999999999999
2025-08-08T18:54:12.809206,-23.0,89.0,-13.0,27.0,-33.0,-5.0,25.0,19.0,-31.0,-27.0,58.0,-1.0,-30.7,62.19,-1.4299999999999997,14.66,-62.64,-5.63,23.93,-0.7399999999999984,-19.78,-17.1,35.82,15.440000000000001
2025-08-08T18:54:12.814338,-2.0,74.0,-49.0,16.0,41.0,31.0,21.0,75.0,-8.0,22.0,58.0,-43.0,-9.7,47.19,-37.43,3.66,11.36,30.37,19.93,55.260000000000005,3.2200000000000006,31.9,35.82,-26.56
2025-08-08T18:54:12.821656,-26.0,42.0,27.0,30.0,-26.0,66.0,19.0,102.0,-31.0,64.0,10.0,-56.0,-33.7,15.190000000000001,38.57,17.66,-55.64,65.37,17.93,82.26,-19.78,73.9,-12.18,-39.56
2025-08-08T18:54:12.826212,-12.0,35.0,-22.0,21.0,5.0,38.0,10.0,84.0,-23.0,-4.0,-36.0,26.0,-19.7,8.190000000000001,-10.43,8.66,-24.64,37.37,8.93,64.26,-11.78,5.9,-58.18,42.44
2025-08-08T18:54:12.833504,-35.0,-2.0,3.0,-1.0,14.0,33.0,58.0,2.0,-43.0,-54.0,-57.0,16.0,-42.7,-28.81,14.57,-13.34,-15.64,32.37,56.93,-17.74,-31.78,-44.1,-79.18,32.44
2025-08-08T18:54:12.838331,-19.0,16.0,-15.0,18.0,59.0,4.0,-7.0,49.0,-86.0,-14.0,14.0,-5.0,-26.7,-10.809999999999999,-3.4299999999999997,5.66,29.36,3.37,-8.07,29.26,-74.78,-4.1,-8.18,11.440000000000001
2025-08-08T18:54:12.846995,13.0,93.0,-34.0,25.0,90.0,13.0,-28.0,40.0,-10.0,-27.0,22.0,29.0,5.3,66.19,-22.43,12.66,60.36,12.37,-29.07,20.26,1.2200000000000006,-17.1,-0.17999999999999972,45.44
2025-08-08T18:54:12.850581,31.0,-48.0,-34.0,39.0,-25.0,22.0,6.0,23.0,-9.0,-51.0,20.0,-23.0,23.3,-74.81,-22.43,26.66,-54.64,21.37,4.93,3.2600000000000016,2.2200000000000006,-41.1,-2.1799999999999997,-6.559999999999999
2025-08-08T18:54:12.858293,4.0,23.0,-93.0,9.0,47.0,85.0,-14.0,28.0,15.0,-29.0,61.0,-12.0,-3.7,-3.8099999999999987,-81.43,-3.34,17.36,84.37,-15.07,8.260000000000002,26.22,-19.1,38.82,4.440000000000001
2025-08-08T18:54:12.863024,65.0,-31.0,1.0,-24.0,50.0,-37.0,19.0,48.0,47.0,0.0,65.0,-17.0,57.3,-57.81,12.57,-36.34,20.36,-37.63,17.93,28.26,58.22,9.9,42.82,-0.5599999999999987
2025-08-08T18:54:12.870378,6.0,27.0,-17.0,52.0,-11.0,-53.0,-75.0,79.0,-12.0,0.0,59.0,6.0,-1.7000000000000002,0.19000000000000128,-5.43,39.66,-40.64,-53.63,-76.07,59.260000000000005,-0.7799999999999994,9.9,36.82,22.44
2025-08-08T18:54:12.875260,6.0,-3.0,0.0,-36.0,57.0,7.0,-22.0,-19.0,23.0,3.0,25.0,-66.0,-1.7000000000000002,-29.81,11.57,-48.34,27.36,6.37,-23.07,-38.739999999999995,34.22,12.9,2.8200000000000003,-49.56
2025-08-08T18:54:12.882643,27.0,0.0,18.0,-108.0,9.0,29.0,26.0,96.0,-49.0,-37.0,108.0,3.0,19.3,-26.81,29.57,-120.34,-20.64,28.37,24.93,76.26,-37.78,-27.1,85.82,19.44
2025-08-08T18:54:12.887223,-9.0,56.0,-19.0,29.0,-5.0,14.0,30.0,76.0,-107.0,0.0,37.0,-21.0,-16.7,29.19,-7.43,16.66,-34.64,13.37,28.93,56.260000000000005,-95.78,9.9,14.82,-4.559999999999999
2025-08-08T18:54:12.894985,19.0,12.0,-9.0,65.0,72.0,-21.0,-4.0,18.0,3.0,-42.0,86.0,-41.0,11.3,-14.809999999999999,2.5700000000000003,52.66,42.36,-21.63,-5.07,-1.7399999999999984,14.22,-32.1,63.82,-24.56
2025-08-08T18:54:12.899244,-13.0,51.0,-71.0,-4.0,18.0,6.0,-36.0,53.0,-11.0,37.0,63.0,34.0,-20.7,24.19,-59.43,-16.34,-11.64,5.37,-37.07,33.260000000000005,0.22000000000000064,46.9,40.82,50.44
2025-08-08T18:54:12.907476,4.0,-35.0,27.0,-40.0,-18.0,-27.0,-46.0,36.0,-47.0,-40.0,62.0,-65.0,-3.7,-61.81,38.57,-52.34,-47.64,-27.63,-47.07,16.26,-35.78,-30.1,39.82,-48.56
2025-08-08T18:54:12.911546,-7.0,-5.0,-31.0,47.0,60.0,8.0,15.0,66.0,-34.0,31.0,17.0,-12.0,-14.7,-31.81,-19.43,34.66,30.36,7.37,13.93,46.260000000000005,-22.78,40.9,-5.18,4.440000000000001
2025-08-08T18:54:12.919576,2.0,11.0,-16.0,38.0,19.0,-40.0,2.0,23.0,-12.0,-32.0,-29.0,-77.0,-5.7,-15.809999999999999,-4.43,25.66,-10.64,-40.63,0.9299999999999999,3.2600000000000016,-0.7799999999999994,-22.1,-51.18,-60.56
2025-08-08T18:54:12.923956,58.0,16.0,-28.0,-37.0,-56.0,-20.0,54.0,-23.0,-4.0,60.0,60.0,16.0,50.3,-10.809999999999999,-16.43,-49.34,-85.64,-20.63,52.93,-42.739999999999995,7.220000000000001,69.9,37.82,32.44
2025-08-08T18:54:12.931783,-11.0,-29.0,-23.0,-36.0,-56.0,12.0,-9.0,23.0,-39.0,-14.0,18.0,11.0,-18.7,-55.81,-11.43,-48.34,-85.64,11.37,-10.07,3.2600000000000016,-27.78,-4.1,-4.18,27.44
2025-08-08T18:54:12.935791,47.0,-16.0,-23.0,54.0,-22.0,-12.0,-22.0,58.0,11.0,-58.0,-50.0,-49.0,39.3,-42.81,-11.43,41.66,-51.64,-12.63,-23.07,38.260000000000005,22.22,-48.1,-72.18,-32.56
2025-08-08T18:54:12.943818,-6.0,-7.0,-63.0,41.0,-9.0,-15.0,-7.0,10.0,10.0,-57.0,79.0,-9.0,-13.7,-33.81,-51.43,28.66,-38.64,-15.63,-8.07,-9.739999999999998,21.22,-47.1,56.82,7.440000000000001
2025-08-08T18:54:12.948047,-49.0,39.0,-24.0,-6.0,30.0,66.0,6.0,11.0,14.0,-16.0,58.0,13.0,-56.7,12.190000000000001,-12.43,-18.34,0.35999999999999943,65.37,4.93,-8.739999999999998,25.22,-6.1,35.82,29.44
2025-08-08T18:54:12.952137,-13.0,31.0,-49.0,58.0,96.0,18.0,-8.0,1.0,-30.0,3.0,-6.0,-10.0,-20.7,4.190000000000001,-37.43,45.66,66.36,17.37,-9.07,-18.74,-18.78,12.9,-28.18,6.440000000000001
2025-08-08T18:54:12.960292,-17.0,19.0,-70.0,-40.0,73.0,76.0,-36.0,-42.0,-37.0,-61.0,-8.0,13.0,-24.7,-7.809999999999999,-58.43,-52.34,43.36,75.37,-37.07,-61.739999999999995,-25.78,-51.1,-30.18,29.44
2025-08-08T18:54:12.964380,4.0,110.0,-79.0,-22.0,37.0,15.0,-52.0,60.0,-37.0,21.0,55.0,-16.0,-3.7,83.19,-67.43,-34.34,7.359999999999999,14.37,-53.07,40.260000000000005,-25.78,30.9,32.82,0.4400000000000013
2025-08-08T18:54:12.972656,40.0,61.0,-30.0,-5.0,24.0,-2.0,-26.0,82.0,-42.0,2.0,42.0,-69.0,32.3,34.19,-18.43,-17.34,-5.640000000000001,-2.63,-27.07,62.260000000000005,-30.78,11.9,19.82,-52.56
2025-08-08T18:54:12.976655,3.0,81.0,-16.0,63.0,44.0,2.0,-52.0,38.0,-61.0,-33.0,95.0,-7.0,-4.7,54.19,-4.43,50.66,14.36,1.37,-53.07,18.26,-49.78,-23.1,72.82,9.440000000000001
2025-08-08T18:54:12.984687,51.0,10.0,-24.0,52.0,19.0,-21.0,21.0,44.0,-6.0,-29.0,17.0,34.0,43.3,-16.81,-12.43,39.66,-10.64,-21.63,19.93,24.26,5.220000000000001,-19.1,-5.18,50.44
2025-08-08T18:54:12.988887,46.0,67.0,-82.0,24.0,1.0,22.0,46.0,11.0,-34.0,5.0,75.0,17.0,38.3,40.19,-70.43,11.66,-28.64,21.37,44.93,-8.739999999999998,-22.78,14.9,52.82,33.44
2025-08-08T18:54:12.997121,25.0,-66.0,-77.0,-45.0,22.0,-25.0,8.0,52.0,9.0,26.0,42.0,-38.0,17.3,-92.81,-65.43,-57.34,-7.640000000000001,-25.63,6.93,32.260000000000005,20.22,35.9,19.82,-21.56
2025-08-08T18:54:13.001389,86.0,19.0,-54.0,-39.0,7.0,27.0,-10.0,19.0,-83.0,4.0,29.0,-44.0,78.3,-7.809999999999999,-42.43,-51.34,-22.64,26.37,-11.07,-0.7399999999999984,-71.78,13.9,6.82,-27.56
2025-08-08T18:54:13.009291,-18.0,51.0,-26.0,64.0,93.0,-31.0,8.0,28.0,-37.0,-53.0,51.0,4.0,-25.7,24.19,-14.43,51.66,63.36,-31.63,6.93,8.260000000000002,-25.78,-43.1,28.82,20.44
2025-08-08T18:54:13.013737,-3.0,-6.0,-17.0,74.0,12.0,0.0,-19.0,40.0,-19.0,-48.0,38.0,-47.0,-10.7,-32.81,-5.43,61.66,-17.64,-0.63,-20.07,20.26,-7.779999999999999,-38.1,15.82,-30.56
2025-08-08T18:54:13.021715,13.0,31.0,27.0,32.0,26.0,46.0,17.0,92.0,-13.0,19.0,-25.0,61.0,5.3,4.190000000000001,38.57,19.66,-3.6400000000000006,45.37,15.93,72.26,-1.7799999999999994,28.9,-47.18,77.44
2025-08-08T18:54:13.026062,52.0,-47.0,0.0,-9.0,-9.0,34.0,54.0,-57.0,25.0,-1.0,60.0,-30.0,44.3,-73.81,11.57,-21.34,-38.64,33.37,52.93,-76.74,36.22,8.9,37.82,-13.559999999999999
2025-08-08T18:54:13.033870,87.0,0.0,21.0,-16.0,-2.0,33.0,68.0,-45.0,-31.0,3.0,8.0,15.0,79.3,-26.81,32.57,-28.34,-31.64,32.37,66.93,-64.74,-19.78,12.9,-14.18,31.44
2025-08-08T18:54:13.038438,-7.0,38.0,128.0,69.0,66.0,-50.0,63.0,74.0,24.0,-14.0,41.0,-10.0,-14.7,11.190000000000001,139.57,56.66,36.36,-50.63,61.93,54.260000000000005,35.22,-4.1,18.82,6.440000000000001
2025-08-08T18:54:13.046311,-30.0,29.0,61.0,27.0,41.0,52.0,-16.0,-14.0,-30.0,-29.0,51.0,27.0,-37.7,2.1900000000000013,72.57,14.66,11.36,51.37,-17.07,-33.739999999999995,-18.78,-19.1,28.82,43.44
2025-08-08T18:54:13.051215,14.0,12.0,-26.0,15.0,-33.0,-22.0,33.0,7.0,22.0,11.0,50.0,-35.0,6.3,-14.809999999999999,-14.43,2.66,-62.64,-22.63,31.93,-12.739999999999998,33.22,20.9,27.82,-18.56
2025-08-08T18:54:13.058851,12.0,-20.0,-48.0,-3.0,38.0,15.0,24.0,20.0,-4.0,-20.0,26.0,-59.0,4.3,-46.81,-36.43,-15.34,8.36,14.37,22.93,0.26000000000000156,7.220000000000001,-10.1,3.8200000000000003,-42.56
2025-08-08T18:54:13.063355,-10.0,72.0,-57.0,-26.0,27.0,23.0,-3.0,50.0,-7.0,35.0,46.0,-28.0,-17.7,45.19,-45.43,-38.34,-2.6400000000000006,22.37,-4.07,30.26,4.220000000000001,44.9,23.82,-11.559999999999999
2025-08-08T18:54:13.070928,-18.0,2.0,-15.0,62.0,1.0,48.0,-82.0,33.0,-90.0,-50.0,-14.0,6.0,-25.7,-24.81,-3.4299999999999997,49.66,-28.64,47.37,-83.07,13.260000000000002,-78.78,-40.1,-36.18,22.44
2025-08-08T18:54:13.075465,11.0,50.0,-55.0,-35.0,48.0,-27.0,-69.0,35.0,-57.0,-36.0,-56.0,-13.0,3.3,23.19,-43.43,-47.34,18.36,-27.63,-70.07,15.260000000000002,-45.78,-26.1,-78.18,3.4400000000000013
2025-08-08T18:54:13.083362,31.0,36.0,41.0,5.0,52.0,-20.0,39.0,66.0,-17.0,-29.0,53.0,-14.0,23.3,9.190000000000001,52.57,-7.34,22.36,-20.63,37.93,46.260000000000005,-5.779999999999999,-19.1,30.82,2.4400000000000013
2025-08-08T18:54:13.087640,4.0,32.0,-72.0,-55.0,26.0,-13.0,14.0,3.0,-2.0,-42.0,-27.0,38.0,-3.7,5.190000000000001,-60.43,-67.34,-3.6400000000000006,-13.63,12.93,-16.74,9.22,-32.1,-49.18,54.44
2025-08-08T18:54:13.096105,55.0,24.0,-18.0,17.0,-22.0,-28.0,-38.0,-34.0,-12.0,-40.0,4.0,-20.0,47.3,-2.8099999999999987,-6.43,4.66,-51.64,-28.63,-39.07,-53.739999999999995,-0.7799999999999994,-30.1,-18.18,-3.5599999999999987
2025-08-08T18:54:13.107247,23.0,51.0,-54.0,17.0,-16.0,54.0,-57.0,34.0,-22.0,-89.0,-13.0,12.0,15.3,24.19,-42.43,4.66,-45.64,53.37,-58.07,14.260000000000002,-10.78,-79.1,-35.18,28.44
2025-08-08T18:54:13.113701,-32.0,20.0,41.0,2.0,55.0,14.0,12.0,-38.0,14.0,-53.0,10.0,9.0,-39.7,-6.809999999999999,52.57,-10.34,25.36,13.37,10.93,-57.739999999999995,25.22,-43.1,-12.18,25.44
2025-08-08T18:54:13.118040,22.0,47.0,-9.0,36.0,91.0,-9.0,-20.0,62.0,16.0,-3.0,74.0,49.0,14.3,20.19,2.5700000000000003,23.66,61.36,-9.63,-21.07,42.260000000000005,27.22,6.9,51.82,65.44
2025-08-08T18:54:13.121983,31.0,41.0,-75.0,109.0,17.0,-6.0,-23.0,36.0,-7.0,-11.0,16.0,-48.0,23.3,14.190000000000001,-63.43,96.66,-12.64,-6.63,-24.07,16.26,4.220000000000001,-1.0999999999999996,-6.18,-31.56
2025-08-08T18:54:13.124678,-20.0,36.0,5.0,19.0,50.0,-6.0,14.0,29.0,81.0,47.0,42.0,-34.0,-27.7,9.190000000000001,16.57,6.66,20.36,-6.63,12.93,9.260000000000002,92.22,56.9,19.82,-17.56
2025-08-08T18:54:13.128196,-7.0,-38.0,-61.0,9.0,85.0,24.0,5.0,3.0,43.0,-49.0,67.0,5.0,-14.7,-64.81,-49.43,-3.34,55.36,23.37,3.9299999999999997,-16.74,54.22,-39.1,44.82,21.44
2025-08-08T18:54:13.136356,64.0,31.0,91.0,4.0,56.0,-66.0,8.0,-1.0,-4.0,-27.0,104.0,-19.0,56.3,4.190000000000001,102.57,-8.34,26.36,-66.63,6.93,-20.74,7.220000000000001,-17.1,81.82,-2.5599999999999987
2025-08-08T18:54:13.140522,-2.0,43.0,-2.0,64.0,19.0,22.0,-16.0,24.0,-34.0,-89.0,-16.0,-45.0,-9.7,16.19,9.57,51.66,-10.64,21.37,-17.07,4.260000000000002,-22.78,-79.1,-38.18,-28.56
2025-08-08T18:54:13.148699,47.0,59.0,30.0,1.0,7.0,8.0,-4.0,-14.0,-23.0,-29.0,78.0,-42.0,39.3,32.19,41.57,-11.34,-22.64,7.37,-5.07,-33.739999999999995,-11.78,-19.1,55.82,-25.56
2025-08-08T18:54:13.152763,21.0,-3.0,16.0,1.0,-13.0,-27.0,-21.0,18.0,-87.0,-61.0,61.0,-51.0,13.3,-29.81,27.57,-11.34,-42.64,-27.63,-22.07,-1.7399999999999984,-75.78,-51.1,38.82,-34.56
2025-08-08T18:54:13.161018,45.0,53.0,30.0,60.0,-7.0,13.0,-39.0,41.0,-32.0,-23.0,11.0,-18.0,37.3,26.19,41.57,47.66,-36.64,12.37,-40.07,21.26,-20.78,-13.1,-11.18,-1.5599999999999987
2025-08-08T18:54:13.165068,20.0,43.0,20.0,26.0,85.0,9.0,37.0,-4.0,-52.0,-15.0,36.0,-86.0,12.3,16.19,31.57,13.66,55.36,8.37,35.93,-23.74,-40.78,-5.1,13.82,-69.56
