-------------------------------------------------------------------------------- OOD Mat
X_train: (2520, 168) | X_test: (1500, 168) | n_classes: 5

=== Combined (mat,tex) SVM — Test Metrics ===
Accuracy        : 0.6400
Precision (macro): 0.6558
Recall (macro)   : 0.6400
F1 (macro)       : 0.6419
F1 (micro)       : 0.6400

Confusion Matrix (rows=true, cols=pred):
[[165 131   0   0   4]
 [146 146   0   0   8]
 [  0   0 227  66   7]
 [  0   0  44 237  19]
 [ 26   2   6  81 185]]

Classification Report (per combined class):
              precision    recall  f1-score   support

       mat=0       0.49      0.55      0.52       300
       mat=1       0.52      0.49      0.50       300
       mat=2       0.82      0.76      0.79       300
       mat=3       0.62      0.79      0.69       300
       mat=4       0.83      0.62      0.71       300

    accuracy                           0.64      1500
   macro avg       0.66      0.64      0.64      1500
weighted avg       0.66      0.64      0.64      1500

-------------------------------------------------------------------------------- OOD Tex
X_train: (2520, 168) | X_test: (1500, 168) | n_classes: 6

=== Combined (mat,tex) SVM — Test Metrics ===
Accuracy        : 0.8847
Precision (macro): 0.8884
Recall (macro)   : 0.8847
F1 (macro)       : 0.8836
F1 (micro)       : 0.8847

Confusion Matrix (rows=true, cols=pred):
[[250   0   0   0   0   0]
 [  0 207   0  36   0   7]
 [  0   0 199   0   2  49]
 [  0   6   1 242   0   1]
 [  0   0   0   0 245   5]
 [  0   1  19   0  46 184]]

Classification Report (per combined class):
              precision    recall  f1-score   support

       tex=0       1.00      1.00      1.00       250
       tex=1       0.97      0.83      0.89       250
       tex=2       0.91      0.80      0.85       250
       tex=3       0.87      0.97      0.92       250
       tex=4       0.84      0.98      0.90       250
       tex=5       0.75      0.74      0.74       250

    accuracy                           0.88      1500
   macro avg       0.89      0.88      0.88      1500
weighted avg       0.89      0.88      0.88      1500

-------------------------------------------------------------------------------- OOD Dual

X_train: (2520, 168) | X_test: (1500, 168) | n_classes: 30

=== Combined (mat,tex) SVM — Test Metrics ===
Accuracy        : 0.5480
Precision (macro): 0.5819
Recall (macro)   : 0.5480
F1 (macro)       : 0.5398
F1 (micro)       : 0.5480

Confusion Matrix (rows=true, cols=pred):
[[ 5  0  0  0  0  0 41  0  0  0  0  0  0  0  0  0  0  0  0  0  0  0  0  0
   4  0  0  0  0  0]
 [ 0 20  0  7  0  0  0 20  0  3  0  0  0  0  0  0  0  0  0  0  0  0  0  0
   0  0  0  0  0  0]
 [ 0  0 20  0  0  4  0  0 26  0  0  0  0  0  0  0  0  0  0  0  0  0  0  0
   0  0  0  0  0  0]
 [ 0  0  0 10  0  0  0  0  0 40  0  0  0  0  0  0  0  0  0  0  0  0  0  0
   0  0  0  0  0  0]
 [ 0  0  0  0 21  0  0  0  0  0 29  0  0  0  0  0  0  0  0  0  0  0  0  0
   0  0  0  0  0  0]
 [ 0  0  0  0  0 33  0  0  8  0  0  9  0  0  0  0  0  0  0  0  0  0  0  0
   0  0  0  0  0  0]
 [15  0  0  0  0  0 26  0  0  0  0  0  0  0  0  0  0  0  0  0  0  0  0  0
   9  0  0  0  0  0]
 [ 0 22  0  7  0  0  0 20  0  1  0  0  0  0  0  0  0  0  0  0  0  0  0  0
   0  0  0  0  0  0]
 [ 0  0  5  0  0  5  0  0 40  0  0  0  0  0  0  0  0  0  0  0  0  0  0  0
   0  0  0  0  0  0]
 [ 0  0  0  6  0  0  0  0  0 44  0  0  0  0  0  0  0  0  0  0  0  0  0  0
   0  0  0  0  0  0]
 [ 0  0  0  0 40  0  0  0  0  0 10  0  0  0  0  0  0  0  0  0  0  0  0  0
   0  0  0  0  0  0]
 [ 0  0  0  0  6 23  0  0  2  0 10  9  0  0  0  0  0  0  0  0  0  0  0  0
   0  0  0  0  0  0]
 [ 0  0  0  0  0  0  0  0  0  0  0  0 35  0  0  0  0  0 15  0  0  0  0  0
   0  0  0  0  0  0]
 [ 0  0  0  0  0  0  0  0  0  0  0  0  0 41  0  0  0  0  0  9  0  0  0  0
   0  0  0  0  0  0]
 [ 0  0  0  0  0  0  0  0  0  0  0  0  0  0 26  0  9  4  0  0  6  0  0  5
   0  0  0  0  0  0]
 [ 0  0  0  0  0  0  0  0  0  0  0  0  0  0  0 40  0  0  0  1  0  6  0  0
   0  2  1  0  0  0]
 [ 0  0  0  0  0  0  0  0  0  0  0  0  0  0  0  0 42  1  0  0  0  0  7  0
   0  0  0  0  0  0]
 [ 0  0  0  0  0  0  0  0  0  0  0  0  0  0  6  0 13 20  0  0  0  0  4  7
   0  0  0  0  0  0]
 [ 0  0  0  0  0  0  0  0  0  0  0  0  5  0  0  0  0  0 39  0  0  0  0  0
   6  0  0  0  0  0]
 [ 0  0  0  0  0  0  0  0  0  0  0  0  0  0  0 10  0  0  0 25  0  0  0  0
   0 15  0  0  0  0]
 [ 0  0  0  0  0  0  0  0  0  0  0  0  0  0  1  0  0  2  0  0 42  0  3  2
   0  0  0  0  0  0]
 [ 0  0  0  0  0  0  0  0  0  0  0  0  0  0  0 14  0  0  0  1  0 34  0  0
   0  1  0  0  0  0]
 [ 0  0  0  0  0  0  0  0  0  0  0  0  0  0  0  0  6  4  0  0  0  0 40  0
   0  0  0  0  0  0]
 [ 0  0  0  0  0  0  0  0  0  0  0  0  0  0  0  0 20  4  0  0  0  0 10 16
   0  0  0  0  0  0]
 [ 0  0  0  0  0  0 12  0  0  0  0  0  0  0  0  0  0  0  4  0  0  0  0  0
  34  0  0  0  0  0]
 [ 0 10  0  1  0  0  0  0  0  0  0  0  0  0  0 13  0  0  0  0  0  0  0  0
   0 26  0  0  0  0]
 [ 0  0  0  0  0  0  0  0  0  0  0  0  0  0  0  0  0  3  0  0  0  0  1 38
   0  0  5  0  0  3]
 [ 0  0  0  3  0  0  0  0  0  0  0  0  1  0  0  0  0  0  0  0  0 17  0  0
   0  0  0 29  0  0]
 [ 0  0  0  0  0  0  0  0  0  0  0  0  0  0  0  0  2  1  0  0  0  0 11  4
   0  0  1  0 31  0]
 [ 0  0  0  0  0  0  0  0  0  0  0  0  0  0  0  0  0  0  0  0  0  0  2  6
   0  0  3  0  0 39]]

Classification Report (per combined class):
              precision    recall  f1-score   support

 mat=0|tex=0       0.25      0.10      0.14        50
 mat=0|tex=1       0.38      0.40      0.39        50
 mat=0|tex=2       0.80      0.40      0.53        50
 mat=0|tex=3       0.29      0.20      0.24        50
 mat=0|tex=4       0.31      0.42      0.36        50
 mat=0|tex=5       0.51      0.66      0.57        50
 mat=1|tex=0       0.33      0.52      0.40        50
 mat=1|tex=1       0.50      0.40      0.44        50
 mat=1|tex=2       0.53      0.80      0.63        50
 mat=1|tex=3       0.50      0.88      0.64        50
 mat=1|tex=4       0.20      0.20      0.20        50
 mat=1|tex=5       0.50      0.18      0.26        50
 mat=2|tex=0       0.85      0.70      0.77        50
 mat=2|tex=1       1.00      0.82      0.90        50
 mat=2|tex=2       0.79      0.52      0.63        50
 mat=2|tex=3       0.52      0.80      0.63        50
 mat=2|tex=4       0.46      0.84      0.59        50
 mat=2|tex=5       0.51      0.40      0.45        50
 mat=3|tex=0       0.67      0.78      0.72        50
 mat=3|tex=1       0.69      0.50      0.58        50
 mat=3|tex=2       0.88      0.84      0.86        50
 mat=3|tex=3       0.60      0.68      0.64        50
 mat=3|tex=4       0.51      0.80      0.62        50
 mat=3|tex=5       0.21      0.32      0.25        50
 mat=4|tex=0       0.64      0.68      0.66        50
 mat=4|tex=1       0.59      0.52      0.55        50
 mat=4|tex=2       0.50      0.10      0.17        50
 mat=4|tex=3       1.00      0.58      0.73        50
 mat=4|tex=4       1.00      0.62      0.77        50
 mat=4|tex=5       0.93      0.78      0.85        50

    accuracy                           0.55      1500
   macro avg       0.58      0.55      0.54      1500
weighted avg       0.58      0.55      0.54      1500
