-------------------------------------------------------------------------------- ID Mat
X_train: (2520, 168) | X_test: (1500, 168) | n_classes: 5

=== Combined (mat,tex) SVM — Test Metrics ===
Accuracy        : 0.8347
Precision (macro): 0.8342
Recall (macro)   : 0.8338
F1 (macro)       : 0.8340
F1 (micro)       : 0.8347

Confusion Matrix (rows=true, cols=pred):
[[231  60   0   0   1]
 [ 62 219   0   0   1]
 [  0   0 279  42   0]
 [  0   0  34 257  22]
 [  3   2   1  20 266]]

Classification Report (per combined class):
              precision    recall  f1-score   support

       mat=0       0.78      0.79      0.79       292
       mat=1       0.78      0.78      0.78       282
       mat=2       0.89      0.87      0.88       321
       mat=3       0.81      0.82      0.81       313
       mat=4       0.92      0.91      0.91       292

    accuracy                           0.83      1500
   macro avg       0.83      0.83      0.83      1500
weighted avg       0.84      0.83      0.83      1500

-------------------------------------------------------------------------------- ID Tex
X_train: (2520, 168) | X_test: (1500, 168) | n_classes: 6

=== Combined (mat,tex) SVM — Test Metrics ===
Accuracy        : 0.9540
Precision (macro): 0.9532
Recall (macro)   : 0.9531
F1 (macro)       : 0.9531
F1 (micro)       : 0.9540

Confusion Matrix (rows=true, cols=pred):
[[244   0   0   0   0   0]
 [  0 265   0   0   0   0]
 [  0   7 217   0   1  15]
 [  0   0   0 252   0   0]
 [  0   0   1   0 240  11]
 [  0   0  28   0   6 213]]

Classification Report (per combined class):
              precision    recall  f1-score   support

       tex=0       1.00      1.00      1.00       244
       tex=1       0.97      1.00      0.99       265
       tex=2       0.88      0.90      0.89       240
       tex=3       1.00      1.00      1.00       252
       tex=4       0.97      0.95      0.96       252
       tex=5       0.89      0.86      0.88       247

    accuracy                           0.95      1500
   macro avg       0.95      0.95      0.95      1500
weighted avg       0.95      0.95      0.95      1500

-------------------------------------------------------------------------------- ID Dual
X_train: (2520, 168) | X_test: (1500, 168) | n_classes: 30

=== Combined (mat,tex) SVM — Test Metrics ===
Accuracy        : 0.8120
Precision (macro): 0.8172
Recall (macro)   : 0.8120
F1 (macro)       : 0.8090
F1 (micro)       : 0.8120

Confusion Matrix (rows=true, cols=pred):
[[30  0  0  0  0  0 17  0  0  0  0  0  0  0  0  0  0  0  0  0  0  0  0  0
   1  0  0  0  0  0]
 [ 0 42  0  1  0  0  0  2  0  0  0  0  0  0  0  0  0  0  0  0  0  0  0  0
   0  0  0  0  0  0]
 [ 0  0 35  0  0  1  0  0  9  0  0  0  0  0  0  0  0  0  0  0  0  0  0  0
   0  0  0  0  0  0]
 [ 0  0  0 30  0  0  0  0  0 21  0  0  0  0  0  0  0  0  0  0  0  0  0  0
   0  0  0  0  0  0]
 [ 0  0  0  0 47  0  0  0  0  0 10  0  0  0  0  0  0  0  0  0  0  0  0  0
   0  0  0  0  0  0]
 [ 0  0  1  0  0 44  0  0  1  0  0  0  0  0  0  0  0  0  0  0  0  0  0  0
   0  0  0  0  0  0]
 [ 8  0  0  0  0  0 34  0  0  0  0  0  0  0  0  0  0  0  0  0  0  0  0  0
   1  0  0  0  0  0]
 [ 0 22  0  0  0  0  0 34  0  0  0  0  0  0  0  0  0  0  0  0  0  0  0  0
   0  0  0  0  0  0]
 [ 0  0  4  0  0  1  0  0 41  0  0  0  0  0  0  0  0  0  0  0  0  0  0  0
   0  0  0  0  0  0]
 [ 0  0  0  7  0  0  0  0  0 42  0  0  0  0  0  0  0  0  0  0  0  0  0  0
   0  0  0  0  0  0]
 [ 0  0  0  0  9  0  0  0  0  0 30  0  0  0  0  0  0  0  0  0  0  0  0  0
   0  0  0  0  0  0]
 [ 0  0  0  0  0  0  0  0  0  0  0 49  0  0  0  0  0  0  0  0  0  0  0  0
   0  0  0  0  0  0]
 [ 0  0  0  0  0  0  0  0  0  0  0  0 47  0  0  0  0  0  3  0  0  0  0  0
   0  0  0  0  0  0]
 [ 0  0  0  0  0  0  0  0  0  0  0  0  0 41  0  0  0  0  0 12  0  0  0  0
   0  0  0  0  0  0]
 [ 0  0  0  0  0  0  0  0  0  0  0  0  0  7 34  0  1  6  0  0  7  0  0  0
   0  0  0  0  0  0]
 [ 0  0  0  0  0  0  0  0  0  0  0  0  0  0  0 51  0  0  0  0  0  5  0  0
   0  0  0  0  0  0]
 [ 0  0  0  0  0  0  0  0  0  0  0  0  0  0  0  0 43  2  0  0  0  0  3  7
   0  0  0  0  0  0]
 [ 0  0  0  0  0  0  0  0  0  0  0  0  0  0  2  0  3 37  0  0  4  0  1  5
   0  0  0  0  0  0]
 [ 0  0  0  0  0  0  0  0  0  0  0  0 10  0  0  0  0  0 47  0  0  0  0  0
   0  0  0  0  0  0]
 [ 0  0  0  0  0  0  0  0  0  0  0  0  0  2  0  0  0  0  0 57  0  0  0  0
   0  2  0  0  0  0]
 [ 0  0  0  0  0  0  0  0  0  0  0  0  0  0  2  0  0  5  0  0 36  0  0  5
   0  0  1  0  0  1]
 [ 0  0  0  0  0  0  0  0  0  0  0  0  0  0  0  7  0  0  0  0  0 31  0  0
   0  0  0  4  0  0]
 [ 0  0  0  0  0  0  0  0  0  0  0  0  0  0  0  0  2  0  0  1  0  0 48  1
   0  0  0  0  0  1]
 [ 0  0  0  0  0  0  0  0  0  0  0  0  0  0  0  0  5  3  0  0  6  0  8 22
   0  0  1  0  0  5]
 [ 0  0  0  0  0  0  1  0  0  0  0  0  0  0  0  0  0  0  0  0  0  0  0  0
  45  0  0  0  0  0]
 [ 0  0  0  0  0  0  0  0  0  0  0  0  0  0  0  0  0  0  0  0  0  0  0  0
   0 50  0  0  0  0]
 [ 0  0  0  0  0  0  0  0  0  0  0  0  0  0  1  0  0  2  0  0  2  0  0  4
   0  0 30  0  0  5]
 [ 0  0  0  0  0  0  0  0  0  0  0  0  0  0  0  0  0  0  0  0  0  3  0  0
   0  0  0 51  0  0]
 [ 0  0  0  0  0  0  0  0  0  0  0  0  0  0  0  0  1  1  0  0  0  0  0  0
   0  0  2  0 44  0]
 [ 0  0  0  0  0  0  0  0  0  0  0  0  0  0  0  0  0  0  0  0  0  0  1  1
   0  0  2  0  0 46]]

Classification Report (per combined class):
              precision    recall  f1-score   support

 mat=0|tex=0       0.79      0.62      0.70        48
 mat=0|tex=1       0.66      0.93      0.77        45
 mat=0|tex=2       0.88      0.78      0.82        45
 mat=0|tex=3       0.79      0.59      0.67        51
 mat=0|tex=4       0.84      0.82      0.83        57
 mat=0|tex=5       0.96      0.96      0.96        46
 mat=1|tex=0       0.65      0.79      0.72        43
 mat=1|tex=1       0.94      0.61      0.74        56
 mat=1|tex=2       0.80      0.89      0.85        46
 mat=1|tex=3       0.67      0.86      0.75        49
 mat=1|tex=4       0.75      0.77      0.76        39
 mat=1|tex=5       1.00      1.00      1.00        49
 mat=2|tex=0       0.82      0.94      0.88        50
 mat=2|tex=1       0.82      0.77      0.80        53
 mat=2|tex=2       0.87      0.62      0.72        55
 mat=2|tex=3       0.88      0.91      0.89        56
 mat=2|tex=4       0.78      0.78      0.78        55
 mat=2|tex=5       0.66      0.71      0.69        52
 mat=3|tex=0       0.94      0.82      0.88        57
 mat=3|tex=1       0.81      0.93      0.87        61
 mat=3|tex=2       0.65      0.72      0.69        50
 mat=3|tex=3       0.79      0.74      0.77        42
 mat=3|tex=4       0.79      0.91      0.84        53
 mat=3|tex=5       0.49      0.44      0.46        50
 mat=4|tex=0       0.96      0.98      0.97        46
 mat=4|tex=1       0.96      1.00      0.98        50
 mat=4|tex=2       0.83      0.68      0.75        44
 mat=4|tex=3       0.93      0.94      0.94        54
 mat=4|tex=4       1.00      0.92      0.96        48
 mat=4|tex=5       0.79      0.92      0.85        50

    accuracy                           0.81      1500
   macro avg       0.82      0.81      0.81      1500
weighted avg       0.82      0.81      0.81      1500

