-------------------------------------------------------------------------------- ID Mat
X_train: (2520, 5760) | X_test: (1500, 5760) | n_classes=5

=== Flattened SVM (Combined labels) — Test Metrics ===
Accuracy        : 0.7727
Precision (macro): 0.7800
Recall (macro)   : 0.7722
F1 (macro)       : 0.7739
F1 (micro)       : 0.7727

Confusion Matrix:
[[232  59   0   0   1]
 [ 79 202   0   0   1]
 [  0   0 245  74   2]
 [  0   0  42 247  24]
 [ 23   4   3  29 233]]

Classification Report:
              precision    recall  f1-score   support

       mat=0       0.69      0.79      0.74       292
       mat=1       0.76      0.72      0.74       282
       mat=2       0.84      0.76      0.80       321
       mat=3       0.71      0.79      0.75       313
       mat=4       0.89      0.80      0.84       292

    accuracy                           0.77      1500
   macro avg       0.78      0.77      0.77      1500
weighted avg       0.78      0.77      0.77      1500

-------------------------------------------------------------------------------- ID Tex
=== Flattened SVM (Combined labels) — Test Metrics ===
Accuracy        : 0.9493
Precision (macro): 0.9487
Recall (macro)   : 0.9487
F1 (macro)       : 0.9486
F1 (micro)       : 0.9493

Confusion Matrix:
[[244   0   0   0   0   0]
 [  0 262   0   1   0   2]
 [  0   6 221   0   0  13]
 [  0   0   0 252   0   0]
 [  0   0   3   0 234  15]
 [  0   0  26   0  10 211]]

Classification Report:
              precision    recall  f1-score   support

       tex=0       1.00      1.00      1.00       244
       tex=1       0.98      0.99      0.98       265
       tex=2       0.88      0.92      0.90       240
       tex=3       1.00      1.00      1.00       252
       tex=4       0.96      0.93      0.94       252
       tex=5       0.88      0.85      0.86       247

    accuracy                           0.95      1500
   macro avg       0.95      0.95      0.95      1500
weighted avg       0.95      0.95      0.95      1500

-------------------------------------------------------------------------------- ID Dual

X_train: (2520, 5760) | X_test: (1500, 5760) | n_classes=30

=== Flattened SVM (Combined labels) — Test Metrics ===
Accuracy        : 0.7313
Precision (macro): 0.7602
Recall (macro)   : 0.7353
F1 (macro)       : 0.7262
F1 (micro)       : 0.7313

Confusion Matrix:
[[40  0  0  0  0  0  4  0  0  0  0  0  0  0  0  0  0  0  0  0  0  0  0  0
   4  0  0  0  0  0]
 [ 0 43  0  1  0  0  0  0  0  1  0  0  0  0  0  0  0  0  0  0  0  0  0  0
   0  0  0  0  0  0]
 [ 0  0 31  0  0  1  0  0 13  0  0  0  0  0  0  0  0  0  0  0  0  0  0  0
   0  0  0  0  0  0]
 [ 0  0  0 31  0  0  0  0  0 20  0  0  0  0  0  0  0  0  0  0  0  0  0  0
   0  0  0  0  0  0]
 [ 0  0  0  0 43  0  0  0  0  0 14  0  0  0  0  0  0  0  0  0  0  0  0  0
   0  0  0  0  0  0]
 [ 0  0  0  0  0 46  0  0  0  0  0  0  0  0  0  0  0  0  0  0  0  0  0  0
   0  0  0  0  0  0]
 [27  0  0  0  0  0 13  0  0  0  0  0  0  0  0  0  0  0  0  0  0  0  0  0
   3  0  0  0  0  0]
 [ 0 43  0  0  0  0  0 13  0  0  0  0  0  0  0  0  0  0  0  0  0  0  0  0
   0  0  0  0  0  0]
 [ 0  0  3  0  0  0  0  0 43  0  0  0  0  0  0  0  0  0  0  0  0  0  0  0
   0  0  0  0  0  0]
 [ 0  0  0  9  0  0  0  0  0 40  0  0  0  0  0  0  0  0  0  0  0  0  0  0
   0  0  0  0  0  0]
 [ 0  0  0  0  9  0  0  0  0  0 30  0  0  0  0  0  0  0  0  0  0  0  0  0
   0  0  0  0  0  0]
 [ 0  0  0  0  0  3  0  0  0  0  0 46  0  0  0  0  0  0  0  0  0  0  0  0
   0  0  0  0  0  0]
 [ 0  0  0  0  0  0  0  0  0  0  0  0 41  0  0  0  0  0  9  0  0  0  0  0
   0  0  0  0  0  0]
 [ 0  0  0  0  0  0  0  0  0  0  0  0  0 35  0  0  0  0  0 16  0  0  0  2
   0  0  0  0  0  0]
 [ 0  0  0  0  0  0  0  0  0  0  0  0  0  7 35  0  1  2  0  0  9  0  0  1
   0  0  0  0  0  0]
 [ 0  0  0  0  0  0  0  0  0  0  0  0  0  0  0 41  0  0  0  0  0 15  0  0
   0  0  0  0  0  0]
 [ 0  0  0  0  0  0  0  0  0  0  0  0  0  0  0  0 41  1  0  0  0  0  7  6
   0  0  0  0  0  0]
 [ 0  0  0  0  0  0  0  0  0  0  0  0  0  0  1  0  3 27  0  0 17  0  0  4
   0  0  0  0  0  0]
 [ 0  0  0  0  0  0  0  0  0  0  0  0 26  0  0  0  0  0 30  0  0  0  0  0
   1  0  0  0  0  0]
 [ 0  0  0  0  0  0  0  0  0  0  0  0  0  9  0  4  0  0  0 45  0  0  0  0
   0  3  0  0  0  0]
 [ 0  0  0  0  0  0  0  0  0  0  0  0  0  0  0  0  0  2  0  0 41  0  1  2
   0  0  1  0  0  3]
 [ 0  0  0  0  0  0  0  0  0  0  0  0  0  0  0  6  0  0  0  0  0 32  0  0
   0  0  0  4  0  0]
 [ 0  0  0  0  0  0  0  0  0  0  0  0  0  1  0  0  1  0  0  0  0  0 42  6
   0  0  0  0  3  0]
 [ 0  0  0  0  0  0  0  0  0  0  0  0  0  0  0  0  1  3  0  0  8  0 11 21
   0  0  1  0  0  5]
 [ 9  0  0  0  0  0  1  0  0  0  0  0  0  0  0  0  0  0  0  0  0  0  0  0
  36  0  0  0  0  0]
 [ 0  0  0  0  0  0  0  0  0  0  0  0  0  0  0  3  0  0  0  3  0  0  0  0
   0 44  0  0  0  0]
 [ 0  0  0  0  0  0  0  0  0  0  0  0  0  0  0  0  0  1  0  0  3  0  3  0
   0  0 32  0  0  5]
 [ 0  0  0  2  0  0  0  0  0  0  0  0  0  0  0  0  0  0  0  0  0  5  0  0
   0  0  0 47  0  0]
 [ 0  0  0  0  0  0  0  0  0  0  0  0  0  0  0  0  1  1  0  0  0  0  0  0
   0  0  2  0 40  4]
 [ 0  0  0  0  0  0  0  0  0  0  0  0  0  0  0  0  0  0  0  0  1  0  0  0
   0  0  1  0  0 48]]

Classification Report:
              precision    recall  f1-score   support

 mat=0|tex=0       0.53      0.83      0.65        48
 mat=0|tex=1       0.50      0.96      0.66        45
 mat=0|tex=2       0.91      0.69      0.78        45
 mat=0|tex=3       0.72      0.61      0.66        51
 mat=0|tex=4       0.83      0.75      0.79        57
 mat=0|tex=5       0.92      1.00      0.96        46
 mat=1|tex=0       0.72      0.30      0.43        43
 mat=1|tex=1       1.00      0.23      0.38        56
 mat=1|tex=2       0.77      0.93      0.84        46
 mat=1|tex=3       0.66      0.82      0.73        49
 mat=1|tex=4       0.68      0.77      0.72        39
 mat=1|tex=5       1.00      0.94      0.97        49
 mat=2|tex=0       0.61      0.82      0.70        50
 mat=2|tex=1       0.67      0.66      0.67        53
 mat=2|tex=2       0.97      0.64      0.77        55
 mat=2|tex=3       0.76      0.73      0.75        56
 mat=2|tex=4       0.85      0.75      0.80        55
 mat=2|tex=5       0.73      0.52      0.61        52
 mat=3|tex=0       0.77      0.53      0.62        57
 mat=3|tex=1       0.70      0.74      0.72        61
 mat=3|tex=2       0.52      0.82      0.64        50
 mat=3|tex=3       0.62      0.76      0.68        42
 mat=3|tex=4       0.66      0.79      0.72        53
 mat=3|tex=5       0.50      0.42      0.46        50
 mat=4|tex=0       0.82      0.78      0.80        46
 mat=4|tex=1       0.94      0.88      0.91        50
 mat=4|tex=2       0.86      0.73      0.79        44
 mat=4|tex=3       0.92      0.87      0.90        54
 mat=4|tex=4       0.93      0.83      0.88        48
 mat=4|tex=5       0.74      0.96      0.83        50

    accuracy                           0.73      1500
   macro avg       0.76      0.74      0.73      1500
weighted avg       0.76      0.73      0.73      1500