-------------------------------------------------------------------------------- OOD Mat
X_train: (2520, 5760) | X_test: (1500, 5760) | n_classes=5

=== Flattened SVM (Combined labels) — Test Metrics ===
Accuracy        : 0.6933
Precision (macro): 0.7075
Recall (macro)   : 0.6933
F1 (macro)       : 0.6972
F1 (micro)       : 0.6933

Confusion Matrix:
[[160 138   0   0   2]
 [125 175   0   0   0]
 [  0   0 227  67   6]
 [  0   0  27 251  22]
 [ 31   4   2  36 227]]

Classification Report:
              precision    recall  f1-score   support

       mat=0       0.51      0.53      0.52       300
       mat=1       0.55      0.58      0.57       300
       mat=2       0.89      0.76      0.82       300
       mat=3       0.71      0.84      0.77       300
       mat=4       0.88      0.76      0.82       300

    accuracy                           0.69      1500
   macro avg       0.71      0.69      0.70      1500
weighted avg       0.71      0.69      0.70      1500

-------------------------------------------------------------------------------- OOD Tex
X_train: (2520, 5760) | X_test: (1500, 5760) | n_classes=6

=== Flattened SVM (Combined labels) — Test Metrics ===
Accuracy        : 0.9160
Precision (macro): 0.9181
Recall (macro)   : 0.9160
F1 (macro)       : 0.9150
F1 (micro)       : 0.9160

Confusion Matrix:
[[249   0   0   1   0   0]
 [  0 219   0  31   0   0]
 [  0   0 232   0   0  18]
 [  5   7   0 237   0   1]
 [  0   0   1   0 245   4]
 [  0   0  16   0  42 192]]

Classification Report:
              precision    recall  f1-score   support

       tex=0       0.98      1.00      0.99       250
       tex=1       0.97      0.88      0.92       250
       tex=2       0.93      0.93      0.93       250
       tex=3       0.88      0.95      0.91       250
       tex=4       0.85      0.98      0.91       250
       tex=5       0.89      0.77      0.83       250

    accuracy                           0.92      1500
   macro avg       0.92      0.92      0.91      1500
weighted avg       0.92      0.92      0.91      1500

-------------------------------------------------------------------------------- OOD Dual
X_train: (2520, 5760) | X_test: (1500, 5760) | n_classes=30

=== Flattened SVM (Combined labels) — Test Metrics ===
Accuracy        : 0.5647
Precision (macro): 0.5866
Recall (macro)   : 0.5647
F1 (macro)       : 0.5423
F1 (micro)       : 0.5647

Confusion Matrix:
[[ 0  0  0  0  0  0 44  0  0  0  0  0  0  0  0  0  0  0  0  0  0  0  0  0
   6  0  0  0  0  0]
 [ 0 20  0  9  0  0  0 20  0  1  0  0  0  0  0  0  0  0  0  0  0  0  0  0
   0  0  0  0  0  0]
 [ 0  0 16  0  0  1  0  0 33  0  0  0  0  0  0  0  0  0  0  0  0  0  0  0
   0  0  0  0  0  0]
 [ 0  0  0 13  0  0  0  0  0 37  0  0  0  0  0  0  0  0  0  0  0  0  0  0
   0  0  0  0  0  0]
 [ 0  0  0  0 21  0  0  0  0  0 29  0  0  0  0  0  0  0  0  0  0  0  0  0
   0  0  0  0  0  0]
 [ 0  0  0  0  0 33  0  0  6  0  0 11  0  0  0  0  0  0  0  0  0  0  0  0
   0  0  0  0  0  0]
 [ 0  0  0  0  0  0 40  0  0  0  0  0  0  0  0  0  0  0  0  0  0  0  0  0
  10  0  0  0  0  0]
 [ 0 34  0  4  0  0  0 12  0  0  0  0  0  0  0  0  0  0  0  0  0  0  0  0
   0  0  0  0  0  0]
 [ 0  0  2  0  0  1  0  0 47  0  0  0  0  0  0  0  0  0  0  0  0  0  0  0
   0  0  0  0  0  0]
 [ 0  0  0  2  0  0  0  0  0 48  0  0  0  0  0  0  0  0  0  0  0  0  0  0
   0  0  0  0  0  0]
 [ 0  0  0  0 43  0  0  0  0  0  7  0  0  0  0  0  0  0  0  0  0  0  0  0
   0  0  0  0  0  0]
 [ 0  0  0  0  0 27  0  0  2  0 12  9  0  0  0  0  0  0  0  0  0  0  0  0
   0  0  0  0  0  0]
 [ 0  0  0  0  0  0  0  0  0  0  0  0 19  0  0  0  0  0 30  0  0  1  0  0
   0  0  0  0  0  0]
 [ 0  0  0  0  0  0  0  0  0  0  0  0  0 33  0  0  0  0  0 17  0  0  0  0
   0  0  0  0  0  0]
 [ 0  0  0  0  0  0  0  0  0  0  0  0  0  0 33  0  2  0  0  0  8  0  2  5
   0  0  0  0  0  0]
 [ 0  0  0  0  0  0  0  0  0  0  0  0  0  0  0 44  0  0  0  3  0  2  0  0
   0  1  0  0  0  0]
 [ 0  0  0  0  0  0  0  0  0  0  0  0  0  0  1  0 40  0  0  0  0  0  9  0
   0  0  0  0  0  0]
 [ 0  0  0  0  0  0  0  0  0  0  0  0  0  1  4  0 17  8  0  0  4  0  4 12
   0  0  0  0  0  0]
 [ 0  0  0  0  0  0  0  0  0  0  0  0  2  0  0  0  0  0 44  0  0  0  0  0
   4  0  0  0  0  0]
 [ 0  0  0  0  0  0  0  0  0  0  0  0  0  0  0 10  0  0  0 25  0  0  0  1
   0 13  0  0  0  1]
 [ 0  0  0  0  0  0  0  0  0  0  0  0  0  0  1  0  0  0  0  0 46  0  0  3
   0  0  0  0  0  0]
 [ 0  0  0  0  0  0  0  0  0  0  0  0  0  0  0 17  0  0  0  2  0 30  0  0
   0  1  0  0  0  0]
 [ 0  0  0  0  0  0  0  0  0  0  0  0  0  0  0  0  5  3  0  0  0  0 42  0
   0  0  0  0  0  0]
 [ 0  0  0  0  0  0  0  0  0  0  0  0  0  0  0  0 13  1  0  0  1  0  9 25
   0  0  0  0  0  1]
 [ 1  0  0  0  0  0  9  0  0  0  0  0  0  0  0  0  0  0  3  0  0  0  0  0
  37  0  0  0  0  0]
 [ 0 10  0  3  0  0  0  0  0  0  0  0  0  0  0  7  0  0  0  0  0  0  0  0
   0 30  0  0  0  0]
 [ 0  0  0  0  0  0  0  0  0  0  0  0  0  0  0  0  0  0  0  0  5  0  3 18
   0  0 20  0  0  4]
 [ 0  0  0  7  0  0  0  0  0  1  0  0  0  0  0  0  0  0  1  0  0 16  0  0
   0  0  0 25  0  0]
 [ 0  0  0  0  0  0  0  0  0  0  0  0  0  0  0  0  2  1  0  0  0  0  4  4
   0  0  2  0 37  0]
 [ 0  0  0  0  0  0  0  0  0  0  0  0  0  0  0  0  0  0  0  0  0  0  1  1
   0  0  3  0  2 43]]

Classification Report:
              precision    recall  f1-score   support

 mat=0|tex=0       0.00      0.00      0.00        50
 mat=0|tex=1       0.31      0.40      0.35        50
 mat=0|tex=2       0.89      0.32      0.47        50
 mat=0|tex=3       0.34      0.26      0.30        50
 mat=0|tex=4       0.33      0.42      0.37        50
 mat=0|tex=5       0.53      0.66      0.59        50
 mat=1|tex=0       0.43      0.80      0.56        50
 mat=1|tex=1       0.38      0.24      0.29        50
 mat=1|tex=2       0.53      0.94      0.68        50
 mat=1|tex=3       0.55      0.96      0.70        50
 mat=1|tex=4       0.15      0.14      0.14        50
 mat=1|tex=5       0.45      0.18      0.26        50
 mat=2|tex=0       0.90      0.38      0.54        50
 mat=2|tex=1       0.97      0.66      0.79        50
 mat=2|tex=2       0.85      0.66      0.74        50
 mat=2|tex=3       0.56      0.88      0.69        50
 mat=2|tex=4       0.51      0.80      0.62        50
 mat=2|tex=5       0.62      0.16      0.25        50
 mat=3|tex=0       0.56      0.88      0.69        50
 mat=3|tex=1       0.53      0.50      0.52        50
 mat=3|tex=2       0.72      0.92      0.81        50
 mat=3|tex=3       0.61      0.60      0.61        50
 mat=3|tex=4       0.57      0.84      0.68        50
 mat=3|tex=5       0.36      0.50      0.42        50
 mat=4|tex=0       0.65      0.74      0.69        50
 mat=4|tex=1       0.67      0.60      0.63        50
 mat=4|tex=2       0.80      0.40      0.53        50
 mat=4|tex=3       1.00      0.50      0.67        50
 mat=4|tex=4       0.95      0.74      0.83        50
 mat=4|tex=5       0.88      0.86      0.87        50

    accuracy                           0.56      1500
   macro avg       0.59      0.56      0.54      1500
weighted avg       0.59      0.56      0.54      1500
