timestamp,x1,y1,z1,x2,y2,z2,x3,y3,z3,x4,y4,z4,x1_calib,y1_calib,z1_calib,x2_calib,y2_calib,z2_calib,x3_calib,y3_calib,z3_calib,x4_calib,y4_calib,z4_calib
2025-07-28T16:59:38.138950,-46.0,-9.0,-3.0,15.0,93.0,-84.0,16.0,-2.0,10.0,92.0,46.0,46.0,-67.11,33.19,17.74,2.130000000000001,94.7,-61.6,3.6099999999999994,40.8,15.120000000000001,89.34,76.28,17.79
2025-07-28T16:59:38.143118,40.0,7.0,-63.0,69.0,-30.0,5.0,18.0,-6.0,-54.0,-23.0,27.0,105.0,18.89,49.19,-42.260000000000005,56.13,-28.3,27.4,5.609999999999999,36.8,-48.88,-25.66,57.28,76.78999999999999
2025-07-28T16:59:38.151123,-50.0,-74.0,-9.0,49.0,10.0,-48.0,28.0,-67.0,12.0,26.0,-47.0,3.0,-71.11,-31.810000000000002,11.739999999999998,36.13,11.7,-25.6,15.61,-24.200000000000003,17.12,23.34,-16.72,-25.21
2025-07-28T16:59:38.155597,-19.0,-31.0,-13.0,51.0,-59.0,-23.0,1.0,39.0,-36.0,-34.0,-67.0,71.0,-40.11,11.189999999999998,7.739999999999998,38.13,-57.3,-0.6000000000000014,-11.39,81.8,-30.88,-36.66,-36.72,42.79
2025-07-28T16:59:38.163455,76.0,-53.0,-65.0,38.0,-54.0,-20.0,-32.0,-26.0,-68.0,-17.0,-92.0,32.0,54.89,-10.810000000000002,-44.260000000000005,25.130000000000003,-52.3,2.3999999999999986,-44.39,16.799999999999997,-62.88,-19.66,-61.72,3.789999999999999
2025-07-28T16:59:38.167606,16.0,-115.0,15.0,11.0,41.0,-43.0,31.0,64.0,-48.0,18.0,-72.0,3.0,-5.109999999999999,-72.81,35.739999999999995,-1.8699999999999992,42.7,-20.6,18.61,106.8,-42.88,15.34,-41.72,-25.21
2025-07-28T16:59:38.175838,36.0,-49.0,52.0,-11.0,43.0,-25.0,-39.0,3.0,-38.0,37.0,-56.0,45.0,14.89,-6.810000000000002,72.74,-23.869999999999997,44.7,-2.6000000000000014,-51.39,45.8,-32.88,34.34,-25.72,16.79
2025-07-28T16:59:38.180137,0.0,-58.0,8.0,23.0,-20.0,-2.0,6.0,-41.0,-55.0,93.0,3.0,-23.0,-21.11,-15.810000000000002,28.74,10.13,-18.3,20.4,-6.390000000000001,1.7999999999999972,-49.88,90.34,33.28,-51.21
2025-07-28T16:59:38.188072,-25.0,15.0,-10.0,-30.0,30.0,-9.0,6.0,19.0,43.0,-35.0,-75.0,36.0,-46.11,57.19,10.739999999999998,-42.87,31.7,13.399999999999999,-6.390000000000001,61.8,48.12,-37.66,-44.72,7.789999999999999
2025-07-28T16:59:38.192326,-13.0,-28.0,-51.0,0.0,3.0,-41.0,-11.0,-37.0,-67.0,15.0,-39.0,63.0,-34.11,14.189999999999998,-30.26,-12.87,4.7,-18.6,-23.39,5.799999999999997,-61.88,12.34,-8.719999999999999,34.79
2025-07-28T16:59:38.200371,-40.0,-44.0,-65.0,61.0,-13.0,-47.0,13.0,52.0,-53.0,28.0,-60.0,25.0,-61.11,-1.8100000000000023,-44.260000000000005,48.13,-11.3,-24.6,0.6099999999999994,94.8,-47.88,25.34,-29.72,-3.210000000000001
2025-07-28T16:59:38.204544,96.0,-29.0,-66.0,-39.0,-87.0,-17.0,30.0,-80.0,-2.0,28.0,-81.0,-9.0,74.89,13.189999999999998,-45.260000000000005,-51.87,-85.3,5.399999999999999,17.61,-37.2,3.12,25.34,-50.72,-37.21
2025-07-28T16:59:38.212571,13.0,-57.0,-66.0,14.0,-19.0,-44.0,70.0,-6.0,-27.0,-34.0,6.0,23.0,-8.11,-14.810000000000002,-45.260000000000005,1.1300000000000008,-17.3,-21.6,57.61,36.8,-21.88,-36.66,36.28,-5.210000000000001
2025-07-28T16:59:38.216839,23.0,6.0,12.0,-26.0,-38.0,2.0,34.0,66.0,-5.0,61.0,-36.0,46.0,1.8900000000000006,48.19,32.739999999999995,-38.87,-36.3,24.4,21.61,108.8,0.1200000000000001,58.34,-5.719999999999999,17.79
2025-07-28T16:59:38.221147,47.0,-1.0,-47.0,81.0,0.0,-87.0,38.0,-12.0,-15.0,-7.0,-93.0,-2.0,25.89,41.19,-26.26,68.13,1.7,-64.6,25.61,30.799999999999997,-9.879999999999999,-9.66,-62.72,-30.21
2025-07-28T16:59:38.229116,-16.0,-16.0,-64.0,6.0,30.0,-36.0,20.0,-57.0,-64.0,32.0,3.0,9.0,-37.11,26.189999999999998,-43.260000000000005,-6.869999999999999,31.7,-13.600000000000001,7.609999999999999,-14.200000000000003,-58.88,29.34,33.28,-19.21
2025-07-28T16:59:38.233110,20.0,6.0,-21.0,26.0,20.0,20.0,9.0,-51.0,-21.0,38.0,-30.0,30.0,-1.1099999999999994,48.19,-0.26000000000000156,13.13,21.7,42.4,-3.3900000000000006,-8.200000000000003,-15.879999999999999,35.34,0.28000000000000114,1.7899999999999991
2025-07-28T16:59:38.241440,49.0,-80.0,-33.0,-1.0,-30.0,-24.0,18.0,16.0,2.0,42.0,-7.0,42.0,27.89,-37.81,-12.260000000000002,-13.87,-28.3,-1.6000000000000014,5.609999999999999,58.8,7.12,39.34,23.28,13.79
2025-07-28T16:59:38.246885,56.0,-64.0,-62.0,-6.0,-73.0,11.0,91.0,17.0,-41.0,13.0,-81.0,-38.0,34.89,-21.810000000000002,-41.260000000000005,-18.869999999999997,-71.3,33.4,78.61,59.8,-35.88,10.34,-50.72,-66.21000000000001
2025-07-28T16:59:38.253539,66.0,37.0,44.0,13.0,-59.0,-52.0,5.0,11.0,-27.0,51.0,-67.0,-20.0,44.89,79.19,64.74,0.13000000000000078,-57.3,-29.6,-7.390000000000001,53.8,-21.88,48.34,-36.72,-48.21
2025-07-28T16:59:38.258076,-27.0,-87.0,60.0,-81.0,-17.0,-5.0,43.0,-56.0,5.0,69.0,-42.0,62.0,-48.11,-44.81,80.74,-93.87,-15.3,17.4,30.61,-13.200000000000003,10.120000000000001,66.34,-11.719999999999999,33.79
2025-07-28T16:59:38.265799,-5.0,25.0,18.0,-65.0,-4.0,-25.0,23.0,-81.0,0.0,-12.0,3.0,68.0,-26.11,67.19,38.739999999999995,-77.87,-2.3,-2.6000000000000014,10.61,-38.2,5.12,-14.66,33.28,39.79
2025-07-28T16:59:38.270325,-1.0,-93.0,0.0,-80.0,4.0,-28.0,40.0,-60.0,-46.0,58.0,10.0,9.0,-22.11,-50.81,20.74,-92.87,5.7,-5.600000000000001,27.61,-17.200000000000003,-40.88,55.34,40.28,-19.21
2025-07-28T16:59:38.278285,-44.0,-69.0,26.0,14.0,24.0,-73.0,20.0,-30.0,-16.0,30.0,-39.0,50.0,-65.11,-26.810000000000002,46.739999999999995,1.1300000000000008,25.7,-50.6,7.609999999999999,12.799999999999997,-10.879999999999999,27.34,-8.719999999999999,21.79
2025-07-28T16:59:38.282757,-2.0,-47.0,18.0,-18.0,-28.0,-20.0,20.0,-35.0,-15.0,57.0,-76.0,63.0,-23.11,-4.810000000000002,38.739999999999995,-30.869999999999997,-26.3,2.3999999999999986,7.609999999999999,7.799999999999997,-9.879999999999999,54.34,-45.72,34.79
2025-07-28T16:59:38.290376,42.0,-6.0,-100.0,11.0,-23.0,-21.0,52.0,2.0,22.0,12.0,-80.0,66.0,20.89,36.19,-79.26,-1.8699999999999992,-21.3,1.3999999999999986,39.61,44.8,27.12,9.34,-49.72,37.79
2025-07-28T16:59:38.295026,-6.0,-5.0,-46.0,7.0,-50.0,-30.0,30.0,-29.0,35.0,-19.0,-14.0,20.0,-27.11,37.19,-25.26,-5.869999999999999,-48.3,-7.600000000000001,17.61,13.799999999999997,40.12,-21.66,16.28,-8.21
2025-07-28T16:59:38.302670,104.0,11.0,-38.0,-6.0,14.0,-22.0,40.0,-18.0,0.0,53.0,-33.0,-4.0,82.89,53.19,-17.26,-18.869999999999997,15.7,0.3999999999999986,27.61,24.799999999999997,5.12,50.34,-2.719999999999999,-32.21
2025-07-28T16:59:38.307103,17.0,-61.0,-40.0,15.0,8.0,-77.0,42.0,-64.0,-1.0,70.0,-15.0,74.0,-4.109999999999999,-18.810000000000002,-19.26,2.130000000000001,9.7,-54.6,29.61,-21.200000000000003,4.12,67.34,15.280000000000001,45.79
2025-07-28T16:59:38.315055,71.0,-16.0,-66.0,56.0,-1.0,-13.0,-3.0,-29.0,-15.0,10.0,-51.0,94.0,49.89,26.189999999999998,-45.260000000000005,43.13,0.7,9.399999999999999,-15.39,13.799999999999997,-9.879999999999999,7.34,-20.72,65.78999999999999
2025-07-28T16:59:38.319387,83.0,-39.0,-53.0,14.0,-66.0,-15.0,-22.0,-10.0,-49.0,0.0,12.0,20.0,61.89,3.1899999999999977,-32.260000000000005,1.1300000000000008,-64.3,7.399999999999999,-34.39,32.8,-43.88,-2.66,42.28,-8.21
2025-07-28T16:59:38.327442,97.0,-83.0,33.0,-2.0,-31.0,-23.0,36.0,-71.0,10.0,39.0,-52.0,30.0,75.89,-40.81,53.739999999999995,-14.87,-29.3,-0.6000000000000014,23.61,-28.200000000000003,15.120000000000001,36.34,-21.72,1.7899999999999991
2025-07-28T16:59:38.331589,-41.0,-130.0,22.0,-56.0,-28.0,35.0,15.0,-56.0,-32.0,12.0,39.0,-26.0,-62.11,-87.81,42.739999999999995,-68.87,-26.3,57.4,2.6099999999999994,-13.200000000000003,-26.88,9.34,69.28,-54.21
2025-07-28T16:59:38.339536,-12.0,-46.0,15.0,-35.0,84.0,5.0,-19.0,-55.0,-58.0,-60.0,-47.0,36.0,-33.11,-3.8100000000000023,35.739999999999995,-47.87,85.7,27.4,-31.39,-12.200000000000003,-52.88,-62.66,-16.72,7.789999999999999
2025-07-28T16:59:38.343802,3.0,20.0,-64.0,-27.0,42.0,-27.0,27.0,-78.0,1.0,52.0,-58.0,85.0,-18.11,62.19,-43.260000000000005,-39.87,43.7,-4.600000000000001,14.61,-35.2,6.12,49.34,-27.72,56.79
2025-07-28T16:59:38.351915,-8.0,1.0,2.0,46.0,-49.0,-52.0,5.0,-8.0,16.0,102.0,-28.0,76.0,-29.11,43.19,22.74,33.13,-47.3,-29.6,-7.390000000000001,34.8,21.12,99.34,2.280000000000001,47.79
2025-07-28T16:59:38.356019,25.0,-38.0,-61.0,-5.0,15.0,-37.0,22.0,-17.0,-55.0,90.0,-14.0,24.0,3.8900000000000006,4.189999999999998,-40.260000000000005,-17.869999999999997,16.7,-14.600000000000001,9.61,25.799999999999997,-49.88,87.34,16.28,-4.210000000000001
2025-07-28T16:59:38.364132,81.0,6.0,-53.0,80.0,31.0,-52.0,-32.0,-17.0,19.0,45.0,-19.0,-5.0,59.89,48.19,-32.260000000000005,67.13,32.7,-29.6,-44.39,25.799999999999997,24.12,42.34,11.280000000000001,-33.21
2025-07-28T16:59:38.368423,27.0,-55.0,-42.0,-11.0,-38.0,-6.0,-5.0,34.0,-2.0,54.0,-30.0,8.0,5.890000000000001,-12.810000000000002,-21.26,-23.869999999999997,-36.3,16.4,-17.39,76.8,3.12,51.34,0.28000000000000114,-20.21
2025-07-28T16:59:38.376443,49.0,-67.0,-64.0,-10.0,-94.0,4.0,55.0,-15.0,-28.0,-1.0,-15.0,68.0,27.89,-24.810000000000002,-43.260000000000005,-22.869999999999997,-92.3,26.4,42.61,27.799999999999997,-22.88,-3.66,15.280000000000001,39.79
2025-07-28T16:59:38.380626,117.0,-44.0,-73.0,-76.0,81.0,-4.0,-16.0,-6.0,69.0,1.0,-54.0,56.0,95.89,-1.8100000000000023,-52.260000000000005,-88.87,82.7,18.4,-28.39,36.8,74.12,-1.6600000000000001,-23.72,27.79
2025-07-28T16:59:38.385021,30.0,-58.0,-73.0,5.0,22.0,-17.0,56.0,-41.0,40.0,12.0,4.0,44.0,8.89,-15.810000000000002,-52.260000000000005,-7.869999999999999,23.7,5.399999999999999,43.61,1.7999999999999972,45.12,9.34,34.28,15.79
2025-07-28T16:59:38.393066,113.0,-37.0,-53.0,-9.0,-40.0,54.0,-16.0,-40.0,40.0,38.0,-5.0,106.0,91.89,5.189999999999998,-32.260000000000005,-21.869999999999997,-38.3,76.4,-28.39,2.799999999999997,45.12,35.34,25.28,77.78999999999999
2025-07-28T16:59:38.397247,80.0,-99.0,39.0,8.0,50.0,-3.0,33.0,24.0,-38.0,26.0,-12.0,51.0,58.89,-56.81,59.739999999999995,-4.869999999999999,51.7,19.4,20.61,66.8,-32.88,23.34,18.28,22.79
2025-07-28T16:59:38.405284,1.0,-79.0,46.0,25.0,39.0,-136.0,-9.0,-20.0,-28.0,15.0,-42.0,38.0,-20.11,-36.81,66.74,12.13,40.7,-113.6,-21.39,22.799999999999997,-22.88,12.34,-11.719999999999999,9.79
2025-07-28T16:59:38.409638,-30.0,37.0,2.0,22.0,21.0,-99.0,5.0,-62.0,32.0,19.0,-66.0,1.0,-51.11,79.19,22.74,9.13,22.7,-76.6,-7.390000000000001,-19.200000000000003,37.12,16.34,-35.72,-27.21
2025-07-28T16:59:38.417368,-52.0,53.0,-19.0,60.0,-34.0,-6.0,-44.0,-73.0,15.0,43.0,-67.0,27.0,-73.11,95.19,1.7399999999999984,47.13,-32.3,16.4,-56.39,-30.200000000000003,20.12,40.34,-36.72,-1.2100000000000009
2025-07-28T16:59:38.421508,-8.0,-23.0,1.0,66.0,-8.0,14.0,2.0,-64.0,0.0,79.0,-26.0,15.0,-29.11,19.189999999999998,21.74,53.13,-6.3,36.4,-10.39,-21.200000000000003,5.12,76.34,4.280000000000001,-13.21
2025-07-28T16:59:38.429840,-48.0,-20.0,-103.0,-42.0,-62.0,-14.0,-74.0,35.0,-31.0,-15.0,26.0,71.0,-69.11,22.189999999999998,-82.26,-54.87,-60.3,8.399999999999999,-86.39,77.8,-25.88,-17.66,56.28,42.79
2025-07-28T16:59:38.434034,2.0,-19.0,-4.0,23.0,-45.0,20.0,35.0,9.0,-49.0,-46.0,-16.0,-1.0,-19.11,23.189999999999998,16.74,10.13,-43.3,42.4,22.61,51.8,-43.88,-48.66,14.280000000000001,-29.21
2025-07-28T16:59:38.442111,68.0,-5.0,-24.0,11.0,-3.0,-45.0,-25.0,-7.0,-60.0,-4.0,-46.0,42.0,46.89,37.19,-3.2600000000000016,-1.8699999999999992,-1.3,-22.6,-37.39,35.8,-54.88,-6.66,-15.719999999999999,13.79
2025-07-28T16:59:38.446386,62.0,-48.0,-57.0,-19.0,26.0,36.0,80.0,10.0,-53.0,36.0,-62.0,16.0,40.89,-5.810000000000002,-36.260000000000005,-31.869999999999997,27.7,58.4,67.61,52.8,-47.88,33.34,-31.72,-12.21
2025-07-28T16:59:38.454398,32.0,-53.0,-25.0,6.0,10.0,-33.0,-26.0,-31.0,-16.0,8.0,-70.0,23.0,10.89,-10.810000000000002,-4.260000000000002,-6.869999999999999,11.7,-10.600000000000001,-38.39,11.799999999999997,-10.879999999999999,5.34,-39.72,-5.210000000000001
2025-07-28T16:59:38.458605,24.0,-51.0,-10.0,12.0,-8.0,-26.0,96.0,-58.0,14.0,18.0,2.0,70.0,2.8900000000000006,-8.810000000000002,10.739999999999998,-0.8699999999999992,-6.3,-3.6000000000000014,83.61,-15.200000000000003,19.12,15.34,32.28,41.79
2025-07-28T16:59:38.466497,58.0,-108.0,39.0,68.0,-32.0,17.0,65.0,-34.0,-84.0,6.0,-25.0,3.0,36.89,-65.81,59.739999999999995,55.13,-30.3,39.4,52.61,8.799999999999997,-78.88,3.34,5.280000000000001,-25.21
2025-07-28T16:59:38.470813,-35.0,-45.0,26.0,-21.0,-35.0,-4.0,-30.0,-36.0,-56.0,-31.0,-43.0,1.0,-56.11,-2.8100000000000023,46.739999999999995,-33.87,-33.3,18.4,-42.39,6.799999999999997,-50.88,-33.66,-12.719999999999999,-27.21
2025-07-28T16:59:38.478926,-50.0,-21.0,15.0,-81.0,12.0,-37.0,83.0,-36.0,30.0,66.0,-7.0,41.0,-71.11,21.189999999999998,35.739999999999995,-93.87,13.7,-14.600000000000001,70.61,6.799999999999997,35.12,63.34,23.28,12.79
2025-07-28T16:59:38.483073,40.0,-33.0,17.0,21.0,34.0,-13.0,16.0,-43.0,16.0,28.0,-29.0,62.0,18.89,9.189999999999998,37.739999999999995,8.13,35.7,9.399999999999999,3.6099999999999994,-0.20000000000000284,21.12,25.34,1.2800000000000011,33.79
2025-07-28T16:59:38.491176,34.0,19.0,-25.0,40.0,9.0,-44.0,1.0,-28.0,45.0,-3.0,-29.0,2.0,12.89,61.19,-4.260000000000002,27.130000000000003,10.7,-21.6,-11.39,14.799999999999997,50.12,-5.66,1.2800000000000011,-26.21
2025-07-28T16:59:38.495363,96.0,17.0,-11.0,58.0,-11.0,-54.0,35.0,-15.0,-16.0,-7.0,10.0,29.0,74.89,59.19,9.739999999999998,45.13,-9.3,-31.6,22.61,27.799999999999997,-10.879999999999999,-9.66,40.28,0.7899999999999991
2025-07-28T16:59:38.503452,4.0,-42.0,-26.0,86.0,-22.0,-107.0,110.0,-41.0,4.0,25.0,-32.0,35.0,-17.11,0.18999999999999773,-5.260000000000002,73.13,-20.3,-84.6,97.61,1.7999999999999972,9.120000000000001,22.34,-1.7199999999999989,6.789999999999999
2025-07-28T16:59:38.507679,88.0,-63.0,16.0,10.0,52.0,-25.0,47.0,-26.0,-37.0,18.0,-55.0,19.0,66.89,-20.810000000000002,36.739999999999995,-2.869999999999999,53.7,-2.6000000000000014,34.61,16.799999999999997,-31.88,15.34,-24.72,-9.21
2025-07-28T16:59:38.515675,-59.0,22.0,50.0,83.0,-54.0,-8.0,50.0,3.0,-5.0,-65.0,-52.0,8.0,-80.11,64.19,70.74,70.13,-52.3,14.399999999999999,37.61,45.8,0.1200000000000001,-67.66,-21.72,-20.21
2025-07-28T16:59:38.519918,41.0,-89.0,1.0,18.0,-61.0,34.0,-30.0,-29.0,8.0,8.0,-109.0,39.0,19.89,-46.81,21.74,5.130000000000001,-59.3,56.4,-42.39,13.799999999999997,13.120000000000001,5.34,-78.72,10.79
2025-07-28T16:59:38.528088,13.0,-2.0,-7.0,45.0,-35.0,-21.0,19.0,-47.0,25.0,9.0,-66.0,56.0,-8.11,40.19,13.739999999999998,32.13,-33.3,1.3999999999999986,6.609999999999999,-4.200000000000003,30.12,6.34,-35.72,27.79
2025-07-28T16:59:38.532402,-10.0,-8.0,56.0,-22.0,-55.0,-69.0,49.0,-61.0,5.0,50.0,-83.0,-12.0,-31.11,34.19,76.74,-34.87,-53.3,-46.6,36.61,-18.200000000000003,10.120000000000001,47.34,-52.72,-40.21
2025-07-28T16:59:38.536477,-33.0,9.0,33.0,29.0,-8.0,-72.0,6.0,26.0,0.0,-14.0,-47.0,67.0,-54.11,51.19,53.739999999999995,16.130000000000003,-6.3,-49.6,-6.390000000000001,68.8,5.12,-16.66,-16.72,38.79
2025-07-28T16:59:38.544593,4.0,-46.0,-35.0,23.0,57.0,15.0,17.0,-99.0,43.0,-35.0,-18.0,-35.0,-17.11,-3.8100000000000023,-14.260000000000002,10.13,58.7,37.4,4.609999999999999,-56.2,48.12,-37.66,12.280000000000001,-63.21
2025-07-28T16:59:38.552489,0.0,-37.0,-72.0,18.0,-59.0,-9.0,-31.0,-44.0,54.0,32.0,-56.0,47.0,-21.11,5.189999999999998,-51.260000000000005,5.130000000000001,-57.3,13.399999999999999,-43.39,-1.2000000000000028,59.12,29.34,-25.72,18.79
2025-07-28T16:59:38.556967,18.0,67.0,-65.0,69.0,-15.0,-3.0,-46.0,36.0,46.0,1.0,-60.0,8.0,-3.1099999999999994,109.19,-44.260000000000005,56.13,-13.3,19.4,-58.39,78.8,51.12,-1.6600000000000001,-29.72,-20.21
2025-07-28T16:59:38.561708,-38.0,-36.0,-22.0,12.0,5.0,-27.0,1.0,-30.0,-2.0,19.0,-14.0,-24.0,-59.11,6.189999999999998,-1.2600000000000016,-0.8699999999999992,6.7,-4.600000000000001,-11.39,12.799999999999997,3.12,16.34,16.28,-52.21
2025-07-28T16:59:38.569141,-14.0,-37.0,-21.0,-35.0,-51.0,-16.0,-16.0,25.0,-37.0,-52.0,87.0,-42.0,-35.11,5.189999999999998,-0.26000000000000156,-47.87,-49.3,6.399999999999999,-28.39,67.8,-31.88,-54.66,117.28,-70.21000000000001
2025-07-28T16:59:38.577203,58.0,-21.0,-27.0,-20.0,-88.0,37.0,-11.0,-44.0,-13.0,-2.0,-12.0,-21.0,36.89,21.189999999999998,-6.260000000000002,-32.87,-86.3,59.4,-23.39,-1.2000000000000028,-7.88,-4.66,18.28,-49.21
2025-07-28T16:59:38.581394,91.0,-30.0,-14.0,-22.0,-108.0,15.0,38.0,-65.0,-50.0,23.0,-2.0,-35.0,69.89,12.189999999999998,6.739999999999998,-34.87,-106.3,37.4,25.61,-22.200000000000003,-44.88,20.34,28.28,-63.21
2025-07-28T16:59:38.585825,66.0,-95.0,8.0,43.0,58.0,-50.0,32.0,-38.0,1.0,18.0,22.0,-53.0,44.89,-52.81,28.74,30.130000000000003,59.7,-27.6,19.61,4.799999999999997,6.12,15.34,52.28,-81.21000000000001
2025-07-28T16:59:38.593634,-19.0,-41.0,11.0,-4.0,-19.0,-59.0,26.0,-60.0,11.0,86.0,40.0,-42.0,-40.11,1.1899999999999977,31.74,-16.869999999999997,-17.3,-36.6,13.61,-17.200000000000003,16.12,83.34,70.28,-70.21000000000001
2025-07-28T16:59:38.597594,29.0,-9.0,18.0,83.0,8.0,-19.0,43.0,-105.0,-4.0,35.0,25.0,-6.0,7.890000000000001,33.19,38.739999999999995,70.13,9.7,3.3999999999999986,30.61,-62.2,1.12,32.34,55.28,-34.21
2025-07-28T16:59:38.605989,10.0,-36.0,46.0,0.0,-83.0,16.0,-24.0,-23.0,-4.0,15.0,27.0,-5.0,-11.11,6.189999999999998,66.74,-12.87,-81.3,38.4,-36.39,19.799999999999997,1.12,12.34,57.28,-33.21
2025-07-28T16:59:38.609968,-23.0,-41.0,52.0,-26.0,54.0,-34.0,11.0,-63.0,8.0,16.0,9.0,-36.0,-44.11,1.1899999999999977,72.74,-38.87,55.7,-11.600000000000001,-1.3900000000000006,-20.200000000000003,13.120000000000001,13.34,39.28,-64.21000000000001
2025-07-28T16:59:38.618252,81.0,16.0,-62.0,-53.0,-10.0,-58.0,30.0,-65.0,-7.0,53.0,23.0,-57.0,59.89,58.19,-41.260000000000005,-65.87,-8.3,-35.6,17.61,-22.200000000000003,-1.88,50.34,53.28,-85.21000000000001
2025-07-28T16:59:38.622317,64.0,14.0,-4.0,33.0,49.0,-75.0,2.0,-57.0,-96.0,44.0,31.0,-17.0,42.89,56.19,16.74,20.130000000000003,50.7,-52.6,-10.39,-14.200000000000003,-90.88,41.34,61.28,-45.21
2025-07-28T16:59:38.630372,68.0,-53.0,-68.0,-27.0,-21.0,-22.0,-40.0,-30.0,-6.0,-53.0,7.0,-39.0,46.89,-10.810000000000002,-47.260000000000005,-39.87,-19.3,0.3999999999999986,-52.39,12.799999999999997,-0.8799999999999999,-55.66,37.28,-67.21000000000001
2025-07-28T16:59:38.634536,55.0,-51.0,-21.0,81.0,-43.0,13.0,4.0,-84.0,20.0,-5.0,-9.0,-31.0,33.89,-8.810000000000002,-0.26000000000000156,68.13,-41.3,35.4,-8.39,-41.2,25.12,-7.66,21.28,-59.21
2025-07-28T16:59:38.642766,41.0,-22.0,-75.0,42.0,-19.0,30.0,101.0,-45.0,25.0,-41.0,9.0,-14.0,19.89,20.189999999999998,-54.260000000000005,29.130000000000003,-17.3,52.4,88.61,-2.200000000000003,30.12,-43.66,39.28,-42.21
2025-07-28T16:59:38.646849,16.0,-58.0,-1.0,13.0,65.0,19.0,-3.0,-23.0,51.0,-72.0,-27.0,-28.0,-5.109999999999999,-15.810000000000002,19.74,0.13000000000000078,66.7,41.4,-15.39,19.799999999999997,56.12,-74.66,3.280000000000001,-56.21
2025-07-28T16:59:38.655108,84.0,-50.0,25.0,36.0,43.0,-60.0,-13.0,-33.0,11.0,-83.0,16.0,-17.0,62.89,-7.810000000000002,45.739999999999995,23.130000000000003,44.7,-37.6,-25.39,9.799999999999997,16.12,-85.66,46.28,-45.21
2025-07-28T16:59:38.659059,3.0,-53.0,-43.0,66.0,57.0,-4.0,10.0,-94.0,-56.0,-28.0,8.0,-30.0,-18.11,-10.810000000000002,-22.26,53.13,58.7,18.4,-2.3900000000000006,-51.2,-50.88,-30.66,38.28,-58.21
2025-07-28T16:59:38.667283,23.0,-29.0,-21.0,104.0,-26.0,-101.0,18.0,-41.0,37.0,-86.0,19.0,-52.0,1.8900000000000006,13.189999999999998,-0.26000000000000156,91.13,-24.3,-78.6,5.609999999999999,1.7999999999999972,42.12,-88.66,49.28,-80.21000000000001
2025-07-28T16:59:38.671378,4.0,12.0,-11.0,30.0,10.0,21.0,-48.0,-8.0,54.0,-97.0,-12.0,-26.0,-17.11,54.19,9.739999999999998,17.130000000000003,11.7,43.4,-60.39,34.8,59.12,-99.66,18.28,-54.21
2025-07-28T16:59:38.679631,57.0,-4.0,-57.0,75.0,-8.0,42.0,58.0,12.0,67.0,-47.0,-32.0,-22.0,35.89,38.19,-36.260000000000005,62.13,-6.3,64.4,45.61,54.8,72.12,-49.66,-1.7199999999999989,-50.21
2025-07-28T16:59:38.683787,73.0,-28.0,-15.0,17.0,-67.0,9.0,-87.0,-51.0,19.0,-61.0,40.0,-38.0,51.89,14.189999999999998,5.739999999999998,4.130000000000001,-65.3,31.4,-99.39,-8.200000000000003,24.12,-63.66,70.28,-66.21000000000001
2025-07-28T16:59:38.691680,43.0,-27.0,-34.0,-17.0,21.0,-28.0,-25.0,-8.0,54.0,5.0,3.0,9.0,21.89,15.189999999999998,-13.260000000000002,-29.869999999999997,22.7,-5.600000000000001,-37.39,34.8,59.12,2.34,33.28,-19.21
2025-07-28T16:59:38.696115,47.0,-28.0,-40.0,-52.0,28.0,-19.0,-20.0,-39.0,-8.0,-62.0,21.0,-50.0,25.89,14.189999999999998,-19.26,-64.87,29.7,3.3999999999999986,-32.39,3.799999999999997,-2.88,-64.66,51.28,-78.21000000000001
2025-07-28T16:59:38.703994,69.0,-72.0,30.0,51.0,32.0,0.0,16.0,-31.0,-80.0,-41.0,35.0,-16.0,47.89,-29.810000000000002,50.739999999999995,38.13,33.7,22.4,3.6099999999999994,11.799999999999997,-74.88,-43.66,65.28,-44.21
2025-07-28T16:59:38.708453,112.0,-64.0,1.0,-10.0,-29.0,-68.0,36.0,-39.0,23.0,-94.0,51.0,-15.0,90.89,-21.810000000000002,21.74,-22.869999999999997,-27.3,-45.6,23.61,3.799999999999997,28.12,-96.66,81.28,-43.21
2025-07-28T16:59:38.716256,32.0,-72.0,7.0,-57.0,5.0,-43.0,87.0,28.0,-14.0,-15.0,-1.0,2.0,10.89,-29.810000000000002,27.74,-69.87,6.7,-20.6,74.61,70.8,-8.879999999999999,-17.66,29.28,-26.21
2025-07-28T16:59:38.720547,8.0,-65.0,-9.0,-35.0,34.0,-40.0,-32.0,-5.0,-5.0,6.0,43.0,-31.0,-13.11,-22.810000000000002,11.739999999999998,-47.87,35.7,-17.6,-44.39,37.8,0.1200000000000001,3.34,73.28,-59.21
2025-07-28T16:59:38.728732,26.0,-61.0,37.0,16.0,-48.0,-15.0,13.0,-43.0,-42.0,-8.0,4.0,-46.0,4.890000000000001,-18.810000000000002,57.739999999999995,3.130000000000001,-46.3,7.399999999999999,0.6099999999999994,-0.20000000000000284,-36.88,-10.66,34.28,-74.21000000000001
2025-07-28T16:59:38.732955,-80.0,52.0,-6.0,-36.0,19.0,-43.0,78.0,18.0,-30.0,-5.0,28.0,-105.0,-101.11,94.19,14.739999999999998,-48.87,20.7,-20.6,65.61,60.8,-24.88,-7.66,58.28,-133.21
2025-07-28T16:59:38.741060,-32.0,20.0,-48.0,-70.0,5.0,-58.0,41.0,-3.0,-20.0,-56.0,75.0,-39.0,-53.11,62.19,-27.26,-82.87,6.7,-35.6,28.61,39.8,-14.879999999999999,-58.66,105.28,-67.21000000000001
2025-07-28T16:59:38.745317,45.0,-16.0,-7.0,18.0,14.0,-18.0,-28.0,36.0,-64.0,-31.0,67.0,1.0,23.89,26.189999999999998,13.739999999999998,5.130000000000001,15.7,4.399999999999999,-40.39,78.8,-58.88,-33.66,97.28,-27.21
2025-07-28T16:59:38.753305,66.0,-61.0,-39.0,-15.0,-35.0,-44.0,79.0,-8.0,-25.0,-48.0,10.0,-63.0,44.89,-18.810000000000002,-18.26,-27.869999999999997,-33.3,-21.6,66.61,34.8,-19.88,-50.66,40.28,-91.21000000000001
2025-07-28T16:59:38.757539,4.0,-65.0,-13.0,-12.0,-2.0,-12.0,45.0,-9.0,31.0,35.0,28.0,-68.0,-17.11,-22.810000000000002,7.739999999999998,-24.869999999999997,-0.30000000000000004,10.399999999999999,32.61,33.8,36.12,32.34,58.28,-96.21000000000001
2025-07-28T16:59:38.765467,49.0,-75.0,-36.0,-33.0,-29.0,-67.0,15.0,-36.0,-23.0,-57.0,-9.0,-9.0,27.89,-32.81,-15.260000000000002,-45.87,-27.3,-44.6,2.6099999999999994,6.799999999999997,-17.88,-59.66,21.28,-37.21
2025-07-28T16:59:38.769746,67.0,-82.0,-15.0,92.0,-2.0,-23.0,104.0,2.0,-49.0,-42.0,-21.0,-28.0,45.89,-39.81,5.739999999999998,79.13,-0.30000000000000004,-0.6000000000000014,91.61,44.8,-43.88,-44.66,9.280000000000001,-56.21
2025-07-28T16:59:38.777773,34.0,-21.0,-48.0,-18.0,34.0,-37.0,29.0,-30.0,9.0,-53.0,5.0,-21.0,12.89,21.189999999999998,-27.26,-30.869999999999997,35.7,-14.600000000000001,16.61,12.799999999999997,14.120000000000001,-55.66,35.28,-49.21
2025-07-28T16:59:38.782112,-22.0,-25.0,15.0,63.0,46.0,-68.0,-33.0,-8.0,-58.0,16.0,-10.0,-34.0,-43.11,17.189999999999998,35.739999999999995,50.13,47.7,-45.6,-45.39,34.8,-52.88,13.34,20.28,-62.21
2025-07-28T16:59:38.790078,-50.0,-2.0,-26.0,-57.0,-43.0,-15.0,76.0,-35.0,5.0,-45.0,-41.0,-102.0,-71.11,40.19,-5.260000000000002,-69.87,-41.3,7.399999999999999,63.61,7.799999999999997,10.120000000000001,-47.66,-10.719999999999999,-130.21
2025-07-28T16:59:38.794431,5.0,-34.0,0.0,48.0,-17.0,-48.0,57.0,-7.0,-133.0,-89.0,75.0,-55.0,-16.11,8.189999999999998,20.74,35.13,-15.3,-25.6,44.61,35.8,-127.88,-91.66,105.28,-83.21000000000001
2025-07-28T16:59:38.802316,81.0,-30.0,-56.0,2.0,-11.0,24.0,43.0,-32.0,-30.0,-89.0,32.0,0.0,59.89,12.189999999999998,-35.260000000000005,-10.87,-9.3,46.4,30.61,10.799999999999997,-24.88,-91.66,62.28,-28.21
2025-07-28T16:59:38.806688,93.0,-182.0,-4.0,16.0,-76.0,-66.0,54.0,-31.0,16.0,-47.0,95.0,-40.0,71.89,-139.81,16.74,3.130000000000001,-74.3,-43.6,41.61,11.799999999999997,21.12,-49.66,125.28,-68.21000000000001
2025-07-28T16:59:38.810733,88.0,-88.0,-8.0,-37.0,-19.0,37.0,8.0,-26.0,-1.0,-59.0,4.0,-38.0,66.89,-45.81,12.739999999999998,-49.87,-17.3,59.4,-4.390000000000001,16.799999999999997,4.12,-61.66,34.28,-66.21000000000001
2025-07-28T16:59:38.818816,77.0,-125.0,19.0,30.0,-40.0,-19.0,62.0,-82.0,7.0,-53.0,41.0,52.0,55.89,-82.81,39.739999999999995,17.130000000000003,-38.3,3.3999999999999986,49.61,-39.2,12.120000000000001,-55.66,71.28,23.79
2025-07-28T16:59:38.826895,36.0,-104.0,28.0,16.0,45.0,-50.0,36.0,-34.0,-29.0,-39.0,46.0,-38.0,14.89,-61.81,48.739999999999995,3.130000000000001,46.7,-27.6,23.61,8.799999999999997,-23.88,-41.66,76.28,-66.21000000000001
2025-07-28T16:59:38.831332,37.0,-19.0,-12.0,78.0,14.0,-36.0,-45.0,-39.0,-13.0,-63.0,38.0,-21.0,15.89,23.189999999999998,8.739999999999998,65.13,15.7,-13.600000000000001,-57.39,3.799999999999997,-7.88,-65.66,68.28,-49.21
2025-07-28T16:59:38.835436,-17.0,0.0,-33.0,68.0,-16.0,-40.0,-6.0,-48.0,53.0,-4.0,36.0,9.0,-38.11,42.19,-12.260000000000002,55.13,-14.3,-17.6,-18.39,-5.200000000000003,58.12,-6.66,66.28,-19.21
2025-07-28T16:59:38.843523,11.0,-54.0,-46.0,27.0,-89.0,-37.0,-13.0,5.0,48.0,-50.0,1.0,-75.0,-10.11,-11.810000000000002,-25.26,14.13,-87.3,-14.600000000000001,-25.39,47.8,53.12,-52.66,31.28,-103.21000000000001
2025-07-28T16:59:38.847436,23.0,63.0,-63.0,80.0,7.0,8.0,-18.0,57.0,3.0,43.0,0.0,-11.0,1.8900000000000006,105.19,-42.260000000000005,67.13,8.7,30.4,-30.39,99.8,8.120000000000001,40.34,30.28,-39.21
2025-07-28T16:59:38.855792,-38.0,-12.0,-65.0,16.0,14.0,-54.0,-27.0,-59.0,-4.0,-76.0,-15.0,23.0,-59.11,30.189999999999998,-44.260000000000005,3.130000000000001,15.7,-31.6,-39.39,-16.200000000000003,1.12,-78.66,15.280000000000001,-5.210000000000001
2025-07-28T16:59:38.859924,91.0,36.0,-38.0,-78.0,32.0,-35.0,29.0,-23.0,46.0,-92.0,27.0,53.0,69.89,78.19,-17.26,-90.87,33.7,-12.600000000000001,16.61,19.799999999999997,51.12,-94.66,57.28,24.79
2025-07-28T16:59:38.867983,35.0,-51.0,-38.0,-31.0,52.0,7.0,-25.0,-19.0,61.0,-42.0,95.0,-3.0,13.89,-8.810000000000002,-17.26,-43.87,53.7,29.4,-37.39,23.799999999999997,66.12,-44.66,125.28,-31.21
2025-07-28T16:59:38.872064,64.0,-55.0,-15.0,-18.0,45.0,-81.0,-18.0,-44.0,-25.0,14.0,0.0,38.0,42.89,-12.810000000000002,5.739999999999998,-30.869999999999997,46.7,-58.6,-30.39,-1.2000000000000028,-19.88,11.34,30.28,9.79
2025-07-28T16:59:38.880316,-14.0,-61.0,-16.0,-5.0,-16.0,4.0,-2.0,-23.0,-9.0,-23.0,7.0,5.0,-35.11,-18.810000000000002,4.739999999999998,-17.869999999999997,-14.3,26.4,-14.39,19.799999999999997,-3.88,-25.66,37.28,-23.21
2025-07-28T16:59:38.884475,72.0,-98.0,33.0,79.0,27.0,-28.0,42.0,-23.0,1.0,-67.0,-6.0,17.0,50.89,-55.81,53.739999999999995,66.13,28.7,-5.600000000000001,29.61,19.799999999999997,6.12,-69.66,24.28,-11.21
2025-07-28T16:59:38.892474,8.0,-124.0,58.0,-12.0,-52.0,-52.0,99.0,11.0,5.0,-85.0,-95.0,5.0,-13.11,-81.81,78.74,-24.869999999999997,-50.3,-29.6,86.61,53.8,10.120000000000001,-87.66,-64.72,-23.21
2025-07-28T16:59:38.896802,27.0,-29.0,18.0,42.0,66.0,-42.0,-22.0,-33.0,22.0,-24.0,-72.0,2.0,5.890000000000001,13.189999999999998,38.739999999999995,29.130000000000003,67.7,-19.6,-34.39,9.799999999999997,27.12,-26.66,-41.72,-26.21
2025-07-28T16:59:38.904838,21.0,-58.0,19.0,-19.0,11.0,17.0,43.0,6.0,-58.0,-84.0,-72.0,9.0,-0.10999999999999943,-15.810000000000002,39.739999999999995,-31.869999999999997,12.7,39.4,30.61,48.8,-52.88,-86.66,-41.72,-19.21
2025-07-28T16:59:38.909115,3.0,16.0,-53.0,-16.0,-30.0,-14.0,-16.0,6.0,-40.0,-42.0,-66.0,85.0,-18.11,58.19,-32.260000000000005,-28.869999999999997,-28.3,8.399999999999999,-28.39,48.8,-34.88,-44.66,-35.72,56.79
2025-07-28T16:59:38.916958,129.0,-35.0,-80.0,3.0,57.0,-24.0,-9.0,45.0,-24.0,-16.0,-42.0,42.0,107.89,7.189999999999998,-59.260000000000005,-9.87,58.7,-1.6000000000000014,-21.39,87.8,-18.88,-18.66,-11.719999999999999,13.79
2025-07-28T16:59:38.921322,89.0,-140.0,-15.0,18.0,20.0,-96.0,5.0,-30.0,-64.0,-81.0,33.0,33.0,67.89,-97.81,5.739999999999998,5.130000000000001,21.7,-73.6,-7.390000000000001,12.799999999999997,-58.88,-83.66,63.28,4.789999999999999
2025-07-28T16:59:38.929235,-32.0,4.0,-24.0,2.0,-56.0,-76.0,-31.0,-16.0,-1.0,-25.0,-45.0,19.0,-53.11,46.19,-3.2600000000000016,-10.87,-54.3,-53.6,-43.39,26.799999999999997,4.12,-27.66,-14.719999999999999,-9.21
2025-07-28T16:59:38.933517,67.0,-45.0,28.0,15.0,13.0,-43.0,-64.0,3.0,7.0,-16.0,9.0,-32.0,45.89,-2.8100000000000023,48.739999999999995,2.130000000000001,14.7,-20.6,-76.39,45.8,12.120000000000001,-18.66,39.28,-60.21
2025-07-28T16:59:38.941746,74.0,-68.0,-43.0,22.0,11.0,-23.0,-3.0,-24.0,-57.0,-8.0,-74.0,33.0,52.89,-25.810000000000002,-22.26,9.13,12.7,-0.6000000000000014,-15.39,18.799999999999997,-51.88,-10.66,-43.72,4.789999999999999
2025-07-28T16:59:38.945949,2.0,-97.0,27.0,-10.0,-16.0,-15.0,76.0,-44.0,-14.0,33.0,-41.0,-12.0,-19.11,-54.81,47.739999999999995,-22.869999999999997,-14.3,7.399999999999999,63.61,-1.2000000000000028,-8.879999999999999,30.34,-10.719999999999999,-40.21
2025-07-28T16:59:38.953837,55.0,23.0,4.0,15.0,22.0,36.0,10.0,-4.0,17.0,-18.0,-23.0,35.0,33.89,65.19,24.74,2.130000000000001,23.7,58.4,-2.3900000000000006,38.8,22.12,-20.66,7.280000000000001,6.789999999999999
2025-07-28T16:59:38.958306,-49.0,48.0,-69.0,-27.0,73.0,-84.0,9.0,-39.0,-38.0,26.0,-47.0,5.0,-70.11,90.19,-48.260000000000005,-39.87,74.7,-61.6,-3.3900000000000006,3.799999999999997,-32.88,23.34,-16.72,-23.21
2025-07-28T16:59:38.966306,-4.0,16.0,-21.0,64.0,5.0,-47.0,10.0,-32.0,-68.0,-13.0,-84.0,57.0,-25.11,58.19,-0.26000000000000156,51.13,6.7,-24.6,-2.3900000000000006,10.799999999999997,-62.88,-15.66,-53.72,28.79
2025-07-28T16:59:38.970460,-21.0,-15.0,-65.0,7.0,-20.0,-61.0,-1.0,-4.0,8.0,13.0,-42.0,1.0,-42.11,27.189999999999998,-44.260000000000005,-5.869999999999999,-18.3,-38.6,-13.39,38.8,13.120000000000001,10.34,-11.719999999999999,-27.21
2025-07-28T16:59:38.978403,-79.0,10.0,-34.0,17.0,16.0,-51.0,-5.0,-28.0,-62.0,-3.0,-45.0,22.0,-100.11,52.19,-13.260000000000002,4.130000000000001,17.7,-28.6,-17.39,14.799999999999997,-56.88,-5.66,-14.719999999999999,-6.210000000000001
2025-07-28T16:59:38.982847,27.0,30.0,-66.0,60.0,-49.0,-15.0,61.0,53.0,-49.0,12.0,-10.0,-22.0,5.890000000000001,72.19,-45.260000000000005,47.13,-47.3,7.399999999999999,48.61,95.8,-43.88,9.34,20.28,-50.21
2025-07-28T16:59:38.986752,63.0,-10.0,-106.0,-62.0,2.0,11.0,-23.0,-21.0,-7.0,46.0,-3.0,13.0,41.89,32.19,-85.26,-74.87,3.7,33.4,-35.39,21.799999999999997,-1.88,43.34,27.28,-15.21
2025-07-28T16:59:38.994861,111.0,-31.0,-60.0,-31.0,3.0,-53.0,18.0,-21.0,7.0,-1.0,-65.0,-73.0,89.89,11.189999999999998,-39.260000000000005,-43.87,4.7,-30.6,5.609999999999999,21.799999999999997,12.120000000000001,-3.66,-34.72,-101.21000000000001
2025-07-28T16:59:38.999047,12.0,-63.0,-35.0,35.0,76.0,-64.0,-35.0,-26.0,-18.0,6.0,1.0,-78.0,-9.11,-20.810000000000002,-14.260000000000002,22.130000000000003,77.7,-41.6,-47.39,16.799999999999997,-12.879999999999999,3.34,31.28,-106.21000000000001
2025-07-28T16:59:39.007429,75.0,4.0,-89.0,-20.0,-14.0,-43.0,25.0,-47.0,-61.0,60.0,-29.0,-37.0,53.89,46.19,-68.26,-32.87,-12.3,-20.6,12.61,-4.200000000000003,-55.88,57.34,1.2800000000000011,-65.21000000000001
2025-07-28T16:59:39.011347,25.0,-93.0,-88.0,40.0,-66.0,-45.0,24.0,-16.0,26.0,0.0,1.0,-53.0,3.8900000000000006,-50.81,-67.26,27.130000000000003,-64.3,-22.6,11.61,26.799999999999997,31.12,-2.66,31.28,-81.21000000000001
2025-07-28T16:59:39.019398,40.0,-97.0,-96.0,-30.0,-46.0,38.0,46.0,-12.0,-13.0,14.0,25.0,-16.0,18.89,-54.81,-75.26,-42.87,-44.3,60.4,33.61,30.799999999999997,-7.88,11.34,55.28,-44.21
2025-07-28T16:59:39.023606,59.0,-77.0,-4.0,29.0,-55.0,-31.0,-7.0,1.0,-20.0,-4.0,5.0,-40.0,37.89,-34.81,16.74,16.130000000000003,-53.3,-8.600000000000001,-19.39,43.8,-14.879999999999999,-6.66,35.28,-68.21000000000001
2025-07-28T16:59:39.031826,46.0,-100.0,-11.0,-12.0,-9.0,-17.0,18.0,13.0,22.0,-75.0,20.0,-51.0,24.89,-57.81,9.739999999999998,-24.869999999999997,-7.3,5.399999999999999,5.609999999999999,55.8,27.12,-77.66,50.28,-79.21000000000001
2025-07-28T16:59:39.036111,-17.0,-53.0,17.0,63.0,-13.0,-20.0,-1.0,-29.0,18.0,-83.0,25.0,-50.0,-38.11,-10.810000000000002,37.739999999999995,50.13,-11.3,2.3999999999999986,-13.39,13.799999999999997,23.12,-85.66,55.28,-78.21000000000001
2025-07-28T16:59:39.044014,-48.0,20.0,15.0,21.0,-9.0,-73.0,-60.0,-15.0,-22.0,-26.0,91.0,-61.0,-69.11,62.19,35.739999999999995,8.13,-7.3,-50.6,-72.39,27.799999999999997,-16.88,-28.66,121.28,-89.21000000000001
2025-07-28T16:59:39.048358,4.0,-35.0,3.0,17.0,26.0,-33.0,30.0,-80.0,-5.0,-30.0,-19.0,-65.0,-17.11,7.189999999999998,23.74,4.130000000000001,27.7,-10.600000000000001,17.61,-37.2,0.1200000000000001,-32.66,11.280000000000001,-93.21000000000001
2025-07-28T16:59:39.057650,-17.0,-14.0,-29.0,23.0,24.0,-89.0,-14.0,-46.0,-63.0,-75.0,10.0,-82.0,-38.11,28.189999999999998,-8.260000000000002,10.13,25.7,-66.6,-26.39,-3.200000000000003,-57.88,-77.66,40.28,-110.21000000000001
2025-07-28T16:59:39.060494,83.0,-26.0,15.0,-17.0,43.0,-79.0,24.0,-76.0,-27.0,-36.0,55.0,-62.0,61.89,16.189999999999998,35.739999999999995,-29.869999999999997,44.7,-56.6,11.61,-33.2,-21.88,-38.66,85.28,-90.21000000000001
2025-07-28T16:59:39.068723,83.0,-50.0,-52.0,-16.0,-14.0,32.0,44.0,-19.0,15.0,-12.0,41.0,-59.0,61.89,-7.810000000000002,-31.26,-28.869999999999997,-12.3,54.4,31.61,23.799999999999997,20.12,-14.66,71.28,-87.21000000000001
2025-07-28T16:59:39.072976,-4.0,-118.0,53.0,-41.0,-17.0,74.0,51.0,-46.0,7.0,-13.0,37.0,-93.0,-25.11,-75.81,73.74,-53.87,-15.3,96.4,38.61,-3.200000000000003,12.120000000000001,-15.66,67.28,-121.21000000000001
2025-07-28T16:59:39.081030,-21.0,-121.0,5.0,16.0,28.0,-77.0,-4.0,-49.0,-49.0,-107.0,79.0,-19.0,-42.11,-78.81,25.74,3.130000000000001,29.7,-54.6,-16.39,-6.200000000000003,-43.88,-109.66,109.28,-47.21
2025-07-28T16:59:39.085348,-51.0,-25.0,-10.0,63.0,-5.0,-74.0,31.0,-61.0,51.0,-51.0,35.0,-41.0,-72.11,17.189999999999998,10.739999999999998,50.13,-3.3,-51.6,18.61,-18.200000000000003,56.12,-53.66,65.28,-69.21000000000001
2025-07-28T16:59:39.093188,-10.0,19.0,-31.0,23.0,-52.0,-53.0,24.0,2.0,-79.0,-11.0,65.0,-33.0,-31.11,61.19,-10.260000000000002,10.13,-50.3,-30.6,11.61,44.8,-73.88,-13.66,95.28,-61.21
2025-07-28T16:59:39.097418,80.0,56.0,-40.0,-13.0,-34.0,2.0,-58.0,-55.0,58.0,-51.0,24.0,-88.0,58.89,98.19,-19.26,-25.869999999999997,-32.3,24.4,-70.39,-12.200000000000003,63.12,-53.66,54.28,-116.21000000000001
2025-07-28T16:59:39.105517,39.0,-86.0,-6.0,82.0,-31.0,-18.0,99.0,-15.0,21.0,-37.0,28.0,-80.0,17.89,-43.81,14.739999999999998,69.13,-29.3,4.399999999999999,86.61,27.799999999999997,26.12,-39.66,58.28,-108.21000000000001
2025-07-28T16:59:39.109893,62.0,-99.0,10.0,53.0,-35.0,-26.0,16.0,14.0,3.0,-15.0,38.0,-34.0,40.89,-56.81,30.74,40.13,-33.3,-3.6000000000000014,3.6099999999999994,56.8,8.120000000000001,-17.66,68.28,-62.21
2025-07-28T16:59:39.117703,23.0,-83.0,26.0,-82.0,39.0,-3.0,2.0,-6.0,1.0,12.0,4.0,-85.0,1.8900000000000006,-40.81,46.739999999999995,-94.87,40.7,19.4,-10.39,36.8,6.12,9.34,34.28,-113.21000000000001
2025-07-28T16:59:39.122173,17.0,-50.0,15.0,11.0,60.0,-19.0,-20.0,-14.0,-22.0,-44.0,36.0,6.0,-4.109999999999999,-7.810000000000002,35.739999999999995,-1.8699999999999992,61.7,3.3999999999999986,-32.39,28.799999999999997,-16.88,-46.66,66.28,-22.21
2025-07-28T16:59:39.130139,24.0,1.0,-36.0,-43.0,-17.0,-10.0,32.0,-29.0,-24.0,-62.0,41.0,-69.0,2.8900000000000006,43.19,-15.260000000000002,-55.87,-15.3,12.399999999999999,19.61,13.799999999999997,-18.88,-64.66,71.28,-97.21000000000001
2025-07-28T16:59:39.134362,-49.0,29.0,-59.0,102.0,30.0,-19.0,105.0,-62.0,-47.0,-74.0,46.0,27.0,-70.11,71.19,-38.260000000000005,89.13,31.7,3.3999999999999986,92.61,-19.200000000000003,-41.88,-76.66,76.28,-1.2100000000000009
2025-07-28T16:59:39.142455,110.0,22.0,-19.0,41.0,6.0,12.0,27.0,-75.0,-2.0,-30.0,20.0,-56.0,88.89,64.19,1.7399999999999984,28.130000000000003,7.7,34.4,14.61,-32.2,3.12,-32.66,50.28,-84.21000000000001
2025-07-28T16:59:39.146600,86.0,-135.0,-53.0,-10.0,-39.0,38.0,6.0,-16.0,-36.0,-28.0,47.0,-2.0,64.89,-92.81,-32.260000000000005,-22.869999999999997,-37.3,60.4,-6.390000000000001,26.799999999999997,-30.88,-30.66,77.28,-30.21
2025-07-28T16:59:39.154738,70.0,-33.0,41.0,-15.0,14.0,-96.0,38.0,-43.0,-25.0,-33.0,43.0,-43.0,48.89,9.189999999999998,61.739999999999995,-27.869999999999997,15.7,-73.6,25.61,-0.20000000000000284,-19.88,-35.66,73.28,-71.21000000000001
2025-07-28T16:59:39.158978,28.0,-76.0,-21.0,26.0,31.0,-62.0,33.0,-57.0,38.0,-24.0,11.0,-48.0,6.890000000000001,-33.81,-0.26000000000000156,13.13,32.7,-39.6,20.61,-14.200000000000003,43.12,-26.66,41.28,-76.21000000000001
2025-07-28T16:59:39.166842,-18.0,-26.0,-6.0,18.0,-5.0,-73.0,27.0,-78.0,46.0,-73.0,44.0,-89.0,-39.11,16.189999999999998,14.739999999999998,5.130000000000001,-3.3,-50.6,14.61,-35.2,51.12,-75.66,74.28,-117.21000000000001
2025-07-28T16:59:39.171304,45.0,-5.0,18.0,58.0,11.0,-115.0,60.0,-51.0,-57.0,3.0,23.0,-21.0,23.89,37.19,38.739999999999995,45.13,12.7,-92.6,47.61,-8.200000000000003,-51.88,0.33999999999999986,53.28,-49.21
2025-07-28T16:59:39.179353,-80.0,-44.0,-19.0,74.0,21.0,-66.0,-2.0,-113.0,59.0,-18.0,-26.0,-95.0,-101.11,-1.8100000000000023,1.7399999999999984,61.13,22.7,-43.6,-14.39,-70.2,64.12,-20.66,4.280000000000001,-123.21000000000001
2025-07-28T16:59:39.183601,64.0,16.0,-109.0,-42.0,-22.0,-20.0,77.0,-57.0,-17.0,-53.0,65.0,-46.0,42.89,58.19,-88.26,-54.87,-20.3,2.3999999999999986,64.61,-14.200000000000003,-11.879999999999999,-55.66,95.28,-74.21000000000001
2025-07-28T16:59:39.191515,12.0,-59.0,-14.0,37.0,18.0,-39.0,-1.0,-22.0,68.0,-50.0,-9.0,-58.0,-9.11,-16.810000000000002,6.739999999999998,24.130000000000003,19.7,-16.6,-13.39,20.799999999999997,73.12,-52.66,21.28,-86.21000000000001
2025-07-28T16:59:39.195754,72.0,-71.0,-45.0,66.0,56.0,4.0,5.0,-81.0,-69.0,-50.0,67.0,-43.0,50.89,-28.810000000000002,-24.26,53.13,57.7,26.4,-7.390000000000001,-38.2,-63.88,-52.66,97.28,-71.21000000000001
2025-07-28T16:59:39.203733,59.0,-82.0,-64.0,41.0,-7.0,-9.0,11.0,48.0,44.0,-75.0,39.0,-27.0,37.89,-39.81,-43.260000000000005,28.130000000000003,-5.3,13.399999999999999,-1.3900000000000006,90.8,49.12,-77.66,69.28,-55.21
2025-07-28T16:59:39.208135,60.0,-34.0,-65.0,80.0,-116.0,-102.0,71.0,-122.0,-24.0,12.0,74.0,-44.0,38.89,8.189999999999998,-44.260000000000005,67.13,-114.3,-79.6,58.61,-79.2,-18.88,9.34,104.28,-72.21000000000001
2025-07-28T16:59:39.216246,85.0,-48.0,6.0,51.0,-35.0,-5.0,63.0,-12.0,-52.0,-32.0,91.0,-11.0,63.89,-5.810000000000002,26.74,38.13,-33.3,17.4,50.61,30.799999999999997,-46.88,-34.66,121.28,-39.21
2025-07-28T16:59:39.220374,-4.0,-77.0,-6.0,-5.0,-31.0,62.0,14.0,-38.0,66.0,-1.0,18.0,-42.0,-25.11,-34.81,14.739999999999998,-17.869999999999997,-29.3,84.4,1.6099999999999994,4.799999999999997,71.12,-3.66,48.28,-70.21000000000001
2025-07-28T16:59:39.228433,27.0,-87.0,23.0,-1.0,0.0,-96.0,-37.0,-72.0,-43.0,-61.0,42.0,-33.0,5.890000000000001,-44.81,43.739999999999995,-13.87,1.7,-73.6,-49.39,-29.200000000000003,-37.88,-63.66,72.28,-61.21
2025-07-28T16:59:39.232579,34.0,-104.0,-1.0,-37.0,5.0,-29.0,39.0,-5.0,-37.0,-4.0,62.0,-49.0,12.89,-61.81,19.74,-49.87,6.7,-6.600000000000001,26.61,37.8,-31.88,-6.66,92.28,-77.21000000000001
2025-07-28T16:59:39.236718,12.0,-28.0,-10.0,31.0,74.0,4.0,18.0,-26.0,-2.0,-58.0,16.0,-34.0,-9.11,14.189999999999998,10.739999999999998,18.130000000000003,75.7,26.4,5.609999999999999,16.799999999999997,3.12,-60.66,46.28,-62.21
2025-07-28T16:59:39.244789,-5.0,30.0,-28.0,5.0,62.0,-93.0,18.0,5.0,36.0,-35.0,18.0,-60.0,-26.11,72.19,-7.260000000000002,-7.869999999999999,63.7,-70.6,5.609999999999999,47.8,41.12,-37.66,48.28,-88.21000000000001
2025-07-28T16:59:39.252773,67.0,-24.0,-68.0,-28.0,-21.0,-37.0,-11.0,-10.0,39.0,-33.0,50.0,-63.0,45.89,18.189999999999998,-47.260000000000005,-40.87,-19.3,-14.600000000000001,-23.39,32.8,44.12,-35.66,80.28,-91.21000000000001
2025-07-28T16:59:39.257095,71.0,-54.0,-84.0,32.0,41.0,-77.0,28.0,-31.0,-11.0,-4.0,31.0,-90.0,49.89,-11.810000000000002,-63.260000000000005,19.130000000000003,42.7,-54.6,15.61,11.799999999999997,-5.88,-6.66,61.28,-118.21000000000001
2025-07-28T16:59:39.265175,104.0,-10.0,-21.0,23.0,-37.0,12.0,-35.0,-34.0,19.0,-34.0,-13.0,-30.0,82.89,32.19,-0.26000000000000156,10.13,-35.3,34.4,-47.39,8.799999999999997,24.12,-36.66,17.28,-58.21
2025-07-28T16:59:39.269368,101.0,-25.0,40.0,-110.0,-38.0,-59.0,38.0,19.0,-12.0,-10.0,92.0,-52.0,79.89,17.189999999999998,60.739999999999995,-122.87,-36.3,-36.6,25.61,61.8,-6.88,-12.66,122.28,-80.21000000000001
2025-07-28T16:59:39.273568,42.0,-84.0,-1.0,-13.0,8.0,-59.0,44.0,-13.0,-30.0,13.0,13.0,-24.0,20.89,-41.81,19.74,-25.869999999999997,9.7,-36.6,31.61,29.799999999999997,-24.88,10.34,43.28,-52.21
2025-07-28T16:59:39.281742,-70.0,24.0,48.0,48.0,74.0,-24.0,25.0,-23.0,-8.0,-64.0,37.0,-47.0,-91.11,66.19,68.74,35.13,75.7,-1.6000000000000014,12.61,19.799999999999997,-2.88,-66.66,67.28,-75.21000000000001
2025-07-28T16:59:39.285732,26.0,14.0,-55.0,78.0,-66.0,-51.0,39.0,4.0,-9.0,-36.0,45.0,-97.0,4.890000000000001,56.19,-34.260000000000005,65.13,-64.3,-28.6,26.61,46.8,-3.88,-38.66,75.28,-125.21000000000001
2025-07-28T16:59:39.294107,18.0,13.0,-122.0,-31.0,-32.0,-40.0,56.0,-59.0,-58.0,-81.0,16.0,-37.0,-3.1099999999999994,55.19,-101.26,-43.87,-30.3,-17.6,43.61,-16.200000000000003,-52.88,-83.66,46.28,-65.21000000000001
2025-07-28T16:59:39.298259,95.0,-59.0,-69.0,10.0,-65.0,-36.0,72.0,-56.0,4.0,-83.0,42.0,-34.0,73.89,-16.810000000000002,-48.260000000000005,-2.869999999999999,-63.3,-13.600000000000001,59.61,-13.200000000000003,9.120000000000001,-85.66,72.28,-62.21
2025-07-28T16:59:39.306440,55.0,-57.0,-49.0,-15.0,-14.0,-38.0,-7.0,-19.0,22.0,-20.0,8.0,-66.0,33.89,-14.810000000000002,-28.26,-27.869999999999997,-12.3,-15.600000000000001,-19.39,23.799999999999997,27.12,-22.66,38.28,-94.21000000000001
2025-07-28T16:59:39.310351,37.0,-51.0,-65.0,-30.0,-18.0,4.0,27.0,-38.0,15.0,-36.0,65.0,-77.0,15.89,-8.810000000000002,-44.260000000000005,-42.87,-16.3,26.4,14.61,4.799999999999997,20.12,-38.66,95.28,-105.21000000000001
2025-07-28T16:59:39.318610,109.0,-50.0,27.0,-33.0,43.0,-8.0,45.0,-58.0,21.0,-101.0,24.0,-14.0,87.89,-7.810000000000002,47.739999999999995,-45.87,44.7,14.399999999999999,32.61,-15.200000000000003,26.12,-103.66,54.28,-42.21
2025-07-28T16:59:39.322580,82.0,-105.0,-11.0,63.0,-42.0,-52.0,8.0,-78.0,-21.0,-67.0,64.0,-86.0,60.89,-62.81,9.739999999999998,50.13,-40.3,-29.6,-4.390000000000001,-35.2,-15.879999999999999,-69.66,94.28,-114.21000000000001
2025-07-28T16:59:39.330846,17.0,-2.0,-7.0,86.0,5.0,-37.0,16.0,-43.0,34.0,-36.0,17.0,-18.0,-4.109999999999999,40.19,13.739999999999998,73.13,6.7,-14.600000000000001,3.6099999999999994,-0.20000000000000284,39.12,-38.66,47.28,-46.21
2025-07-28T16:59:39.334916,-30.0,-77.0,0.0,-1.0,35.0,40.0,9.0,-33.0,-33.0,-31.0,11.0,-41.0,-51.11,-34.81,20.74,-13.87,36.7,62.4,-3.3900000000000006,9.799999999999997,-27.88,-33.66,41.28,-69.21000000000001
2025-07-28T16:59:39.343256,68.0,-46.0,32.0,-40.0,-29.0,8.0,45.0,-59.0,-40.0,-62.0,28.0,-11.0,46.89,-3.8100000000000023,52.739999999999995,-52.87,-27.3,30.4,32.61,-16.200000000000003,-34.88,-64.66,58.28,-39.21
2025-07-28T16:59:39.347158,-38.0,30.0,-29.0,9.0,-4.0,-43.0,50.0,7.0,-12.0,-103.0,3.0,-68.0,-59.11,72.19,-8.260000000000002,-3.869999999999999,-2.3,-20.6,37.61,49.8,-6.88,-105.66,33.28,-96.21000000000001
2025-07-28T16:59:39.355460,75.0,-51.0,-5.0,-1.0,22.0,-84.0,-37.0,30.0,21.0,-56.0,48.0,-131.0,53.89,-8.810000000000002,15.739999999999998,-13.87,23.7,-61.6,-49.39,72.8,26.12,-58.66,78.28,-159.21
2025-07-28T16:59:39.359647,-17.0,-26.0,-20.0,49.0,68.0,30.0,3.0,-4.0,25.0,29.0,8.0,-12.0,-38.11,16.189999999999998,0.7399999999999984,36.13,69.7,52.4,-9.39,38.8,30.12,26.34,38.28,-40.21
2025-07-28T16:59:39.367849,53.0,-32.0,-67.0,3.0,0.0,-78.0,14.0,-26.0,-23.0,22.0,67.0,-36.0,31.89,10.189999999999998,-46.260000000000005,-9.87,1.7,-55.6,1.6099999999999994,16.799999999999997,-17.88,19.34,97.28,-64.21000000000001
2025-07-28T16:59:39.372112,-1.0,-22.0,-23.0,11.0,-12.0,-18.0,-10.0,40.0,-54.0,-108.0,46.0,-61.0,-22.11,20.189999999999998,-2.2600000000000016,-1.8699999999999992,-10.3,4.399999999999999,-22.39,82.8,-48.88,-110.66,76.28,-89.21000000000001
2025-07-28T16:59:39.380015,62.0,-33.0,-7.0,3.0,52.0,-40.0,9.0,15.0,14.0,-17.0,1.0,-74.0,40.89,9.189999999999998,13.739999999999998,-9.87,53.7,-17.6,-3.3900000000000006,57.8,19.12,-19.66,31.28,-102.21000000000001
2025-07-28T16:59:39.384334,107.0,9.0,-78.0,17.0,-14.0,-8.0,31.0,-65.0,15.0,-61.0,23.0,9.0,85.89,51.19,-57.260000000000005,4.130000000000001,-12.3,14.399999999999999,18.61,-22.200000000000003,20.12,-63.66,53.28,-19.21
2025-07-28T16:59:39.392274,19.0,15.0,-1.0,68.0,-63.0,3.0,-16.0,-79.0,-56.0,-65.0,-22.0,49.0,-2.1099999999999994,57.19,19.74,55.13,-61.3,25.4,-28.39,-36.2,-50.88,-67.66,8.280000000000001,20.79
2025-07-28T16:59:39.396506,89.0,-45.0,-36.0,72.0,20.0,27.0,9.0,-14.0,50.0,-27.0,4.0,12.0,67.89,-2.8100000000000023,-15.260000000000002,59.13,21.7,49.4,-3.3900000000000006,28.799999999999997,55.12,-29.66,34.28,-16.21
2025-07-28T16:59:39.404478,32.0,-92.0,-5.0,-89.0,47.0,-76.0,-56.0,42.0,-9.0,-48.0,-40.0,7.0,10.89,-49.81,15.739999999999998,-101.87,48.7,-53.6,-68.39,84.8,-3.88,-50.66,-9.719999999999999,-21.21
2025-07-28T16:59:39.408642,151.0,15.0,31.0,-16.0,-26.0,-34.0,52.0,-68.0,8.0,4.0,-25.0,7.0,129.89,57.19,51.739999999999995,-28.869999999999997,-24.3,-11.600000000000001,39.61,-25.200000000000003,13.120000000000001,1.3399999999999999,5.280000000000001,-21.21
2025-07-28T16:59:39.416762,-4.0,-52.0,-18.0,-2.0,-8.0,-111.0,35.0,46.0,-2.0,35.0,20.0,-30.0,-25.11,-9.810000000000002,2.7399999999999984,-14.87,-6.3,-88.6,22.61,88.8,3.12,32.34,50.28,-58.21
2025-07-28T16:59:39.421169,-3.0,-87.0,38.0,42.0,-5.0,-77.0,-34.0,-28.0,-22.0,5.0,-46.0,-1.0,-24.11,-44.81,58.739999999999995,29.130000000000003,-3.3,-54.6,-46.39,14.799999999999997,-16.88,2.34,-15.719999999999999,-29.21
2025-07-28T16:59:39.429110,37.0,-129.0,4.0,36.0,63.0,-50.0,-39.0,24.0,-58.0,13.0,-1.0,37.0,15.89,-86.81,24.74,23.130000000000003,64.7,-27.6,-51.39,66.8,-52.88,10.34,29.28,8.79
2025-07-28T16:59:39.433379,-107.0,-61.0,-21.0,-6.0,-54.0,8.0,10.0,-60.0,-26.0,-3.0,18.0,35.0,-128.11,-18.810000000000002,-0.26000000000000156,-18.869999999999997,-52.3,30.4,-2.3900000000000006,-17.200000000000003,-20.88,-5.66,48.28,6.789999999999999
2025-07-28T16:59:39.441323,14.0,49.0,-98.0,29.0,44.0,-35.0,-10.0,-29.0,27.0,-70.0,-21.0,16.0,-7.109999999999999,91.19,-77.26,16.130000000000003,45.7,-12.600000000000001,-22.39,13.799999999999997,32.12,-72.66,9.280000000000001,-12.21
2025-07-28T16:59:39.445608,63.0,-17.0,-74.0,51.0,-21.0,-48.0,6.0,-26.0,-14.0,74.0,-5.0,-20.0,41.89,25.189999999999998,-53.260000000000005,38.13,-19.3,-25.6,-6.390000000000001,16.799999999999997,-8.879999999999999,71.34,25.28,-48.21
2025-07-28T16:59:39.453749,62.0,47.0,-132.0,-16.0,-37.0,-68.0,28.0,-44.0,26.0,17.0,-9.0,-14.0,40.89,89.19,-111.26,-28.869999999999997,-35.3,-45.6,15.61,-1.2000000000000028,31.12,14.34,21.28,-42.21
2025-07-28T16:59:39.457933,75.0,-67.0,-56.0,-18.0,0.0,-61.0,36.0,-19.0,-63.0,16.0,22.0,2.0,53.89,-24.810000000000002,-35.260000000000005,-30.869999999999997,1.7,-38.6,23.61,23.799999999999997,-57.88,13.34,52.28,-26.21
2025-07-28T16:59:39.461818,45.0,-89.0,-6.0,7.0,-32.0,-56.0,13.0,-58.0,-9.0,28.0,-32.0,37.0,23.89,-46.81,14.739999999999998,-5.869999999999999,-30.3,-33.6,0.6099999999999994,-15.200000000000003,-3.88,25.34,-1.7199999999999989,8.79
2025-07-28T16:59:39.470285,2.0,-73.0,-76.0,75.0,3.0,-81.0,46.0,-38.0,-26.0,15.0,-10.0,-15.0,-19.11,-30.810000000000002,-55.260000000000005,62.13,4.7,-58.6,33.61,4.799999999999997,-20.88,12.34,20.28,-43.21
2025-07-28T16:59:39.474155,71.0,-53.0,-28.0,21.0,-71.0,26.0,28.0,14.0,-66.0,30.0,18.0,16.0,49.89,-10.810000000000002,-7.260000000000002,8.13,-69.3,48.4,15.61,56.8,-60.88,27.34,48.28,-12.21
2025-07-28T16:59:39.482450,36.0,-85.0,3.0,-49.0,-19.0,12.0,12.0,4.0,9.0,54.0,-21.0,-18.0,14.89,-42.81,23.74,-61.87,-17.3,34.4,-0.39000000000000057,46.8,14.120000000000001,51.34,9.280000000000001,-46.21
2025-07-28T16:59:39.486798,49.0,-9.0,41.0,44.0,60.0,-25.0,36.0,-49.0,14.0,48.0,-12.0,-5.0,27.89,33.19,61.739999999999995,31.130000000000003,61.7,-2.6000000000000014,23.61,-6.200000000000003,19.12,45.34,18.28,-33.21
2025-07-28T16:59:39.494717,-45.0,-64.0,16.0,22.0,27.0,-87.0,72.0,-24.0,-38.0,20.0,-58.0,-28.0,-66.11,-21.810000000000002,36.739999999999995,9.13,28.7,-64.6,59.61,18.799999999999997,-32.88,17.34,-27.72,-56.21
2025-07-28T16:59:39.498767,24.0,-30.0,16.0,48.0,-33.0,-69.0,12.0,-52.0,-33.0,-21.0,-15.0,-6.0,2.8900000000000006,12.189999999999998,36.739999999999995,35.13,-31.3,-46.6,-0.39000000000000057,-9.200000000000003,-27.88,-23.66,15.280000000000001,-34.21
2025-07-28T16:59:39.506860,-6.0,-1.0,-6.0,22.0,-41.0,-21.0,64.0,2.0,-19.0,48.0,10.0,4.0,-27.11,41.19,14.739999999999998,9.13,-39.3,1.3999999999999986,51.61,44.8,-13.879999999999999,45.34,40.28,-24.21
2025-07-28T16:59:39.511292,105.0,43.0,-64.0,8.0,-23.0,3.0,40.0,19.0,-63.0,33.0,-55.0,11.0,83.89,85.19,-43.260000000000005,-4.869999999999999,-21.3,25.4,27.61,61.8,-57.88,30.34,-24.72,-17.21
2025-07-28T16:59:39.519194,6.0,-14.0,-20.0,39.0,-22.0,-44.0,6.0,-47.0,-68.0,39.0,-16.0,20.0,-15.11,28.189999999999998,0.7399999999999984,26.130000000000003,-20.3,-21.6,-6.390000000000001,-4.200000000000003,-62.88,36.34,14.280000000000001,-8.21
2025-07-28T16:59:39.523500,88.0,14.0,-13.0,32.0,-1.0,13.0,56.0,-64.0,-84.0,21.0,21.0,-8.0,66.89,56.19,7.739999999999998,19.130000000000003,0.7,35.4,43.61,-21.200000000000003,-78.88,18.34,51.28,-36.21
2025-07-28T16:59:39.531382,33.0,-23.0,-86.0,-35.0,-92.0,34.0,-15.0,-3.0,13.0,8.0,6.0,15.0,11.89,19.189999999999998,-65.26,-47.87,-90.3,56.4,-27.39,39.8,18.12,5.34,36.28,-13.21
2025-07-28T16:59:39.535757,-35.0,-61.0,-49.0,-24.0,-29.0,-32.0,26.0,-51.0,14.0,13.0,-66.0,19.0,-56.11,-18.810000000000002,-28.26,-36.87,-27.3,-9.600000000000001,13.61,-8.200000000000003,19.12,10.34,-35.72,-9.21
2025-07-28T16:59:39.543786,120.0,-5.0,-57.0,24.0,18.0,-7.0,36.0,-22.0,-19.0,42.0,-59.0,28.0,98.89,37.19,-36.260000000000005,11.13,19.7,15.399999999999999,23.61,20.799999999999997,-13.879999999999999,39.34,-28.72,-0.21000000000000085
2025-07-28T16:59:39.548144,64.0,-83.0,-30.0,-14.0,36.0,-29.0,24.0,-19.0,-48.0,12.0,-24.0,-37.0,42.89,-40.81,-9.260000000000002,-26.869999999999997,37.7,-6.600000000000001,11.61,23.799999999999997,-42.88,9.34,6.280000000000001,-65.21000000000001
2025-07-28T16:59:39.556033,91.0,-1.0,4.0,-27.0,-1.0,-41.0,5.0,-19.0,-8.0,-18.0,2.0,-28.0,69.89,41.19,24.74,-39.87,0.7,-18.6,-7.390000000000001,23.799999999999997,-2.88,-20.66,32.28,-56.21
2025-07-28T16:59:39.560362,49.0,-27.0,-34.0,8.0,-16.0,-99.0,-18.0,-42.0,36.0,55.0,-9.0,-82.0,27.89,15.189999999999998,-13.260000000000002,-4.869999999999999,-14.3,-76.6,-30.39,0.7999999999999972,41.12,52.34,21.28,-110.21000000000001
2025-07-28T16:59:39.568266,52.0,-68.0,1.0,43.0,2.0,-56.0,-49.0,-33.0,-8.0,29.0,-61.0,35.0,30.89,-25.810000000000002,21.74,30.130000000000003,3.7,-33.6,-61.39,9.799999999999997,-2.88,26.34,-30.72,6.789999999999999
2025-07-28T16:59:39.573108,68.0,-77.0,10.0,-17.0,0.0,-92.0,33.0,-40.0,-35.0,-4.0,-5.0,-46.0,46.89,-34.81,30.74,-29.869999999999997,1.7,-69.6,20.61,2.799999999999997,-29.88,-6.66,25.28,-74.21000000000001
2025-07-28T16:59:39.580820,73.0,-36.0,-39.0,28.0,-82.0,-49.0,-63.0,-34.0,9.0,-11.0,14.0,-29.0,51.89,6.189999999999998,-18.26,15.13,-80.3,-26.6,-75.39,8.799999999999997,14.120000000000001,-13.66,44.28,-57.21
2025-07-28T16:59:39.584853,15.0,-123.0,-72.0,25.0,-42.0,-51.0,-46.0,34.0,-54.0,-18.0,17.0,-78.0,-6.109999999999999,-80.81,-51.260000000000005,12.13,-40.3,-28.6,-58.39,76.8,-48.88,-20.66,47.28,-106.21000000000001
2025-07-28T16:59:39.592851,-20.0,8.0,37.0,21.0,-51.0,2.0,34.0,-41.0,-50.0,11.0,42.0,-42.0,-41.11,50.19,57.739999999999995,8.13,-49.3,24.4,21.61,1.7999999999999972,-44.88,8.34,72.28,-70.21000000000001
2025-07-28T16:59:39.597281,36.0,-44.0,-62.0,-4.0,37.0,-27.0,-27.0,-60.0,-59.0,0.0,-13.0,-83.0,14.89,-1.8100000000000023,-41.260000000000005,-16.869999999999997,38.7,-4.600000000000001,-39.39,-17.200000000000003,-53.88,-2.66,17.28,-111.21000000000001
2025-07-28T16:59:39.605332,-1.0,-2.0,-21.0,-8.0,-33.0,-22.0,-11.0,-47.0,-10.0,45.0,11.0,-58.0,-22.11,40.19,-0.26000000000000156,-20.869999999999997,-31.3,0.3999999999999986,-23.39,-4.200000000000003,-4.88,42.34,41.28,-86.21000000000001
2025-07-28T16:59:39.609411,48.0,77.0,-77.0,31.0,13.0,-32.0,-30.0,-33.0,-65.0,104.0,75.0,-17.0,26.89,119.19,-56.260000000000005,18.130000000000003,14.7,-9.600000000000001,-42.39,9.799999999999997,-59.88,101.34,105.28,-45.21
2025-07-28T16:59:39.617409,109.0,-69.0,-79.0,79.0,-13.0,-48.0,65.0,-14.0,-56.0,11.0,45.0,-63.0,87.89,-26.810000000000002,-58.260000000000005,66.13,-11.3,-25.6,52.61,28.799999999999997,-50.88,8.34,75.28,-91.21000000000001
2025-07-28T16:59:39.621834,103.0,-91.0,-76.0,-12.0,-27.0,-52.0,37.0,-40.0,-26.0,-4.0,24.0,-22.0,81.89,-48.81,-55.260000000000005,-24.869999999999997,-25.3,-29.6,24.61,2.799999999999997,-20.88,-6.66,54.28,-50.21
2025-07-28T16:59:39.629830,43.0,-83.0,-9.0,4.0,12.0,-53.0,42.0,-29.0,3.0,25.0,-10.0,-53.0,21.89,-40.81,11.739999999999998,-8.87,13.7,-30.6,29.61,13.799999999999997,8.120000000000001,22.34,20.28,-81.21000000000001
2025-07-28T16:59:39.634008,11.0,-67.0,-39.0,49.0,4.0,-34.0,11.0,-77.0,-68.0,-28.0,52.0,-104.0,-10.11,-24.810000000000002,-18.26,36.13,5.7,-11.600000000000001,-1.3900000000000006,-34.2,-62.88,-30.66,82.28,-132.21
2025-07-28T16:59:39.642071,22.0,-2.0,25.0,-17.0,-31.0,-61.0,-4.0,-101.0,-28.0,43.0,59.0,-87.0,0.8900000000000006,40.19,45.739999999999995,-29.869999999999997,-29.3,-38.6,-16.39,-58.2,-22.88,40.34,89.28,-115.21000000000001
2025-07-28T16:59:39.646312,3.0,-29.0,-76.0,19.0,13.0,-27.0,72.0,-13.0,-47.0,72.0,53.0,-36.0,-18.11,13.189999999999998,-55.260000000000005,6.130000000000001,14.7,-4.600000000000001,59.61,29.799999999999997,-41.88,69.34,83.28,-64.21000000000001
2025-07-28T16:59:39.654287,56.0,-52.0,-80.0,83.0,12.0,-69.0,-43.0,3.0,-25.0,-40.0,48.0,-52.0,34.89,-9.810000000000002,-59.260000000000005,70.13,13.7,-46.6,-55.39,45.8,-19.88,-42.66,78.28,-80.21000000000001
2025-07-28T16:59:39.658569,34.0,-23.0,-85.0,62.0,-52.0,-13.0,-19.0,-48.0,-7.0,-24.0,91.0,-103.0,12.89,19.189999999999998,-64.26,49.13,-50.3,9.399999999999999,-31.39,-5.200000000000003,-1.88,-26.66,121.28,-131.21
2025-07-28T16:59:39.666789,102.0,-10.0,-60.0,-32.0,-13.0,21.0,7.0,-74.0,-47.0,-22.0,54.0,-49.0,80.89,32.19,-39.260000000000005,-44.87,-11.3,43.4,-5.390000000000001,-31.200000000000003,-41.88,-24.66,84.28,-77.21000000000001
2025-07-28T16:59:39.670873,67.0,-102.0,-7.0,-8.0,-22.0,-10.0,62.0,-123.0,-8.0,73.0,36.0,-91.0,45.89,-59.81,13.739999999999998,-20.869999999999997,-20.3,12.399999999999999,49.61,-80.2,-2.88,70.34,66.28,-119.21000000000001
2025-07-28T16:59:39.675003,22.0,39.0,-28.0,-9.0,31.0,-76.0,-28.0,-46.0,-2.0,13.0,37.0,-107.0,0.8900000000000006,81.19,-7.260000000000002,-21.869999999999997,32.7,-53.6,-40.39,-3.200000000000003,3.12,10.34,67.28,-135.21
2025-07-28T16:59:39.683256,58.0,-20.0,-44.0,0.0,42.0,-107.0,8.0,-136.0,-99.0,-10.0,42.0,24.0,36.89,22.189999999999998,-23.26,-12.87,43.7,-84.6,-4.390000000000001,-93.2,-93.88,-12.66,72.28,-4.210000000000001
2025-07-28T16:59:39.687108,59.0,31.0,-15.0,40.0,-5.0,-108.0,1.0,-30.0,-35.0,37.0,17.0,-41.0,37.89,73.19,5.739999999999998,27.130000000000003,-3.3,-85.6,-11.39,12.799999999999997,-29.88,34.34,47.28,-69.21000000000001
2025-07-28T16:59:39.695452,62.0,-65.0,-49.0,35.0,16.0,-57.0,51.0,-65.0,0.0,-4.0,79.0,-47.0,40.89,-22.810000000000002,-28.26,22.130000000000003,17.7,-34.6,38.61,-22.200000000000003,5.12,-6.66,109.28,-75.21000000000001
2025-07-28T16:59:39.699447,55.0,-86.0,-10.0,-8.0,5.0,-26.0,54.0,-26.0,-22.0,20.0,72.0,-111.0,33.89,-43.81,10.739999999999998,-20.869999999999997,6.7,-3.6000000000000014,41.61,16.799999999999997,-16.88,17.34,102.28,-139.21
2025-07-28T16:59:39.707604,25.0,-83.0,15.0,55.0,6.0,-17.0,-4.0,-42.0,26.0,26.0,43.0,-94.0,3.8900000000000006,-40.81,35.739999999999995,42.13,7.7,5.399999999999999,-16.39,0.7999999999999972,31.12,23.34,73.28,-122.21000000000001
2025-07-28T16:59:39.711750,28.0,-81.0,-16.0,-7.0,10.0,8.0,7.0,-60.0,7.0,30.0,-4.0,-64.0,6.890000000000001,-38.81,4.739999999999998,-19.869999999999997,11.7,30.4,-5.390000000000001,-17.200000000000003,12.120000000000001,27.34,26.28,-92.21000000000001
2025-07-28T16:59:39.719875,80.0,-110.0,8.0,1.0,-20.0,-17.0,-10.0,12.0,-52.0,-105.0,65.0,-78.0,58.89,-67.81,28.74,-11.87,-18.3,5.399999999999999,-22.39,54.8,-46.88,-107.66,95.28,-106.21000000000001
2025-07-28T16:59:39.724105,-15.0,-66.0,-12.0,-75.0,58.0,-48.0,56.0,7.0,17.0,-61.0,23.0,-131.0,-36.11,-23.810000000000002,8.739999999999998,-87.87,59.7,-25.6,43.61,49.8,22.12,-63.66,53.28,-159.21
2025-07-28T16:59:39.732268,4.0,-3.0,-87.0,44.0,-8.0,-99.0,8.0,-74.0,-55.0,25.0,86.0,-65.0,-17.11,39.19,-66.26,31.130000000000003,-6.3,-76.6,-4.390000000000001,-31.200000000000003,-49.88,22.34,116.28,-93.21000000000001
2025-07-28T16:59:39.736357,57.0,64.0,-134.0,44.0,1.0,-81.0,23.0,44.0,-25.0,-34.0,2.0,-71.0,35.89,106.19,-113.26,31.130000000000003,2.7,-58.6,10.61,86.8,-19.88,-36.66,32.28,-99.21000000000001
2025-07-28T16:59:39.744425,30.0,32.0,-143.0,19.0,-51.0,-98.0,9.0,-24.0,-6.0,-42.0,42.0,-77.0,8.89,74.19,-122.26,6.130000000000001,-49.3,-75.6,-3.3900000000000006,18.799999999999997,-0.8799999999999999,-44.66,72.28,-105.21000000000001
2025-07-28T16:59:39.748690,59.0,16.0,-47.0,-10.0,-22.0,-38.0,-46.0,-25.0,-11.0,-70.0,6.0,-60.0,37.89,58.19,-26.26,-22.869999999999997,-20.3,-15.600000000000001,-58.39,17.799999999999997,-5.88,-72.66,36.28,-88.21000000000001
2025-07-28T16:59:39.757269,29.0,-115.0,-43.0,-30.0,-48.0,-27.0,15.0,-51.0,-29.0,22.0,2.0,-94.0,7.890000000000001,-72.81,-22.26,-42.87,-46.3,-4.600000000000001,2.6099999999999994,-8.200000000000003,-23.88,19.34,32.28,-122.21000000000001
2025-07-28T16:59:39.761532,74.0,-73.0,-78.0,26.0,17.0,15.0,16.0,-42.0,-55.0,-83.0,13.0,-29.0,52.89,-30.810000000000002,-57.260000000000005,13.13,18.7,37.4,3.6099999999999994,0.7999999999999972,-49.88,-85.66,43.28,-57.21
2025-07-28T16:59:39.769060,-49.0,-51.0,-70.0,12.0,-36.0,-1.0,-41.0,-43.0,-2.0,-5.0,22.0,-94.0,-70.11,-8.810000000000002,-49.260000000000005,-0.8699999999999992,-34.3,21.4,-53.39,-0.20000000000000284,3.12,-7.66,52.28,-122.21000000000001
2025-07-28T16:59:39.773875,4.0,-40.0,27.0,5.0,-28.0,-8.0,40.0,-53.0,7.0,-54.0,92.0,-54.0,-17.11,2.1899999999999977,47.739999999999995,-7.869999999999999,-26.3,14.399999999999999,27.61,-10.200000000000003,12.120000000000001,-56.66,122.28,-82.21000000000001
2025-07-28T16:59:39.781371,31.0,-77.0,8.0,52.0,80.0,-42.0,-28.0,-97.0,21.0,-29.0,19.0,-36.0,9.89,-34.81,28.74,39.13,81.7,-19.6,-40.39,-54.2,26.12,-31.66,49.28,-64.21000000000001
2025-07-28T16:59:39.785522,-4.0,40.0,12.0,-14.0,18.0,-44.0,58.0,-58.0,-32.0,-19.0,88.0,-18.0,-25.11,82.19,32.739999999999995,-26.869999999999997,19.7,-21.6,45.61,-15.200000000000003,-26.88,-21.66,118.28,-46.21
2025-07-28T16:59:39.793578,-9.0,22.0,-115.0,-27.0,8.0,-14.0,24.0,-137.0,-37.0,-84.0,103.0,-44.0,-30.11,64.19,-94.26,-39.87,9.7,8.399999999999999,11.61,-94.2,-31.88,-86.66,133.28,-72.21000000000001
2025-07-28T16:59:39.797907,93.0,19.0,-12.0,-37.0,-22.0,-86.0,16.0,-17.0,0.0,-43.0,-26.0,-27.0,71.89,61.19,8.739999999999998,-49.87,-20.3,-63.6,3.6099999999999994,25.799999999999997,5.12,-45.66,4.280000000000001,-55.21
2025-07-28T16:59:39.806017,28.0,-94.0,-70.0,-47.0,2.0,-50.0,-25.0,-72.0,-69.0,-84.0,113.0,-58.0,6.890000000000001,-51.81,-49.260000000000005,-59.87,3.7,-27.6,-37.39,-29.200000000000003,-63.88,-86.66,143.28,-86.21000000000001
2025-07-28T16:59:39.810135,59.0,-52.0,-28.0,-10.0,20.0,-43.0,-1.0,6.0,-6.0,-86.0,19.0,-64.0,37.89,-9.810000000000002,-7.260000000000002,-22.869999999999997,21.7,-20.6,-13.39,48.8,-0.8799999999999999,-88.66,49.28,-92.21000000000001
2025-07-28T16:59:39.818270,60.0,4.0,8.0,-39.0,63.0,-106.0,8.0,12.0,-25.0,-72.0,32.0,-43.0,38.89,46.19,28.74,-51.87,64.7,-83.6,-4.390000000000001,54.8,-19.88,-74.66,62.28,-71.21000000000001
2025-07-28T16:59:39.822434,45.0,2.0,-31.0,-2.0,54.0,-101.0,23.0,-64.0,-10.0,-65.0,2.0,-61.0,23.89,44.19,-10.260000000000002,-14.87,55.7,-78.6,10.61,-21.200000000000003,-4.88,-67.66,32.28,-89.21000000000001
2025-07-28T16:59:39.830347,66.0,-49.0,35.0,-31.0,-11.0,-5.0,12.0,-33.0,-57.0,-21.0,28.0,-54.0,44.89,-6.810000000000002,55.739999999999995,-43.87,-9.3,17.4,-0.39000000000000057,9.799999999999997,-51.88,-23.66,58.28,-82.21000000000001
2025-07-28T16:59:39.834592,26.0,-42.0,64.0,112.0,3.0,-47.0,81.0,-10.0,-69.0,0.0,104.0,-20.0,4.890000000000001,0.18999999999999773,84.74,99.13,4.7,-24.6,68.61,32.8,-63.88,-2.66,134.28,-48.21
2025-07-28T16:59:39.842693,39.0,21.0,10.0,-45.0,30.0,-26.0,11.0,-20.0,-34.0,-57.0,78.0,-79.0,17.89,63.19,30.74,-57.87,31.7,-3.6000000000000014,-1.3900000000000006,22.799999999999997,-28.88,-59.66,108.28,-107.21000000000001
2025-07-28T16:59:39.847042,45.0,44.0,-80.0,-35.0,86.0,-48.0,57.0,14.0,-9.0,24.0,17.0,-37.0,23.89,86.19,-59.260000000000005,-47.87,87.7,-25.6,44.61,56.8,-3.88,21.34,47.28,-65.21000000000001
2025-07-28T16:59:39.851152,49.0,5.0,-24.0,30.0,30.0,-85.0,45.0,3.0,-7.0,-58.0,104.0,-85.0,27.89,47.19,-3.2600000000000016,17.130000000000003,31.7,-62.6,32.61,45.8,-1.88,-60.66,134.28,-113.21000000000001
2025-07-28T16:59:39.859321,72.0,23.0,-55.0,65.0,32.0,-58.0,32.0,-19.0,-17.0,-15.0,-16.0,-86.0,50.89,65.19,-34.260000000000005,52.13,33.7,-35.6,19.61,23.799999999999997,-11.879999999999999,-17.66,14.280000000000001,-114.21000000000001
2025-07-28T16:59:39.867308,72.0,-33.0,5.0,92.0,-27.0,-79.0,-24.0,-60.0,-101.0,-33.0,50.0,-39.0,50.89,9.189999999999998,25.74,79.13,-25.3,-56.6,-36.39,-17.200000000000003,-95.88,-35.66,80.28,-67.21000000000001
2025-07-28T16:59:39.871596,101.0,-67.0,-20.0,-11.0,18.0,-46.0,11.0,-23.0,-45.0,-58.0,20.0,-62.0,79.89,-24.810000000000002,0.7399999999999984,-23.869999999999997,19.7,-23.6,-1.3900000000000006,19.799999999999997,-39.88,-60.66,50.28,-90.21000000000001
2025-07-28T16:59:39.879735,7.0,12.0,-21.0,-20.0,-70.0,-20.0,22.0,-95.0,-51.0,-111.0,16.0,-94.0,-14.11,54.19,-0.26000000000000156,-32.87,-68.3,2.3999999999999986,9.61,-52.2,-45.88,-113.66,46.28,-122.21000000000001
2025-07-28T16:59:39.883851,-8.0,30.0,-10.0,-41.0,103.0,-33.0,58.0,-21.0,-13.0,-117.0,46.0,-82.0,-29.11,72.19,10.739999999999998,-53.87,104.7,-10.600000000000001,45.61,21.799999999999997,-7.88,-119.66,76.28,-110.21000000000001
2025-07-28T16:59:39.888003,25.0,2.0,-75.0,-41.0,72.0,-66.0,-27.0,1.0,11.0,-48.0,56.0,8.0,3.8900000000000006,44.19,-54.260000000000005,-53.87,73.7,-43.6,-39.39,43.8,16.12,-50.66,86.28,-20.21
2025-07-28T16:59:39.896150,-4.0,-39.0,-55.0,41.0,1.0,-42.0,87.0,-11.0,-49.0,-69.0,23.0,-45.0,-25.11,3.1899999999999977,-34.260000000000005,28.130000000000003,2.7,-19.6,74.61,31.799999999999997,-43.88,-71.66,53.28,-73.21000000000001
2025-07-28T16:59:39.900077,23.0,50.0,-57.0,-25.0,0.0,-99.0,81.0,-87.0,-16.0,44.0,57.0,-57.0,1.8900000000000006,92.19,-36.260000000000005,-37.87,1.7,-76.6,68.61,-44.2,-10.879999999999999,41.34,87.28,-85.21000000000001
2025-07-28T16:59:39.908474,44.0,-87.0,-62.0,25.0,26.0,-62.0,-28.0,-103.0,13.0,-61.0,33.0,-95.0,22.89,-44.81,-41.260000000000005,12.13,27.7,-39.6,-40.39,-60.2,18.12,-63.66,63.28,-123.21000000000001
2025-07-28T16:59:39.912411,54.0,-85.0,-13.0,55.0,11.0,20.0,10.0,-88.0,4.0,-107.0,-26.0,-62.0,32.89,-42.81,7.739999999999998,42.13,12.7,42.4,-2.3900000000000006,-45.2,9.120000000000001,-109.66,4.280000000000001,-90.21000000000001
2025-07-28T16:59:39.920522,-55.0,-38.0,-53.0,31.0,33.0,-53.0,45.0,-56.0,2.0,-11.0,33.0,-63.0,-76.11,4.189999999999998,-32.260000000000005,18.130000000000003,34.7,-30.6,32.61,-13.200000000000003,7.12,-13.66,63.28,-91.21000000000001
2025-07-28T16:59:39.924668,36.0,75.0,-22.0,-30.0,1.0,-37.0,28.0,2.0,56.0,-60.0,8.0,-49.0,14.89,117.19,-1.2600000000000016,-42.87,2.7,-14.600000000000001,15.61,44.8,61.12,-62.66,38.28,-77.21000000000001
2025-07-28T16:59:39.933007,-6.0,30.0,-23.0,21.0,-3.0,-76.0,-1.0,4.0,18.0,-5.0,57.0,-76.0,-27.11,72.19,-2.2600000000000016,8.13,-1.3,-53.6,-13.39,46.8,23.12,-7.66,87.28,-104.21000000000001
2025-07-28T16:59:39.936945,21.0,3.0,-13.0,14.0,-25.0,-74.0,7.0,-42.0,19.0,-77.0,-38.0,-34.0,-0.10999999999999943,45.19,7.739999999999998,1.1300000000000008,-23.3,-51.6,-5.390000000000001,0.7999999999999972,24.12,-79.66,-7.719999999999999,-62.21
2025-07-28T16:59:39.945294,3.0,26.0,-27.0,70.0,36.0,-101.0,52.0,27.0,63.0,-48.0,-23.0,-18.0,-18.11,68.19,-6.260000000000002,57.13,37.7,-78.6,39.61,69.8,68.12,-50.66,7.280000000000001,-46.21
2025-07-28T16:59:39.950463,74.0,12.0,-58.0,63.0,-47.0,-38.0,-5.0,8.0,-6.0,-65.0,7.0,-44.0,52.89,54.19,-37.260000000000005,50.13,-45.3,-15.600000000000001,-17.39,50.8,-0.8799999999999999,-67.66,37.28,-72.21000000000001
2025-07-28T16:59:39.957397,71.0,61.0,-113.0,25.0,-19.0,47.0,31.0,-69.0,-20.0,-73.0,12.0,-9.0,49.89,103.19,-92.26,12.13,-17.3,69.4,18.61,-26.200000000000003,-14.879999999999999,-75.66,42.28,-37.21
2025-07-28T16:59:39.961648,71.0,-16.0,-104.0,10.0,13.0,-25.0,45.0,-46.0,-23.0,-50.0,-2.0,65.0,49.89,26.189999999999998,-83.26,-2.869999999999999,14.7,-2.6000000000000014,32.61,-3.200000000000003,-17.88,-52.66,28.28,36.79
2025-07-28T16:59:39.969769,87.0,-23.0,-54.0,17.0,2.0,33.0,-27.0,-69.0,-20.0,-77.0,-65.0,-15.0,65.89,19.189999999999998,-33.260000000000005,4.130000000000001,3.7,55.4,-39.39,-26.200000000000003,-14.879999999999999,-79.66,-34.72,-43.21
2025-07-28T16:59:39.974109,60.0,-71.0,-5.0,1.0,-15.0,-115.0,35.0,-21.0,-2.0,24.0,15.0,-25.0,38.89,-28.810000000000002,15.739999999999998,-11.87,-13.3,-92.6,22.61,21.799999999999997,3.12,21.34,45.28,-53.21
2025-07-28T16:59:39.982058,54.0,-96.0,-17.0,45.0,18.0,-98.0,18.0,-88.0,12.0,46.0,-2.0,-12.0,32.89,-53.81,3.7399999999999984,32.13,19.7,-75.6,5.609999999999999,-45.2,17.12,43.34,28.28,-40.21
2025-07-28T16:59:39.986336,54.0,-58.0,28.0,-10.0,-39.0,-65.0,-29.0,-51.0,-70.0,-9.0,46.0,4.0,32.89,-15.810000000000002,48.739999999999995,-22.869999999999997,-37.3,-42.6,-41.39,-8.200000000000003,-64.88,-11.66,76.28,-24.21
2025-07-28T16:59:39.994414,50.0,-95.0,35.0,98.0,-82.0,3.0,-22.0,-50.0,-53.0,-10.0,2.0,-46.0,28.89,-52.81,55.739999999999995,85.13,-80.3,25.4,-34.39,-7.200000000000003,-47.88,-12.66,32.28,-74.21000000000001
2025-07-28T16:59:39.998593,17.0,-49.0,-87.0,4.0,38.0,-21.0,2.0,-20.0,-41.0,-5.0,106.0,-10.0,-4.109999999999999,-6.810000000000002,-66.26,-8.87,39.7,1.3999999999999986,-10.39,22.799999999999997,-35.88,-7.66,136.28,-38.21
2025-07-28T16:59:40.006645,63.0,-51.0,-25.0,16.0,-28.0,10.0,-67.0,-11.0,16.0,28.0,15.0,-5.0,41.89,-8.810000000000002,-4.260000000000002,3.130000000000001,-26.3,32.4,-79.39,31.799999999999997,21.12,25.34,45.28,-33.21
2025-07-28T16:59:40.010793,36.0,-18.0,-28.0,-26.0,6.0,-72.0,-38.0,40.0,10.0,34.0,-30.0,-8.0,14.89,24.189999999999998,-7.260000000000002,-38.87,7.7,-49.6,-50.39,82.8,15.120000000000001,31.34,0.28000000000000114,-36.21
2025-07-28T16:59:40.018776,1.0,-40.0,-9.0,-70.0,-29.0,-80.0,-8.0,-36.0,23.0,1.0,-27.0,-3.0,-20.11,2.1899999999999977,11.739999999999998,-82.87,-27.3,-57.6,-20.39,6.799999999999997,28.12,-1.6600000000000001,3.280000000000001,-31.21
2025-07-28T16:59:40.023163,23.0,4.0,-74.0,22.0,21.0,-43.0,27.0,-98.0,-34.0,-27.0,-55.0,-58.0,1.8900000000000006,46.19,-53.260000000000005,9.13,22.7,-20.6,14.61,-55.2,-28.88,-29.66,-24.72,-86.21000000000001
2025-07-28T16:59:40.031018,32.0,9.0,-36.0,33.0,-55.0,-48.0,6.0,-29.0,-14.0,48.0,-26.0,-83.0,10.89,51.19,-15.260000000000002,20.130000000000003,-53.3,-25.6,-6.390000000000001,13.799999999999997,-8.879999999999999,45.34,4.280000000000001,-111.21000000000001
2025-07-28T16:59:40.035300,-17.0,-48.0,-65.0,124.0,-6.0,-46.0,20.0,-76.0,-18.0,49.0,-28.0,-51.0,-38.11,-5.810000000000002,-44.260000000000005,111.13,-4.3,-23.6,7.609999999999999,-33.2,-12.879999999999999,46.34,2.280000000000001,-79.21000000000001
2025-07-28T16:59:40.043394,75.0,-24.0,-114.0,70.0,15.0,49.0,2.0,-27.0,21.0,36.0,-3.0,-68.0,53.89,18.189999999999998,-93.26,57.13,16.7,71.4,-10.39,15.799999999999997,26.12,33.34,27.28,-96.21000000000001
2025-07-28T16:59:40.047691,64.0,10.0,-88.0,-7.0,-53.0,-26.0,3.0,-2.0,19.0,18.0,-58.0,-52.0,42.89,52.19,-67.26,-19.869999999999997,-51.3,-3.6000000000000014,-9.39,40.8,24.12,15.34,-27.72,-80.21000000000001
2025-07-28T16:59:40.055670,67.0,-16.0,-68.0,-15.0,-3.0,-76.0,-11.0,-4.0,-33.0,28.0,61.0,-87.0,45.89,26.189999999999998,-47.260000000000005,-27.869999999999997,-1.3,-53.6,-23.39,38.8,-27.88,25.34,91.28,-115.21000000000001
2025-07-28T16:59:40.059924,50.0,1.0,-122.0,-22.0,8.0,-44.0,-2.0,3.0,-5.0,49.0,-13.0,-79.0,28.89,43.19,-101.26,-34.87,9.7,-21.6,-14.39,45.8,0.1200000000000001,46.34,17.28,-107.21000000000001
2025-07-28T16:59:40.063945,6.0,-71.0,-37.0,42.0,38.0,-14.0,-8.0,-46.0,46.0,-65.0,44.0,-20.0,-15.11,-28.810000000000002,-16.26,29.130000000000003,39.7,8.399999999999999,-20.39,-3.200000000000003,51.12,-67.66,74.28,-48.21
2025-07-28T16:59:40.072307,49.0,-77.0,-37.0,-17.0,21.0,-74.0,49.0,-60.0,-54.0,-14.0,86.0,-32.0,27.89,-34.81,-16.26,-29.869999999999997,22.7,-51.6,36.61,-17.200000000000003,-48.88,-16.66,116.28,-60.21
2025-07-28T16:59:40.076300,33.0,-41.0,6.0,96.0,62.0,-83.0,26.0,-54.0,19.0,-76.0,103.0,-19.0,11.89,1.1899999999999977,26.74,83.13,63.7,-60.6,13.61,-11.200000000000003,24.12,-78.66,133.28,-47.21
2025-07-28T16:59:40.084561,52.0,-54.0,23.0,26.0,-8.0,-109.0,-18.0,-6.0,13.0,-71.0,26.0,-66.0,30.89,-11.810000000000002,43.739999999999995,13.13,-6.3,-86.6,-30.39,36.8,18.12,-73.66,56.28,-94.21000000000001
2025-07-28T16:59:40.088520,61.0,-34.0,16.0,119.0,-32.0,-29.0,19.0,-77.0,32.0,10.0,39.0,-85.0,39.89,8.189999999999998,36.739999999999995,106.13,-30.3,-6.600000000000001,6.609999999999999,-34.2,37.12,7.34,69.28,-113.21000000000001
2025-07-28T16:59:40.096890,26.0,-15.0,-27.0,-9.0,-65.0,-25.0,-4.0,-21.0,-43.0,-98.0,4.0,-48.0,4.890000000000001,27.189999999999998,-6.260000000000002,-21.869999999999997,-63.3,-2.6000000000000014,-16.39,21.799999999999997,-37.88,-100.66,34.28,-76.21000000000001
2025-07-28T16:59:40.100823,63.0,23.0,-122.0,52.0,15.0,-44.0,26.0,0.0,-32.0,-82.0,71.0,-88.0,41.89,65.19,-101.26,39.13,16.7,-21.6,13.61,42.8,-26.88,-84.66,101.28,-116.21000000000001
2025-07-28T16:59:40.109129,73.0,-27.0,-74.0,2.0,10.0,-70.0,0.0,-27.0,-52.0,-51.0,83.0,-46.0,51.89,15.189999999999998,-53.260000000000005,-10.87,11.7,-47.6,-12.39,15.799999999999997,-46.88,-53.66,113.28,-74.21000000000001
2025-07-28T16:59:40.113508,65.0,-104.0,-78.0,27.0,51.0,-78.0,6.0,20.0,-70.0,-49.0,10.0,-18.0,43.89,-61.81,-57.260000000000005,14.13,52.7,-55.6,-6.390000000000001,62.8,-64.88,-51.66,40.28,-46.21
2025-07-28T16:59:40.121338,8.0,-77.0,-15.0,-10.0,-23.0,-44.0,8.0,-42.0,-46.0,-46.0,29.0,-47.0,-13.11,-34.81,5.739999999999998,-22.869999999999997,-21.3,-21.6,-4.390000000000001,0.7999999999999972,-40.88,-48.66,59.28,-75.21000000000001
2025-07-28T16:59:40.125581,-36.0,12.0,7.0,-24.0,-58.0,-60.0,48.0,-58.0,-61.0,-11.0,40.0,-28.0,-57.11,54.19,27.74,-36.87,-56.3,-37.6,35.61,-15.200000000000003,-55.88,-13.66,70.28,-56.21
2025-07-28T16:59:40.133573,-37.0,-57.0,-8.0,14.0,5.0,-39.0,-26.0,-63.0,-30.0,21.0,38.0,-66.0,-58.11,-14.810000000000002,12.739999999999998,1.1300000000000008,6.7,-16.6,-38.39,-20.200000000000003,-24.88,18.34,68.28,-94.21000000000001
2025-07-28T16:59:40.137929,-8.0,7.0,42.0,-50.0,-29.0,-39.0,-19.0,-27.0,-35.0,-88.0,-30.0,-52.0,-29.11,49.19,62.739999999999995,-62.87,-27.3,-16.6,-31.39,15.799999999999997,-29.88,-90.66,0.28000000000000114,-80.21000000000001
2025-07-28T16:59:40.145821,-19.0,-14.0,-56.0,-46.0,37.0,-81.0,-4.0,-75.0,-12.0,-95.0,79.0,-62.0,-40.11,28.189999999999998,-35.260000000000005,-58.87,38.7,-58.6,-16.39,-32.2,-6.88,-97.66,109.28,-90.21000000000001
2025-07-28T16:59:40.149981,36.0,43.0,25.0,21.0,-37.0,-49.0,24.0,-83.0,-64.0,16.0,28.0,-83.0,14.89,85.19,45.739999999999995,8.13,-35.3,-26.6,11.61,-40.2,-58.88,13.34,58.28,-111.21000000000001
2025-07-28T16:59:40.158295,21.0,-27.0,-72.0,56.0,-53.0,-110.0,-45.0,-65.0,-79.0,-78.0,59.0,-46.0,-0.10999999999999943,15.189999999999998,-51.260000000000005,43.13,-51.3,-87.6,-57.39,-22.200000000000003,-73.88,-80.66,89.28,-74.21000000000001
2025-07-28T16:59:40.162434,64.0,-45.0,-30.0,25.0,-22.0,37.0,6.0,-76.0,-13.0,-76.0,-26.0,-104.0,42.89,-2.8100000000000023,-9.260000000000002,12.13,-20.3,59.4,-6.390000000000001,-33.2,-7.88,-78.66,4.280000000000001,-132.21
2025-07-28T16:59:40.170539,61.0,-69.0,-15.0,-24.0,-25.0,-97.0,35.0,-29.0,-24.0,4.0,29.0,-87.0,39.89,-26.810000000000002,5.739999999999998,-36.87,-23.3,-74.6,22.61,13.799999999999997,-18.88,1.3399999999999999,59.28,-115.21000000000001
2025-07-28T16:59:40.174703,-35.0,-5.0,9.0,3.0,-6.0,-83.0,-12.0,-44.0,25.0,-75.0,-8.0,-37.0,-56.11,37.19,29.74,-9.87,-4.3,-60.6,-24.39,-1.2000000000000028,30.12,-77.66,22.28,-65.21000000000001
2025-07-28T16:59:40.182801,59.0,10.0,7.0,-11.0,22.0,-52.0,17.0,-76.0,-24.0,-27.0,66.0,-39.0,37.89,52.19,27.74,-23.869999999999997,23.7,-29.6,4.609999999999999,-33.2,-18.88,-29.66,96.28,-67.21000000000001
2025-07-28T16:59:40.187018,-10.0,1.0,-102.0,-16.0,10.0,-33.0,40.0,-46.0,6.0,-52.0,-17.0,-13.0,-31.11,43.19,-81.26,-28.869999999999997,11.7,-10.600000000000001,27.61,-3.200000000000003,11.120000000000001,-54.66,13.280000000000001,-41.21
2025-07-28T16:59:40.194964,105.0,26.0,-96.0,50.0,63.0,-54.0,36.0,-42.0,-36.0,-128.0,13.0,-57.0,83.89,68.19,-75.26,37.13,64.7,-31.6,23.61,0.7999999999999972,-30.88,-130.66,43.28,-85.21000000000001
2025-07-28T16:59:40.199395,75.0,-41.0,-84.0,19.0,1.0,-20.0,11.0,-63.0,19.0,-55.0,20.0,0.0,53.89,1.1899999999999977,-63.260000000000005,6.130000000000001,2.7,2.3999999999999986,-1.3900000000000006,-20.200000000000003,24.12,-57.66,50.28,-28.21
2025-07-28T16:59:40.207455,48.0,29.0,-45.0,44.0,-16.0,-108.0,16.0,-10.0,72.0,-22.0,-2.0,-5.0,26.89,71.19,-24.26,31.130000000000003,-14.3,-85.6,3.6099999999999994,32.8,77.12,-24.66,28.28,-33.21
2025-07-28T16:59:40.211669,92.0,-43.0,-43.0,13.0,-68.0,4.0,-87.0,-88.0,-15.0,-38.0,-62.0,-25.0,70.89,-0.8100000000000023,-22.26,0.13000000000000078,-66.3,26.4,-99.39,-45.2,-9.879999999999999,-40.66,-31.72,-53.21
2025-07-28T16:59:40.219834,21.0,-64.0,-39.0,-54.0,-55.0,3.0,-32.0,-27.0,-49.0,-81.0,-43.0,19.0,-0.10999999999999943,-21.810000000000002,-18.26,-66.87,-53.3,25.4,-44.39,15.799999999999997,-43.88,-83.66,-12.719999999999999,-9.21
2025-07-28T16:59:40.223635,-8.0,39.0,-3.0,1.0,67.0,-47.0,54.0,-17.0,-59.0,-55.0,-43.0,2.0,-29.11,81.19,17.74,-11.87,68.7,-24.6,41.61,25.799999999999997,-53.88,-57.66,-12.719999999999999,-26.21
2025-07-28T16:59:40.232012,20.0,73.0,3.0,-4.0,48.0,-23.0,27.0,-26.0,-52.0,-12.0,-18.0,-38.0,-1.1099999999999994,115.19,23.74,-16.869999999999997,49.7,-0.6000000000000014,14.61,16.799999999999997,-46.88,-14.66,12.280000000000001,-66.21000000000001
2025-07-28T16:59:40.236048,-13.0,-8.0,-90.0,-54.0,15.0,-53.0,-23.0,14.0,-97.0,8.0,28.0,2.0,-34.11,34.19,-69.26,-66.87,16.7,-30.6,-35.39,56.8,-91.88,5.34,58.28,-26.21
2025-07-28T16:59:40.244031,-17.0,-36.0,-40.0,37.0,-9.0,-75.0,15.0,11.0,-13.0,0.0,-52.0,2.0,-38.11,6.189999999999998,-19.26,24.130000000000003,-7.3,-52.6,2.6099999999999994,53.8,-7.88,-2.66,-21.72,-26.21
2025-07-28T16:59:40.248336,66.0,-35.0,-89.0,-20.0,25.0,-59.0,-24.0,-42.0,16.0,65.0,-145.0,21.0,44.89,7.189999999999998,-68.26,-32.87,26.7,-36.6,-36.39,0.7999999999999972,21.12,62.34,-114.72,-7.210000000000001
2025-07-28T16:59:40.256873,113.0,25.0,-130.0,145.0,-7.0,-109.0,-7.0,-55.0,-59.0,-52.0,-16.0,-5.0,91.89,67.19,-109.26,132.13,-5.3,-86.6,-19.39,-12.200000000000003,-53.88,-54.66,14.280000000000001,-33.21
2025-07-28T16:59:40.260615,44.0,-100.0,-121.0,75.0,35.0,-85.0,34.0,-26.0,9.0,96.0,-22.0,32.0,22.89,-57.81,-100.26,62.13,36.7,-62.6,21.61,16.799999999999997,14.120000000000001,93.34,8.280000000000001,3.789999999999999
2025-07-28T16:59:40.268681,134.0,-28.0,-36.0,-2.0,-26.0,-48.0,40.0,-56.0,-12.0,34.0,-19.0,24.0,112.89,14.189999999999998,-15.260000000000002,-14.87,-24.3,-25.6,27.61,-13.200000000000003,-6.88,31.34,11.280000000000001,-4.210000000000001
2025-07-28T16:59:40.272819,25.0,-69.0,-5.0,-10.0,15.0,-53.0,-10.0,21.0,-8.0,35.0,-70.0,-42.0,3.8900000000000006,-26.810000000000002,15.739999999999998,-22.869999999999997,16.7,-30.6,-22.39,63.8,-2.88,32.34,-39.72,-70.21000000000001
2025-07-28T16:59:40.281022,49.0,39.0,-14.0,-53.0,51.0,-7.0,-25.0,-72.0,-19.0,-12.0,-19.0,-17.0,27.89,81.19,6.739999999999998,-65.87,52.7,15.399999999999999,-37.39,-29.200000000000003,-13.879999999999999,-14.66,11.280000000000001,-45.21
2025-07-28T16:59:40.285224,-5.0,-57.0,-96.0,40.0,-8.0,-25.0,-2.0,27.0,-83.0,26.0,2.0,3.0,-26.11,-14.810000000000002,-75.26,27.130000000000003,-6.3,-2.6000000000000014,-14.39,69.8,-77.88,23.34,32.28,-25.21
2025-07-28T16:59:40.293167,38.0,-45.0,-73.0,19.0,-41.0,21.0,25.0,-30.0,-38.0,85.0,-4.0,-104.0,16.89,-2.8100000000000023,-52.260000000000005,6.130000000000001,-39.3,43.4,12.61,12.799999999999997,-32.88,82.34,26.28,-132.21
2025-07-28T16:59:40.297415,103.0,75.0,-16.0,52.0,22.0,-19.0,28.0,-17.0,-19.0,-14.0,-36.0,-48.0,81.89,117.19,4.739999999999998,39.13,23.7,3.3999999999999986,15.61,25.799999999999997,-13.879999999999999,-16.66,-5.719999999999999,-76.21000000000001
2025-07-28T16:59:40.305585,64.0,-78.0,-35.0,18.0,-89.0,-26.0,25.0,28.0,-24.0,42.0,-61.0,-9.0,42.89,-35.81,-14.260000000000002,5.130000000000001,-87.3,-3.6000000000000014,12.61,70.8,-18.88,39.34,-30.72,-37.21
2025-07-28T16:59:40.309834,33.0,-73.0,46.0,14.0,-53.0,-36.0,21.0,-73.0,57.0,67.0,-12.0,2.0,11.89,-30.810000000000002,66.74,1.1300000000000008,-51.3,-13.600000000000001,8.61,-30.200000000000003,62.12,64.34,18.28,-26.21
2025-07-28T16:59:40.317733,0.0,-81.0,31.0,30.0,-11.0,-33.0,36.0,-57.0,19.0,17.0,-22.0,-12.0,-21.11,-38.81,51.739999999999995,17.130000000000003,-9.3,-10.600000000000001,23.61,-14.200000000000003,24.12,14.34,8.280000000000001,-40.21
2025-07-28T16:59:40.321985,75.0,2.0,-18.0,51.0,1.0,-117.0,49.0,-102.0,51.0,57.0,-42.0,11.0,53.89,44.19,2.7399999999999984,38.13,2.7,-94.6,36.61,-59.2,56.12,54.34,-11.719999999999999,-17.21
2025-07-28T16:59:40.330262,-4.0,-41.0,-69.0,14.0,-3.0,-106.0,62.0,-74.0,30.0,59.0,-22.0,19.0,-25.11,1.1899999999999977,-48.260000000000005,1.1300000000000008,-1.3,-83.6,49.61,-31.200000000000003,35.12,56.34,8.280000000000001,-9.21
2025-07-28T16:59:40.334396,31.0,2.0,-39.0,33.0,-31.0,-55.0,-11.0,20.0,14.0,46.0,-15.0,17.0,9.89,44.19,-18.26,20.130000000000003,-29.3,-32.6,-23.39,62.8,19.12,43.34,15.280000000000001,-11.21
2025-07-28T16:59:40.342405,24.0,-136.0,-12.0,17.0,0.0,-3.0,-3.0,-22.0,57.0,-34.0,-44.0,-2.0,2.8900000000000006,-93.81,8.739999999999998,4.130000000000001,1.7,19.4,-15.39,20.799999999999997,62.12,-36.66,-13.719999999999999,-30.21
2025-07-28T16:59:40.346660,70.0,-54.0,14.0,30.0,-51.0,-6.0,47.0,7.0,-38.0,35.0,-58.0,-28.0,48.89,-11.810000000000002,34.739999999999995,17.130000000000003,-49.3,16.4,34.61,49.8,-32.88,32.34,-27.72,-56.21
2025-07-28T16:59:40.350705,-4.0,-60.0,63.0,-3.0,11.0,37.0,-18.0,-86.0,52.0,28.0,-4.0,-44.0,-25.11,-17.810000000000002,83.74,-15.87,12.7,59.4,-30.39,-43.2,57.12,25.34,26.28,-72.21000000000001
2025-07-28T16:59:40.358906,32.0,-89.0,26.0,55.0,51.0,-3.0,-13.0,-56.0,-9.0,73.0,83.0,-59.0,10.89,-46.81,46.739999999999995,42.13,52.7,19.4,-25.39,-13.200000000000003,-3.88,70.34,113.28,-87.21000000000001
2025-07-28T16:59:40.362967,74.0,-58.0,100.0,46.0,19.0,-61.0,-69.0,9.0,27.0,43.0,49.0,-27.0,52.89,-15.810000000000002,120.74,33.13,20.7,-38.6,-81.39,51.8,32.12,40.34,79.28,-55.21
2025-07-28T16:59:40.371162,81.0,-44.0,18.0,129.0,83.0,33.0,59.0,-6.0,82.0,94.0,37.0,-13.0,59.89,-1.8100000000000023,38.739999999999995,116.13,84.7,55.4,46.61,36.8,87.12,91.34,67.28,-41.21
2025-07-28T16:59:40.379306,148.0,4.0,-37.0,74.0,-48.0,-102.0,-19.0,-78.0,-14.0,99.0,111.0,-9.0,126.89,46.19,-16.26,61.13,-46.3,-79.6,-31.39,-35.2,-8.879999999999999,96.34,141.28,-37.21
2025-07-28T16:59:40.383542,132.0,-113.0,-18.0,147.0,-95.0,10.0,17.0,-84.0,21.0,99.0,40.0,-74.0,110.89,-70.81,2.7399999999999984,134.13,-93.3,32.4,4.609999999999999,-41.2,26.12,96.34,70.28,-102.21000000000001
2025-07-28T16:59:40.387794,74.0,-96.0,54.0,38.0,-13.0,-12.0,62.0,-6.0,-39.0,24.0,47.0,-7.0,52.89,-53.81,74.74,25.130000000000003,-11.3,10.399999999999999,49.61,36.8,-33.88,21.34,77.28,-35.21
2025-07-28T16:59:40.395844,94.0,-58.0,84.0,-12.0,7.0,31.0,13.0,-6.0,-12.0,124.0,30.0,61.0,72.89,-15.810000000000002,104.74,-24.869999999999997,8.7,53.4,0.6099999999999994,36.8,-6.88,121.34,60.28,32.79
2025-07-28T16:59:40.399827,97.0,3.0,17.0,98.0,10.0,-104.0,20.0,-62.0,-38.0,157.0,97.0,44.0,75.89,45.19,37.739999999999995,85.13,11.7,-81.6,7.609999999999999,-19.200000000000003,-32.88,154.34,127.28,15.79
2025-07-28T16:59:40.408163,51.0,24.0,-41.0,112.0,-35.0,-59.0,-11.0,-67.0,13.0,149.0,114.0,38.0,29.89,66.19,-20.26,99.13,-33.3,-36.6,-23.39,-24.200000000000003,18.12,146.34,144.28,9.79
2025-07-28T16:59:40.416123,100.0,99.0,8.0,126.0,-40.0,-14.0,81.0,-46.0,19.0,169.0,53.0,45.0,78.89,141.19,28.74,113.13,-38.3,8.399999999999999,68.61,-3.200000000000003,24.12,166.34,83.28,16.79
2025-07-28T16:59:40.420566,211.0,-12.0,55.0,104.0,34.0,-17.0,69.0,-82.0,-83.0,143.0,43.0,-17.0,189.89,30.189999999999998,75.74,91.13,35.7,5.399999999999999,56.61,-39.2,-77.88,140.34,73.28,-45.21
2025-07-28T16:59:40.428431,106.0,87.0,44.0,86.0,15.0,-1.0,97.0,-24.0,81.0,99.0,22.0,26.0,84.89,129.19,64.74,73.13,16.7,21.4,84.61,18.799999999999997,86.12,96.34,52.28,-2.210000000000001
2025-07-28T16:59:40.432648,94.0,-4.0,81.0,50.0,-2.0,-63.0,85.0,-36.0,82.0,154.0,-20.0,99.0,72.89,38.19,101.74,37.13,-0.30000000000000004,-40.6,72.61,6.799999999999997,87.12,151.34,10.280000000000001,70.78999999999999
2025-07-28T16:59:40.440695,127.0,18.0,6.0,146.0,-41.0,-58.0,29.0,-104.0,16.0,129.0,-30.0,5.0,105.89,60.19,26.74,133.13,-39.3,-35.6,16.61,-61.2,21.12,126.34,0.28000000000000114,-23.21
2025-07-28T16:59:40.444922,219.0,83.0,-5.0,156.0,37.0,16.0,47.0,-40.0,30.0,182.0,20.0,23.0,197.89,125.19,15.739999999999998,143.13,38.7,38.4,34.61,2.799999999999997,35.12,179.34,50.28,-5.210000000000001
2025-07-28T16:59:40.452964,224.0,23.0,27.0,66.0,37.0,-40.0,30.0,-58.0,74.0,91.0,92.0,56.0,202.89,65.19,47.739999999999995,53.13,38.7,-17.6,17.61,-15.200000000000003,79.12,88.34,122.28,27.79
2025-07-28T16:59:40.457298,211.0,65.0,100.0,61.0,2.0,-26.0,67.0,-17.0,30.0,150.0,56.0,66.0,189.89,107.19,120.74,48.13,3.7,-3.6000000000000014,54.61,25.799999999999997,35.12,147.34,86.28,37.79
2025-07-28T16:59:40.465282,107.0,42.0,95.0,117.0,36.0,-46.0,-14.0,-1.0,20.0,185.0,84.0,72.0,85.89,84.19,115.74,104.13,37.7,-23.6,-26.39,41.8,25.12,182.34,114.28,43.79
2025-07-28T16:59:40.469592,70.0,26.0,43.0,151.0,102.0,-86.0,47.0,-23.0,33.0,108.0,40.0,47.0,48.89,68.19,63.739999999999995,138.13,103.7,-63.6,34.61,19.799999999999997,38.12,105.34,70.28,18.79
2025-07-28T16:59:40.477626,131.0,75.0,-24.0,140.0,-14.0,-64.0,73.0,-40.0,11.0,163.0,0.0,58.0,109.89,117.19,-3.2600000000000016,127.13,-12.3,-41.6,60.61,2.799999999999997,16.12,160.34,30.28,29.79
2025-07-28T16:59:40.481927,228.0,93.0,19.0,153.0,23.0,-69.0,37.0,-47.0,25.0,215.0,15.0,34.0,206.89,135.19,39.739999999999995,140.13,24.7,-46.6,24.61,-4.200000000000003,30.12,212.34,45.28,5.789999999999999
2025-07-28T16:59:40.489899,170.0,-98.0,12.0,72.0,-78.0,-12.0,18.0,-44.0,15.0,194.0,63.0,18.0,148.89,-55.81,32.739999999999995,59.13,-76.3,10.399999999999999,5.609999999999999,-1.2000000000000028,20.12,191.34,93.28,-10.21
2025-07-28T16:59:40.494162,124.0,-47.0,45.0,145.0,-14.0,-69.0,40.0,51.0,-24.0,103.0,56.0,51.0,102.89,-4.810000000000002,65.74,132.13,-12.3,-46.6,27.61,93.8,-18.88,100.34,86.28,22.79
2025-07-28T16:59:40.502179,138.0,-33.0,51.0,124.0,51.0,-19.0,70.0,-64.0,71.0,230.0,123.0,8.0,116.89,9.189999999999998,71.74,111.13,52.7,3.3999999999999986,57.61,-21.200000000000003,76.12,227.34,153.28,-20.21
2025-07-28T16:59:40.506531,144.0,53.0,99.0,90.0,1.0,-75.0,103.0,-30.0,26.0,187.0,49.0,-13.0,122.89,95.19,119.74,77.13,2.7,-52.6,90.61,12.799999999999997,31.12,184.34,79.28,-41.21
2025-07-28T16:59:40.514542,169.0,19.0,-59.0,133.0,15.0,-59.0,99.0,-33.0,7.0,245.0,57.0,34.0,147.89,61.19,-38.260000000000005,120.13,16.7,-36.6,86.61,9.799999999999997,12.120000000000001,242.34,87.28,5.789999999999999
2025-07-28T16:59:40.518806,140.0,107.0,-23.0,38.0,-49.0,-34.0,117.0,-41.0,31.0,199.0,94.0,-14.0,118.89,149.19,-2.2600000000000016,25.130000000000003,-47.3,-11.600000000000001,104.61,1.7999999999999972,36.12,196.34,124.28,-42.21
2025-07-28T16:59:40.526837,165.0,-13.0,12.0,167.0,2.0,-71.0,74.0,-82.0,-13.0,155.0,60.0,102.0,143.89,29.189999999999998,32.739999999999995,154.13,3.7,-48.6,61.61,-39.2,-7.88,152.34,90.28,73.78999999999999
2025-07-28T16:59:40.530877,116.0,7.0,79.0,125.0,54.0,-46.0,81.0,-22.0,51.0,123.0,82.0,49.0,94.89,49.19,99.74,112.13,55.7,-23.6,68.61,20.799999999999997,56.12,120.34,112.28,20.79
2025-07-28T16:59:40.539239,80.0,46.0,66.0,128.0,28.0,-49.0,44.0,-78.0,-22.0,146.0,28.0,39.0,58.89,88.19,86.74,115.13,29.7,-26.6,31.61,-35.2,-16.88,143.34,58.28,10.79
2025-07-28T16:59:40.543134,122.0,99.0,36.0,92.0,-42.0,-19.0,86.0,57.0,12.0,160.0,50.0,98.0,100.89,141.19,56.739999999999995,79.13,-40.3,3.3999999999999986,73.61,99.8,17.12,157.34,80.28,69.78999999999999
2025-07-28T16:59:40.551542,48.0,65.0,-18.0,132.0,75.0,-92.0,100.0,-75.0,-16.0,127.0,62.0,96.0,26.89,107.19,2.7399999999999984,119.13,76.7,-69.6,87.61,-32.2,-10.879999999999999,124.34,92.28,67.78999999999999
2025-07-28T16:59:40.555489,142.0,-13.0,9.0,60.0,-11.0,-50.0,81.0,30.0,17.0,129.0,40.0,83.0,120.89,29.189999999999998,29.74,47.13,-9.3,-27.6,68.61,72.8,22.12,126.34,70.28,54.79
2025-07-28T16:59:40.564524,181.0,21.0,38.0,64.0,42.0,-103.0,99.0,-47.0,57.0,143.0,67.0,78.0,159.89,63.19,58.739999999999995,51.13,43.7,-80.6,86.61,-4.200000000000003,62.12,140.34,97.28,49.79
2025-07-28T16:59:40.567696,83.0,25.0,2.0,143.0,-7.0,-68.0,-15.0,-60.0,67.0,159.0,70.0,59.0,61.89,67.19,22.74,130.13,-5.3,-45.6,-27.39,-17.200000000000003,72.12,156.34,100.28,30.79
2025-07-28T16:59:40.576051,173.0,36.0,-7.0,109.0,-35.0,-77.0,46.0,-48.0,37.0,126.0,83.0,147.0,151.89,78.19,13.739999999999998,96.13,-33.3,-54.6,33.61,-5.200000000000003,42.12,123.34,113.28,118.78999999999999
2025-07-28T16:59:40.584131,109.0,5.0,14.0,138.0,-32.0,-60.0,27.0,-78.0,-26.0,177.0,70.0,85.0,87.89,47.19,34.739999999999995,125.13,-30.3,-37.6,14.61,-35.2,-20.88,174.34,100.28,56.79
2025-07-28T16:59:40.588421,216.0,62.0,12.0,28.0,21.0,-43.0,46.0,-50.0,-14.0,141.0,83.0,81.0,194.89,104.19,32.739999999999995,15.13,22.7,-20.6,33.61,-7.200000000000003,-8.879999999999999,138.34,113.28,52.79
2025-07-28T16:59:40.596481,171.0,-52.0,10.0,93.0,11.0,-31.0,120.0,-44.0,-3.0,118.0,83.0,36.0,149.89,-9.810000000000002,30.74,80.13,12.7,-8.600000000000001,107.61,-1.2000000000000028,2.12,115.34,113.28,7.789999999999999
2025-07-28T16:59:40.600599,148.0,-14.0,8.0,144.0,-27.0,-80.0,91.0,-108.0,-6.0,184.0,18.0,85.0,126.89,28.189999999999998,28.74,131.13,-25.3,-57.6,78.61,-65.2,-0.8799999999999999,181.34,48.28,56.79
2025-07-28T16:59:40.608584,101.0,12.0,48.0,105.0,34.0,-77.0,68.0,-54.0,2.0,102.0,37.0,72.0,79.89,54.19,68.74,92.13,35.7,-54.6,55.61,-11.200000000000003,7.12,99.34,67.28,43.79
2025-07-28T16:59:40.612987,94.0,54.0,32.0,150.0,3.0,-110.0,19.0,-42.0,22.0,131.0,53.0,91.0,72.89,96.19,52.739999999999995,137.13,4.7,-87.6,6.609999999999999,0.7999999999999972,27.12,128.34,83.28,62.79
2025-07-28T16:59:40.620911,82.0,53.0,-17.0,98.0,63.0,-10.0,49.0,-43.0,39.0,125.0,41.0,69.0,60.89,95.19,3.7399999999999984,85.13,64.7,12.399999999999999,36.61,-0.20000000000000284,44.12,122.34,71.28,40.79
2025-07-28T16:59:40.625171,124.0,54.0,-6.0,144.0,-19.0,-49.0,44.0,-56.0,-1.0,155.0,112.0,24.0,102.89,96.19,14.739999999999998,131.13,-17.3,-26.6,31.61,-13.200000000000003,4.12,152.34,142.28,-4.210000000000001
2025-07-28T16:59:40.633342,220.0,-33.0,-32.0,123.0,37.0,-38.0,49.0,-8.0,-24.0,172.0,36.0,50.0,198.89,9.189999999999998,-11.260000000000002,110.13,38.7,-15.600000000000001,36.61,34.8,-18.88,169.34,66.28,21.79
2025-07-28T16:59:40.637464,139.0,-98.0,28.0,91.0,-8.0,-44.0,70.0,-134.0,42.0,149.0,92.0,54.0,117.89,-55.81,48.739999999999995,78.13,-6.3,-21.6,57.61,-91.2,47.12,146.34,122.28,25.79
2025-07-28T16:59:40.645535,164.0,24.0,43.0,125.0,-22.0,-47.0,22.0,-54.0,54.0,106.0,70.0,42.0,142.89,66.19,63.739999999999995,112.13,-20.3,-24.6,9.61,-11.200000000000003,59.12,103.34,100.28,13.79
2025-07-28T16:59:40.649801,103.0,23.0,-38.0,110.0,69.0,7.0,12.0,3.0,26.0,56.0,36.0,25.0,81.89,65.19,-17.26,97.13,70.7,29.4,-0.39000000000000057,45.8,31.12,53.34,66.28,-3.210000000000001
2025-07-28T16:59:40.657802,158.0,40.0,-26.0,107.0,6.0,-120.0,27.0,44.0,14.0,69.0,81.0,45.0,136.89,82.19,-5.260000000000002,94.13,7.7,-97.6,14.61,86.8,19.12,66.34,111.28,16.79
2025-07-28T16:59:40.662090,92.0,23.0,14.0,129.0,7.0,-49.0,58.0,7.0,6.0,109.0,107.0,18.0,70.89,65.19,34.739999999999995,116.13,8.7,-26.6,45.61,49.8,11.120000000000001,106.34,137.28,-10.21
2025-07-28T16:59:40.670225,137.0,23.0,90.0,115.0,-33.0,-85.0,51.0,1.0,-27.0,112.0,34.0,83.0,115.89,65.19,110.74,102.13,-31.3,-62.6,38.61,43.8,-21.88,109.34,64.28,54.79
2025-07-28T16:59:40.674393,68.0,21.0,-6.0,199.0,16.0,-57.0,98.0,32.0,-9.0,112.0,22.0,74.0,46.89,63.19,14.739999999999998,186.13,17.7,-34.6,85.61,74.8,-3.88,109.34,52.28,45.79
2025-07-28T16:59:40.682402,92.0,0.0,68.0,132.0,-23.0,8.0,49.0,-47.0,-28.0,46.0,28.0,34.0,70.89,42.19,88.74,119.13,-21.3,30.4,36.61,-4.200000000000003,-22.88,43.34,58.28,5.789999999999999
2025-07-28T16:59:40.686844,102.0,28.0,-65.0,131.0,50.0,3.0,30.0,-61.0,-22.0,123.0,2.0,18.0,80.89,70.19,-44.260000000000005,118.13,51.7,25.4,17.61,-18.200000000000003,-16.88,120.34,32.28,-10.21
2025-07-28T16:59:40.694805,164.0,63.0,-24.0,111.0,50.0,-91.0,38.0,-66.0,73.0,36.0,21.0,-5.0,142.89,105.19,-3.2600000000000016,98.13,51.7,-68.6,25.61,-23.200000000000003,78.12,33.34,51.28,-33.21
2025-07-28T16:59:40.698961,199.0,-18.0,-28.0,166.0,15.0,-59.0,81.0,-34.0,26.0,38.0,48.0,57.0,177.89,24.189999999999998,-7.260000000000002,153.13,16.7,-36.6,68.61,8.799999999999997,31.12,35.34,78.28,28.79
2025-07-28T16:59:40.706998,175.0,-40.0,60.0,163.0,-29.0,-16.0,47.0,-127.0,-53.0,147.0,118.0,55.0,153.89,2.1899999999999977,80.74,150.13,-27.3,6.399999999999999,34.61,-84.2,-47.88,144.34,148.28,26.79
2025-07-28T16:59:40.711077,135.0,6.0,33.0,122.0,10.0,-14.0,156.0,-46.0,-49.0,105.0,85.0,30.0,113.89,48.19,53.739999999999995,109.13,11.7,8.399999999999999,143.61,-3.200000000000003,-43.88,102.34,115.28,1.7899999999999991
2025-07-28T16:59:40.719346,73.0,3.0,-1.0,143.0,125.0,-145.0,20.0,-83.0,-16.0,205.0,152.0,-64.0,51.89,45.19,19.74,130.13,126.7,-122.6,7.609999999999999,-40.2,-10.879999999999999,202.34,182.28,-92.21000000000001
2025-07-28T16:59:40.723373,141.0,45.0,26.0,139.0,5.0,-50.0,33.0,-28.0,33.0,121.0,149.0,39.0,119.89,87.19,46.739999999999995,126.13,6.7,-27.6,20.61,14.799999999999997,38.12,118.34,179.28,10.79
2025-07-28T16:59:40.731593,159.0,17.0,25.0,91.0,-5.0,-25.0,40.0,-12.0,29.0,204.0,42.0,-41.0,137.89,59.19,45.739999999999995,78.13,-3.3,-2.6000000000000014,27.61,30.799999999999997,34.12,201.34,72.28,-69.21000000000001
2025-07-28T16:59:40.739773,125.0,-35.0,25.0,140.0,-15.0,-87.0,14.0,-26.0,36.0,152.0,17.0,-1.0,103.89,7.189999999999998,45.739999999999995,127.13,-13.3,-64.6,1.6099999999999994,16.799999999999997,41.12,149.34,47.28,-29.21
2025-07-28T16:59:40.744041,60.0,71.0,49.0,67.0,9.0,-38.0,12.0,-48.0,14.0,160.0,104.0,53.0,38.89,113.19,69.74,54.13,10.7,-15.600000000000001,-0.39000000000000057,-5.200000000000003,19.12,157.34,134.28,24.79
2025-07-28T16:59:40.751952,157.0,46.0,-104.0,59.0,19.0,-17.0,54.0,-73.0,-18.0,135.0,40.0,5.0,135.89,88.19,-83.26,46.13,20.7,5.399999999999999,41.61,-30.200000000000003,-12.879999999999999,132.34,70.28,-23.21
2025-07-28T16:59:40.756863,199.0,28.0,-33.0,136.0,-4.0,-39.0,68.0,-50.0,-13.0,134.0,52.0,-1.0,177.89,70.19,-12.260000000000002,123.13,-2.3,-16.6,55.61,-7.200000000000003,-7.88,131.34,82.28,-29.21
2025-07-28T16:59:40.764369,125.0,-27.0,-73.0,172.0,60.0,-63.0,-33.0,-79.0,18.0,139.0,130.0,-11.0,103.89,15.189999999999998,-52.260000000000005,159.13,61.7,-40.6,-45.39,-36.2,23.12,136.34,160.28,-39.21
2025-07-28T16:59:40.768476,208.0,22.0,39.0,71.0,43.0,-72.0,58.0,-12.0,58.0,215.0,84.0,39.0,186.89,64.19,59.739999999999995,58.13,44.7,-49.6,45.61,30.799999999999997,63.12,212.34,114.28,10.79
2025-07-28T16:59:40.776527,107.0,-2.0,61.0,102.0,6.0,-113.0,39.0,-11.0,-47.0,170.0,66.0,49.0,85.89,40.19,81.74,89.13,7.7,-90.6,26.61,31.799999999999997,-41.88,167.34,96.28,20.79
2025-07-28T16:59:40.780754,112.0,49.0,14.0,135.0,18.0,-137.0,82.0,7.0,-13.0,231.0,31.0,63.0,90.89,91.19,34.739999999999995,122.13,19.7,-114.6,69.61,49.8,-7.88,228.34,61.28,34.79
2025-07-28T16:59:40.788997,120.0,-22.0,-35.0,181.0,56.0,-91.0,44.0,-22.0,-27.0,167.0,76.0,0.0,98.89,20.189999999999998,-14.260000000000002,168.13,57.7,-68.6,31.61,20.799999999999997,-21.88,164.34,106.28,-28.21
2025-07-28T16:59:40.793231,186.0,7.0,-27.0,153.0,47.0,-112.0,62.0,-79.0,-30.0,155.0,45.0,29.0,164.89,49.19,-6.260000000000002,140.13,48.7,-89.6,49.61,-36.2,-24.88,152.34,75.28,0.7899999999999991
2025-07-28T16:59:40.801213,164.0,26.0,4.0,100.0,25.0,-58.0,54.0,-13.0,1.0,137.0,88.0,73.0,142.89,68.19,24.74,87.13,26.7,-35.6,41.61,29.799999999999997,6.12,134.34,118.28,44.79
2025-07-28T16:59:40.805563,152.0,-25.0,19.0,127.0,26.0,-84.0,77.0,-74.0,27.0,159.0,93.0,-13.0,130.89,17.189999999999998,39.739999999999995,114.13,27.7,-61.6,64.61,-31.200000000000003,32.12,156.34,123.28,-41.21
2025-07-28T16:59:40.813544,170.0,-11.0,26.0,136.0,53.0,-50.0,84.0,-22.0,16.0,152.0,25.0,92.0,148.89,31.189999999999998,46.739999999999995,123.13,54.7,-27.6,71.61,20.799999999999997,21.12,149.34,55.28,63.79
2025-07-28T16:59:40.817794,118.0,42.0,53.0,191.0,51.0,-42.0,105.0,-37.0,-42.0,112.0,42.0,24.0,96.89,84.19,73.74,178.13,52.7,-19.6,92.61,5.799999999999997,-36.88,109.34,72.28,-4.210000000000001
2025-07-28T16:59:40.825741,80.0,16.0,-66.0,187.0,-8.0,16.0,98.0,-15.0,-40.0,87.0,82.0,9.0,58.89,58.19,-45.260000000000005,174.13,-6.3,38.4,85.61,27.799999999999997,-34.88,84.34,112.28,-19.21
2025-07-28T16:59:40.830055,31.0,90.0,-29.0,75.0,-9.0,-53.0,87.0,-29.0,-21.0,90.0,109.0,10.0,9.89,132.19,-8.260000000000002,62.13,-7.3,-30.6,74.61,13.799999999999997,-15.879999999999999,87.34,139.28,-18.21
2025-07-28T16:59:40.838149,181.0,47.0,23.0,138.0,53.0,-54.0,124.0,-56.0,-39.0,138.0,74.0,0.0,159.89,89.19,43.739999999999995,125.13,54.7,-31.6,111.61,-13.200000000000003,-33.88,135.34,104.28,-28.21
2025-07-28T16:59:40.842281,133.0,17.0,-7.0,109.0,55.0,-76.0,19.0,-28.0,-20.0,147.0,145.0,-4.0,111.89,59.19,13.739999999999998,96.13,56.7,-53.6,6.609999999999999,14.799999999999997,-14.879999999999999,144.34,175.28,-32.21
2025-07-28T16:59:40.850320,100.0,29.0,7.0,127.0,77.0,-90.0,66.0,-80.0,7.0,74.0,37.0,29.0,78.89,71.19,27.74,114.13,78.7,-67.6,53.61,-37.2,12.120000000000001,71.34,67.28,0.7899999999999991
2025-07-28T16:59:40.854426,96.0,11.0,50.0,167.0,-19.0,-52.0,-3.0,-96.0,36.0,74.0,160.0,87.0,74.89,53.19,70.74,154.13,-17.3,-29.6,-15.39,-53.2,41.12,71.34,190.28,58.79
2025-07-28T16:59:40.862639,113.0,38.0,14.0,107.0,-17.0,-43.0,59.0,0.0,28.0,63.0,110.0,-26.0,91.89,80.19,34.739999999999995,94.13,-15.3,-20.6,46.61,42.8,33.12,60.34,140.28,-54.21
2025-07-28T16:59:40.866745,132.0,33.0,-23.0,131.0,10.0,-17.0,90.0,-6.0,22.0,54.0,123.0,41.0,110.89,75.19,-2.2600000000000016,118.13,11.7,5.399999999999999,77.61,36.8,27.12,51.34,153.28,12.79
2025-07-28T16:59:40.874987,135.0,45.0,-3.0,133.0,15.0,-114.0,126.0,-8.0,-10.0,135.0,64.0,72.0,113.89,87.19,17.74,120.13,16.7,-91.6,113.61,34.8,-4.88,132.34,94.28,43.79
2025-07-28T16:59:40.883067,166.0,43.0,41.0,84.0,103.0,-150.0,115.0,-49.0,-14.0,145.0,203.0,28.0,144.89,85.19,61.739999999999995,71.13,104.7,-127.6,102.61,-6.200000000000003,-8.879999999999999,142.34,233.28,-0.21000000000000085
2025-07-28T16:59:40.887363,142.0,22.0,10.0,102.0,27.0,26.0,78.0,-52.0,42.0,139.0,160.0,33.0,120.89,64.19,30.74,89.13,28.7,48.4,65.61,-9.200000000000003,47.12,136.34,190.28,4.789999999999999
2025-07-28T16:59:40.895324,85.0,57.0,-2.0,106.0,93.0,-24.0,-5.0,-66.0,-35.0,129.0,141.0,36.0,63.89,99.19,18.74,93.13,94.7,-1.6000000000000014,-17.39,-23.200000000000003,-29.88,126.34,171.28,7.789999999999999
2025-07-28T16:59:40.899593,142.0,-10.0,2.0,66.0,90.0,-81.0,42.0,-26.0,3.0,76.0,119.0,27.0,120.89,32.19,22.74,53.13,91.7,-58.6,29.61,16.799999999999997,8.120000000000001,73.34,149.28,-1.2100000000000009
2025-07-28T16:59:40.907766,151.0,-66.0,-28.0,155.0,51.0,-37.0,85.0,-47.0,-3.0,230.0,78.0,-52.0,129.89,-23.810000000000002,-7.260000000000002,142.13,52.7,-14.600000000000001,72.61,-4.200000000000003,2.12,227.34,108.28,-80.21000000000001
2025-07-28T16:59:40.911885,130.0,49.0,27.0,102.0,30.0,-61.0,68.0,-64.0,25.0,193.0,62.0,-55.0,108.89,91.19,47.739999999999995,89.13,31.7,-38.6,55.61,-21.200000000000003,30.12,190.34,92.28,-83.21000000000001
2025-07-28T16:59:40.919986,47.0,30.0,18.0,55.0,-1.0,-40.0,160.0,-13.0,-18.0,172.0,105.0,-2.0,25.89,72.19,38.739999999999995,42.13,0.7,-17.6,147.61,29.799999999999997,-12.879999999999999,169.34,135.28,-30.21
2025-07-28T16:59:40.924285,109.0,55.0,67.0,56.0,82.0,51.0,106.0,-3.0,-71.0,167.0,76.0,-28.0,87.89,97.19,87.74,43.13,83.7,73.4,93.61,39.8,-65.88,164.34,106.28,-56.21
2025-07-28T16:59:40.932370,82.0,40.0,68.0,68.0,-27.0,-64.0,134.0,-127.0,61.0,223.0,79.0,-58.0,60.89,82.19,88.74,55.13,-25.3,-41.6,121.61,-84.2,66.12,220.34,109.28,-86.21000000000001
2025-07-28T16:59:40.936645,175.0,72.0,27.0,161.0,69.0,-102.0,128.0,-52.0,1.0,200.0,-10.0,-16.0,153.89,114.19,47.739999999999995,148.13,70.7,-79.6,115.61,-9.200000000000003,6.12,197.34,20.28,-44.21
2025-07-28T16:59:40.944454,134.0,2.0,-7.0,129.0,13.0,-60.0,154.0,-22.0,4.0,133.0,70.0,48.0,112.89,44.19,13.739999999999998,116.13,14.7,-37.6,141.61,20.799999999999997,9.120000000000001,130.34,100.28,19.79
2025-07-28T16:59:40.948981,149.0,-48.0,58.0,91.0,34.0,-31.0,53.0,-37.0,-6.0,184.0,3.0,35.0,127.89,-5.810000000000002,78.74,78.13,35.7,-8.600000000000001,40.61,5.799999999999997,-0.8799999999999999,181.34,33.28,6.789999999999999
2025-07-28T16:59:40.956934,75.0,-31.0,25.0,39.0,55.0,-58.0,88.0,-41.0,-55.0,93.0,30.0,60.0,53.89,11.189999999999998,45.739999999999995,26.130000000000003,56.7,-35.6,75.61,1.7999999999999972,-49.88,90.34,60.28,31.79
2025-07-28T16:59:40.961286,103.0,24.0,53.0,135.0,56.0,-53.0,155.0,-87.0,-33.0,140.0,47.0,-12.0,81.89,66.19,73.74,122.13,57.7,-30.6,142.61,-44.2,-27.88,137.34,77.28,-40.21
2025-07-28T16:59:40.969055,39.0,-18.0,-30.0,205.0,11.0,-29.0,65.0,-25.0,-63.0,125.0,18.0,54.0,17.89,24.189999999999998,-9.260000000000002,192.13,12.7,-6.600000000000001,52.61,17.799999999999997,-57.88,122.34,48.28,25.79
2025-07-28T16:59:40.973276,185.0,17.0,-39.0,181.0,22.0,-18.0,43.0,-12.0,47.0,82.0,84.0,44.0,163.89,59.19,-18.26,168.13,23.7,4.399999999999999,30.61,30.799999999999997,52.12,79.34,114.28,15.79
2025-07-28T16:59:40.981359,177.0,42.0,-44.0,120.0,53.0,-20.0,128.0,-31.0,-13.0,162.0,58.0,10.0,155.89,84.19,-23.26,107.13,54.7,2.3999999999999986,115.61,11.799999999999997,-7.88,159.34,88.28,-18.21
2025-07-28T16:59:40.985454,176.0,-36.0,14.0,126.0,69.0,-93.0,69.0,-12.0,3.0,94.0,72.0,26.0,154.89,6.189999999999998,34.739999999999995,113.13,70.7,-70.6,56.61,30.799999999999997,8.120000000000001,91.34,102.28,-2.210000000000001
2025-07-28T16:59:40.993877,87.0,60.0,63.0,111.0,-11.0,-103.0,148.0,-50.0,-35.0,107.0,112.0,-13.0,65.89,102.19,83.74,98.13,-9.3,-80.6,135.61,-7.200000000000003,-29.88,104.34,142.28,-41.21
2025-07-28T16:59:41.001793,96.0,23.0,-28.0,169.0,90.0,-61.0,103.0,-47.0,-78.0,90.0,109.0,-13.0,74.89,65.19,-7.260000000000002,156.13,91.7,-38.6,90.61,-4.200000000000003,-72.88,87.34,139.28,-41.21
2025-07-28T16:59:41.006133,207.0,16.0,54.0,61.0,46.0,-46.0,96.0,-108.0,2.0,137.0,64.0,-49.0,185.89,58.19,74.74,48.13,47.7,-23.6,83.61,-65.2,7.12,134.34,94.28,-77.21000000000001
2025-07-28T16:59:41.014229,191.0,-6.0,10.0,71.0,38.0,-46.0,85.0,-62.0,21.0,136.0,115.0,-7.0,169.89,36.19,30.74,58.13,39.7,-23.6,72.61,-19.200000000000003,26.12,133.34,145.28,-35.21
2025-07-28T16:59:41.018443,147.0,-43.0,95.0,87.0,44.0,-99.0,-20.0,-31.0,-31.0,95.0,56.0,-19.0,125.89,-0.8100000000000023,115.74,74.13,45.7,-76.6,-32.39,11.799999999999997,-25.88,92.34,86.28,-47.21
2025-07-28T16:59:41.026372,175.0,8.0,92.0,123.0,35.0,-61.0,97.0,-29.0,9.0,95.0,93.0,5.0,153.89,50.19,112.74,110.13,36.7,-38.6,84.61,13.799999999999997,14.120000000000001,92.34,123.28,-23.21
2025-07-28T16:59:41.030655,110.0,43.0,110.0,132.0,5.0,-112.0,73.0,-42.0,2.0,83.0,158.0,-3.0,88.89,85.19,130.74,119.13,6.7,-89.6,60.61,0.7999999999999972,7.12,80.34,188.28,-31.21
2025-07-28T16:59:41.038656,59.0,71.0,70.0,178.0,-6.0,-50.0,90.0,-21.0,-54.0,79.0,76.0,-13.0,37.89,113.19,90.74,165.13,-4.3,-27.6,77.61,21.799999999999997,-48.88,76.34,106.28,-41.21
2025-07-28T16:59:41.043089,155.0,114.0,16.0,77.0,16.0,-31.0,115.0,-63.0,-37.0,59.0,141.0,-29.0,133.89,156.19,36.739999999999995,64.13,17.7,-8.600000000000001,102.61,-20.200000000000003,-31.88,56.34,171.28,-57.21
2025-07-28T16:59:41.051073,184.0,-74.0,-19.0,76.0,48.0,-34.0,118.0,-61.0,-3.0,223.0,150.0,26.0,162.89,-31.810000000000002,1.7399999999999984,63.13,49.7,-11.600000000000001,105.61,-18.200000000000003,2.12,220.34,180.28,-2.210000000000001
2025-07-28T16:59:41.055386,168.0,52.0,22.0,96.0,23.0,-143.0,22.0,-44.0,-13.0,164.0,30.0,-17.0,146.89,94.19,42.739999999999995,83.13,24.7,-120.6,9.61,-1.2000000000000028,-7.88,161.34,60.28,-45.21
2025-07-28T16:59:41.063408,118.0,-36.0,21.0,106.0,28.0,-30.0,89.0,-3.0,10.0,164.0,2.0,-31.0,96.89,6.189999999999998,41.739999999999995,93.13,29.7,-7.600000000000001,76.61,39.8,15.120000000000001,161.34,32.28,-59.21
2025-07-28T16:59:41.067617,143.0,28.0,80.0,46.0,29.0,-22.0,115.0,-68.0,-65.0,155.0,109.0,-11.0,121.89,70.19,100.74,33.13,30.7,0.3999999999999986,102.61,-25.200000000000003,-59.88,152.34,139.28,-39.21
2025-07-28T16:59:41.075638,149.0,24.0,-39.0,118.0,-14.0,-59.0,181.0,-34.0,-7.0,123.0,59.0,-94.0,127.89,66.19,-18.26,105.13,-12.3,-36.6,168.61,8.799999999999997,-1.88,120.34,89.28,-122.21000000000001
2025-07-28T16:59:41.079838,181.0,73.0,-12.0,107.0,41.0,-22.0,76.0,19.0,15.0,143.0,20.0,-21.0,159.89,115.19,8.739999999999998,94.13,42.7,0.3999999999999986,63.61,61.8,20.12,140.34,50.28,-49.21
2025-07-28T16:59:41.087860,165.0,-47.0,-48.0,126.0,29.0,-39.0,89.0,-48.0,110.0,202.0,40.0,-11.0,143.89,-4.810000000000002,-27.26,113.13,30.7,-16.6,76.61,-5.200000000000003,115.12,199.34,70.28,-39.21
2025-07-28T16:59:41.092056,174.0,-41.0,64.0,124.0,-35.0,-54.0,109.0,-124.0,23.0,42.0,41.0,51.0,152.89,1.1899999999999977,84.74,111.13,-33.3,-31.6,96.61,-81.2,28.12,39.34,71.28,22.79
2025-07-28T16:59:41.100145,104.0,-56.0,11.0,95.0,47.0,-37.0,0.0,8.0,-30.0,91.0,108.0,17.0,82.89,-13.810000000000002,31.74,82.13,48.7,-14.600000000000001,-12.39,50.8,-24.88,88.34,138.28,-11.21
2025-07-28T16:59:41.104327,102.0,77.0,40.0,74.0,50.0,-84.0,42.0,-21.0,-56.0,67.0,84.0,51.0,80.89,119.19,60.739999999999995,61.13,51.7,-61.6,29.61,21.799999999999997,-50.88,64.34,114.28,22.79
2025-07-28T16:59:41.112587,88.0,25.0,-37.0,112.0,-23.0,-69.0,22.0,14.0,0.0,83.0,114.0,34.0,66.89,67.19,-16.26,99.13,-21.3,-46.6,9.61,56.8,5.12,80.34,144.28,5.789999999999999
2025-07-28T16:59:41.120452,140.0,-19.0,-90.0,130.0,39.0,-27.0,52.0,-94.0,-42.0,128.0,113.0,43.0,118.89,23.189999999999998,-69.26,117.13,40.7,-4.600000000000001,39.61,-51.2,-36.88,125.34,143.28,14.79
2025-07-28T16:59:41.124759,149.0,-3.0,-3.0,53.0,51.0,-2.0,55.0,-83.0,-5.0,85.0,116.0,-32.0,127.89,39.19,17.74,40.13,52.7,20.4,42.61,-40.2,0.1200000000000001,82.34,146.28,-60.21
2025-07-28T16:59:41.133056,107.0,33.0,-36.0,22.0,-11.0,-138.0,57.0,-31.0,-100.0,58.0,93.0,-68.0,85.89,75.19,-15.260000000000002,9.13,-9.3,-115.6,44.61,11.799999999999997,-94.88,55.34,123.28,-96.21000000000001
2025-07-28T16:59:41.137198,179.0,8.0,51.0,138.0,6.0,-42.0,71.0,-93.0,-77.0,73.0,132.0,-62.0,157.89,50.19,71.74,125.13,7.7,-19.6,58.61,-50.2,-71.88,70.34,162.28,-90.21000000000001
2025-07-28T16:59:41.141074,160.0,-5.0,2.0,132.0,54.0,-2.0,32.0,-51.0,-4.0,45.0,95.0,-54.0,138.89,37.19,22.74,119.13,55.7,20.4,19.61,-8.200000000000003,1.12,42.34,125.28,-82.21000000000001
2025-07-28T16:59:41.149421,152.0,52.0,-8.0,83.0,-60.0,-24.0,74.0,-85.0,-21.0,74.0,100.0,-65.0,130.89,94.19,12.739999999999998,70.13,-58.3,-1.6000000000000014,61.61,-42.2,-15.879999999999999,71.34,130.28,-93.21000000000001
2025-07-28T16:59:41.157343,142.0,21.0,-30.0,124.0,22.0,16.0,83.0,-114.0,-54.0,96.0,13.0,-77.0,120.89,63.19,-9.260000000000002,111.13,23.7,38.4,70.61,-71.2,-48.88,93.34,43.28,-105.21000000000001
2025-07-28T16:59:41.161844,209.0,11.0,60.0,120.0,17.0,-71.0,88.0,-91.0,-7.0,126.0,94.0,-81.0,187.89,53.19,80.74,107.13,18.7,-48.6,75.61,-48.2,-1.88,123.34,124.28,-109.21000000000001
2025-07-28T16:59:41.169725,108.0,17.0,12.0,121.0,-3.0,-54.0,27.0,-32.0,-82.0,58.0,105.0,-107.0,86.89,59.19,32.739999999999995,108.13,-1.3,-31.6,14.61,10.799999999999997,-76.88,55.34,135.28,-135.21
2025-07-28T16:59:41.174051,75.0,43.0,26.0,58.0,11.0,-90.0,62.0,-89.0,-63.0,18.0,27.0,-79.0,53.89,85.19,46.739999999999995,45.13,12.7,-67.6,49.61,-46.2,-57.88,15.34,57.28,-107.21000000000001
2025-07-28T16:59:41.182106,130.0,7.0,-80.0,66.0,-28.0,-98.0,102.0,-16.0,1.0,36.0,32.0,-109.0,108.89,49.19,-59.260000000000005,53.13,-26.3,-75.6,89.61,26.799999999999997,6.12,33.34,62.28,-137.21
2025-07-28T16:59:41.186313,80.0,78.0,-35.0,53.0,48.0,0.0,79.0,-76.0,-16.0,22.0,64.0,-100.0,58.89,120.19,-14.260000000000002,40.13,49.7,22.4,66.61,-33.2,-10.879999999999999,19.34,94.28,-128.21
2025-07-28T16:59:41.194265,86.0,-18.0,-16.0,63.0,18.0,-22.0,48.0,-25.0,-81.0,3.0,-1.0,-116.0,64.89,24.189999999999998,4.739999999999998,50.13,19.7,0.3999999999999986,35.61,17.799999999999997,-75.88,0.33999999999999986,29.28,-144.21
2025-07-28T16:59:41.198582,95.0,-105.0,-1.0,19.0,29.0,-35.0,25.0,-48.0,-27.0,-34.0,79.0,-62.0,73.89,-62.81,19.74,6.130000000000001,30.7,-12.600000000000001,12.61,-5.200000000000003,-21.88,-36.66,109.28,-90.21000000000001
2025-07-28T16:59:41.206565,3.0,-90.0,-34.0,-62.0,19.0,-35.0,130.0,-126.0,3.0,-54.0,32.0,-63.0,-18.11,-47.81,-13.260000000000002,-74.87,20.7,-12.600000000000001,117.61,-83.2,8.120000000000001,-56.66,62.28,-91.21000000000001
2025-07-28T16:59:41.211049,63.0,-16.0,-33.0,59.0,-96.0,-45.0,45.0,-43.0,15.0,-46.0,-2.0,-59.0,41.89,26.189999999999998,-12.260000000000002,46.13,-94.3,-22.6,32.61,-0.20000000000000284,20.12,-48.66,28.28,-87.21000000000001
2025-07-28T16:59:41.219011,60.0,-67.0,-56.0,37.0,-67.0,-32.0,63.0,-62.0,-42.0,-42.0,36.0,-71.0,38.89,-24.810000000000002,-35.260000000000005,24.130000000000003,-65.3,-9.600000000000001,50.61,-19.200000000000003,-36.88,-44.66,66.28,-99.21000000000001
2025-07-28T16:59:41.223790,43.0,97.0,-63.0,105.0,-30.0,20.0,-41.0,-60.0,7.0,-41.0,68.0,-59.0,21.89,139.19,-42.260000000000005,92.13,-28.3,42.4,-53.39,-17.200000000000003,12.120000000000001,-43.66,98.28,-87.21000000000001
2025-07-28T16:59:41.231095,64.0,-50.0,-49.0,-45.0,-10.0,-72.0,51.0,-10.0,-7.0,-58.0,54.0,-42.0,42.89,-7.810000000000002,-28.26,-57.87,-8.3,-49.6,38.61,32.8,-1.88,-60.66,84.28,-70.21000000000001
2025-07-28T16:59:41.235557,8.0,-81.0,-6.0,-67.0,-39.0,-29.0,16.0,-77.0,-63.0,-5.0,28.0,-57.0,-13.11,-38.81,14.739999999999998,-79.87,-37.3,-6.600000000000001,3.6099999999999994,-34.2,-57.88,-7.66,58.28,-85.21000000000001
2025-07-28T16:59:41.243382,85.0,-31.0,-15.0,-2.0,32.0,23.0,-16.0,-40.0,-25.0,-19.0,77.0,-20.0,63.89,11.189999999999998,5.739999999999998,-14.87,33.7,45.4,-28.39,2.799999999999997,-19.88,-21.66,107.28,-48.21
2025-07-28T16:59:41.247884,-16.0,-38.0,34.0,48.0,2.0,-51.0,52.0,-30.0,-60.0,-38.0,-26.0,-168.0,-37.11,4.189999999999998,54.739999999999995,35.13,3.7,-28.6,39.61,12.799999999999997,-54.88,-40.66,4.280000000000001,-196.21
2025-07-28T16:59:41.251686,-12.0,-72.0,32.0,34.0,-43.0,-50.0,49.0,4.0,-83.0,-24.0,38.0,-68.0,-33.11,-29.810000000000002,52.739999999999995,21.130000000000003,-41.3,-27.6,36.61,46.8,-77.88,-26.66,68.28,-96.21000000000001
2025-07-28T16:59:41.260007,46.0,28.0,-49.0,83.0,-2.0,-76.0,-7.0,-8.0,-62.0,-38.0,73.0,-45.0,24.89,70.19,-28.26,70.13,-0.30000000000000004,-53.6,-19.39,34.8,-56.88,-40.66,103.28,-73.21000000000001
2025-07-28T16:59:41.264197,37.0,-30.0,-33.0,22.0,2.0,-37.0,53.0,44.0,23.0,-20.0,56.0,-79.0,15.89,12.189999999999998,-12.260000000000002,9.13,3.7,-14.600000000000001,40.61,86.8,28.12,-22.66,86.28,-107.21000000000001
2025-07-28T16:59:41.272197,59.0,5.0,-107.0,74.0,-13.0,-25.0,-81.0,3.0,-55.0,-56.0,-5.0,-110.0,37.89,47.19,-86.26,61.13,-11.3,-2.6000000000000014,-93.39,45.8,-49.88,-58.66,25.28,-138.21
2025-07-28T16:59:41.276363,106.0,-72.0,-63.0,28.0,31.0,-44.0,-18.0,-39.0,-96.0,-68.0,46.0,-89.0,84.89,-29.810000000000002,-42.260000000000005,15.13,32.7,-21.6,-30.39,3.799999999999997,-90.88,-70.66,76.28,-117.21000000000001
2025-07-28T16:59:41.284484,60.0,-94.0,-2.0,-31.0,11.0,-93.0,44.0,-62.0,-55.0,-15.0,0.0,-98.0,38.89,-51.81,18.74,-43.87,12.7,-70.6,31.61,-19.200000000000003,-49.88,-17.66,30.28,-126.21000000000001
2025-07-28T16:59:41.288754,55.0,-108.0,-50.0,7.0,8.0,-10.0,65.0,-42.0,-70.0,-4.0,-7.0,-57.0,33.89,-65.81,-29.26,-5.869999999999999,9.7,12.399999999999999,52.61,0.7999999999999972,-64.88,-6.66,23.28,-85.21000000000001
2025-07-28T16:59:41.296776,89.0,-57.0,-22.0,-58.0,-72.0,-102.0,73.0,-62.0,-42.0,-46.0,1.0,-79.0,67.89,-14.810000000000002,-1.2600000000000016,-70.87,-70.3,-79.6,60.61,-19.200000000000003,-36.88,-48.66,31.28,-107.21000000000001
2025-07-28T16:59:41.301069,-39.0,-69.0,-5.0,-58.0,9.0,-87.0,-22.0,-14.0,-52.0,-57.0,45.0,-76.0,-60.11,-26.810000000000002,15.739999999999998,-70.87,10.7,-64.6,-34.39,28.799999999999997,-46.88,-59.66,75.28,-104.21000000000001
2025-07-28T16:59:41.309093,9.0,17.0,-17.0,9.0,-18.0,-78.0,17.0,-52.0,-85.0,-67.0,53.0,-112.0,-12.11,59.19,3.7399999999999984,-3.869999999999999,-16.3,-55.6,4.609999999999999,-9.200000000000003,-79.88,-69.66,83.28,-140.21
2025-07-28T16:59:41.313378,27.0,46.0,-31.0,40.0,24.0,-5.0,-3.0,-63.0,-34.0,-57.0,30.0,19.0,5.890000000000001,88.19,-10.260000000000002,27.130000000000003,25.7,17.4,-15.39,-20.200000000000003,-28.88,-59.66,60.28,-9.21
2025-07-28T16:59:41.321339,43.0,-1.0,-111.0,-43.0,25.0,-9.0,80.0,-14.0,-28.0,-46.0,77.0,-37.0,21.89,41.19,-90.26,-55.87,26.7,13.399999999999999,67.61,28.799999999999997,-22.88,-48.66,107.28,-65.21000000000001
2025-07-28T16:59:41.325626,81.0,-19.0,-91.0,100.0,85.0,-31.0,29.0,-12.0,8.0,-81.0,4.0,-135.0,59.89,23.189999999999998,-70.26,87.13,86.7,-8.600000000000001,16.61,30.799999999999997,13.120000000000001,-83.66,34.28,-163.21
2025-07-28T16:59:41.333803,14.0,-37.0,-103.0,11.0,32.0,-41.0,30.0,-142.0,-25.0,-19.0,75.0,-27.0,-7.109999999999999,5.189999999999998,-82.26,-1.8699999999999992,33.7,-18.6,17.61,-99.2,-19.88,-21.66,105.28,-55.21
2025-07-28T16:59:41.337894,80.0,-81.0,16.0,37.0,-31.0,-58.0,25.0,-11.0,-34.0,-62.0,18.0,-11.0,58.89,-38.81,36.739999999999995,24.130000000000003,-29.3,-35.6,12.61,31.799999999999997,-28.88,-64.66,48.28,-39.21
2025-07-28T16:59:41.345991,29.0,-127.0,-44.0,75.0,-26.0,-55.0,23.0,-2.0,31.0,-11.0,54.0,-43.0,7.890000000000001,-84.81,-23.26,62.13,-24.3,-32.6,10.61,40.8,36.12,-13.66,84.28,-71.21000000000001
2025-07-28T16:59:41.350315,18.0,-7.0,-22.0,98.0,-14.0,-53.0,-56.0,-81.0,-46.0,-44.0,-12.0,-37.0,-3.1099999999999994,35.19,-1.2600000000000016,85.13,-12.3,-30.6,-68.39,-38.2,-40.88,-46.66,18.28,-65.21000000000001
2025-07-28T16:59:41.358312,-10.0,54.0,-97.0,-11.0,-36.0,6.0,-22.0,-3.0,-81.0,-99.0,28.0,-61.0,-31.11,96.19,-76.26,-23.869999999999997,-34.3,28.4,-34.39,39.8,-75.88,-101.66,58.28,-89.21000000000001
2025-07-28T16:59:41.362538,-5.0,24.0,-63.0,38.0,-35.0,-40.0,42.0,-46.0,-21.0,-55.0,21.0,-93.0,-26.11,66.19,-42.260000000000005,25.130000000000003,-33.3,-17.6,29.61,-3.200000000000003,-15.879999999999999,-57.66,51.28,-121.21000000000001
2025-07-28T16:59:41.370523,25.0,21.0,-75.0,26.0,-14.0,-120.0,21.0,-67.0,-29.0,-42.0,103.0,-36.0,3.8900000000000006,63.19,-54.260000000000005,13.13,-12.3,-97.6,8.61,-24.200000000000003,-23.88,-44.66,133.28,-64.21000000000001
2025-07-28T16:59:41.374711,65.0,-36.0,-106.0,69.0,-55.0,-5.0,21.0,-30.0,-47.0,-76.0,5.0,-21.0,43.89,6.189999999999998,-85.26,56.13,-53.3,17.4,8.61,12.799999999999997,-41.88,-78.66,35.28,-49.21
2025-07-28T16:59:41.382756,51.0,-132.0,56.0,60.0,0.0,14.0,41.0,-75.0,-38.0,-10.0,58.0,-103.0,29.89,-89.81,76.74,47.13,1.7,36.4,28.61,-32.2,-32.88,-12.66,88.28,-131.21
2025-07-28T16:59:41.387155,8.0,-27.0,1.0,-35.0,11.0,-35.0,60.0,-67.0,-25.0,-57.0,60.0,-41.0,-13.11,15.189999999999998,21.74,-47.87,12.7,-12.600000000000001,47.61,-24.200000000000003,-19.88,-59.66,90.28,-69.21000000000001
2025-07-28T16:59:41.395162,7.0,21.0,-13.0,20.0,-23.0,-6.0,40.0,-12.0,1.0,2.0,48.0,-36.0,-14.11,63.19,7.739999999999998,7.130000000000001,-21.3,16.4,27.61,30.799999999999997,6.12,-0.6600000000000001,78.28,-64.21000000000001
2025-07-28T16:59:41.399542,40.0,47.0,37.0,-64.0,-25.0,-70.0,7.0,-74.0,23.0,-79.0,92.0,-52.0,18.89,89.19,57.739999999999995,-76.87,-23.3,-47.6,-5.390000000000001,-31.200000000000003,28.12,-81.66,122.28,-80.21000000000001
2025-07-28T16:59:41.407366,-4.0,-23.0,-67.0,13.0,-27.0,-6.0,13.0,-37.0,-12.0,-49.0,14.0,-18.0,-25.11,19.189999999999998,-46.260000000000005,0.13000000000000078,-25.3,16.4,0.6099999999999994,5.799999999999997,-6.88,-51.66,44.28,-46.21
2025-07-28T16:59:41.411602,81.0,12.0,-61.0,14.0,44.0,-70.0,68.0,-43.0,14.0,8.0,73.0,-33.0,59.89,54.19,-40.260000000000005,1.1300000000000008,45.7,-47.6,55.61,-0.20000000000000284,19.12,5.34,103.28,-61.21
2025-07-28T16:59:41.419768,46.0,2.0,-7.0,40.0,2.0,-38.0,51.0,-32.0,-15.0,-59.0,1.0,-58.0,24.89,44.19,13.739999999999998,27.130000000000003,3.7,-15.600000000000001,38.61,10.799999999999997,-9.879999999999999,-61.66,31.28,-86.21000000000001
2025-07-28T16:59:41.423958,70.0,-49.0,-65.0,20.0,114.0,-99.0,-44.0,-47.0,31.0,-45.0,74.0,-53.0,48.89,-6.810000000000002,-44.260000000000005,7.130000000000001,115.7,-76.6,-56.39,-4.200000000000003,36.12,-47.66,104.28,-81.21000000000001
2025-07-28T16:59:41.432089,84.0,-28.0,-136.0,26.0,33.0,-62.0,-36.0,-63.0,-12.0,-105.0,48.0,-25.0,62.89,14.189999999999998,-115.26,13.13,34.7,-39.6,-48.39,-20.200000000000003,-6.88,-107.66,78.28,-53.21
2025-07-28T16:59:41.436296,93.0,-64.0,-53.0,24.0,-32.0,-55.0,17.0,12.0,-15.0,-55.0,10.0,-9.0,71.89,-21.810000000000002,-32.260000000000005,11.13,-30.3,-32.6,4.609999999999999,54.8,-9.879999999999999,-57.66,40.28,-37.21
2025-07-28T16:59:41.444328,136.0,-61.0,-10.0,32.0,-40.0,-17.0,7.0,7.0,-2.0,-37.0,46.0,-41.0,114.89,-18.810000000000002,10.739999999999998,19.130000000000003,-38.3,5.399999999999999,-5.390000000000001,49.8,3.12,-39.66,76.28,-69.21000000000001
2025-07-28T16:59:41.448606,0.0,-62.0,-45.0,15.0,29.0,-46.0,11.0,34.0,-39.0,-77.0,-7.0,-35.0,-21.11,-19.810000000000002,-24.26,2.130000000000001,30.7,-23.6,-1.3900000000000006,76.8,-33.88,-79.66,23.28,-63.21
2025-07-28T16:59:41.456936,-16.0,44.0,-25.0,28.0,9.0,-81.0,33.0,-58.0,-8.0,-76.0,-5.0,-66.0,-37.11,86.19,-4.260000000000002,15.13,10.7,-58.6,20.61,-15.200000000000003,-2.88,-78.66,25.28,-94.21000000000001
2025-07-28T16:59:41.460899,11.0,-41.0,36.0,-40.0,5.0,-22.0,8.0,15.0,-13.0,-33.0,91.0,-61.0,-10.11,1.1899999999999977,56.739999999999995,-52.87,6.7,0.3999999999999986,-4.390000000000001,57.8,-7.88,-35.66,121.28,-89.21000000000001
2025-07-28T16:59:41.468735,-48.0,8.0,-34.0,112.0,-13.0,-119.0,30.0,8.0,-33.0,1.0,8.0,-82.0,-69.11,50.19,-13.260000000000002,99.13,-11.3,-96.6,17.61,50.8,-27.88,-1.6600000000000001,38.28,-110.21000000000001
2025-07-28T16:59:41.473003,14.0,-73.0,-28.0,19.0,14.0,-114.0,17.0,-55.0,-53.0,-60.0,-1.0,-57.0,-7.109999999999999,-30.810000000000002,-7.260000000000002,6.130000000000001,15.7,-91.6,4.609999999999999,-12.200000000000003,-47.88,-62.66,29.28,-85.21000000000001
2025-07-28T16:59:41.481084,13.0,-34.0,-51.0,-31.0,-34.0,-100.0,29.0,24.0,30.0,-35.0,55.0,-59.0,-8.11,8.189999999999998,-30.26,-43.87,-32.3,-77.6,16.61,66.8,35.12,-37.66,85.28,-87.21000000000001
2025-07-28T16:59:41.485420,125.0,-28.0,-108.0,51.0,-7.0,-46.0,30.0,-71.0,17.0,-74.0,51.0,-92.0,103.89,14.189999999999998,-87.26,38.13,-5.3,-23.6,17.61,-28.200000000000003,22.12,-76.66,81.28,-120.21000000000001
2025-07-28T16:59:41.493333,9.0,-66.0,-85.0,16.0,0.0,-60.0,36.0,-27.0,-6.0,-8.0,75.0,-106.0,-12.11,-23.810000000000002,-64.26,3.130000000000001,1.7,-37.6,23.61,15.799999999999997,-0.8799999999999999,-10.66,105.28,-134.21
2025-07-28T16:59:41.497589,107.0,-34.0,-80.0,53.0,16.0,-40.0,68.0,-115.0,-91.0,13.0,27.0,-15.0,85.89,8.189999999999998,-59.260000000000005,40.13,17.7,-17.6,55.61,-72.2,-85.88,10.34,57.28,-43.21
2025-07-28T16:59:41.505580,47.0,-125.0,-38.0,30.0,32.0,-31.0,-73.0,-46.0,-27.0,-60.0,45.0,11.0,25.89,-82.81,-17.26,17.130000000000003,33.7,-8.600000000000001,-85.39,-3.200000000000003,-21.88,-62.66,75.28,-17.21
2025-07-28T16:59:41.509840,33.0,-65.0,-22.0,48.0,14.0,-61.0,20.0,-78.0,28.0,7.0,98.0,-72.0,11.89,-22.810000000000002,-1.2600000000000016,35.13,15.7,-38.6,7.609999999999999,-35.2,33.12,4.34,128.28,-100.21000000000001
2025-07-28T16:59:41.514118,-6.0,-6.0,-8.0,38.0,-8.0,-52.0,-18.0,-45.0,-78.0,-71.0,58.0,6.0,-27.11,36.19,12.739999999999998,25.130000000000003,-6.3,-29.6,-30.39,-2.200000000000003,-72.88,-73.66,88.28,-22.21
2025-07-28T16:59:41.522027,9.0,7.0,5.0,14.0,-37.0,-80.0,10.0,1.0,24.0,-65.0,22.0,7.0,-12.11,49.19,25.74,1.1300000000000008,-35.3,-57.6,-2.3900000000000006,43.8,29.12,-67.66,52.28,-21.21
2025-07-28T16:59:41.526128,-2.0,-19.0,1.0,91.0,-80.0,-53.0,95.0,-12.0,-24.0,-32.0,-124.0,36.0,-23.11,23.189999999999998,21.74,78.13,-78.3,-30.6,82.61,30.799999999999997,-18.88,-34.66,-93.72,7.789999999999999
2025-07-28T16:59:41.534426,46.0,-23.0,-81.0,72.0,-2.0,-28.0,19.0,-43.0,-8.0,-30.0,-35.0,59.0,24.89,19.189999999999998,-60.260000000000005,59.13,-0.30000000000000004,-5.600000000000001,6.609999999999999,-0.20000000000000284,-2.88,-32.66,-4.719999999999999,30.79
2025-07-28T16:59:41.538454,-30.0,10.0,-102.0,-60.0,16.0,-34.0,-75.0,-61.0,6.0,-7.0,10.0,-61.0,-51.11,52.19,-81.26,-72.87,17.7,-11.600000000000001,-87.39,-18.200000000000003,11.120000000000001,-9.66,40.28,-89.21000000000001
2025-07-28T16:59:41.546713,137.0,-23.0,-36.0,45.0,55.0,-94.0,33.0,-42.0,-9.0,-28.0,-35.0,-11.0,115.89,19.189999999999998,-15.260000000000002,32.13,56.7,-71.6,20.61,0.7999999999999972,-3.88,-30.66,-4.719999999999999,-39.21
2025-07-28T16:59:41.551138,97.0,-93.0,-62.0,85.0,-31.0,-28.0,56.0,-35.0,9.0,-76.0,-2.0,3.0,75.89,-50.81,-41.260000000000005,72.13,-29.3,-5.600000000000001,43.61,7.799999999999997,14.120000000000001,-78.66,28.28,-25.21
2025-07-28T16:59:41.558869,80.0,-77.0,-68.0,-24.0,10.0,-64.0,22.0,-57.0,70.0,0.0,-66.0,0.0,58.89,-34.81,-47.260000000000005,-36.87,11.7,-41.6,9.61,-14.200000000000003,75.12,-2.66,-35.72,-28.21
2025-07-28T16:59:41.563221,19.0,-26.0,-84.0,56.0,-37.0,-98.0,-47.0,-71.0,-71.0,9.0,14.0,6.0,-2.1099999999999994,16.189999999999998,-63.260000000000005,43.13,-35.3,-75.6,-59.39,-28.200000000000003,-65.88,6.34,44.28,-22.21
2025-07-28T16:59:41.571180,51.0,-69.0,-43.0,138.0,27.0,-68.0,96.0,-29.0,25.0,-55.0,38.0,-2.0,29.89,-26.810000000000002,-22.26,125.13,28.7,-45.6,83.61,13.799999999999997,30.12,-57.66,68.28,-30.21
2025-07-28T16:59:41.575589,80.0,-73.0,5.0,-11.0,-22.0,-39.0,-71.0,5.0,-8.0,3.0,28.0,38.0,58.89,-30.810000000000002,25.74,-23.869999999999997,-20.3,-16.6,-83.39,47.8,-2.88,0.33999999999999986,58.28,9.79
2025-07-28T16:59:41.583363,6.0,-53.0,24.0,28.0,-9.0,16.0,9.0,-49.0,-9.0,-22.0,-18.0,6.0,-15.11,-10.810000000000002,44.739999999999995,15.13,-7.3,38.4,-3.3900000000000006,-6.200000000000003,-3.88,-24.66,12.280000000000001,-22.21
2025-07-28T16:59:41.587713,32.0,-58.0,-60.0,-27.0,17.0,-50.0,31.0,18.0,-14.0,-18.0,29.0,10.0,10.89,-15.810000000000002,-39.260000000000005,-39.87,18.7,-27.6,18.61,60.8,-8.879999999999999,-20.66,59.28,-18.21
2025-07-28T16:59:41.595867,-9.0,-56.0,-23.0,-17.0,-51.0,-46.0,-11.0,-6.0,3.0,42.0,-76.0,-81.0,-30.11,-13.810000000000002,-2.2600000000000016,-29.869999999999997,-49.3,-23.6,-23.39,36.8,8.120000000000001,39.34,-45.72,-109.21000000000001
2025-07-28T16:59:41.600005,25.0,-71.0,35.0,13.0,2.0,-20.0,-5.0,-32.0,55.0,6.0,-36.0,7.0,3.8900000000000006,-28.810000000000002,55.739999999999995,0.13000000000000078,3.7,2.3999999999999986,-17.39,10.799999999999997,60.12,3.34,-5.719999999999999,-21.21
2025-07-28T16:59:41.608149,-35.0,-68.0,-30.0,-6.0,14.0,-7.0,6.0,10.0,8.0,-24.0,-31.0,-30.0,-56.11,-25.810000000000002,-9.260000000000002,-18.869999999999997,15.7,15.399999999999999,-6.390000000000001,52.8,13.120000000000001,-26.66,-0.7199999999999989,-58.21
2025-07-28T16:59:41.612341,3.0,-92.0,-28.0,-13.0,0.0,-33.0,-68.0,-2.0,-21.0,-48.0,-15.0,-3.0,-18.11,-49.81,-7.260000000000002,-25.869999999999997,1.7,-10.600000000000001,-80.39,40.8,-15.879999999999999,-50.66,15.280000000000001,-31.21
2025-07-28T16:59:41.620352,10.0,-52.0,8.0,-39.0,-45.0,-22.0,33.0,13.0,-8.0,41.0,-11.0,22.0,-11.11,-9.810000000000002,28.74,-51.87,-43.3,0.3999999999999986,20.61,55.8,-2.88,38.34,19.28,-6.210000000000001
2025-07-28T16:59:41.624608,3.0,-11.0,-20.0,43.0,8.0,-60.0,-60.0,52.0,-74.0,30.0,5.0,-32.0,-18.11,31.189999999999998,0.7399999999999984,30.130000000000003,9.7,-37.6,-72.39,94.8,-68.88,27.34,35.28,-60.21
2025-07-28T16:59:41.632448,-35.0,-64.0,-13.0,36.0,2.0,-24.0,-34.0,-32.0,1.0,8.0,-51.0,-45.0,-56.11,-21.810000000000002,7.739999999999998,23.130000000000003,3.7,-1.6000000000000014,-46.39,10.799999999999997,6.12,5.34,-20.72,-73.21000000000001
2025-07-28T16:59:41.636725,-14.0,-8.0,-116.0,29.0,-6.0,-41.0,-7.0,-25.0,-11.0,11.0,-50.0,8.0,-35.11,34.19,-95.26,16.130000000000003,-4.3,-18.6,-19.39,17.799999999999997,-5.88,8.34,-19.72,-20.21
2025-07-28T16:59:41.640850,-27.0,-23.0,-101.0,70.0,42.0,-35.0,-56.0,-3.0,3.0,2.0,-71.0,-27.0,-48.11,19.189999999999998,-80.26,57.13,43.7,-12.600000000000001,-68.39,39.8,8.120000000000001,-0.6600000000000001,-40.72,-55.21
2025-07-28T16:59:41.648944,1.0,16.0,-59.0,5.0,36.0,-99.0,44.0,17.0,-15.0,32.0,-29.0,38.0,-20.11,58.19,-38.260000000000005,-7.869999999999999,37.7,-76.6,31.61,59.8,-9.879999999999999,29.34,1.2800000000000011,9.79
2025-07-28T16:59:41.653114,29.0,8.0,-83.0,109.0,-7.0,-63.0,-36.0,-56.0,-48.0,-38.0,-16.0,-25.0,7.890000000000001,50.19,-62.260000000000005,96.13,-5.3,-40.6,-48.39,-13.200000000000003,-42.88,-40.66,14.280000000000001,-53.21
2025-07-28T16:59:41.661504,117.0,8.0,-68.0,26.0,-81.0,-33.0,0.0,-22.0,-56.0,-14.0,-61.0,-16.0,95.89,50.19,-47.260000000000005,13.13,-79.3,-10.600000000000001,-12.39,20.799999999999997,-50.88,-16.66,-30.72,-44.21
2025-07-28T16:59:41.665415,131.0,-65.0,-136.0,3.0,-99.0,-23.0,33.0,30.0,41.0,15.0,-64.0,-35.0,109.89,-22.810000000000002,-115.26,-9.87,-97.3,-0.6000000000000014,20.61,72.8,46.12,12.34,-33.72,-63.21
2025-07-28T16:59:41.673608,24.0,-74.0,-25.0,8.0,11.0,-44.0,42.0,2.0,-56.0,31.0,-15.0,12.0,2.8900000000000006,-31.810000000000002,-4.260000000000002,-4.869999999999999,12.7,-21.6,29.61,44.8,-50.88,28.34,15.280000000000001,-16.21
2025-07-28T16:59:41.677703,22.0,-57.0,5.0,12.0,-27.0,-70.0,-7.0,-2.0,-72.0,67.0,-13.0,-56.0,0.8900000000000006,-14.810000000000002,25.74,-0.8699999999999992,-25.3,-47.6,-19.39,40.8,-66.88,64.34,17.28,-84.21000000000001
2025-07-28T16:59:41.685934,40.0,-77.0,-19.0,72.0,14.0,-66.0,-13.0,-27.0,-20.0,23.0,-38.0,-30.0,18.89,-34.81,1.7399999999999984,59.13,15.7,-43.6,-25.39,15.799999999999997,-14.879999999999999,20.34,-7.719999999999999,-58.21
2025-07-28T16:59:41.690146,7.0,-59.0,-70.0,18.0,42.0,-66.0,-21.0,-50.0,-56.0,-17.0,49.0,-26.0,-14.11,-16.810000000000002,-49.260000000000005,5.130000000000001,43.7,-43.6,-33.39,-7.200000000000003,-50.88,-19.66,79.28,-54.21
2025-07-28T16:59:41.698232,92.0,8.0,-81.0,46.0,83.0,-63.0,37.0,-71.0,-63.0,72.0,-36.0,29.0,70.89,50.19,-60.260000000000005,33.13,84.7,-40.6,24.61,-28.200000000000003,-57.88,69.34,-5.719999999999999,0.7899999999999991
2025-07-28T16:59:41.702305,11.0,-32.0,-83.0,29.0,21.0,-90.0,-4.0,-4.0,-59.0,26.0,6.0,8.0,-10.11,10.189999999999998,-62.260000000000005,16.130000000000003,22.7,-67.6,-16.39,38.8,-53.88,23.34,36.28,-20.21
2025-07-28T16:59:41.710537,-34.0,46.0,-97.0,53.0,-41.0,-58.0,25.0,-12.0,-82.0,55.0,-55.0,-79.0,-55.11,88.19,-76.26,40.13,-39.3,-35.6,12.61,30.799999999999997,-76.88,52.34,-24.72,-107.21000000000001
2025-07-28T16:59:41.714823,77.0,12.0,-24.0,-9.0,26.0,29.0,-27.0,-58.0,-46.0,-26.0,29.0,-91.0,55.89,54.19,-3.2600000000000016,-21.869999999999997,27.7,51.4,-39.39,-15.200000000000003,-40.88,-28.66,59.28,-119.21000000000001
2025-07-28T16:59:41.722732,10.0,-58.0,-100.0,27.0,-56.0,19.0,-22.0,-31.0,-67.0,-28.0,-13.0,-80.0,-11.11,-15.810000000000002,-79.26,14.13,-54.3,41.4,-34.39,11.799999999999997,-61.88,-30.66,17.28,-108.21000000000001
2025-07-28T16:59:41.727124,37.0,-70.0,-66.0,-12.0,40.0,-75.0,59.0,-5.0,-54.0,24.0,-46.0,14.0,15.89,-27.810000000000002,-45.260000000000005,-24.869999999999997,41.7,-52.6,46.61,37.8,-48.88,21.34,-15.719999999999999,-14.21
2025-07-28T16:59:41.735157,40.0,-20.0,-31.0,1.0,-16.0,-52.0,105.0,9.0,-70.0,-38.0,-11.0,-88.0,18.89,22.189999999999998,-10.260000000000002,-11.87,-14.3,-29.6,92.61,51.8,-64.88,-40.66,19.28,-116.21000000000001
2025-07-28T16:59:41.739304,-3.0,40.0,-17.0,80.0,-52.0,-115.0,15.0,-8.0,-50.0,12.0,-6.0,10.0,-24.11,82.19,3.7399999999999984,67.13,-50.3,-92.6,2.6099999999999994,34.8,-44.88,9.34,24.28,-18.21
2025-07-28T16:59:41.747456,23.0,-40.0,-28.0,91.0,-22.0,18.0,-4.0,-97.0,-78.0,-38.0,-69.0,-58.0,1.8900000000000006,2.1899999999999977,-7.260000000000002,78.13,-20.3,40.4,-16.39,-54.2,-72.88,-40.66,-38.72,-86.21000000000001
2025-07-28T16:59:41.751588,-25.0,20.0,-111.0,-1.0,-43.0,-24.0,40.0,-90.0,-44.0,50.0,-17.0,-46.0,-46.11,62.19,-90.26,-13.87,-41.3,-1.6000000000000014,27.61,-47.2,-38.88,47.34,13.280000000000001,-74.21000000000001
2025-07-28T16:59:41.759604,28.0,21.0,-75.0,-18.0,-8.0,21.0,8.0,-43.0,-54.0,-3.0,-32.0,-7.0,6.890000000000001,63.19,-54.260000000000005,-30.869999999999997,-6.3,43.4,-4.390000000000001,-0.20000000000000284,-48.88,-5.66,-1.7199999999999989,-35.21
2025-07-28T16:59:41.763898,82.0,16.0,-83.0,-33.0,55.0,26.0,34.0,-25.0,-32.0,-16.0,16.0,-41.0,60.89,58.19,-62.260000000000005,-45.87,56.7,48.4,21.61,17.799999999999997,-26.88,-18.66,46.28,-69.21000000000001
2025-07-28T16:59:41.771911,-20.0,-79.0,-76.0,-37.0,5.0,-4.0,99.0,-73.0,6.0,45.0,117.0,-47.0,-41.11,-36.81,-55.260000000000005,-49.87,6.7,18.4,86.61,-30.200000000000003,11.120000000000001,42.34,147.28,-75.21000000000001
2025-07-28T16:59:41.776102,29.0,-73.0,-74.0,55.0,13.0,-20.0,-7.0,-5.0,-17.0,-43.0,17.0,-95.0,7.890000000000001,-30.810000000000002,-53.260000000000005,42.13,14.7,2.3999999999999986,-19.39,37.8,-11.879999999999999,-45.66,47.28,-123.21000000000001
2025-07-28T16:59:41.784140,5.0,-102.0,-119.0,12.0,-42.0,-60.0,49.0,-50.0,-44.0,59.0,32.0,-77.0,-16.11,-59.81,-98.26,-0.8699999999999992,-40.3,-37.6,36.61,-7.200000000000003,-38.88,56.34,62.28,-105.21000000000001
2025-07-28T16:59:41.788358,62.0,-42.0,-14.0,59.0,-11.0,28.0,5.0,-56.0,-26.0,103.0,12.0,-45.0,40.89,0.18999999999999773,6.739999999999998,46.13,-9.3,50.4,-7.390000000000001,-13.200000000000003,-20.88,100.34,42.28,-73.21000000000001
2025-07-28T16:59:41.796356,-41.0,-36.0,18.0,65.0,-40.0,-102.0,39.0,-48.0,-29.0,28.0,75.0,-64.0,-62.11,6.189999999999998,38.739999999999995,52.13,-38.3,-79.6,26.61,-5.200000000000003,-23.88,25.34,105.28,-92.21000000000001
2025-07-28T16:59:41.800706,23.0,57.0,-43.0,-12.0,-30.0,-27.0,-52.0,-54.0,-25.0,-19.0,84.0,-32.0,1.8900000000000006,99.19,-22.26,-24.869999999999997,-28.3,-4.600000000000001,-64.39,-11.200000000000003,-19.88,-21.66,114.28,-60.21
2025-07-28T16:59:41.808649,0.0,18.0,-38.0,-8.0,21.0,-43.0,-8.0,-28.0,-5.0,47.0,42.0,-26.0,-21.11,60.19,-17.26,-20.869999999999997,22.7,-20.6,-20.39,14.799999999999997,0.1200000000000001,44.34,72.28,-54.21
2025-07-28T16:59:41.812944,-29.0,58.0,-14.0,-13.0,21.0,-74.0,-37.0,-85.0,-30.0,-44.0,30.0,-69.0,-50.11,100.19,6.739999999999998,-25.869999999999997,22.7,-51.6,-49.39,-42.2,-24.88,-46.66,60.28,-97.21000000000001
2025-07-28T16:59:41.821052,99.0,9.0,-96.0,31.0,51.0,-33.0,46.0,-20.0,-83.0,-54.0,32.0,-64.0,77.89,51.19,-75.26,18.130000000000003,52.7,-10.600000000000001,33.61,22.799999999999997,-77.88,-56.66,62.28,-92.21000000000001
2025-07-28T16:59:41.825335,102.0,-25.0,-72.0,55.0,-51.0,-51.0,4.0,32.0,-25.0,-12.0,41.0,-102.0,80.89,17.189999999999998,-51.260000000000005,42.13,-49.3,-28.6,-8.39,74.8,-19.88,-14.66,71.28,-130.21
2025-07-28T16:59:41.833359,97.0,-101.0,-16.0,36.0,-22.0,-80.0,10.0,-25.0,-76.0,-75.0,43.0,21.0,75.89,-58.81,4.739999999999998,23.130000000000003,-20.3,-57.6,-2.3900000000000006,17.799999999999997,-70.88,-77.66,73.28,-7.210000000000001
2025-07-28T16:59:41.837619,30.0,-66.0,12.0,0.0,-29.0,-45.0,46.0,-70.0,-73.0,-55.0,33.0,-93.0,8.89,-23.810000000000002,32.739999999999995,-12.87,-27.3,-22.6,33.61,-27.200000000000003,-67.88,-57.66,63.28,-121.21000000000001
2025-07-28T16:59:41.845651,-7.0,-26.0,7.0,-5.0,-34.0,10.0,-38.0,-12.0,0.0,-49.0,-2.0,-45.0,-28.11,16.189999999999998,27.74,-17.869999999999997,-32.3,32.4,-50.39,30.799999999999997,5.12,-51.66,28.28,-73.21000000000001
2025-07-28T16:59:41.849905,55.0,0.0,-29.0,9.0,19.0,-1.0,46.0,36.0,-72.0,-73.0,33.0,-19.0,33.89,42.19,-8.260000000000002,-3.869999999999999,20.7,21.4,33.61,78.8,-66.88,-75.66,63.28,-47.21
2025-07-28T16:59:41.857835,-21.0,-17.0,-29.0,-62.0,21.0,16.0,-14.0,-62.0,-47.0,-67.0,36.0,-39.0,-42.11,25.189999999999998,-8.260000000000002,-74.87,22.7,38.4,-26.39,-19.200000000000003,-41.88,-69.66,66.28,-67.21000000000001
2025-07-28T16:59:41.862149,-8.0,-25.0,-57.0,85.0,30.0,-12.0,15.0,-45.0,-27.0,-38.0,58.0,-14.0,-29.11,17.189999999999998,-36.260000000000005,72.13,31.7,10.399999999999999,2.6099999999999994,-2.200000000000003,-21.88,-40.66,88.28,-42.21
2025-07-28T16:59:41.870159,106.0,-16.0,-100.0,55.0,5.0,-101.0,-97.0,-80.0,-4.0,-55.0,60.0,-8.0,84.89,26.189999999999998,-79.26,42.13,6.7,-78.6,-109.39,-37.2,1.12,-57.66,90.28,-36.21
2025-07-28T16:59:41.874376,78.0,-120.0,-83.0,34.0,57.0,-30.0,105.0,-27.0,20.0,2.0,-12.0,-51.0,56.89,-77.81,-62.260000000000005,21.130000000000003,58.7,-7.600000000000001,92.61,15.799999999999997,25.12,-0.6600000000000001,18.28,-79.21000000000001
2025-07-28T16:59:41.882353,92.0,-88.0,-37.0,55.0,-24.0,-38.0,-16.0,-75.0,-23.0,-70.0,82.0,-17.0,70.89,-45.81,-16.26,42.13,-22.3,-15.600000000000001,-28.39,-32.2,-17.88,-72.66,112.28,-45.21
2025-07-28T16:59:41.886730,26.0,-60.0,-32.0,33.0,-23.0,-22.0,-21.0,-18.0,-49.0,-34.0,101.0,-39.0,4.890000000000001,-17.810000000000002,-11.260000000000002,20.130000000000003,-21.3,0.3999999999999986,-33.39,24.799999999999997,-43.88,-36.66,131.28,-67.21000000000001
2025-07-28T16:59:41.894844,43.0,-16.0,-12.0,9.0,-21.0,-90.0,-7.0,-10.0,1.0,-33.0,74.0,-83.0,21.89,26.189999999999998,8.739999999999998,-3.869999999999999,-19.3,-67.6,-19.39,32.8,6.12,-35.66,104.28,-111.21000000000001
2025-07-28T16:59:41.898963,67.0,13.0,-55.0,13.0,50.0,-59.0,-23.0,-35.0,-86.0,-83.0,120.0,-84.0,45.89,55.19,-34.260000000000005,0.13000000000000078,51.7,-36.6,-35.39,7.799999999999997,-80.88,-85.66,150.28,-112.21000000000001
2025-07-28T16:59:41.906988,-15.0,-20.0,-95.0,18.0,14.0,-80.0,54.0,-44.0,-57.0,-44.0,32.0,-56.0,-36.11,22.189999999999998,-74.26,5.130000000000001,15.7,-57.6,41.61,-1.2000000000000028,-51.88,-46.66,62.28,-84.21000000000001
2025-07-28T16:59:41.911311,34.0,37.0,-104.0,13.0,-22.0,-23.0,45.0,-88.0,-69.0,-82.0,47.0,-76.0,12.89,79.19,-83.26,0.13000000000000078,-20.3,-0.6000000000000014,32.61,-45.2,-63.88,-84.66,77.28,-104.21000000000001
2025-07-28T16:59:41.919233,86.0,-106.0,-46.0,50.0,47.0,-32.0,-22.0,-24.0,-57.0,-11.0,65.0,-40.0,64.89,-63.81,-25.26,37.13,48.7,-9.600000000000001,-34.39,18.799999999999997,-51.88,-13.66,95.28,-68.21000000000001
2025-07-28T16:59:41.923438,-2.0,-72.0,1.0,33.0,-10.0,-17.0,-25.0,-84.0,-70.0,-66.0,56.0,-60.0,-23.11,-29.810000000000002,21.74,20.130000000000003,-8.3,5.399999999999999,-37.39,-41.2,-64.88,-68.66,86.28,-88.21000000000001
2025-07-28T16:59:41.927663,-8.0,-125.0,-8.0,2.0,-35.0,5.0,2.0,-31.0,-24.0,10.0,-1.0,-84.0,-29.11,-82.81,12.739999999999998,-10.87,-33.3,27.4,-10.39,11.799999999999997,-18.88,7.34,29.28,-112.21000000000001
2025-07-28T16:59:41.935666,-4.0,-74.0,9.0,8.0,39.0,-59.0,26.0,-82.0,-7.0,7.0,64.0,-13.0,-25.11,-31.810000000000002,29.74,-4.869999999999999,40.7,-36.6,13.61,-39.2,-1.88,4.34,94.28,-41.21
2025-07-28T16:59:41.939847,0.0,-48.0,-20.0,59.0,22.0,-12.0,-32.0,0.0,-36.0,-28.0,19.0,-50.0,-21.11,-5.810000000000002,0.7399999999999984,46.13,23.7,10.399999999999999,-44.39,42.8,-30.88,-30.66,49.28,-78.21000000000001
2025-07-28T16:59:41.948030,1.0,23.0,-80.0,56.0,49.0,-87.0,-47.0,-29.0,0.0,-13.0,5.0,-40.0,-20.11,65.19,-59.260000000000005,43.13,50.7,-64.6,-59.39,13.799999999999997,5.12,-15.66,35.28,-68.21000000000001
2025-07-28T16:59:41.952226,31.0,-10.0,0.0,-18.0,-2.0,-57.0,-22.0,-82.0,23.0,25.0,-21.0,21.0,9.89,32.19,20.74,-30.869999999999997,-0.30000000000000004,-34.6,-34.39,-39.2,28.12,22.34,9.280000000000001,-7.210000000000001
2025-07-28T16:59:41.960319,-54.0,2.0,-71.0,31.0,28.0,-63.0,-31.0,-58.0,-16.0,34.0,-22.0,-32.0,-75.11,44.19,-50.260000000000005,18.130000000000003,29.7,-40.6,-43.39,-15.200000000000003,-10.879999999999999,31.34,8.280000000000001,-60.21
2025-07-28T16:59:41.964619,5.0,28.0,-27.0,28.0,-6.0,-83.0,-8.0,-121.0,-80.0,24.0,-74.0,12.0,-16.11,70.19,-6.260000000000002,15.13,-4.3,-60.6,-20.39,-78.2,-74.88,21.34,-43.72,-16.21
2025-07-28T16:59:41.972651,119.0,-14.0,-95.0,-58.0,-49.0,-87.0,-8.0,-84.0,-10.0,-25.0,-26.0,-30.0,97.89,28.189999999999998,-74.26,-70.87,-47.3,-64.6,-20.39,-41.2,-4.88,-27.66,4.280000000000001,-58.21
2025-07-28T16:59:41.976810,39.0,-64.0,-111.0,10.0,-27.0,-24.0,57.0,18.0,-32.0,46.0,-44.0,-23.0,17.89,-21.810000000000002,-90.26,-2.869999999999999,-25.3,-1.6000000000000014,44.61,60.8,-26.88,43.34,-13.719999999999999,-51.21
2025-07-28T16:59:41.984836,63.0,-33.0,20.0,44.0,9.0,-24.0,30.0,-57.0,-67.0,54.0,-68.0,-2.0,41.89,9.189999999999998,40.739999999999995,31.130000000000003,10.7,-1.6000000000000014,17.61,-14.200000000000003,-61.88,51.34,-37.72,-30.21
2025-07-28T16:59:41.989046,81.0,-65.0,-35.0,-4.0,105.0,-32.0,-31.0,-6.0,-16.0,-61.0,-16.0,-12.0,59.89,-22.810000000000002,-14.260000000000002,-16.869999999999997,106.7,-9.600000000000001,-43.39,36.8,-10.879999999999999,-63.66,14.280000000000001,-40.21
2025-07-28T16:59:41.997336,31.0,-2.0,11.0,14.0,20.0,-77.0,50.0,0.0,-56.0,1.0,-14.0,-54.0,9.89,40.19,31.74,1.1300000000000008,21.7,-54.6,37.61,42.8,-50.88,-1.6600000000000001,16.28,-82.21000000000001
2025-07-28T16:59:42.002180,-3.0,-98.0,11.0,1.0,44.0,-42.0,-23.0,-42.0,-68.0,93.0,-36.0,-19.0,-24.11,-55.81,31.74,-11.87,45.7,-19.6,-35.39,0.7999999999999972,-62.88,90.34,-5.719999999999999,-47.21
2025-07-28T16:59:42.009292,-41.0,-70.0,-16.0,-47.0,26.0,5.0,3.0,29.0,-51.0,63.0,-2.0,13.0,-62.11,-27.810000000000002,4.739999999999998,-59.87,27.7,27.4,-9.39,71.8,-45.88,60.34,28.28,-15.21
2025-07-28T16:59:42.013682,0.0,-31.0,-18.0,42.0,34.0,-49.0,9.0,-48.0,-19.0,78.0,-89.0,43.0,-21.11,11.189999999999998,2.7399999999999984,29.130000000000003,35.7,-26.6,-3.3900000000000006,-5.200000000000003,-13.879999999999999,75.34,-58.72,14.79
2025-07-28T16:59:42.021726,0.0,2.0,-1.0,10.0,-21.0,-17.0,28.0,-29.0,-15.0,-31.0,-28.0,-15.0,-21.11,44.19,19.74,-2.869999999999999,-19.3,5.399999999999999,15.61,13.799999999999997,-9.879999999999999,-33.66,2.280000000000001,-43.21
2025-07-28T16:59:42.026113,-12.0,-41.0,-64.0,-8.0,40.0,-30.0,45.0,-68.0,-67.0,-51.0,-83.0,-19.0,-33.11,1.1899999999999977,-43.260000000000005,-20.869999999999997,41.7,-7.600000000000001,32.61,-25.200000000000003,-61.88,-53.66,-52.72,-47.21
2025-07-28T16:59:42.034085,97.0,-24.0,-91.0,58.0,-7.0,-23.0,76.0,-84.0,-25.0,0.0,-21.0,-20.0,75.89,18.189999999999998,-70.26,45.13,-5.3,-0.6000000000000014,63.61,-41.2,-19.88,-2.66,9.280000000000001,-48.21
2025-07-28T16:59:42.038306,102.0,39.0,-88.0,-47.0,16.0,-68.0,12.0,-102.0,-55.0,54.0,-31.0,62.0,80.89,81.19,-67.26,-59.87,17.7,-45.6,-0.39000000000000057,-59.2,-49.88,51.34,-0.7199999999999989,33.79
2025-07-28T16:59:42.046338,119.0,-46.0,-58.0,39.0,4.0,-52.0,7.0,-18.0,-20.0,8.0,-5.0,-33.0,97.89,-3.8100000000000023,-37.260000000000005,26.130000000000003,5.7,-29.6,-5.390000000000001,24.799999999999997,-14.879999999999999,5.34,25.28,-61.21
2025-07-28T16:59:42.050606,21.0,-68.0,-77.0,58.0,-17.0,-59.0,18.0,-38.0,-52.0,6.0,1.0,14.0,-0.10999999999999943,-25.810000000000002,-56.260000000000005,45.13,-15.3,-36.6,5.609999999999999,4.799999999999997,-46.88,3.34,31.28,-14.21
2025-07-28T16:59:42.058518,101.0,-98.0,-24.0,-1.0,-5.0,52.0,12.0,-39.0,-22.0,-3.0,-49.0,-48.0,79.89,-55.81,-3.2600000000000016,-13.87,-3.3,74.4,-0.39000000000000057,3.799999999999997,-16.88,-5.66,-18.72,-76.21000000000001
2025-07-28T16:59:42.062784,31.0,-29.0,33.0,20.0,38.0,-11.0,23.0,-50.0,-62.0,27.0,-44.0,24.0,9.89,13.189999999999998,53.739999999999995,7.130000000000001,39.7,11.399999999999999,10.61,-7.200000000000003,-56.88,24.34,-13.719999999999999,-4.210000000000001
2025-07-28T16:59:42.070940,-16.0,-89.0,34.0,49.0,91.0,-13.0,29.0,-44.0,-46.0,73.0,-39.0,-61.0,-37.11,-46.81,54.739999999999995,36.13,92.7,9.399999999999999,16.61,-1.2000000000000028,-40.88,70.34,-8.719999999999999,-89.21000000000001
2025-07-28T16:59:42.075073,-15.0,18.0,-32.0,-10.0,15.0,-48.0,48.0,-29.0,8.0,6.0,45.0,74.0,-36.11,60.19,-11.260000000000002,-22.869999999999997,16.7,-25.6,35.61,13.799999999999997,13.120000000000001,3.34,75.28,45.79
2025-07-28T16:59:42.083253,-26.0,6.0,-16.0,69.0,-12.0,-33.0,107.0,-63.0,-30.0,52.0,-41.0,25.0,-47.11,48.19,4.739999999999998,56.13,-10.3,-10.600000000000001,94.61,-20.200000000000003,-24.88,49.34,-10.719999999999999,-3.210000000000001
2025-07-28T16:59:42.087385,-12.0,-1.0,-12.0,-30.0,-24.0,-12.0,-22.0,-16.0,24.0,30.0,-87.0,-14.0,-33.11,41.19,8.739999999999998,-42.87,-22.3,10.399999999999999,-34.39,26.799999999999997,29.12,27.34,-56.72,-42.21
2025-07-28T16:59:42.095491,39.0,-3.0,-54.0,101.0,-34.0,-4.0,53.0,-91.0,41.0,30.0,-65.0,-8.0,17.89,39.19,-33.260000000000005,88.13,-32.3,18.4,40.61,-48.2,46.12,27.34,-34.72,-36.21
2025-07-28T16:59:42.099633,45.0,-101.0,-57.0,53.0,-32.0,21.0,51.0,-48.0,-4.0,8.0,-23.0,21.0,23.89,-58.81,-36.260000000000005,40.13,-30.3,43.4,38.61,-5.200000000000003,1.12,5.34,7.280000000000001,-7.210000000000001
2025-07-28T16:59:42.103953,4.0,-43.0,-12.0,12.0,3.0,5.0,32.0,5.0,28.0,-20.0,29.0,10.0,-17.11,-0.8100000000000023,8.739999999999998,-0.8699999999999992,4.7,27.4,19.61,47.8,33.12,-22.66,59.28,-18.21
2025-07-28T16:59:42.111981,4.0,-45.0,-15.0,19.0,68.0,30.0,38.0,31.0,-46.0,81.0,-20.0,16.0,-17.11,-2.8100000000000023,5.739999999999998,6.130000000000001,69.7,52.4,25.61,73.8,-40.88,78.34,10.280000000000001,-12.21
2025-07-28T16:59:42.120077,29.0,-104.0,-69.0,-60.0,-47.0,18.0,31.0,72.0,-36.0,88.0,-29.0,51.0,7.890000000000001,-61.81,-48.260000000000005,-72.87,-45.3,40.4,18.61,114.8,-30.88,85.34,1.2800000000000011,22.79
2025-07-28T16:59:42.124353,-5.0,-34.0,-61.0,-27.0,-11.0,-50.0,-8.0,-31.0,-16.0,14.0,-63.0,9.0,-26.11,8.189999999999998,-40.260000000000005,-39.87,-9.3,-27.6,-20.39,11.799999999999997,-10.879999999999999,11.34,-32.72,-19.21
2025-07-28T16:59:42.132323,-36.0,-83.0,-37.0,42.0,-10.0,-47.0,31.0,-61.0,0.0,-1.0,-45.0,8.0,-57.11,-40.81,-16.26,29.130000000000003,-8.3,-24.6,18.61,-18.200000000000003,5.12,-3.66,-14.719999999999999,-20.21
2025-07-28T16:59:42.136590,-75.0,23.0,-75.0,-13.0,-35.0,-16.0,-13.0,-48.0,-37.0,69.0,5.0,-13.0,-96.11,65.19,-54.260000000000005,-25.869999999999997,-33.3,6.399999999999999,-25.39,-5.200000000000003,-31.88,66.34,35.28,-41.21
2025-07-28T16:59:42.144617,47.0,-8.0,-31.0,-19.0,-63.0,-49.0,98.0,-6.0,-39.0,59.0,17.0,18.0,25.89,34.19,-10.260000000000002,-31.869999999999997,-61.3,-26.6,85.61,36.8,-33.88,56.34,47.28,-10.21
2025-07-28T16:59:42.148894,20.0,-58.0,-74.0,-33.0,-3.0,-10.0,27.0,-50.0,-17.0,-35.0,-33.0,-3.0,-1.1099999999999994,-15.810000000000002,-53.260000000000005,-45.87,-1.3,12.399999999999999,14.61,-7.200000000000003,-11.879999999999999,-37.66,-2.719999999999999,-31.21
2025-07-28T16:59:42.156857,63.0,-138.0,-52.0,-27.0,23.0,-84.0,10.0,-2.0,-48.0,39.0,-69.0,52.0,41.89,-95.81,-31.26,-39.87,24.7,-61.6,-2.3900000000000006,40.8,-42.88,36.34,-38.72,23.79
2025-07-28T16:59:42.160995,98.0,-128.0,91.0,5.0,36.0,-14.0,52.0,-41.0,-6.0,17.0,-33.0,-3.0,76.89,-85.81,111.74,-7.869999999999999,37.7,8.399999999999999,39.61,1.7999999999999972,-0.8799999999999999,14.34,-2.719999999999999,-31.21
2025-07-28T16:59:42.165113,84.0,-73.0,-16.0,-10.0,-52.0,-71.0,34.0,-30.0,-53.0,23.0,-60.0,31.0,62.89,-30.810000000000002,4.739999999999998,-22.869999999999997,-50.3,-48.6,21.61,12.799999999999997,-47.88,20.34,-29.72,2.789999999999999
2025-07-28T16:59:42.173231,-7.0,-32.0,-5.0,-6.0,-4.0,48.0,16.0,6.0,-56.0,26.0,-46.0,3.0,-28.11,10.189999999999998,15.739999999999998,-18.869999999999997,-2.3,70.4,3.6099999999999994,48.8,-50.88,23.34,-15.719999999999999,-25.21
2025-07-28T16:59:42.177417,-7.0,-62.0,-16.0,74.0,45.0,7.0,21.0,-71.0,-1.0,115.0,-1.0,-72.0,-28.11,-19.810000000000002,4.739999999999998,61.13,46.7,29.4,8.61,-28.200000000000003,4.12,112.34,29.28,-100.21000000000001
2025-07-28T16:59:42.185575,1.0,-114.0,-23.0,23.0,-69.0,-30.0,-9.0,-32.0,-59.0,30.0,26.0,-69.0,-20.11,-71.81,-2.2600000000000016,10.13,-67.3,-7.600000000000001,-21.39,10.799999999999997,-53.88,27.34,56.28,-97.21000000000001
2025-07-28T16:59:42.189806,-12.0,-25.0,-13.0,10.0,30.0,-31.0,40.0,-58.0,-71.0,-21.0,16.0,-97.0,-33.11,17.189999999999998,7.739999999999998,-2.869999999999999,31.7,-8.600000000000001,27.61,-15.200000000000003,-65.88,-23.66,46.28,-125.21000000000001
2025-07-28T16:59:42.197960,5.0,-3.0,-58.0,-8.0,7.0,-24.0,51.0,51.0,-45.0,40.0,15.0,-27.0,-16.11,39.19,-37.260000000000005,-20.869999999999997,8.7,-1.6000000000000014,38.61,93.8,-39.88,37.34,45.28,-55.21
2025-07-28T16:59:42.202272,-17.0,11.0,-31.0,-19.0,24.0,-47.0,11.0,2.0,-9.0,-33.0,6.0,-52.0,-38.11,53.19,-10.260000000000002,-31.869999999999997,25.7,-24.6,-1.3900000000000006,44.8,-3.88,-35.66,36.28,-80.21000000000001
2025-07-28T16:59:42.210099,-47.0,-12.0,-45.0,61.0,-42.0,15.0,-2.0,6.0,-20.0,-3.0,-8.0,13.0,-68.11,30.189999999999998,-24.26,48.13,-40.3,37.4,-14.39,48.8,-14.879999999999999,-5.66,22.28,-15.21
2025-07-28T16:59:42.214327,-14.0,-47.0,-94.0,13.0,16.0,-43.0,5.0,-23.0,-45.0,-21.0,0.0,-89.0,-35.11,-4.810000000000002,-73.26,0.13000000000000078,17.7,-20.6,-7.390000000000001,19.799999999999997,-39.88,-23.66,30.28,-117.21000000000001
2025-07-28T16:59:42.222235,-39.0,-6.0,-84.0,33.0,22.0,-33.0,57.0,20.0,-35.0,-111.0,17.0,-5.0,-60.11,36.19,-63.260000000000005,20.130000000000003,23.7,-10.600000000000001,44.61,62.8,-29.88,-113.66,47.28,-33.21
2025-07-28T16:59:42.226772,40.0,-7.0,-56.0,11.0,-30.0,-43.0,29.0,-100.0,-17.0,19.0,46.0,-67.0,18.89,35.19,-35.260000000000005,-1.8699999999999992,-28.3,-20.6,16.61,-57.2,-11.879999999999999,16.34,76.28,-95.21000000000001
2025-07-28T16:59:42.234558,20.0,-49.0,2.0,-19.0,8.0,31.0,-32.0,11.0,-38.0,-81.0,64.0,-30.0,-1.1099999999999994,-6.810000000000002,22.74,-31.869999999999997,9.7,53.4,-44.39,53.8,-32.88,-83.66,94.28,-58.21
2025-07-28T16:59:42.238915,70.0,-91.0,29.0,-65.0,-15.0,-42.0,30.0,-55.0,-34.0,-49.0,34.0,-49.0,48.89,-48.81,49.739999999999995,-77.87,-13.3,-19.6,17.61,-12.200000000000003,-28.88,-51.66,64.28,-77.21000000000001
2025-07-28T16:59:42.246849,-3.0,-147.0,-21.0,16.0,-23.0,-61.0,-26.0,-142.0,-26.0,-21.0,31.0,-51.0,-24.11,-104.81,-0.26000000000000156,3.130000000000001,-21.3,-38.6,-38.39,-99.2,-20.88,-23.66,61.28,-79.21000000000001
2025-07-28T16:59:42.251375,21.0,-34.0,-26.0,-3.0,47.0,-99.0,4.0,-38.0,39.0,-36.0,83.0,-7.0,-0.10999999999999943,8.189999999999998,-5.260000000000002,-15.87,48.7,-76.6,-8.39,4.799999999999997,44.12,-38.66,113.28,-35.21
2025-07-28T16:59:42.259392,3.0,29.0,-11.0,-23.0,6.0,-36.0,76.0,-21.0,-25.0,-22.0,45.0,-62.0,-18.11,71.19,9.739999999999998,-35.87,7.7,-13.600000000000001,63.61,21.799999999999997,-19.88,-24.66,75.28,-90.21000000000001
2025-07-28T16:59:42.263459,-47.0,-4.0,1.0,33.0,6.0,4.0,32.0,-3.0,56.0,15.0,33.0,-75.0,-68.11,38.19,21.74,20.130000000000003,7.7,26.4,19.61,39.8,61.12,12.34,63.28,-103.21000000000001
2025-07-28T16:59:42.271403,7.0,1.0,-17.0,47.0,67.0,-74.0,-39.0,-97.0,-9.0,-43.0,47.0,-12.0,-14.11,43.19,3.7399999999999984,34.13,68.7,-51.6,-51.39,-54.2,-3.88,-45.66,77.28,-40.21
2025-07-28T16:59:42.275837,19.0,6.0,22.0,17.0,26.0,-27.0,27.0,-32.0,-40.0,-63.0,-18.0,85.0,-2.1099999999999994,48.19,42.739999999999995,4.130000000000001,27.7,-4.600000000000001,14.61,10.799999999999997,-34.88,-65.66,12.280000000000001,56.79
2025-07-28T16:59:42.283837,53.0,-77.0,-78.0,54.0,14.0,-47.0,68.0,-44.0,-28.0,-56.0,-71.0,47.0,31.89,-34.81,-57.260000000000005,41.13,15.7,-24.6,55.61,-1.2000000000000028,-22.88,-58.66,-40.72,18.79
2025-07-28T16:59:42.287961,88.0,-17.0,-82.0,65.0,-73.0,26.0,100.0,-84.0,2.0,-61.0,-42.0,-66.0,66.89,25.189999999999998,-61.260000000000005,52.13,-71.3,48.4,87.61,-41.2,7.12,-63.66,-11.719999999999999,-94.21000000000001
2025-07-28T16:59:42.292336,63.0,-55.0,-30.0,-17.0,26.0,53.0,46.0,-88.0,-30.0,8.0,20.0,78.0,41.89,-12.810000000000002,-9.260000000000002,-29.869999999999997,27.7,75.4,33.61,-45.2,-24.88,5.34,50.28,49.79
2025-07-28T16:59:42.300351,16.0,-88.0,-31.0,-46.0,21.0,30.0,-17.0,-52.0,39.0,-79.0,-51.0,68.0,-5.109999999999999,-45.81,-10.260000000000002,-58.87,22.7,52.4,-29.39,-9.200000000000003,44.12,-81.66,-20.72,39.79
2025-07-28T16:59:42.308333,120.0,-149.0,-49.0,29.0,24.0,-68.0,-32.0,-13.0,-28.0,-33.0,12.0,35.0,98.89,-106.81,-28.26,16.130000000000003,25.7,-45.6,-44.39,29.799999999999997,-22.88,-35.66,42.28,6.789999999999999
2025-07-28T16:59:42.312608,35.0,-38.0,42.0,40.0,37.0,-48.0,-14.0,-60.0,-17.0,-27.0,-25.0,41.0,13.89,4.189999999999998,62.739999999999995,27.130000000000003,38.7,-25.6,-26.39,-17.200000000000003,-11.879999999999999,-29.66,5.280000000000001,12.79
2025-07-28T16:59:42.316759,6.0,28.0,25.0,74.0,14.0,-86.0,33.0,-59.0,-5.0,-44.0,-105.0,55.0,-15.11,70.19,45.739999999999995,61.13,15.7,-63.6,20.61,-16.200000000000003,0.1200000000000001,-46.66,-74.72,26.79
2025-07-28T16:59:42.324840,-25.0,-43.0,23.0,20.0,-106.0,-42.0,-15.0,-41.0,21.0,-51.0,12.0,25.0,-46.11,-0.8100000000000023,43.739999999999995,7.130000000000001,-104.3,-19.6,-27.39,1.7999999999999972,26.12,-53.66,42.28,-3.210000000000001
2025-07-28T16:59:42.332996,6.0,-2.0,-32.0,54.0,15.0,10.0,-51.0,-46.0,-46.0,-63.0,-77.0,9.0,-15.11,40.19,-11.260000000000002,41.13,16.7,32.4,-63.39,-3.200000000000003,-40.88,-65.66,-46.72,-19.21
2025-07-28T16:59:42.337258,42.0,-33.0,-19.0,114.0,-13.0,11.0,-1.0,9.0,9.0,-61.0,-46.0,31.0,20.89,9.189999999999998,1.7399999999999984,101.13,-11.3,33.4,-13.39,51.8,14.120000000000001,-63.66,-15.719999999999999,2.789999999999999
2025-07-28T16:59:42.345212,59.0,-90.0,0.0,33.0,-5.0,-48.0,34.0,-94.0,-30.0,-67.0,-41.0,67.0,37.89,-47.81,20.74,20.130000000000003,-3.3,-25.6,21.61,-51.2,-24.88,-69.66,-10.719999999999999,38.79
2025-07-28T16:59:42.349509,16.0,-79.0,-90.0,37.0,-3.0,-96.0,3.0,14.0,-68.0,-76.0,-1.0,31.0,-5.109999999999999,-36.81,-69.26,24.130000000000003,-1.3,-73.6,-9.39,56.8,-62.88,-78.66,29.28,2.789999999999999
2025-07-28T16:59:42.353453,51.0,-18.0,-22.0,53.0,33.0,-88.0,21.0,-17.0,11.0,7.0,-23.0,-29.0,29.89,24.189999999999998,-1.2600000000000016,40.13,34.7,-65.6,8.61,25.799999999999997,16.12,4.34,7.280000000000001,-57.21
2025-07-28T16:59:42.361864,84.0,-55.0,-5.0,12.0,-71.0,-62.0,-26.0,-74.0,55.0,51.0,-5.0,15.0,62.89,-12.810000000000002,15.739999999999998,-0.8699999999999992,-69.3,-39.6,-38.39,-31.200000000000003,60.12,48.34,25.28,-13.21
2025-07-28T16:59:42.365776,33.0,-43.0,-102.0,41.0,-44.0,-36.0,13.0,23.0,-16.0,47.0,-47.0,-12.0,11.89,-0.8100000000000023,-81.26,28.130000000000003,-42.3,-13.600000000000001,0.6099999999999994,65.8,-10.879999999999999,44.34,-16.72,-40.21
2025-07-28T16:59:42.373975,14.0,-103.0,11.0,47.0,-18.0,-19.0,-8.0,10.0,-4.0,22.0,1.0,-9.0,-7.109999999999999,-60.81,31.74,34.13,-16.3,3.3999999999999986,-20.39,52.8,1.12,19.34,31.28,-37.21
2025-07-28T16:59:42.378064,34.0,-49.0,-1.0,41.0,45.0,-41.0,1.0,20.0,-63.0,118.0,1.0,54.0,12.89,-6.810000000000002,19.74,28.130000000000003,46.7,-18.6,-11.39,62.8,-57.88,115.34,31.28,25.79
2025-07-28T16:59:42.386271,-36.0,-79.0,-55.0,0.0,7.0,-16.0,43.0,-11.0,-31.0,-34.0,-3.0,7.0,-57.11,-36.81,-34.260000000000005,-12.87,8.7,6.399999999999999,30.61,31.799999999999997,-25.88,-36.66,27.28,-21.21
2025-07-28T16:59:42.390499,-38.0,-122.0,55.0,-72.0,16.0,-69.0,36.0,-9.0,-52.0,-24.0,-24.0,37.0,-59.11,-79.81,75.74,-84.87,17.7,-46.6,23.61,33.8,-46.88,-26.66,6.280000000000001,8.79
2025-07-28T16:59:42.398495,47.0,0.0,-47.0,79.0,5.0,-23.0,29.0,-36.0,-31.0,67.0,-94.0,-7.0,25.89,42.19,-26.26,66.13,6.7,-0.6000000000000014,16.61,6.799999999999997,-25.88,64.34,-63.72,-35.21
2025-07-28T16:59:42.402989,60.0,-5.0,-23.0,68.0,-58.0,-22.0,59.0,-40.0,-10.0,-23.0,-89.0,23.0,38.89,37.19,-2.2600000000000016,55.13,-56.3,0.3999999999999986,46.61,2.799999999999997,-4.88,-25.66,-58.72,-5.210000000000001
2025-07-28T16:59:42.410917,32.0,-19.0,-20.0,45.0,1.0,-53.0,50.0,-11.0,-19.0,45.0,-49.0,25.0,10.89,23.189999999999998,0.7399999999999984,32.13,2.7,-30.6,37.61,31.799999999999997,-13.879999999999999,42.34,-18.72,-3.210000000000001
2025-07-28T16:59:42.415088,10.0,-9.0,-49.0,10.0,-26.0,-19.0,25.0,-13.0,-26.0,25.0,-78.0,55.0,-11.11,33.19,-28.26,-2.869999999999999,-24.3,3.3999999999999986,12.61,29.799999999999997,-20.88,22.34,-47.72,26.79
2025-07-28T16:59:42.423096,31.0,-61.0,-61.0,27.0,10.0,-40.0,22.0,-16.0,-69.0,14.0,36.0,34.0,9.89,-18.810000000000002,-40.260000000000005,14.13,11.7,-17.6,9.61,26.799999999999997,-63.88,11.34,66.28,5.789999999999999
2025-07-28T16:59:42.427429,63.0,-81.0,-7.0,1.0,-28.0,6.0,12.0,-52.0,-67.0,28.0,4.0,-28.0,41.89,-38.81,13.739999999999998,-11.87,-26.3,28.4,-0.39000000000000057,-9.200000000000003,-61.88,25.34,34.28,-56.21
2025-07-28T16:59:42.435480,-13.0,-94.0,23.0,-39.0,29.0,1.0,53.0,-86.0,-55.0,67.0,-7.0,51.0,-34.11,-51.81,43.739999999999995,-51.87,30.7,23.4,40.61,-43.2,-49.88,64.34,23.28,22.79
2025-07-28T16:59:42.439642,38.0,-97.0,26.0,26.0,-33.0,45.0,43.0,-34.0,-34.0,65.0,-21.0,30.0,16.89,-54.81,46.739999999999995,13.13,-31.3,67.4,30.61,8.799999999999997,-28.88,62.34,9.280000000000001,1.7899999999999991
2025-07-28T16:59:42.447732,82.0,-31.0,-1.0,72.0,-18.0,-23.0,84.0,-57.0,27.0,19.0,-81.0,-23.0,60.89,11.189999999999998,19.74,59.13,-16.3,-0.6000000000000014,71.61,-14.200000000000003,32.12,16.34,-50.72,-51.21
2025-07-28T16:59:42.451998,-31.0,8.0,-6.0,-5.0,-75.0,-19.0,9.0,15.0,-12.0,-16.0,-47.0,-13.0,-52.11,50.19,14.739999999999998,-17.869999999999997,-73.3,3.3999999999999986,-3.3900000000000006,57.8,-6.88,-18.66,-16.72,-41.21
2025-07-28T16:59:42.460064,10.0,14.0,-65.0,26.0,-56.0,5.0,17.0,-12.0,-67.0,10.0,-41.0,-24.0,-11.11,56.19,-44.260000000000005,13.13,-54.3,27.4,4.609999999999999,30.799999999999997,-61.88,7.34,-10.719999999999999,-52.21
2025-07-28T16:59:42.464197,-54.0,24.0,-29.0,3.0,46.0,-9.0,-57.0,-22.0,-33.0,-26.0,-43.0,1.0,-75.11,66.19,-8.260000000000002,-9.87,47.7,13.399999999999999,-69.39,20.799999999999997,-27.88,-28.66,-12.719999999999999,-27.21
2025-07-28T16:59:42.472235,108.0,-50.0,-49.0,-2.0,11.0,-75.0,-30.0,-49.0,44.0,-4.0,21.0,-14.0,86.89,-7.810000000000002,-28.26,-14.87,12.7,-52.6,-42.39,-6.200000000000003,49.12,-6.66,51.28,-42.21
2025-07-28T16:59:42.476537,67.0,-67.0,-11.0,51.0,-6.0,-8.0,68.0,-38.0,24.0,18.0,23.0,36.0,45.89,-24.810000000000002,9.739999999999998,38.13,-4.3,14.399999999999999,55.61,4.799999999999997,29.12,15.34,53.28,7.789999999999999
2025-07-28T16:59:42.484624,1.0,-68.0,24.0,-10.0,-30.0,1.0,25.0,-37.0,-7.0,10.0,-20.0,50.0,-20.11,-25.810000000000002,44.739999999999995,-22.869999999999997,-28.3,23.4,12.61,5.799999999999997,-1.88,7.34,10.280000000000001,21.79
2025-07-28T16:59:42.488828,16.0,-41.0,-16.0,55.0,-9.0,-32.0,10.0,-1.0,23.0,11.0,-2.0,10.0,-5.109999999999999,1.1899999999999977,4.739999999999998,42.13,-7.3,-9.600000000000001,-2.3900000000000006,41.8,28.12,8.34,28.28,-18.21
2025-07-28T16:59:42.496933,73.0,-17.0,-24.0,-18.0,-24.0,-46.0,-27.0,-29.0,-24.0,31.0,-32.0,54.0,51.89,25.189999999999998,-3.2600000000000016,-30.869999999999997,-22.3,-23.6,-39.39,13.799999999999997,-18.88,28.34,-1.7199999999999989,25.79
2025-07-28T16:59:42.501030,-15.0,36.0,23.0,-52.0,37.0,29.0,98.0,-28.0,36.0,102.0,-81.0,53.0,-36.11,78.19,43.739999999999995,-64.87,38.7,51.4,85.61,14.799999999999997,41.12,99.34,-50.72,24.79
2025-07-28T16:59:42.508961,37.0,10.0,-69.0,-3.0,82.0,-11.0,17.0,-11.0,12.0,-20.0,0.0,44.0,15.89,52.19,-48.260000000000005,-15.87,83.7,11.399999999999999,4.609999999999999,31.799999999999997,17.12,-22.66,30.28,15.79
2025-07-28T16:59:42.513419,44.0,19.0,-61.0,-11.0,26.0,-52.0,-30.0,0.0,-78.0,72.0,-119.0,14.0,22.89,61.19,-40.260000000000005,-23.869999999999997,27.7,-29.6,-42.39,42.8,-72.88,69.34,-88.72,-14.21
2025-07-28T16:59:42.521264,37.0,-93.0,-77.0,59.0,51.0,-60.0,6.0,-1.0,-14.0,-24.0,-35.0,74.0,15.89,-50.81,-56.260000000000005,46.13,52.7,-37.6,-6.390000000000001,41.8,-8.879999999999999,-26.66,-4.719999999999999,45.79
2025-07-28T16:59:42.525496,46.0,-97.0,-84.0,91.0,-27.0,-59.0,12.0,-1.0,6.0,41.0,-46.0,10.0,24.89,-54.81,-63.260000000000005,78.13,-25.3,-36.6,-0.39000000000000057,41.8,11.120000000000001,38.34,-15.719999999999999,-18.21
2025-07-28T16:59:42.533666,76.0,3.0,-15.0,30.0,-4.0,-41.0,-15.0,-36.0,-8.0,2.0,9.0,-12.0,54.89,45.19,5.739999999999998,17.130000000000003,-2.3,-18.6,-27.39,6.799999999999997,-2.88,-0.6600000000000001,39.28,-40.21
2025-07-28T16:59:42.537974,67.0,-88.0,-26.0,-2.0,31.0,25.0,17.0,-23.0,38.0,92.0,-19.0,-10.0,45.89,-45.81,-5.260000000000002,-14.87,32.7,47.4,4.609999999999999,19.799999999999997,43.12,89.34,11.280000000000001,-38.21
2025-07-28T16:59:42.545800,21.0,-29.0,25.0,-18.0,-21.0,9.0,23.0,58.0,12.0,-15.0,-45.0,11.0,-0.10999999999999943,13.189999999999998,45.739999999999995,-30.869999999999997,-19.3,31.4,10.61,100.8,17.12,-17.66,-14.719999999999999,-17.21
2025-07-28T16:59:42.550175,-33.0,-59.0,40.0,-25.0,14.0,37.0,26.0,19.0,10.0,5.0,-20.0,68.0,-54.11,-16.810000000000002,60.739999999999995,-37.87,15.7,59.4,13.61,61.8,15.120000000000001,2.34,10.280000000000001,39.79
2025-07-28T16:59:42.554161,-9.0,-35.0,-18.0,-9.0,40.0,7.0,23.0,-36.0,-17.0,-5.0,49.0,12.0,-30.11,7.189999999999998,2.7399999999999984,-21.869999999999997,41.7,29.4,10.61,6.799999999999997,-11.879999999999999,-7.66,79.28,-16.21
2025-07-28T16:59:42.562483,-16.0,-35.0,32.0,-1.0,77.0,-69.0,-58.0,-25.0,6.0,0.0,-67.0,22.0,-37.11,7.189999999999998,52.739999999999995,-13.87,78.7,-46.6,-70.39,17.799999999999997,11.120000000000001,-2.66,-36.72,-6.210000000000001
2025-07-28T16:59:42.566507,-25.0,-69.0,21.0,-1.0,53.0,-63.0,16.0,-12.0,31.0,-31.0,-37.0,23.0,-46.11,-26.810000000000002,41.739999999999995,-13.87,54.7,-40.6,3.6099999999999994,30.799999999999997,36.12,-33.66,-6.719999999999999,-5.210000000000001
2025-07-28T16:59:42.574686,35.0,-49.0,-16.0,-13.0,8.0,-52.0,47.0,-4.0,-81.0,-9.0,-18.0,51.0,13.89,-6.810000000000002,4.739999999999998,-25.869999999999997,9.7,-29.6,34.61,38.8,-75.88,-11.66,12.280000000000001,22.79
2025-07-28T16:59:42.578768,19.0,-14.0,44.0,-9.0,-16.0,-87.0,72.0,-57.0,-9.0,67.0,-12.0,32.0,-2.1099999999999994,28.189999999999998,64.74,-21.869999999999997,-14.3,-64.6,59.61,-14.200000000000003,-3.88,64.34,18.28,3.789999999999999
2025-07-28T16:59:42.586904,16.0,1.0,12.0,97.0,26.0,-57.0,-33.0,35.0,10.0,8.0,-11.0,-46.0,-5.109999999999999,43.19,32.739999999999995,84.13,27.7,-34.6,-45.39,77.8,15.120000000000001,5.34,19.28,-74.21000000000001
2025-07-28T16:59:42.591139,42.0,-32.0,-21.0,0.0,7.0,-26.0,23.0,-25.0,25.0,14.0,6.0,-5.0,20.89,10.189999999999998,-0.26000000000000156,-12.87,8.7,-3.6000000000000014,10.61,17.799999999999997,30.12,11.34,36.28,-33.21
2025-07-28T16:59:42.599134,-10.0,-41.0,-57.0,16.0,-36.0,-73.0,41.0,2.0,-16.0,109.0,-3.0,-3.0,-31.11,1.1899999999999977,-36.260000000000005,3.130000000000001,-34.3,-50.6,28.61,44.8,-10.879999999999999,106.34,27.28,-31.21
2025-07-28T16:59:42.603579,-31.0,6.0,-32.0,-9.0,-21.0,-13.0,-34.0,-39.0,26.0,24.0,-26.0,-33.0,-52.11,48.19,-11.260000000000002,-21.869999999999997,-19.3,9.399999999999999,-46.39,3.799999999999997,31.12,21.34,4.280000000000001,-61.21
2025-07-28T16:59:42.611518,7.0,-20.0,-17.0,-30.0,19.0,-2.0,-55.0,-7.0,-20.0,-36.0,-40.0,84.0,-14.11,22.189999999999998,3.7399999999999984,-42.87,20.7,20.4,-67.39,35.8,-14.879999999999999,-38.66,-9.719999999999999,55.79
2025-07-28T16:59:42.615754,48.0,37.0,-2.0,49.0,40.0,13.0,-37.0,-2.0,-46.0,39.0,-60.0,-6.0,26.89,79.19,18.74,36.13,41.7,35.4,-49.39,40.8,-40.88,36.34,-29.72,-34.21
2025-07-28T16:59:42.623797,55.0,-1.0,-76.0,0.0,47.0,-68.0,19.0,-25.0,-22.0,28.0,-10.0,-18.0,33.89,41.19,-55.260000000000005,-12.87,48.7,-45.6,6.609999999999999,17.799999999999997,-16.88,25.34,20.28,-46.21
2025-07-28T16:59:42.627918,58.0,4.0,-35.0,40.0,25.0,65.0,24.0,-13.0,19.0,-2.0,-68.0,41.0,36.89,46.19,-14.260000000000002,27.130000000000003,26.7,87.4,11.61,29.799999999999997,24.12,-4.66,-37.72,12.79
2025-07-28T16:59:42.636171,38.0,-3.0,-42.0,19.0,-6.0,-44.0,35.0,-3.0,-26.0,26.0,-33.0,19.0,16.89,39.19,-21.26,6.130000000000001,-4.3,-21.6,22.61,39.8,-20.88,23.34,-2.719999999999999,-9.21
2025-07-28T16:59:42.640331,45.0,-66.0,-33.0,9.0,15.0,18.0,53.0,-15.0,18.0,94.0,-50.0,52.0,23.89,-23.810000000000002,-12.260000000000002,-3.869999999999999,16.7,40.4,40.61,27.799999999999997,23.12,91.34,-19.72,23.79
2025-07-28T16:59:42.648302,60.0,-49.0,3.0,65.0,39.0,-6.0,63.0,-1.0,-64.0,19.0,-76.0,4.0,38.89,-6.810000000000002,23.74,52.13,40.7,16.4,50.61,41.8,-58.88,16.34,-45.72,-24.21
2025-07-28T16:59:42.652593,63.0,-56.0,9.0,-33.0,6.0,-12.0,-81.0,-30.0,-33.0,-7.0,-52.0,-28.0,41.89,-13.810000000000002,29.74,-45.87,7.7,10.399999999999999,-93.39,12.799999999999997,-27.88,-9.66,-21.72,-56.21
2025-07-28T16:59:42.656940,-18.0,-38.0,-24.0,34.0,8.0,5.0,37.0,17.0,28.0,30.0,-10.0,-92.0,-39.11,4.189999999999998,-3.2600000000000016,21.130000000000003,9.7,27.4,24.61,59.8,33.12,27.34,20.28,-120.21000000000001
2025-07-28T16:59:42.664852,-45.0,-50.0,-10.0,-47.0,-11.0,-21.0,-18.0,-12.0,-79.0,65.0,-39.0,42.0,-66.11,-7.810000000000002,10.739999999999998,-59.87,-9.3,1.3999999999999986,-30.39,30.799999999999997,-73.88,62.34,-8.719999999999999,13.79
2025-07-28T16:59:42.672993,-1.0,-54.0,14.0,-66.0,35.0,-81.0,13.0,-62.0,-30.0,3.0,27.0,-16.0,-22.11,-11.810000000000002,34.739999999999995,-78.87,36.7,-58.6,0.6099999999999994,-19.200000000000003,-24.88,0.33999999999999986,57.28,-44.21
2025-07-28T16:59:42.677119,-70.0,16.0,71.0,-64.0,17.0,-70.0,54.0,-47.0,21.0,25.0,11.0,-45.0,-91.11,58.19,91.74,-76.87,18.7,-47.6,41.61,-4.200000000000003,26.12,22.34,41.28,-73.21000000000001
2025-07-28T16:59:42.681107,18.0,50.0,-4.0,66.0,-34.0,5.0,58.0,-68.0,-43.0,-17.0,29.0,-19.0,-3.1099999999999994,92.19,16.74,53.13,-32.3,27.4,45.61,-25.200000000000003,-37.88,-19.66,59.28,-47.21
2025-07-28T16:59:42.689527,46.0,-42.0,-25.0,-54.0,-21.0,-1.0,-13.0,-25.0,39.0,44.0,12.0,-2.0,24.89,0.18999999999999773,-4.260000000000002,-66.87,-19.3,21.4,-25.39,17.799999999999997,44.12,41.34,42.28,-30.21
2025-07-28T16:59:42.693474,44.0,-59.0,-63.0,0.0,-5.0,-41.0,-20.0,-6.0,17.0,-40.0,15.0,-36.0,22.89,-16.810000000000002,-42.260000000000005,-12.87,-3.3,-18.6,-32.39,36.8,22.12,-42.66,45.28,-64.21000000000001
2025-07-28T16:59:42.701822,18.0,-50.0,-44.0,-45.0,38.0,-45.0,70.0,-13.0,-70.0,-23.0,3.0,-7.0,-3.1099999999999994,-7.810000000000002,-23.26,-57.87,39.7,-22.6,57.61,29.799999999999997,-64.88,-25.66,33.28,-35.21
2025-07-28T16:59:42.705720,33.0,-117.0,0.0,2.0,-15.0,-10.0,25.0,-32.0,-29.0,-33.0,52.0,-62.0,11.89,-74.81,20.74,-10.87,-13.3,12.399999999999999,12.61,10.799999999999997,-23.88,-35.66,82.28,-90.21000000000001
2025-07-28T16:59:42.713945,28.0,-74.0,14.0,-15.0,-14.0,-27.0,28.0,-46.0,-27.0,-90.0,-4.0,-35.0,6.890000000000001,-31.810000000000002,34.739999999999995,-27.869999999999997,-12.3,-4.600000000000001,15.61,-3.200000000000003,-21.88,-92.66,26.28,-63.21
2025-07-28T16:59:42.718039,41.0,-17.0,0.0,20.0,-56.0,-3.0,46.0,-10.0,-15.0,-66.0,10.0,-22.0,19.89,25.189999999999998,20.74,7.130000000000001,-54.3,19.4,33.61,32.8,-9.879999999999999,-68.66,40.28,-50.21
2025-07-28T16:59:42.726252,-7.0,21.0,-4.0,75.0,-38.0,-19.0,62.0,-48.0,50.0,-28.0,29.0,-23.0,-28.11,63.19,16.74,62.13,-36.3,3.3999999999999986,49.61,-5.200000000000003,55.12,-30.66,59.28,-51.21
2025-07-28T16:59:42.730301,55.0,25.0,-17.0,-14.0,-43.0,-13.0,14.0,-55.0,27.0,-87.0,23.0,-21.0,33.89,67.19,3.7399999999999984,-26.869999999999997,-41.3,9.399999999999999,1.6099999999999994,-12.200000000000003,32.12,-89.66,53.28,-49.21
2025-07-28T16:59:42.738473,11.0,-92.0,-17.0,-13.0,-27.0,-42.0,70.0,3.0,28.0,-10.0,23.0,-35.0,-10.11,-49.81,3.7399999999999984,-25.869999999999997,-25.3,-19.6,57.61,45.8,33.12,-12.66,53.28,-63.21
2025-07-28T16:59:42.742573,91.0,-25.0,32.0,-10.0,32.0,21.0,28.0,-23.0,29.0,-49.0,23.0,-58.0,69.89,17.189999999999998,52.739999999999995,-22.869999999999997,33.7,43.4,15.61,19.799999999999997,34.12,-51.66,53.28,-86.21000000000001
2025-07-28T16:59:42.750624,14.0,-89.0,-16.0,-1.0,1.0,-78.0,55.0,34.0,6.0,-62.0,-32.0,-47.0,-7.109999999999999,-46.81,4.739999999999998,-13.87,2.7,-55.6,42.61,76.8,11.120000000000001,-64.66,-1.7199999999999989,-75.21000000000001
2025-07-28T16:59:42.754831,17.0,-87.0,20.0,7.0,48.0,-60.0,-30.0,-22.0,-28.0,-16.0,-9.0,-59.0,-4.109999999999999,-44.81,40.739999999999995,-5.869999999999999,49.7,-37.6,-42.39,20.799999999999997,-22.88,-18.66,21.28,-87.21000000000001
2025-07-28T16:59:42.763059,13.0,-26.0,29.0,15.0,13.0,-67.0,4.0,7.0,11.0,-18.0,68.0,-24.0,-8.11,16.189999999999998,49.739999999999995,2.130000000000001,14.7,-44.6,-8.39,49.8,16.12,-20.66,98.28,-52.21
2025-07-28T16:59:42.767324,92.0,-4.0,31.0,19.0,-45.0,-141.0,64.0,11.0,31.0,-37.0,19.0,10.0,70.89,38.19,51.739999999999995,6.130000000000001,-43.3,-118.6,51.61,53.8,36.12,-39.66,49.28,-18.21
2025-07-28T16:59:42.775465,71.0,12.0,-38.0,102.0,-7.0,10.0,-31.0,-38.0,8.0,-33.0,13.0,8.0,49.89,54.19,-17.26,89.13,-5.3,32.4,-43.39,4.799999999999997,13.120000000000001,-35.66,43.28,-20.21
2025-07-28T16:59:42.779619,71.0,-32.0,-61.0,-66.0,-10.0,19.0,26.0,-94.0,40.0,-73.0,1.0,-2.0,49.89,10.189999999999998,-40.260000000000005,-78.87,-8.3,41.4,13.61,-51.2,45.12,-75.66,31.28,-30.21
2025-07-28T16:59:42.787649,77.0,-76.0,-38.0,15.0,56.0,-9.0,-52.0,-18.0,50.0,-8.0,72.0,4.0,55.89,-33.81,-17.26,2.130000000000001,57.7,13.399999999999999,-64.39,24.799999999999997,55.12,-10.66,102.28,-24.21
2025-07-28T16:59:42.791860,75.0,-36.0,-42.0,31.0,-7.0,-65.0,-58.0,-62.0,-46.0,-32.0,32.0,-43.0,53.89,6.189999999999998,-21.26,18.130000000000003,-5.3,-42.6,-70.39,-19.200000000000003,-40.88,-34.66,62.28,-71.21000000000001
2025-07-28T16:59:42.800042,80.0,-64.0,-61.0,-65.0,-9.0,-68.0,4.0,-37.0,-26.0,-79.0,59.0,43.0,58.89,-21.810000000000002,-40.260000000000005,-77.87,-7.3,-45.6,-8.39,5.799999999999997,-20.88,-81.66,89.28,14.79
2025-07-28T16:59:42.804289,101.0,-94.0,-75.0,50.0,-55.0,-68.0,-26.0,38.0,-55.0,-17.0,2.0,-15.0,79.89,-51.81,-54.260000000000005,37.13,-53.3,-45.6,-38.39,80.8,-49.88,-19.66,32.28,-43.21
2025-07-28T16:59:42.812322,93.0,-135.0,-26.0,35.0,-110.0,45.0,-23.0,-70.0,22.0,-77.0,2.0,23.0,71.89,-92.81,-5.260000000000002,22.130000000000003,-108.3,67.4,-35.39,-27.200000000000003,27.12,-79.66,32.28,-5.210000000000001
2025-07-28T16:59:42.816614,37.0,-110.0,52.0,-3.0,9.0,-13.0,22.0,-58.0,57.0,-85.0,60.0,30.0,15.89,-67.81,72.74,-15.87,10.7,9.399999999999999,9.61,-15.200000000000003,62.12,-87.66,90.28,1.7899999999999991
2025-07-28T16:59:42.824649,10.0,-6.0,26.0,15.0,-41.0,-26.0,49.0,-56.0,-50.0,-131.0,25.0,0.0,-11.11,36.19,46.739999999999995,2.130000000000001,-39.3,-3.6000000000000014,36.61,-13.200000000000003,-44.88,-133.66,55.28,-28.21
2025-07-28T16:59:42.828890,-56.0,78.0,-37.0,-8.0,-37.0,-32.0,-99.0,15.0,27.0,-5.0,38.0,-5.0,-77.11,120.19,-16.26,-20.869999999999997,-35.3,-9.600000000000001,-111.39,57.8,32.12,-7.66,68.28,-33.21
2025-07-28T16:59:42.836871,45.0,11.0,24.0,40.0,7.0,-67.0,4.0,-47.0,8.0,-121.0,4.0,-102.0,23.89,53.19,44.739999999999995,27.130000000000003,8.7,-44.6,-8.39,-4.200000000000003,13.120000000000001,-123.66,34.28,-130.21
2025-07-28T16:59:42.841053,40.0,55.0,-66.0,31.0,19.0,-63.0,-73.0,-6.0,8.0,-53.0,22.0,-60.0,18.89,97.19,-45.260000000000005,18.130000000000003,20.7,-40.6,-85.39,36.8,13.120000000000001,-55.66,52.28,-88.21000000000001
2025-07-28T16:59:42.849118,44.0,-7.0,-76.0,21.0,0.0,-23.0,70.0,13.0,-31.0,-26.0,75.0,-41.0,22.89,35.19,-55.260000000000005,8.13,1.7,-0.6000000000000014,57.61,55.8,-25.88,-28.66,105.28,-69.21000000000001
2025-07-28T16:59:42.853386,84.0,-28.0,-65.0,86.0,-74.0,14.0,7.0,24.0,42.0,-33.0,51.0,5.0,62.89,14.189999999999998,-44.260000000000005,73.13,-72.3,36.4,-5.390000000000001,66.8,47.12,-35.66,81.28,-23.21
2025-07-28T16:59:42.861445,39.0,57.0,-13.0,49.0,-14.0,-30.0,-12.0,-30.0,14.0,-87.0,-22.0,-37.0,17.89,99.19,7.739999999999998,36.13,-12.3,-7.600000000000001,-24.39,12.799999999999997,19.12,-89.66,8.280000000000001,-65.21000000000001
2025-07-28T16:59:42.865577,15.0,-70.0,-26.0,-57.0,-2.0,1.0,30.0,-52.0,-31.0,-74.0,41.0,-42.0,-6.109999999999999,-27.810000000000002,-5.260000000000002,-69.87,-0.30000000000000004,23.4,17.61,-9.200000000000003,-25.88,-76.66,71.28,-70.21000000000001
2025-07-28T16:59:42.873531,62.0,-91.0,29.0,14.0,1.0,7.0,26.0,0.0,13.0,-34.0,65.0,-24.0,40.89,-48.81,49.739999999999995,1.1300000000000008,2.7,29.4,13.61,42.8,18.12,-36.66,95.28,-52.21
2025-07-28T16:59:42.877728,82.0,-48.0,30.0,-13.0,11.0,-27.0,-29.0,-94.0,3.0,0.0,-25.0,-43.0,60.89,-5.810000000000002,50.739999999999995,-25.869999999999997,12.7,-4.600000000000001,-41.39,-51.2,8.120000000000001,-2.66,5.280000000000001,-71.21000000000001
2025-07-28T16:59:42.885934,16.0,-12.0,52.0,18.0,-56.0,15.0,-12.0,-8.0,-37.0,-54.0,20.0,-57.0,-5.109999999999999,30.189999999999998,72.74,5.130000000000001,-54.3,37.4,-24.39,34.8,-31.88,-56.66,50.28,-85.21000000000001
2025-07-28T16:59:42.890969,67.0,53.0,-25.0,72.0,-16.0,-106.0,11.0,20.0,-33.0,-36.0,-13.0,-20.0,45.89,95.19,-4.260000000000002,59.13,-14.3,-83.6,-1.3900000000000006,62.8,-27.88,-38.66,17.28,-48.21
2025-07-28T16:59:42.898351,-40.0,5.0,-109.0,25.0,-19.0,-46.0,46.0,-66.0,-37.0,12.0,-13.0,22.0,-61.11,47.19,-88.26,12.13,-17.3,-23.6,33.61,-23.200000000000003,-31.88,9.34,17.28,-6.210000000000001
2025-07-28T16:59:42.902592,-71.0,-14.0,-55.0,-3.0,-12.0,17.0,29.0,-77.0,12.0,-27.0,6.0,-19.0,-92.11,28.189999999999998,-34.260000000000005,-15.87,-10.3,39.4,16.61,-34.2,17.12,-29.66,36.28,-47.21
2025-07-28T16:59:42.910398,47.0,-65.0,-78.0,-5.0,0.0,-33.0,91.0,-12.0,-30.0,-29.0,65.0,5.0,25.89,-22.810000000000002,-57.260000000000005,-17.869999999999997,1.7,-10.600000000000001,78.61,30.799999999999997,-24.88,-31.66,95.28,-23.21
2025-07-28T16:59:42.914691,8.0,-122.0,-93.0,39.0,-6.0,64.0,68.0,-88.0,2.0,-96.0,38.0,-19.0,-13.11,-79.81,-72.26,26.130000000000003,-4.3,86.4,55.61,-45.2,7.12,-98.66,68.28,-47.21
2025-07-28T16:59:42.922638,118.0,-97.0,-22.0,-3.0,39.0,-23.0,79.0,-30.0,-12.0,-60.0,23.0,1.0,96.89,-54.81,-1.2600000000000016,-15.87,40.7,-0.6000000000000014,66.61,12.799999999999997,-6.88,-62.66,53.28,-27.21
2025-07-28T16:59:42.926940,78.0,-136.0,23.0,44.0,6.0,-34.0,-16.0,-53.0,60.0,-39.0,0.0,9.0,56.89,-93.81,43.739999999999995,31.130000000000003,7.7,-11.600000000000001,-28.39,-10.200000000000003,65.12,-41.66,30.28,-19.21
2025-07-28T16:59:42.934927,-11.0,-88.0,5.0,37.0,-24.0,-53.0,64.0,7.0,-25.0,-37.0,12.0,-19.0,-32.11,-45.81,25.74,24.130000000000003,-22.3,-30.6,51.61,49.8,-19.88,-39.66,42.28,-47.21
2025-07-28T16:59:42.939333,14.0,-30.0,30.0,13.0,-44.0,-22.0,-14.0,19.0,10.0,20.0,66.0,-57.0,-7.109999999999999,12.189999999999998,50.739999999999995,0.13000000000000078,-42.3,0.3999999999999986,-26.39,61.8,15.120000000000001,17.34,96.28,-85.21000000000001
2025-07-28T16:59:42.947239,6.0,-58.0,-61.0,-18.0,-73.0,-19.0,-49.0,-11.0,-30.0,-34.0,30.0,53.0,-15.11,-15.810000000000002,-40.260000000000005,-30.869999999999997,-71.3,3.3999999999999986,-61.39,31.799999999999997,-24.88,-36.66,60.28,24.79
2025-07-28T16:59:42.951580,102.0,3.0,-56.0,-26.0,29.0,-36.0,23.0,-9.0,100.0,-52.0,36.0,-27.0,80.89,45.19,-35.260000000000005,-38.87,30.7,-13.600000000000001,10.61,33.8,105.12,-54.66,66.28,-55.21
2025-07-28T16:59:42.959622,35.0,-37.0,-46.0,37.0,102.0,-58.0,-42.0,-98.0,54.0,-76.0,13.0,8.0,13.89,5.189999999999998,-25.26,24.130000000000003,103.7,-35.6,-54.39,-55.2,59.12,-78.66,43.28,-20.21
2025-07-28T16:59:42.963844,49.0,-142.0,20.0,68.0,61.0,-81.0,-17.0,-29.0,18.0,11.0,-14.0,-61.0,27.89,-99.81,40.739999999999995,55.13,62.7,-58.6,-29.39,13.799999999999997,23.12,8.34,16.28,-89.21000000000001
2025-07-28T16:59:42.972017,10.0,-141.0,-53.0,-65.0,-83.0,-47.0,17.0,-51.0,-33.0,-7.0,68.0,-11.0,-11.11,-98.81,-32.260000000000005,-77.87,-81.3,-24.6,4.609999999999999,-8.200000000000003,-27.88,-9.66,98.28,-39.21
2025-07-28T16:59:42.976157,13.0,-62.0,22.0,-7.0,39.0,-7.0,52.0,-24.0,49.0,-59.0,16.0,-37.0,-8.11,-19.810000000000002,42.739999999999995,-19.869999999999997,40.7,15.399999999999999,39.61,18.799999999999997,54.12,-61.66,46.28,-65.21000000000001
2025-07-28T16:59:42.984153,29.0,19.0,-63.0,-22.0,-48.0,-40.0,-43.0,7.0,-15.0,-108.0,18.0,-44.0,7.890000000000001,61.19,-42.260000000000005,-34.87,-46.3,-17.6,-55.39,49.8,-9.879999999999999,-110.66,48.28,-72.21000000000001
2025-07-28T16:59:42.988519,63.0,24.0,-34.0,55.0,-42.0,-13.0,28.0,-71.0,1.0,-77.0,-19.0,-5.0,41.89,66.19,-13.260000000000002,42.13,-40.3,9.399999999999999,15.61,-28.200000000000003,6.12,-79.66,11.280000000000001,-33.21
2025-07-28T16:59:42.996389,42.0,-48.0,-21.0,17.0,1.0,-4.0,29.0,-60.0,-16.0,-4.0,-14.0,-8.0,20.89,-5.810000000000002,-0.26000000000000156,4.130000000000001,2.7,18.4,16.61,-17.200000000000003,-10.879999999999999,-6.66,16.28,-36.21
2025-07-28T16:59:43.000629,106.0,-63.0,-60.0,6.0,23.0,-26.0,98.0,-29.0,11.0,16.0,28.0,-17.0,84.89,-20.810000000000002,-39.260000000000005,-6.869999999999999,24.7,-3.6000000000000014,85.61,13.799999999999997,16.12,13.34,58.28,-45.21
2025-07-28T16:59:43.008743,120.0,-19.0,-24.0,-33.0,7.0,-11.0,-16.0,-42.0,44.0,-20.0,-21.0,-51.0,98.89,23.189999999999998,-3.2600000000000016,-45.87,8.7,11.399999999999999,-28.39,0.7999999999999972,49.12,-22.66,9.280000000000001,-79.21000000000001
2025-07-28T16:59:43.013042,-73.0,-2.0,57.0,99.0,73.0,-59.0,42.0,-46.0,40.0,-37.0,5.0,-45.0,-94.11,40.19,77.74,86.13,74.7,-36.6,29.61,-3.200000000000003,45.12,-39.66,35.28,-73.21000000000001
2025-07-28T16:59:43.016997,-47.0,-44.0,59.0,3.0,-31.0,13.0,7.0,-58.0,22.0,-67.0,51.0,-21.0,-68.11,-1.8100000000000023,79.74,-9.87,-29.3,35.4,-5.390000000000001,-15.200000000000003,27.12,-69.66,81.28,-49.21
2025-07-28T16:59:43.025320,33.0,-34.0,-44.0,0.0,14.0,-6.0,-4.0,-82.0,-15.0,-28.0,-24.0,-35.0,11.89,8.189999999999998,-23.26,-12.87,15.7,16.4,-16.39,-39.2,-9.879999999999999,-30.66,6.280000000000001,-63.21
2025-07-28T16:59:43.033283,73.0,27.0,-32.0,23.0,-8.0,-25.0,35.0,-29.0,31.0,-70.0,10.0,-16.0,51.89,69.19,-11.260000000000002,10.13,-6.3,-2.6000000000000014,22.61,13.799999999999997,36.12,-72.66,40.28,-44.21
2025-07-28T16:59:43.038078,45.0,-90.0,-19.0,-17.0,-15.0,-47.0,16.0,0.0,17.0,-10.0,40.0,-47.0,23.89,-47.81,1.7399999999999984,-29.869999999999997,-13.3,-24.6,3.6099999999999994,42.8,22.12,-12.66,70.28,-75.21000000000001
2025-07-28T16:59:43.045629,27.0,-31.0,33.0,64.0,57.0,-63.0,-43.0,-69.0,-49.0,-32.0,46.0,-68.0,5.890000000000001,11.189999999999998,53.739999999999995,51.13,58.7,-40.6,-55.39,-26.200000000000003,-43.88,-34.66,76.28,-96.21000000000001
2025-07-28T16:59:43.049824,5.0,-90.0,-13.0,19.0,68.0,-30.0,48.0,16.0,6.0,-54.0,50.0,-8.0,-16.11,-47.81,7.739999999999998,6.130000000000001,69.7,-7.600000000000001,35.61,58.8,11.120000000000001,-56.66,80.28,-36.21
2025-07-28T16:59:43.053884,31.0,-90.0,-5.0,29.0,-2.0,6.0,30.0,-29.0,-67.0,-46.0,45.0,-25.0,9.89,-47.81,15.739999999999998,16.130000000000003,-0.30000000000000004,28.4,17.61,13.799999999999997,-61.88,-48.66,75.28,-53.21
2025-07-28T16:59:43.062154,-8.0,-49.0,-20.0,37.0,-10.0,-16.0,-40.0,7.0,-12.0,-42.0,7.0,-61.0,-29.11,-6.810000000000002,0.7399999999999984,24.130000000000003,-8.3,6.399999999999999,-52.39,49.8,-6.88,-44.66,37.28,-89.21000000000001
2025-07-28T16:59:43.066432,-21.0,-62.0,31.0,13.0,8.0,32.0,-63.0,0.0,6.0,-61.0,-3.0,31.0,-42.11,-19.810000000000002,51.739999999999995,0.13000000000000078,9.7,54.4,-75.39,42.8,11.120000000000001,-63.66,27.28,2.789999999999999
2025-07-28T16:59:43.074456,23.0,-113.0,29.0,-14.0,-1.0,-44.0,-62.0,-16.0,-32.0,-63.0,-1.0,-3.0,1.8900000000000006,-70.81,49.739999999999995,-26.869999999999997,0.7,-21.6,-74.39,26.799999999999997,-26.88,-65.66,29.28,-31.21
2025-07-28T16:59:43.078445,32.0,-66.0,-24.0,37.0,-25.0,-31.0,6.0,-1.0,-2.0,-50.0,74.0,-46.0,10.89,-23.810000000000002,-3.2600000000000016,24.130000000000003,-23.3,-8.600000000000001,-6.390000000000001,41.8,3.12,-52.66,104.28,-74.21000000000001
2025-07-28T16:59:43.086656,4.0,12.0,-42.0,68.0,33.0,-19.0,37.0,-31.0,-14.0,-113.0,71.0,31.0,-17.11,54.19,-21.26,55.13,34.7,3.3999999999999986,24.61,11.799999999999997,-8.879999999999999,-115.66,101.28,2.789999999999999
2025-07-28T16:59:43.090862,35.0,-40.0,7.0,7.0,21.0,-80.0,-7.0,-86.0,-40.0,1.0,48.0,-6.0,13.89,2.1899999999999977,27.74,-5.869999999999999,22.7,-57.6,-19.39,-43.2,-34.88,-1.6600000000000001,78.28,-34.21
2025-07-28T16:59:43.098871,90.0,8.0,-39.0,39.0,73.0,-40.0,-17.0,-72.0,-29.0,-92.0,-24.0,-5.0,68.89,50.19,-18.26,26.130000000000003,74.7,-17.6,-29.39,-29.200000000000003,-23.88,-94.66,6.280000000000001,-33.21
2025-07-28T16:59:43.103118,80.0,-117.0,-34.0,-67.0,-62.0,-51.0,26.0,-20.0,30.0,-49.0,56.0,0.0,58.89,-74.81,-13.260000000000002,-79.87,-60.3,-28.6,13.61,22.799999999999997,35.12,-51.66,86.28,-28.21
2025-07-28T16:59:43.111116,48.0,52.0,29.0,-42.0,16.0,73.0,13.0,54.0,-75.0,-25.0,1.0,48.0,26.89,94.19,49.739999999999995,-54.87,17.7,95.4,0.6099999999999994,96.8,-69.88,-27.66,31.28,19.79
2025-07-28T16:59:43.115566,38.0,-37.0,-60.0,8.0,-81.0,41.0,66.0,-25.0,9.0,13.0,-34.0,20.0,16.89,5.189999999999998,-39.260000000000005,-4.869999999999999,-79.3,63.4,53.61,17.799999999999997,14.120000000000001,10.34,-3.719999999999999,-8.21
2025-07-28T16:59:43.123452,22.0,-34.0,1.0,25.0,61.0,-5.0,121.0,-52.0,19.0,-31.0,27.0,28.0,0.8900000000000006,8.189999999999998,21.74,12.13,62.7,17.4,108.61,-9.200000000000003,24.12,-33.66,57.28,-0.21000000000000085
2025-07-28T16:59:43.127717,21.0,-51.0,-8.0,-19.0,13.0,-59.0,63.0,-71.0,-17.0,-48.0,2.0,63.0,-0.10999999999999943,-8.810000000000002,12.739999999999998,-31.869999999999997,14.7,-36.6,50.61,-28.200000000000003,-11.879999999999999,-50.66,32.28,34.79
2025-07-28T16:59:43.135746,-34.0,-26.0,4.0,13.0,55.0,-54.0,-21.0,-2.0,-23.0,34.0,-20.0,-1.0,-55.11,16.189999999999998,24.74,0.13000000000000078,56.7,-31.6,-33.39,40.8,-17.88,31.34,10.280000000000001,-29.21
2025-07-28T16:59:43.139967,29.0,-93.0,-8.0,81.0,-30.0,25.0,80.0,-42.0,-26.0,-112.0,-20.0,-12.0,7.890000000000001,-50.81,12.739999999999998,68.13,-28.3,47.4,67.61,0.7999999999999972,-20.88,-114.66,10.280000000000001,-40.21
2025-07-28T16:59:43.148018,83.0,24.0,-16.0,73.0,-44.0,-31.0,73.0,-30.0,21.0,-87.0,70.0,76.0,61.89,66.19,4.739999999999998,60.13,-42.3,-8.600000000000001,60.61,12.799999999999997,26.12,-89.66,100.28,47.79
2025-07-28T16:59:43.152384,7.0,-138.0,-17.0,60.0,-11.0,15.0,19.0,-39.0,56.0,-26.0,37.0,-40.0,-14.11,-95.81,3.7399999999999984,47.13,-9.3,37.4,6.609999999999999,3.799999999999997,61.12,-28.66,67.28,-68.21000000000001
2025-07-28T16:59:43.160276,78.0,-66.0,20.0,4.0,2.0,-24.0,34.0,-33.0,2.0,-78.0,31.0,19.0,56.89,-23.810000000000002,40.739999999999995,-8.87,3.7,-1.6000000000000014,21.61,9.799999999999997,7.12,-80.66,61.28,-9.21
2025-07-28T16:59:43.164586,-18.0,-38.0,14.0,-18.0,16.0,6.0,0.0,-67.0,15.0,-23.0,-59.0,56.0,-39.11,4.189999999999998,34.739999999999995,-30.869999999999997,17.7,28.4,-12.39,-24.200000000000003,20.12,-25.66,-28.72,27.79
2025-07-28T16:59:43.172743,-68.0,-87.0,17.0,0.0,7.0,-41.0,-47.0,-40.0,-6.0,-122.0,1.0,83.0,-89.11,-44.81,37.739999999999995,-12.87,8.7,-18.6,-59.39,2.799999999999997,-0.8799999999999999,-124.66,31.28,54.79
2025-07-28T16:59:43.176808,-40.0,-11.0,12.0,-8.0,49.0,-47.0,17.0,-69.0,-30.0,34.0,-8.0,12.0,-61.11,31.189999999999998,32.739999999999995,-20.869999999999997,50.7,-24.6,4.609999999999999,-26.200000000000003,-24.88,31.34,22.28,-16.21
2025-07-28T16:59:43.184961,-40.0,-53.0,42.0,10.0,-35.0,-28.0,-12.0,-54.0,39.0,72.0,-60.0,67.0,-61.11,-10.810000000000002,62.739999999999995,-2.869999999999999,-33.3,-5.600000000000001,-24.39,-11.200000000000003,44.12,69.34,-29.72,38.79
2025-07-28T16:59:43.189131,-4.0,-42.0,-66.0,-12.0,87.0,-26.0,8.0,7.0,-19.0,40.0,-33.0,26.0,-25.11,0.18999999999999773,-45.260000000000005,-24.869999999999997,88.7,-3.6000000000000014,-4.390000000000001,49.8,-13.879999999999999,37.34,-2.719999999999999,-2.210000000000001
2025-07-28T16:59:43.197258,-33.0,-32.0,-90.0,3.0,39.0,-6.0,-36.0,-2.0,42.0,106.0,-49.0,-25.0,-54.11,10.189999999999998,-69.26,-9.87,40.7,16.4,-48.39,40.8,47.12,103.34,-18.72,-53.21
2025-07-28T16:59:43.201497,-47.0,-27.0,-31.0,15.0,23.0,-8.0,-15.0,12.0,14.0,-39.0,-3.0,70.0,-68.11,15.189999999999998,-10.260000000000002,2.130000000000001,24.7,14.399999999999999,-27.39,54.8,19.12,-41.66,27.28,41.79
2025-07-28T16:59:43.209590,-53.0,-34.0,-6.0,2.0,52.0,-14.0,-68.0,-48.0,82.0,-34.0,-66.0,42.0,-74.11,8.189999999999998,14.739999999999998,-10.87,53.7,8.399999999999999,-80.39,-5.200000000000003,87.12,-36.66,-35.72,13.79
2025-07-28T16:59:43.213712,-50.0,18.0,-65.0,3.0,-15.0,-30.0,8.0,-37.0,-3.0,17.0,-31.0,14.0,-71.11,60.19,-44.260000000000005,-9.87,-13.3,-7.600000000000001,-4.390000000000001,5.799999999999997,2.12,14.34,-0.7199999999999989,-14.21
2025-07-28T16:59:43.217683,-31.0,0.0,-20.0,-3.0,-7.0,-27.0,56.0,-14.0,18.0,43.0,23.0,48.0,-52.11,42.19,0.7399999999999984,-15.87,-5.3,-4.600000000000001,43.61,28.799999999999997,23.12,40.34,53.28,19.79
2025-07-28T16:59:43.225940,60.0,32.0,-22.0,58.0,87.0,-7.0,13.0,-32.0,6.0,43.0,11.0,42.0,38.89,74.19,-1.2600000000000016,45.13,88.7,15.399999999999999,0.6099999999999994,10.799999999999997,11.120000000000001,40.34,41.28,13.79
2025-07-28T16:59:43.229992,49.0,-31.0,-26.0,-33.0,-3.0,-11.0,-25.0,-29.0,-16.0,46.0,3.0,27.0,27.89,11.189999999999998,-5.260000000000002,-45.87,-1.3,11.399999999999999,-37.39,13.799999999999997,-10.879999999999999,43.34,33.28,-1.2100000000000009
2025-07-28T16:59:43.238386,128.0,-67.0,-4.0,24.0,-40.0,-32.0,-20.0,-96.0,33.0,-38.0,4.0,53.0,106.89,-24.810000000000002,16.74,11.13,-38.3,-9.600000000000001,-32.39,-53.2,38.12,-40.66,34.28,24.79
2025-07-28T16:59:43.242298,35.0,-121.0,21.0,-89.0,-11.0,-7.0,-12.0,-18.0,-8.0,6.0,78.0,-11.0,13.89,-78.81,41.739999999999995,-101.87,-9.3,15.399999999999999,-24.39,24.799999999999997,-2.88,3.34,108.28,-39.21
2025-07-28T16:59:43.250449,46.0,-2.0,-20.0,-74.0,26.0,-53.0,6.0,-66.0,6.0,-44.0,-29.0,63.0,24.89,40.19,0.7399999999999984,-86.87,27.7,-30.6,-6.390000000000001,-23.200000000000003,11.120000000000001,-46.66,1.2800000000000011,34.79
2025-07-28T16:59:43.254608,-25.0,-77.0,16.0,-30.0,-2.0,63.0,7.0,-45.0,-12.0,-12.0,-52.0,38.0,-46.11,-34.81,36.739999999999995,-42.87,-0.30000000000000004,85.4,-5.390000000000001,-2.200000000000003,-6.88,-14.66,-21.72,9.79
2025-07-28T16:59:43.262896,36.0,-93.0,-6.0,19.0,79.0,-2.0,71.0,-64.0,44.0,32.0,-63.0,43.0,14.89,-50.81,14.739999999999998,6.130000000000001,80.7,20.4,58.61,-21.200000000000003,49.12,29.34,-32.72,14.79
2025-07-28T16:59:43.266880,4.0,-18.0,9.0,46.0,3.0,-2.0,-19.0,-9.0,-23.0,28.0,-34.0,40.0,-17.11,24.189999999999998,29.74,33.13,4.7,20.4,-31.39,33.8,-17.88,25.34,-3.719999999999999,11.79
2025-07-28T16:59:43.275276,35.0,-1.0,45.0,132.0,-22.0,-66.0,23.0,-20.0,33.0,62.0,0.0,7.0,13.89,41.19,65.74,119.13,-20.3,-43.6,10.61,22.799999999999997,38.12,59.34,30.28,-21.21
2025-07-28T16:59:43.279228,-25.0,-74.0,6.0,40.0,78.0,19.0,38.0,-63.0,58.0,64.0,-58.0,96.0,-46.11,-31.810000000000002,26.74,27.130000000000003,79.7,41.4,25.61,-20.200000000000003,63.12,61.34,-27.72,67.78999999999999
2025-07-28T16:59:43.287379,-30.0,17.0,-90.0,23.0,36.0,-43.0,6.0,0.0,20.0,47.0,-22.0,56.0,-51.11,59.19,-69.26,10.13,37.7,-20.6,-6.390000000000001,42.8,25.12,44.34,8.280000000000001,27.79
2025-07-28T16:59:43.291574,21.0,-4.0,-15.0,17.0,-26.0,-26.0,-23.0,-84.0,31.0,34.0,-108.0,57.0,-0.10999999999999943,38.19,5.739999999999998,4.130000000000001,-24.3,-3.6000000000000014,-35.39,-41.2,36.12,31.34,-77.72,28.79
2025-07-28T16:59:43.299670,-20.0,26.0,-75.0,71.0,-56.0,-31.0,43.0,-30.0,-18.0,47.0,-12.0,64.0,-41.11,68.19,-54.260000000000005,58.13,-54.3,-8.600000000000001,30.61,12.799999999999997,-12.879999999999999,44.34,18.28,35.79
2025-07-28T16:59:43.303789,62.0,-87.0,-17.0,12.0,20.0,-48.0,-27.0,-13.0,41.0,7.0,-19.0,-35.0,40.89,-44.81,3.7399999999999984,-0.8699999999999992,21.7,-25.6,-39.39,29.799999999999997,46.12,4.34,11.280000000000001,-63.21
2025-07-28T16:59:43.311888,67.0,-99.0,-10.0,-14.0,-24.0,0.0,29.0,-39.0,-2.0,43.0,-68.0,7.0,45.89,-56.81,10.739999999999998,-26.869999999999997,-22.3,22.4,16.61,3.799999999999997,3.12,40.34,-37.72,-21.21
2025-07-28T16:59:43.316151,-12.0,-50.0,50.0,-34.0,3.0,-11.0,6.0,-33.0,34.0,13.0,48.0,8.0,-33.11,-7.810000000000002,70.74,-46.87,4.7,11.399999999999999,-6.390000000000001,9.799999999999997,39.12,10.34,78.28,-20.21
2025-07-28T16:59:43.324204,88.0,-27.0,40.0,5.0,5.0,-8.0,-13.0,74.0,-24.0,68.0,-31.0,110.0,66.89,15.189999999999998,60.739999999999995,-7.869999999999999,6.7,14.399999999999999,-25.39,116.8,-18.88,65.34,-0.7199999999999989,81.78999999999999
2025-07-28T16:59:43.328409,-20.0,-142.0,30.0,103.0,26.0,-7.0,11.0,-9.0,8.0,16.0,-10.0,22.0,-41.11,-99.81,50.739999999999995,90.13,27.7,15.399999999999999,-1.3900000000000006,33.8,13.120000000000001,13.34,20.28,-6.210000000000001
2025-07-28T16:59:43.336382,-29.0,2.0,38.0,-49.0,51.0,-8.0,-60.0,-18.0,23.0,22.0,-30.0,28.0,-50.11,44.19,58.739999999999995,-61.87,52.7,14.399999999999999,-72.39,24.799999999999997,28.12,19.34,0.28000000000000114,-0.21000000000000085
2025-07-28T16:59:43.340776,-46.0,-26.0,-25.0,28.0,-29.0,-37.0,-99.0,-51.0,-6.0,90.0,-12.0,49.0,-67.11,16.189999999999998,-4.260000000000002,15.13,-27.3,-14.600000000000001,-111.39,-8.200000000000003,-0.8799999999999999,87.34,18.28,20.79
2025-07-28T16:59:43.348796,111.0,-6.0,-36.0,14.0,-6.0,-11.0,27.0,-55.0,-35.0,8.0,-28.0,89.0,89.89,36.19,-15.260000000000002,1.1300000000000008,-4.3,11.399999999999999,14.61,-12.200000000000003,-29.88,5.34,2.280000000000001,60.79
2025-07-28T16:59:43.353118,105.0,-67.0,-60.0,-33.0,-16.0,54.0,-16.0,-36.0,-38.0,16.0,-28.0,12.0,83.89,-24.810000000000002,-39.260000000000005,-45.87,-14.3,76.4,-28.39,6.799999999999997,-32.88,13.34,2.280000000000001,-16.21
2025-07-28T16:59:43.361139,83.0,-75.0,-172.0,33.0,-15.0,-102.0,41.0,-22.0,-37.0,42.0,-19.0,18.0,61.89,-32.81,-151.26,20.130000000000003,-13.3,-79.6,28.61,20.799999999999997,-31.88,39.34,11.280000000000001,-10.21
2025-07-28T16:59:43.365359,85.0,-61.0,62.0,80.0,39.0,-63.0,74.0,-45.0,40.0,19.0,-42.0,52.0,63.89,-18.810000000000002,82.74,67.13,40.7,-40.6,61.61,-2.200000000000003,45.12,16.34,-11.719999999999999,23.79
2025-07-28T16:59:43.373299,-68.0,-93.0,0.0,-18.0,10.0,-98.0,52.0,-54.0,-7.0,30.0,20.0,1.0,-89.11,-50.81,20.74,-30.869999999999997,11.7,-75.6,39.61,-11.200000000000003,-1.88,27.34,50.28,-27.21
2025-07-28T16:59:43.377598,11.0,-108.0,-20.0,0.0,0.0,-4.0,66.0,62.0,-29.0,45.0,-32.0,5.0,-10.11,-65.81,0.7399999999999984,-12.87,1.7,18.4,53.61,104.8,-23.88,42.34,-1.7199999999999989,-23.21
2025-07-28T16:59:43.385463,-13.0,-46.0,65.0,37.0,24.0,-34.0,58.0,-42.0,-16.0,-16.0,-44.0,-8.0,-34.11,-3.8100000000000023,85.74,24.130000000000003,25.7,-11.600000000000001,45.61,0.7999999999999972,-10.879999999999999,-18.66,-13.719999999999999,-36.21
2025-07-28T16:59:43.389832,-5.0,-6.0,18.0,14.0,-30.0,39.0,-66.0,-10.0,-19.0,22.0,35.0,17.0,-26.11,36.19,38.739999999999995,1.1300000000000008,-28.3,61.4,-78.39,32.8,-13.879999999999999,19.34,65.28,-11.21
2025-07-28T16:59:43.397923,-8.0,-61.0,-13.0,23.0,23.0,24.0,33.0,-21.0,-90.0,20.0,-35.0,10.0,-29.11,-18.810000000000002,7.739999999999998,10.13,24.7,46.4,20.61,21.799999999999997,-84.88,17.34,-4.719999999999999,-18.21
2025-07-28T16:59:43.402284,130.0,-73.0,-33.0,31.0,8.0,-53.0,37.0,-31.0,-8.0,32.0,-8.0,-4.0,108.89,-30.810000000000002,-12.260000000000002,18.130000000000003,9.7,-30.6,24.61,11.799999999999997,-2.88,29.34,22.28,-32.21
2025-07-28T16:59:43.406256,73.0,5.0,-46.0,6.0,3.0,-78.0,9.0,-35.0,39.0,16.0,-60.0,68.0,51.89,47.19,-25.26,-6.869999999999999,4.7,-55.6,-3.3900000000000006,7.799999999999997,44.12,13.34,-29.72,39.79
2025-07-28T16:59:43.414474,108.0,-71.0,-13.0,50.0,1.0,-94.0,35.0,-65.0,-71.0,-5.0,-74.0,0.0,86.89,-28.810000000000002,7.739999999999998,37.13,2.7,-71.6,22.61,-22.200000000000003,-65.88,-7.66,-43.72,-28.21
2025-07-28T16:59:43.418890,100.0,-77.0,-41.0,24.0,-33.0,-82.0,10.0,-48.0,-20.0,4.0,12.0,-62.0,78.89,-34.81,-20.26,11.13,-31.3,-59.6,-2.3900000000000006,-5.200000000000003,-14.879999999999999,1.3399999999999999,42.28,-90.21000000000001
2025-07-28T16:59:43.427250,66.0,-109.0,-51.0,13.0,15.0,-54.0,74.0,-19.0,-2.0,-10.0,-75.0,20.0,44.89,-66.81,-30.26,0.13000000000000078,16.7,-31.6,61.61,23.799999999999997,3.12,-12.66,-44.72,-8.21
2025-07-28T16:59:43.430698,18.0,-23.0,0.0,3.0,-42.0,20.0,-13.0,-110.0,-11.0,72.0,7.0,-48.0,-3.1099999999999994,19.189999999999998,20.74,-9.87,-40.3,42.4,-25.39,-67.2,-5.88,69.34,37.28,-76.21000000000001
2025-07-28T16:59:43.439593,9.0,-24.0,25.0,59.0,-20.0,3.0,52.0,-18.0,43.0,40.0,-29.0,-66.0,-12.11,18.189999999999998,45.739999999999995,46.13,-18.3,25.4,39.61,24.799999999999997,48.12,37.34,1.2800000000000011,-94.21000000000001
2025-07-28T16:59:43.442985,-62.0,-54.0,-33.0,20.0,52.0,-17.0,10.0,-32.0,43.0,62.0,-57.0,-22.0,-83.11,-11.810000000000002,-12.260000000000002,7.130000000000001,53.7,5.399999999999999,-2.3900000000000006,10.799999999999997,48.12,59.34,-26.72,-50.21
2025-07-28T16:59:43.451451,-76.0,-12.0,-25.0,-5.0,1.0,-7.0,51.0,-33.0,19.0,21.0,-3.0,18.0,-97.11,30.189999999999998,-4.260000000000002,-17.869999999999997,2.7,15.399999999999999,38.61,9.799999999999997,24.12,18.34,27.28,-10.21
2025-07-28T16:59:43.455336,-63.0,-8.0,-6.0,78.0,-51.0,18.0,-45.0,-108.0,19.0,-12.0,-5.0,32.0,-84.11,34.19,14.739999999999998,65.13,-49.3,40.4,-57.39,-65.2,24.12,-14.66,25.28,3.789999999999999
2025-07-28T16:59:43.463777,75.0,-29.0,-32.0,3.0,-56.0,-11.0,30.0,-99.0,0.0,-13.0,14.0,-96.0,53.89,13.189999999999998,-11.260000000000002,-9.87,-54.3,11.399999999999999,17.61,-56.2,5.12,-15.66,44.28,-124.21000000000001
2025-07-28T16:59:43.467583,75.0,-38.0,-21.0,-3.0,21.0,32.0,13.0,-139.0,33.0,-9.0,-5.0,-35.0,53.89,4.189999999999998,-0.26000000000000156,-15.87,22.7,54.4,0.6099999999999994,-96.2,38.12,-11.66,25.28,-63.21
2025-07-28T16:59:43.475902,21.0,-134.0,-44.0,-44.0,14.0,31.0,-69.0,-112.0,14.0,-16.0,64.0,-20.0,-0.10999999999999943,-91.81,-23.26,-56.87,15.7,53.4,-81.39,-69.2,19.12,-18.66,94.28,-48.21
2025-07-28T16:59:43.479852,61.0,-87.0,40.0,-89.0,-47.0,21.0,13.0,-49.0,-1.0,5.0,-12.0,-38.0,39.89,-44.81,60.739999999999995,-101.87,-45.3,43.4,0.6099999999999994,-6.200000000000003,4.12,2.34,18.28,-66.21000000000001
2025-07-28T16:59:43.488051,-43.0,-132.0,21.0,26.0,-20.0,-10.0,21.0,19.0,-28.0,-2.0,-74.0,13.0,-64.11,-89.81,41.739999999999995,13.13,-18.3,12.399999999999999,8.61,61.8,-22.88,-4.66,-43.72,-15.21
2025-07-28T16:59:43.492281,5.0,-25.0,-30.0,34.0,37.0,10.0,56.0,3.0,4.0,-15.0,-59.0,-25.0,-16.11,17.189999999999998,-9.260000000000002,21.130000000000003,38.7,32.4,43.61,45.8,9.120000000000001,-17.66,-28.72,-53.21
2025-07-28T16:59:43.500365,-29.0,-25.0,22.0,59.0,20.0,13.0,31.0,-58.0,-28.0,45.0,-20.0,-22.0,-50.11,17.189999999999998,42.739999999999995,46.13,21.7,35.4,18.61,-15.200000000000003,-22.88,42.34,10.280000000000001,-50.21
2025-07-28T16:59:43.504432,-81.0,12.0,-40.0,2.0,-15.0,18.0,8.0,12.0,-20.0,-14.0,-20.0,-19.0,-102.11,54.19,-19.26,-10.87,-13.3,40.4,-4.390000000000001,54.8,-14.879999999999999,-16.66,10.280000000000001,-47.21
2025-07-28T16:59:43.512634,53.0,-62.0,-56.0,-61.0,63.0,37.0,65.0,-78.0,-9.0,-48.0,41.0,-17.0,31.89,-19.810000000000002,-35.260000000000005,-73.87,64.7,59.4,52.61,-35.2,-3.88,-50.66,71.28,-45.21
2025-07-28T16:59:43.516726,112.0,-115.0,11.0,-30.0,-58.0,-62.0,72.0,-45.0,-64.0,-6.0,-46.0,-78.0,90.89,-72.81,31.74,-42.87,-56.3,-39.6,59.61,-2.200000000000003,-58.88,-8.66,-15.719999999999999,-106.21000000000001
2025-07-28T16:59:43.524963,61.0,-97.0,34.0,22.0,54.0,-25.0,-7.0,-117.0,-19.0,-5.0,-64.0,-69.0,39.89,-54.81,54.739999999999995,9.13,55.7,-2.6000000000000014,-19.39,-74.2,-13.879999999999999,-7.66,-33.72,-97.21000000000001
2025-07-28T16:59:43.533081,-51.0,-124.0,-26.0,48.0,-42.0,-39.0,-25.0,-100.0,36.0,-29.0,-77.0,-51.0,-72.11,-81.81,-5.260000000000002,35.13,-40.3,-16.6,-37.39,-57.2,41.12,-31.66,-46.72,-79.21000000000001
2025-07-28T16:59:43.537296,50.0,-3.0,-63.0,95.0,-26.0,3.0,51.0,-68.0,-13.0,18.0,-113.0,30.0,28.89,39.19,-42.260000000000005,82.13,-24.3,25.4,38.61,-25.200000000000003,-7.88,15.34,-82.72,1.7899999999999991
2025-07-28T16:59:43.541321,119.0,40.0,-34.0,36.0,-14.0,-17.0,0.0,-80.0,-10.0,87.0,-61.0,50.0,97.89,82.19,-13.260000000000002,23.130000000000003,-12.3,5.399999999999999,-12.39,-37.2,-4.88,84.34,-30.72,21.79
2025-07-28T16:59:43.549513,53.0,-36.0,-74.0,-37.0,-9.0,-40.0,63.0,7.0,50.0,-59.0,-77.0,42.0,31.89,6.189999999999998,-53.260000000000005,-49.87,-7.3,-17.6,50.61,49.8,55.12,-61.66,-46.72,13.79
2025-07-28T16:59:43.553601,34.0,-53.0,-76.0,-68.0,-68.0,-120.0,-30.0,-46.0,14.0,57.0,-44.0,94.0,12.89,-10.810000000000002,-55.260000000000005,-80.87,-66.3,-97.6,-42.39,-3.200000000000003,19.12,54.34,-13.719999999999999,65.78999999999999
