timestamp,x1,y1,z1,x2,y2,z2,x3,y3,z3,x4,y4,z4,x1_calib,y1_calib,z1_calib,x2_calib,y2_calib,z2_calib,x3_calib,y3_calib,z3_calib,x4_calib,y4_calib,z4_calib
2025-07-28T17:50:43.201382,-67.0,-15.0,6.0,-3.0,82.0,-59.0,15.0,20.0,-76.0,11.0,-74.0,-25.0,-75.59,-14.25,-2.8100000000000005,-20.3,84.21,-32.510000000000005,15.77,8.57,-58.08,14.24,-93.34,-27.05
2025-07-28T17:50:43.209434,-20.0,15.0,34.0,62.0,-60.0,-65.0,-12.0,-8.0,-12.0,-52.0,-2.0,55.0,-28.59,15.75,25.189999999999998,44.7,-57.79,-38.510000000000005,-11.23,-19.43,5.920000000000002,-48.76,-21.34,52.95
2025-07-28T17:50:43.213636,-10.0,-68.0,41.0,19.0,0.0,-42.0,3.0,28.0,7.0,-2.0,-30.0,31.0,-18.59,-67.25,32.19,1.6999999999999993,2.21,-15.510000000000002,3.77,16.57,24.92,1.2400000000000002,-49.34,28.95
2025-07-28T17:50:43.221713,-26.0,15.0,30.0,13.0,8.0,-44.0,80.0,23.0,-19.0,-8.0,15.0,4.0,-34.59,15.75,21.189999999999998,-4.300000000000001,10.21,-17.51,80.77,11.57,-1.0799999999999983,-4.76,-4.34,1.9500000000000002
2025-07-28T17:50:43.226023,-2.0,-15.0,51.0,-17.0,-27.0,-23.0,51.0,27.0,34.0,48.0,20.0,61.0,-10.59,-14.25,42.19,-34.3,-24.79,3.4899999999999984,51.77,15.57,51.92,51.24,0.6600000000000001,58.95
2025-07-28T17:50:43.234072,-16.0,-6.0,-15.0,80.0,68.0,-26.0,29.0,-14.0,-24.0,81.0,-23.0,10.0,-24.59,-5.25,-23.810000000000002,62.7,70.21,0.48999999999999844,29.77,-25.43,-6.079999999999998,84.24,-42.34,7.95
2025-07-28T17:50:43.238402,-17.0,-9.0,-13.0,-21.0,-19.0,-13.0,11.0,52.0,38.0,-9.0,-25.0,50.0,-25.59,-8.25,-21.810000000000002,-38.3,-16.79,13.489999999999998,11.77,40.57,55.92,-5.76,-44.34,47.95
2025-07-28T17:50:43.246439,-32.0,43.0,-31.0,4.0,-8.0,-6.0,-36.0,27.0,-28.0,57.0,61.0,26.0,-40.59,43.75,-39.81,-13.3,-5.79,20.49,-35.23,15.57,-10.079999999999998,60.24,41.66,23.95
2025-07-28T17:50:43.250590,25.0,44.0,111.0,28.0,-16.0,9.0,47.0,48.0,-18.0,-30.0,36.0,63.0,16.41,44.75,102.19,10.7,-13.79,35.489999999999995,47.77,36.57,-0.0799999999999983,-26.759999999999998,16.66,60.95
2025-07-28T17:50:43.258660,-92.0,53.0,128.0,9.0,-15.0,-47.0,-48.0,-5.0,0.0,48.0,24.0,8.0,-100.59,53.75,119.19,-8.3,-12.79,-20.51,-47.23,-16.43,17.92,51.24,4.66,5.95
2025-07-28T17:50:43.262934,-50.0,10.0,82.0,-60.0,-33.0,-32.0,39.0,-10.0,-18.0,-7.0,82.0,-42.0,-58.59,10.75,73.19,-77.3,-30.79,-5.510000000000002,39.77,-21.43,-0.0799999999999983,-3.76,62.66,-44.05
2025-07-28T17:50:43.270976,-5.0,23.0,22.0,38.0,-53.0,-30.0,-15.0,47.0,-29.0,18.0,4.0,33.0,-13.59,23.75,13.19,20.7,-50.79,-3.5100000000000016,-14.23,35.57,-11.079999999999998,21.240000000000002,-15.34,30.95
2025-07-28T17:50:43.275287,2.0,88.0,85.0,38.0,-25.0,-31.0,38.0,6.0,-99.0,-35.0,41.0,10.0,-6.59,88.75,76.19,20.7,-22.79,-4.510000000000002,38.77,-5.43,-81.08,-31.759999999999998,21.66,7.95
2025-07-28T17:50:43.283267,-72.0,-5.0,62.0,52.0,26.0,-38.0,56.0,-9.0,-21.0,-14.0,-72.0,21.0,-80.59,-4.25,53.19,34.7,28.21,-11.510000000000002,56.77,-20.43,-3.0799999999999983,-10.76,-91.34,18.95
2025-07-28T17:50:43.287390,-52.0,36.0,79.0,45.0,4.0,-10.0,0.0,30.0,-15.0,-14.0,39.0,34.0,-60.59,36.75,70.19,27.7,6.21,16.49,0.77,18.57,2.9200000000000017,-10.76,19.66,31.95
2025-07-28T17:50:43.295482,-25.0,87.0,54.0,33.0,19.0,1.0,17.0,-17.0,-46.0,-51.0,33.0,-32.0,-33.59,87.75,45.19,15.7,21.21,27.49,17.77,-28.43,-28.08,-47.76,13.66,-34.05
2025-07-28T17:50:43.299796,-57.0,-11.0,-115.0,1.0,16.0,-79.0,53.0,-69.0,-5.0,-26.0,-7.0,7.0,-65.59,-10.25,-123.81,-16.3,18.21,-52.510000000000005,53.77,-80.43,12.920000000000002,-22.759999999999998,-26.34,4.95
2025-07-28T17:50:43.303826,-6.0,8.0,-9.0,36.0,8.0,-94.0,38.0,-6.0,-32.0,65.0,-35.0,-12.0,-14.59,8.75,-17.810000000000002,18.7,10.21,-67.51,38.77,-17.43,-14.079999999999998,68.24,-54.34,-14.05
2025-07-28T17:50:43.312045,-37.0,23.0,-8.0,63.0,15.0,-53.0,22.0,24.0,42.0,-53.0,-7.0,-22.0,-45.59,23.75,-16.810000000000002,45.7,17.21,-26.51,22.77,12.57,59.92,-49.76,-26.34,-24.05
2025-07-28T17:50:43.315939,5.0,44.0,68.0,9.0,20.0,-22.0,45.0,18.0,-17.0,-58.0,-36.0,70.0,-3.59,44.75,59.19,-8.3,22.21,4.489999999999998,45.77,6.57,0.9200000000000017,-54.76,-55.34,67.95
2025-07-28T17:50:43.324226,-29.0,3.0,-49.0,61.0,37.0,-69.0,-43.0,-31.0,-56.0,-68.0,-6.0,-15.0,-37.59,3.75,-57.81,43.7,39.21,-42.510000000000005,-42.23,-42.43,-38.08,-64.76,-25.34,-17.05
2025-07-28T17:50:43.329342,-39.0,0.0,43.0,53.0,28.0,-35.0,31.0,-35.0,22.0,17.0,38.0,-39.0,-47.59,0.75,34.19,35.7,30.21,-8.510000000000002,31.77,-46.43,39.92,20.240000000000002,18.66,-41.05
2025-07-28T17:50:43.336415,103.0,3.0,-34.0,64.0,-50.0,8.0,-63.0,-13.0,-40.0,50.0,-43.0,49.0,94.41,3.75,-42.81,46.7,-47.79,34.489999999999995,-62.23,-24.43,-22.08,53.24,-62.34,46.95
2025-07-28T17:50:43.341706,47.0,-13.0,-66.0,14.0,40.0,-24.0,-38.0,30.0,-72.0,-41.0,99.0,-15.0,38.41,-12.25,-74.81,-3.3000000000000007,42.21,2.4899999999999984,-37.23,18.57,-54.08,-37.76,79.66,-17.05
2025-07-28T17:50:43.348844,29.0,-30.0,5.0,19.0,-5.0,-31.0,-21.0,-51.0,-58.0,-30.0,40.0,-8.0,20.41,-29.25,-3.8100000000000005,1.6999999999999993,-2.79,-4.510000000000002,-20.23,-62.43,-40.08,-26.759999999999998,20.66,-10.05
2025-07-28T17:50:43.352865,70.0,64.0,80.0,-8.0,4.0,-25.0,39.0,-3.0,-14.0,35.0,38.0,-56.0,61.41,64.75,71.19,-25.3,6.21,1.4899999999999984,39.77,-14.43,3.9200000000000017,38.24,18.66,-58.05
2025-07-28T17:50:43.361095,-3.0,-27.0,70.0,-14.0,-48.0,20.0,-28.0,65.0,-25.0,-38.0,26.0,2.0,-11.59,-26.25,61.19,-31.3,-45.79,46.489999999999995,-27.23,53.57,-7.079999999999998,-34.76,6.66,-0.04999999999999982
2025-07-28T17:50:43.366017,2.0,-27.0,27.0,-9.0,-38.0,-49.0,-13.0,31.0,-15.0,-50.0,30.0,10.0,-6.59,-26.25,18.189999999999998,-26.3,-35.79,-22.51,-12.23,19.57,2.9200000000000017,-46.76,10.66,7.95
2025-07-28T17:50:43.373516,2.0,-113.0,11.0,7.0,83.0,-69.0,45.0,36.0,-53.0,-35.0,28.0,7.0,-6.59,-112.25,2.1899999999999995,-10.3,85.21,-42.510000000000005,45.77,24.57,-35.08,-31.759999999999998,8.66,4.95
2025-07-28T17:50:43.377748,65.0,-13.0,87.0,-6.0,-13.0,-72.0,3.0,140.0,-43.0,-18.0,61.0,65.0,56.41,-12.25,78.19,-23.3,-10.79,-45.510000000000005,3.77,128.57,-25.08,-14.76,41.66,62.95
2025-07-28T17:50:43.385583,32.0,50.0,-3.0,27.0,-26.0,-16.0,20.0,2.0,-36.0,2.0,17.0,17.0,23.41,50.75,-11.81,9.7,-23.79,10.489999999999998,20.77,-9.43,-18.08,5.24,-2.34,14.95
2025-07-28T17:50:43.390722,39.0,44.0,-9.0,28.0,65.0,-11.0,14.0,108.0,16.0,-2.0,27.0,-41.0,30.41,44.75,-17.810000000000002,10.7,67.21,15.489999999999998,14.77,96.57,33.92,1.2400000000000002,7.66,-43.05
2025-07-28T17:50:43.397922,-17.0,5.0,2.0,10.0,-68.0,-10.0,77.0,8.0,-32.0,14.0,21.0,45.0,-25.59,5.75,-6.8100000000000005,-7.300000000000001,-65.79,16.49,77.77,-3.4299999999999997,-14.079999999999998,17.240000000000002,1.6600000000000001,42.95
2025-07-28T17:50:43.402361,9.0,-30.0,56.0,4.0,41.0,16.0,82.0,-4.0,-40.0,10.0,23.0,-31.0,0.41000000000000014,-29.25,47.19,-13.3,43.21,42.489999999999995,82.77,-15.43,-22.08,13.24,3.66,-33.05
2025-07-28T17:50:43.410155,-57.0,40.0,83.0,28.0,-48.0,-9.0,54.0,18.0,-39.0,44.0,-61.0,-17.0,-65.59,40.75,74.19,10.7,-45.79,17.49,54.77,6.57,-21.08,47.24,-80.34,-19.05
2025-07-28T17:50:43.414576,-8.0,28.0,33.0,22.0,14.0,-4.0,38.0,-20.0,-2.0,-24.0,16.0,43.0,-16.59,28.75,24.189999999999998,4.699999999999999,16.21,22.49,38.77,-31.43,15.920000000000002,-20.759999999999998,-3.34,40.95
2025-07-28T17:50:43.422466,-8.0,-19.0,45.0,20.0,-61.0,-103.0,1.0,9.0,-20.0,-23.0,-18.0,35.0,-16.59,-18.25,36.19,2.6999999999999993,-58.79,-76.51,1.77,-2.4299999999999997,-2.0799999999999983,-19.759999999999998,-37.34,32.95
2025-07-28T17:50:43.426616,-11.0,-32.0,76.0,66.0,27.0,-30.0,7.0,-3.0,-73.0,31.0,-54.0,-12.0,-19.59,-31.25,67.19,48.7,29.21,-3.5100000000000016,7.77,-14.43,-55.08,34.24,-73.34,-14.05
2025-07-28T17:50:43.434739,-62.0,18.0,10.0,26.0,-54.0,-44.0,-24.0,-35.0,31.0,9.0,-24.0,-43.0,-70.59,18.75,1.1899999999999995,8.7,-51.79,-17.51,-23.23,-46.43,48.92,12.24,-43.34,-45.05
2025-07-28T17:50:43.438962,9.0,55.0,40.0,11.0,10.0,-53.0,-3.0,-6.0,-22.0,2.0,15.0,-6.0,0.41000000000000014,55.75,31.189999999999998,-6.300000000000001,12.21,-26.51,-2.23,-17.43,-4.079999999999998,5.24,-4.34,-8.05
2025-07-28T17:50:43.442965,-27.0,16.0,83.0,55.0,-51.0,7.0,1.0,35.0,42.0,53.0,27.0,34.0,-35.59,16.75,74.19,37.7,-48.79,33.489999999999995,1.77,23.57,59.92,56.24,7.66,31.95
2025-07-28T17:50:43.451376,-34.0,-17.0,50.0,33.0,-44.0,-87.0,-10.0,-33.0,-32.0,16.0,-25.0,3.0,-42.59,-16.25,41.19,15.7,-41.79,-60.510000000000005,-9.23,-44.43,-14.079999999999998,19.240000000000002,-44.34,0.9500000000000002
2025-07-28T17:50:43.459363,-13.0,-15.0,-6.0,68.0,10.0,-88.0,32.0,-39.0,-28.0,-72.0,-2.0,-40.0,-21.59,-14.25,-14.81,50.7,12.21,-61.510000000000005,32.77,-50.43,-10.079999999999998,-68.76,-21.34,-42.05
2025-07-28T17:50:43.463469,-34.0,80.0,38.0,74.0,-13.0,-31.0,-8.0,3.0,6.0,-14.0,16.0,13.0,-42.59,80.75,29.189999999999998,56.7,-10.79,-4.510000000000002,-7.23,-8.43,23.92,-10.76,-3.34,10.95
2025-07-28T17:50:43.471580,-34.0,-33.0,85.0,51.0,-14.0,-13.0,3.0,-45.0,-30.0,-47.0,-11.0,-32.0,-42.59,-32.25,76.19,33.7,-11.79,13.489999999999998,3.77,-56.43,-12.079999999999998,-43.76,-30.34,-34.05
2025-07-28T17:50:43.475865,-3.0,-42.0,-10.0,8.0,-27.0,-42.0,-31.0,-48.0,-49.0,-9.0,45.0,51.0,-11.59,-41.25,-18.810000000000002,-9.3,-24.79,-15.510000000000002,-30.23,-59.43,-31.08,-5.76,25.66,48.95
2025-07-28T17:50:43.479960,-10.0,-6.0,18.0,44.0,27.0,-40.0,-6.0,-6.0,-37.0,-93.0,56.0,-61.0,-18.59,-5.25,9.19,26.7,29.21,-13.510000000000002,-5.23,-17.43,-19.08,-89.76,36.66,-63.05
2025-07-28T17:50:43.488155,-36.0,90.0,26.0,9.0,43.0,-19.0,-75.0,9.0,-11.0,-32.0,37.0,-7.0,-44.59,90.75,17.189999999999998,-8.3,45.21,7.489999999999998,-74.23,-2.4299999999999997,6.920000000000002,-28.759999999999998,17.66,-9.05
2025-07-28T17:50:43.493657,-58.0,34.0,12.0,36.0,28.0,11.0,16.0,60.0,-53.0,-27.0,39.0,-24.0,-66.59,34.75,3.1899999999999995,18.7,30.21,37.489999999999995,16.77,48.57,-35.08,-23.759999999999998,19.66,-26.05
2025-07-28T17:50:43.500383,23.0,-4.0,-17.0,44.0,1.0,-30.0,32.0,31.0,-23.0,-4.0,7.0,-57.0,14.41,-3.25,-25.810000000000002,26.7,3.21,-3.5100000000000016,32.77,19.57,-5.079999999999998,-0.7599999999999998,-12.34,-59.05
2025-07-28T17:50:43.504415,-10.0,40.0,10.0,44.0,-15.0,-31.0,-49.0,-93.0,-34.0,-40.0,84.0,8.0,-18.59,40.75,1.1899999999999995,26.7,-12.79,-4.510000000000002,-48.23,-104.43,-16.08,-36.76,64.66,5.95
2025-07-28T17:50:43.512747,82.0,2.0,-41.0,-62.0,0.0,-17.0,36.0,-23.0,32.0,16.0,-51.0,1.0,73.41,2.75,-49.81,-79.3,2.21,9.489999999999998,36.77,-34.43,49.92,19.240000000000002,-70.34,-1.0499999999999998
2025-07-28T17:50:43.516685,33.0,-47.0,-46.0,-39.0,13.0,-25.0,6.0,-19.0,-25.0,-16.0,7.0,-56.0,24.41,-46.25,-54.81,-56.3,15.21,1.4899999999999984,6.77,-30.43,-7.079999999999998,-12.76,-12.34,-58.05
2025-07-28T17:50:43.524993,16.0,18.0,5.0,38.0,33.0,-67.0,31.0,73.0,-13.0,-35.0,-10.0,-10.0,7.41,18.75,-3.8100000000000005,20.7,35.21,-40.510000000000005,31.77,61.57,4.920000000000002,-31.759999999999998,-29.34,-12.05
2025-07-28T17:50:43.529007,3.0,58.0,-28.0,20.0,5.0,-21.0,-17.0,45.0,-29.0,-17.0,-10.0,-12.0,-5.59,58.75,-36.81,2.6999999999999993,7.21,5.489999999999998,-16.23,33.57,-11.079999999999998,-13.76,-29.34,-14.05
2025-07-28T17:50:43.537260,49.0,0.0,-8.0,40.0,68.0,-30.0,-24.0,26.0,-3.0,-6.0,-11.0,20.0,40.41,0.75,-16.810000000000002,22.7,70.21,-3.5100000000000016,-23.23,14.57,14.920000000000002,-2.76,-30.34,17.95
2025-07-28T17:50:43.541638,29.0,-26.0,6.0,5.0,126.0,-5.0,-8.0,-42.0,-2.0,7.0,-60.0,41.0,20.41,-25.25,-2.8100000000000005,-12.3,128.21,21.49,-7.23,-53.43,15.920000000000002,10.24,-79.34,38.95
2025-07-28T17:50:43.549558,18.0,-59.0,18.0,28.0,6.0,-26.0,6.0,-55.0,26.0,-22.0,-21.0,29.0,9.41,-58.25,9.19,10.7,8.21,0.48999999999999844,6.77,-66.43,43.92,-18.759999999999998,-40.34,26.95
2025-07-28T17:50:43.554477,20.0,5.0,29.0,31.0,33.0,13.0,-68.0,-8.0,-1.0,-8.0,0.0,33.0,11.41,5.75,20.189999999999998,13.7,35.21,39.489999999999995,-67.23,-19.43,16.92,-4.76,-19.34,30.95
2025-07-28T17:50:43.561707,48.0,18.0,-11.0,80.0,28.0,-37.0,-12.0,-51.0,33.0,-60.0,-18.0,7.0,39.41,18.75,-19.810000000000002,62.7,30.21,-10.510000000000002,-11.23,-62.43,50.92,-56.76,-37.34,4.95
2025-07-28T17:50:43.566070,70.0,-17.0,42.0,-3.0,68.0,-69.0,-3.0,47.0,83.0,-60.0,41.0,2.0,61.41,-16.25,33.19,-20.3,70.21,-42.510000000000005,-2.23,35.57,100.92,-56.76,21.66,-0.04999999999999982
2025-07-28T17:50:43.573991,-51.0,-45.0,59.0,-22.0,-30.0,3.0,35.0,-11.0,-48.0,-18.0,98.0,56.0,-59.59,-44.25,50.19,-39.3,-27.79,29.49,35.77,-22.43,-30.08,-14.76,78.66,53.95
2025-07-28T17:50:43.578309,51.0,-53.0,-21.0,6.0,8.0,-3.0,47.0,46.0,15.0,41.0,60.0,-65.0,42.41,-52.25,-29.810000000000002,-11.3,10.21,23.49,47.77,34.57,32.92,44.24,40.66,-67.05
2025-07-28T17:50:43.586469,100.0,-33.0,35.0,57.0,-53.0,-64.0,-41.0,-69.0,-11.0,-56.0,0.0,7.0,91.41,-32.25,26.189999999999998,39.7,-50.79,-37.510000000000005,-40.23,-80.43,6.920000000000002,-52.76,-19.34,4.95
2025-07-28T17:50:43.590525,20.0,-55.0,26.0,38.0,-20.0,52.0,-71.0,26.0,-46.0,-38.0,-5.0,-7.0,11.41,-54.25,17.189999999999998,20.7,-17.79,78.49,-70.23,14.57,-28.08,-34.76,-24.34,-9.05
2025-07-28T17:50:43.598479,1.0,2.0,-31.0,37.0,40.0,-27.0,36.0,96.0,-25.0,-9.0,-18.0,11.0,-7.59,2.75,-39.81,19.7,42.21,-0.5100000000000016,36.77,84.57,-7.079999999999998,-5.76,-37.34,8.95
2025-07-28T17:50:43.602900,62.0,4.0,12.0,43.0,53.0,7.0,40.0,14.0,-25.0,30.0,37.0,23.0,53.41,4.75,3.1899999999999995,25.7,55.21,33.489999999999995,40.77,2.5700000000000003,-7.079999999999998,33.24,17.66,20.95
2025-07-28T17:50:43.610813,-39.0,-32.0,18.0,22.0,10.0,6.0,63.0,53.0,-23.0,-41.0,25.0,28.0,-47.59,-31.25,9.19,4.699999999999999,12.21,32.489999999999995,63.77,41.57,-5.079999999999998,-37.76,5.66,25.95
2025-07-28T17:50:43.615151,-85.0,-17.0,-7.0,63.0,49.0,-49.0,52.0,3.0,-39.0,25.0,31.0,-38.0,-93.59,-16.25,-15.81,45.7,51.21,-22.51,52.77,-8.43,-21.08,28.240000000000002,11.66,-40.05
2025-07-28T17:50:43.623134,13.0,-62.0,48.0,-6.0,31.0,-31.0,47.0,15.0,-30.0,55.0,52.0,21.0,4.41,-61.25,39.19,-23.3,33.21,-4.510000000000002,47.77,3.5700000000000003,-12.079999999999998,58.24,32.66,18.95
2025-07-28T17:50:43.627439,-4.0,-5.0,60.0,70.0,28.0,-34.0,-12.0,72.0,-48.0,28.0,14.0,-32.0,-12.59,-4.25,51.19,52.7,30.21,-7.510000000000002,-11.23,60.57,-30.08,31.240000000000002,-5.34,-34.05
2025-07-28T17:50:43.631638,-7.0,30.0,82.0,18.0,9.0,-55.0,50.0,15.0,31.0,-24.0,11.0,49.0,-15.59,30.75,73.19,0.6999999999999993,11.21,-28.51,50.77,3.5700000000000003,48.92,-20.759999999999998,-8.34,46.95
2025-07-28T17:50:43.639640,34.0,8.0,35.0,5.0,-79.0,-85.0,-48.0,10.0,0.0,-53.0,41.0,68.0,25.41,8.75,26.189999999999998,-12.3,-76.79,-58.510000000000005,-47.23,-1.4299999999999997,17.92,-49.76,21.66,65.95
2025-07-28T17:50:43.647938,-39.0,-24.0,39.0,-32.0,-33.0,-52.0,-63.0,-64.0,-46.0,3.0,48.0,-15.0,-47.59,-23.25,30.189999999999998,-49.3,-30.79,-25.51,-62.23,-75.43,-28.08,6.24,28.66,-17.05
2025-07-28T17:50:43.651865,29.0,19.0,13.0,7.0,18.0,13.0,0.0,15.0,-26.0,-8.0,16.0,-12.0,20.41,19.75,4.1899999999999995,-10.3,20.21,39.489999999999995,0.77,3.5700000000000003,-8.079999999999998,-4.76,-3.34,-14.05
2025-07-28T17:50:43.655906,-10.0,7.0,-43.0,3.0,34.0,-52.0,1.0,12.0,-30.0,-29.0,51.0,-32.0,-18.59,7.75,-51.81,-14.3,36.21,-25.51,1.77,0.5700000000000003,-12.079999999999998,-25.759999999999998,31.66,-34.05
2025-07-28T17:50:43.664257,22.0,14.0,-17.0,57.0,-66.0,-56.0,-15.0,31.0,-21.0,-1.0,98.0,-3.0,13.41,14.75,-25.810000000000002,39.7,-63.79,-29.51,-14.23,19.57,-3.0799999999999983,2.24,78.66,-5.05
2025-07-28T17:50:43.672222,-41.0,-42.0,-24.0,-20.0,11.0,-68.0,-13.0,-67.0,-96.0,21.0,-10.0,-15.0,-49.59,-41.25,-32.81,-37.3,13.21,-41.510000000000005,-12.23,-78.43,-78.08,24.240000000000002,-29.34,-17.05
2025-07-28T17:50:43.676458,47.0,44.0,-33.0,35.0,-19.0,-54.0,51.0,-13.0,9.0,24.0,-14.0,6.0,38.41,44.75,-41.81,17.7,-16.79,-27.51,51.77,-24.43,26.92,27.240000000000002,-33.34,3.95
2025-07-28T17:50:43.680501,2.0,53.0,-2.0,-17.0,-32.0,39.0,58.0,42.0,-94.0,-14.0,18.0,-29.0,-6.59,53.75,-10.81,-34.3,-29.79,65.49,58.77,30.57,-76.08,-10.76,-1.3399999999999999,-31.05
2025-07-28T17:50:43.688677,-14.0,-16.0,14.0,25.0,-32.0,9.0,44.0,-28.0,-4.0,-10.0,-3.0,38.0,-22.59,-15.25,5.1899999999999995,7.699999999999999,-29.79,35.489999999999995,44.77,-39.43,13.920000000000002,-6.76,-22.34,35.95
2025-07-28T17:50:43.692819,42.0,8.0,-55.0,61.0,30.0,-80.0,43.0,-13.0,39.0,-2.0,22.0,-14.0,33.41,8.75,-63.81,43.7,32.21,-53.510000000000005,43.77,-24.43,56.92,1.2400000000000002,2.66,-16.05
2025-07-28T17:50:43.700989,85.0,-8.0,-44.0,-26.0,-1.0,-58.0,14.0,6.0,-17.0,21.0,-36.0,15.0,76.41,-7.25,-52.81,-43.3,1.21,-31.51,14.77,-5.43,0.9200000000000017,24.240000000000002,-55.34,12.95
2025-07-28T17:50:43.705124,19.0,50.0,25.0,44.0,65.0,-43.0,24.0,-17.0,-23.0,-59.0,11.0,10.0,10.41,50.75,16.189999999999998,26.7,67.21,-16.51,24.77,-28.43,-5.079999999999998,-55.76,-8.34,7.95
2025-07-28T17:50:43.713463,45.0,11.0,20.0,-11.0,-39.0,-13.0,-49.0,76.0,-51.0,-48.0,20.0,18.0,36.41,11.75,11.19,-28.3,-36.79,13.489999999999998,-48.23,64.57,-33.08,-44.76,0.6600000000000001,15.95
2025-07-28T17:50:43.717387,37.0,-21.0,-42.0,60.0,32.0,-50.0,-11.0,7.0,20.0,12.0,21.0,59.0,28.41,-20.25,-50.81,42.7,34.21,-23.51,-10.23,-4.43,37.92,15.24,1.6600000000000001,56.95
2025-07-28T17:50:43.725598,6.0,-16.0,21.0,-3.0,38.0,-15.0,-36.0,47.0,-73.0,-14.0,61.0,8.0,-2.59,-15.25,12.19,-20.3,40.21,11.489999999999998,-35.23,35.57,-55.08,-10.76,41.66,5.95
2025-07-28T17:50:43.730931,27.0,-3.0,79.0,68.0,58.0,28.0,15.0,80.0,15.0,-4.0,43.0,-40.0,18.41,-2.25,70.19,50.7,60.21,54.489999999999995,15.77,68.57,32.92,-0.7599999999999998,23.66,-42.05
2025-07-28T17:50:43.737941,-40.0,32.0,-18.0,11.0,-43.0,-6.0,14.0,73.0,-1.0,-57.0,42.0,2.0,-48.59,32.75,-26.810000000000002,-6.300000000000001,-40.79,20.49,14.77,61.57,16.92,-53.76,22.66,-0.04999999999999982
2025-07-28T17:50:43.743009,-80.0,-6.0,-19.0,58.0,-21.0,-22.0,7.0,34.0,35.0,20.0,19.0,-28.0,-88.59,-5.25,-27.810000000000002,40.7,-18.79,4.489999999999998,7.77,22.57,52.92,23.240000000000002,-0.33999999999999986,-30.05
2025-07-28T17:50:43.750247,-50.0,-11.0,-25.0,20.0,-32.0,-48.0,55.0,47.0,-11.0,8.0,16.0,-38.0,-58.59,-10.25,-33.81,2.6999999999999993,-29.79,-21.51,55.77,35.57,6.920000000000002,11.24,-3.34,-40.05
2025-07-28T17:50:43.754496,-28.0,1.0,40.0,-1.0,11.0,-90.0,44.0,-15.0,-22.0,6.0,-24.0,-9.0,-36.59,1.75,31.189999999999998,-18.3,13.21,-63.510000000000005,44.77,-26.43,-4.079999999999998,9.24,-43.34,-11.05
2025-07-28T17:50:43.762465,-19.0,78.0,65.0,28.0,-15.0,-18.0,46.0,-58.0,-3.0,25.0,22.0,3.0,-27.59,78.75,56.19,10.7,-12.79,8.489999999999998,46.77,-69.43,14.920000000000002,28.240000000000002,2.66,0.9500000000000002
2025-07-28T17:50:43.766754,-18.0,56.0,4.0,-14.0,-9.0,10.0,26.0,-10.0,11.0,0.0,27.0,35.0,-26.59,56.75,-4.8100000000000005,-31.3,-6.79,36.489999999999995,26.77,-21.43,28.92,3.24,7.66,32.95
2025-07-28T17:50:43.774759,-5.0,-11.0,39.0,-28.0,32.0,-43.0,30.0,-41.0,-46.0,26.0,10.0,7.0,-13.59,-10.25,30.189999999999998,-45.3,34.21,-16.51,30.77,-52.43,-28.08,29.240000000000002,-9.34,4.95
2025-07-28T17:50:43.779758,-30.0,7.0,-51.0,12.0,52.0,-58.0,-25.0,-5.0,-8.0,12.0,-18.0,-27.0,-38.59,7.75,-59.81,-5.300000000000001,54.21,-31.51,-24.23,-16.43,9.920000000000002,15.24,-37.34,-29.05
2025-07-28T17:50:43.787089,3.0,7.0,-23.0,29.0,2.0,-22.0,71.0,-14.0,-57.0,34.0,39.0,-29.0,-5.59,7.75,-31.810000000000002,11.7,4.21,4.489999999999998,71.77,-25.43,-39.08,37.24,19.66,-31.05
2025-07-28T17:50:43.791729,-24.0,91.0,-10.0,42.0,4.0,17.0,15.0,-19.0,15.0,67.0,6.0,74.0,-32.59,91.75,-18.810000000000002,24.7,6.21,43.489999999999995,15.77,-30.43,32.92,70.24,-13.34,71.95
2025-07-28T17:50:43.799176,6.0,112.0,-18.0,28.0,46.0,-61.0,85.0,-20.0,21.0,-1.0,25.0,14.0,-2.59,112.75,-26.810000000000002,10.7,48.21,-34.510000000000005,85.77,-31.43,38.92,2.24,5.66,11.95
2025-07-28T17:50:43.803646,14.0,-8.0,-43.0,27.0,-81.0,-30.0,93.0,-54.0,6.0,3.0,-37.0,65.0,5.41,-7.25,-51.81,9.7,-78.79,-3.5100000000000016,93.77,-65.43,23.92,6.24,-56.34,62.95
2025-07-28T17:50:43.811504,-18.0,1.0,-6.0,62.0,-3.0,-47.0,-15.0,-54.0,12.0,-22.0,-40.0,54.0,-26.59,1.75,-14.81,44.7,-0.79,-20.51,-14.23,-65.43,29.92,-18.759999999999998,-59.34,51.95
2025-07-28T17:50:43.815866,-140.0,-18.0,0.0,-21.0,47.0,-28.0,16.0,6.0,4.0,-1.0,-54.0,-33.0,-148.59,-17.25,-8.81,-38.3,49.21,-1.5100000000000016,16.77,-5.43,21.92,2.24,-73.34,-35.05
2025-07-28T17:50:43.819751,34.0,75.0,-42.0,-57.0,31.0,11.0,61.0,2.0,8.0,68.0,11.0,22.0,25.41,75.75,-50.81,-74.3,33.21,37.489999999999995,61.77,-9.43,25.92,71.24,-8.34,19.95
2025-07-28T17:50:43.827940,-14.0,21.0,30.0,37.0,39.0,29.0,19.0,12.0,52.0,-39.0,46.0,-28.0,-22.59,21.75,21.189999999999998,19.7,41.21,55.489999999999995,19.77,0.5700000000000003,69.92,-35.76,26.66,-30.05
2025-07-28T17:50:43.836096,68.0,-20.0,28.0,37.0,-38.0,-58.0,-49.0,-24.0,1.0,-4.0,-37.0,-14.0,59.41,-19.25,19.189999999999998,19.7,-35.79,-31.51,-48.23,-35.43,18.92,-0.7599999999999998,-56.34,-16.05
2025-07-28T17:50:43.840390,13.0,46.0,-79.0,48.0,-4.0,-37.0,-38.0,-8.0,-31.0,-11.0,-3.0,16.0,4.41,46.75,-87.81,30.7,-1.79,-10.510000000000002,-37.23,-19.43,-13.079999999999998,-7.76,-22.34,13.95
2025-07-28T17:50:43.844347,73.0,46.0,-8.0,-33.0,3.0,8.0,2.0,19.0,-20.0,-51.0,-21.0,-11.0,64.41,46.75,-16.810000000000002,-50.3,5.21,34.489999999999995,2.77,7.57,-2.0799999999999983,-47.76,-40.34,-13.05
2025-07-28T17:50:43.852746,39.0,-25.0,-11.0,-15.0,12.0,-66.0,-17.0,123.0,-31.0,-37.0,-20.0,11.0,30.41,-24.25,-19.810000000000002,-32.3,14.21,-39.510000000000005,-16.23,111.57,-13.079999999999998,-33.76,-39.34,8.95
2025-07-28T17:50:43.856804,65.0,79.0,25.0,51.0,-49.0,13.0,47.0,109.0,-8.0,-23.0,6.0,-15.0,56.41,79.75,16.189999999999998,33.7,-46.79,39.489999999999995,47.77,97.57,9.920000000000002,-19.759999999999998,-13.34,-17.05
2025-07-28T17:50:43.864902,-51.0,27.0,33.0,38.0,17.0,-35.0,67.0,34.0,-10.0,36.0,-4.0,-28.0,-59.59,27.75,24.189999999999998,20.7,19.21,-8.510000000000002,67.77,22.57,7.920000000000002,39.24,-23.34,-30.05
2025-07-28T17:50:43.868987,-67.0,19.0,9.0,-28.0,-22.0,-61.0,33.0,-35.0,11.0,-24.0,26.0,23.0,-75.59,19.75,0.1899999999999995,-45.3,-19.79,-34.510000000000005,33.77,-46.43,28.92,-20.759999999999998,6.66,20.95
2025-07-28T17:50:43.877147,-4.0,-10.0,-9.0,38.0,10.0,-37.0,44.0,-143.0,-81.0,37.0,58.0,-15.0,-12.59,-9.25,-17.810000000000002,20.7,12.21,-10.510000000000002,44.77,-154.43,-63.08,40.24,38.66,-17.05
2025-07-28T17:50:43.881172,5.0,-9.0,29.0,6.0,44.0,-1.0,19.0,-37.0,-13.0,-6.0,36.0,43.0,-3.59,-8.25,20.189999999999998,-11.3,46.21,25.49,19.77,-48.43,4.920000000000002,-2.76,16.66,40.95
2025-07-28T17:50:43.889335,-54.0,8.0,84.0,-11.0,64.0,-41.0,42.0,-28.0,-27.0,3.0,49.0,23.0,-62.59,8.75,75.19,-28.3,66.21,-14.510000000000002,42.77,-39.43,-9.079999999999998,6.24,29.66,20.95
2025-07-28T17:50:43.893490,-54.0,56.0,37.0,49.0,9.0,-87.0,13.0,10.0,-53.0,1.0,-13.0,-30.0,-62.59,56.75,28.189999999999998,31.7,11.21,-60.510000000000005,13.77,-1.4299999999999997,-35.08,4.24,-32.34,-32.05
2025-07-28T17:50:43.901765,16.0,90.0,-22.0,-1.0,-18.0,-41.0,56.0,-26.0,-12.0,39.0,-30.0,28.0,7.41,90.75,-30.810000000000002,-18.3,-15.79,-14.510000000000002,56.77,-37.43,5.920000000000002,42.24,-49.34,25.95
2025-07-28T17:50:43.906070,7.0,-38.0,-50.0,2.0,83.0,-81.0,-79.0,-8.0,-68.0,-42.0,-11.0,25.0,-1.5899999999999999,-37.25,-58.81,-15.3,85.21,-54.510000000000005,-78.23,-19.43,-50.08,-38.76,-30.34,22.95
2025-07-28T17:50:43.914084,-51.0,-19.0,-1.0,15.0,-7.0,3.0,-35.0,-1.0,-29.0,-45.0,-61.0,15.0,-59.59,-18.25,-9.81,-2.3000000000000007,-4.79,29.49,-34.23,-12.43,-11.079999999999998,-41.76,-80.34,12.95
2025-07-28T17:50:43.918253,32.0,33.0,-15.0,118.0,30.0,7.0,27.0,-13.0,-55.0,-28.0,-16.0,-55.0,23.41,33.75,-23.810000000000002,100.7,32.21,33.489999999999995,27.77,-24.43,-37.08,-24.759999999999998,-35.34,-57.05
2025-07-28T17:50:43.926233,18.0,12.0,20.0,28.0,36.0,-17.0,-66.0,-6.0,-59.0,-40.0,-5.0,-15.0,9.41,12.75,11.19,10.7,38.21,9.489999999999998,-65.23,-17.43,-41.08,-36.76,-24.34,-17.05
2025-07-28T17:50:43.930579,1.0,2.0,-23.0,71.0,47.0,-42.0,0.0,4.0,-38.0,-16.0,56.0,27.0,-7.59,2.75,-31.810000000000002,53.7,49.21,-15.510000000000002,0.77,-7.43,-20.08,-12.76,36.66,24.95
2025-07-28T17:50:43.938688,-31.0,-55.0,-34.0,12.0,-58.0,-54.0,-2.0,54.0,-35.0,-8.0,99.0,-36.0,-39.59,-54.25,-42.81,-5.300000000000001,-55.79,-27.51,-1.23,42.57,-17.08,-4.76,79.66,-38.05
2025-07-28T17:50:43.942810,-15.0,49.0,48.0,32.0,35.0,-66.0,5.0,-25.0,-62.0,15.0,77.0,-33.0,-23.59,49.75,39.19,14.7,37.21,-39.510000000000005,5.77,-36.43,-44.08,18.240000000000002,57.66,-35.05
2025-07-28T17:50:43.950838,26.0,-31.0,12.0,13.0,47.0,-35.0,53.0,66.0,-38.0,59.0,35.0,-41.0,17.41,-30.25,3.1899999999999995,-4.300000000000001,49.21,-8.510000000000002,53.77,54.57,-20.08,62.24,15.66,-43.05
2025-07-28T17:50:43.955242,10.0,-29.0,-35.0,44.0,-31.0,-36.0,-58.0,-52.0,-26.0,36.0,-8.0,4.0,1.4100000000000001,-28.25,-43.81,26.7,-28.79,-9.510000000000002,-57.23,-63.43,-8.079999999999998,39.24,-27.34,1.9500000000000002
2025-07-28T17:50:43.963192,-10.0,15.0,27.0,52.0,42.0,-19.0,0.0,70.0,-40.0,30.0,14.0,-36.0,-18.59,15.75,18.189999999999998,34.7,44.21,7.489999999999998,0.77,58.57,-22.08,33.24,-5.34,-38.05
2025-07-28T17:50:43.967504,3.0,15.0,-15.0,-3.0,-11.0,-42.0,-2.0,-33.0,-30.0,-71.0,-42.0,-47.0,-5.59,15.75,-23.810000000000002,-20.3,-8.79,-15.510000000000002,-1.23,-44.43,-12.079999999999998,-67.76,-61.34,-49.05
2025-07-28T17:50:43.975474,-29.0,-19.0,1.0,39.0,-19.0,-8.0,-20.0,-78.0,-10.0,19.0,19.0,62.0,-37.59,-18.25,-7.8100000000000005,21.7,-16.79,18.49,-19.23,-89.43,7.920000000000002,22.240000000000002,-0.33999999999999986,59.95
2025-07-28T17:50:43.979656,25.0,69.0,9.0,34.0,100.0,-40.0,-64.0,48.0,-55.0,-57.0,-18.0,44.0,16.41,69.75,0.1899999999999995,16.7,102.21,-13.510000000000002,-63.23,36.57,-37.08,-53.76,-37.34,41.95
2025-07-28T17:50:43.987715,28.0,-28.0,-27.0,26.0,61.0,-27.0,-43.0,-12.0,58.0,-36.0,34.0,75.0,19.41,-27.25,-35.81,8.7,63.21,-0.5100000000000016,-42.23,-23.43,75.92,-32.76,14.66,72.95
2025-07-28T17:50:43.991893,-7.0,-21.0,-42.0,37.0,9.0,44.0,4.0,74.0,-1.0,-26.0,37.0,-33.0,-15.59,-20.25,-50.81,19.7,11.21,70.49,4.77,62.57,16.92,-22.759999999999998,17.66,-35.05
2025-07-28T17:50:43.999962,91.0,-71.0,-21.0,-33.0,5.0,-56.0,-18.0,-28.0,-42.0,11.0,-16.0,-15.0,82.41,-70.25,-29.810000000000002,-50.3,7.21,-29.51,-17.23,-39.43,-24.08,14.24,-35.34,-17.05
2025-07-28T17:50:44.004330,-45.0,12.0,75.0,44.0,6.0,-45.0,78.0,47.0,-56.0,47.0,-57.0,14.0,-53.59,12.75,66.19,26.7,8.21,-18.51,78.77,35.57,-38.08,50.24,-76.34,11.95
2025-07-28T17:50:44.012222,69.0,-22.0,22.0,1.0,9.0,-67.0,20.0,-27.0,-28.0,-57.0,33.0,-52.0,60.41,-21.25,13.19,-16.3,11.21,-40.510000000000005,20.77,-38.43,-10.079999999999998,-53.76,13.66,-54.05
2025-07-28T17:50:44.016566,51.0,-70.0,-48.0,-15.0,41.0,-31.0,14.0,9.0,50.0,9.0,-27.0,-14.0,42.41,-69.25,-56.81,-32.3,43.21,-4.510000000000002,14.77,-2.4299999999999997,67.92,12.24,-46.34,-16.05
2025-07-28T17:50:44.024659,22.0,6.0,27.0,48.0,-25.0,-60.0,-50.0,26.0,-57.0,29.0,-53.0,-73.0,13.41,6.75,18.189999999999998,30.7,-22.79,-33.510000000000005,-49.23,14.57,-39.08,32.24,-72.34,-75.05
2025-07-28T17:50:44.028860,9.0,7.0,41.0,0.0,45.0,-48.0,6.0,32.0,-55.0,55.0,26.0,-49.0,0.41000000000000014,7.75,32.19,-17.3,47.21,-21.51,6.77,20.57,-37.08,58.24,6.66,-51.05
2025-07-28T17:50:44.036885,41.0,-24.0,79.0,13.0,-22.0,-59.0,11.0,25.0,-11.0,44.0,11.0,-53.0,32.41,-23.25,70.19,-4.300000000000001,-19.79,-32.510000000000005,11.77,13.57,6.920000000000002,47.24,-8.34,-55.05
2025-07-28T17:50:44.041072,8.0,8.0,46.0,28.0,-5.0,-16.0,28.0,-32.0,-85.0,29.0,-8.0,-28.0,-0.5899999999999999,8.75,37.19,10.7,-2.79,10.489999999999998,28.77,-43.43,-67.08,32.24,-27.34,-30.05
2025-07-28T17:50:44.049268,-55.0,-20.0,7.0,2.0,-10.0,-67.0,-45.0,-22.0,-90.0,-5.0,-14.0,-34.0,-63.59,-19.25,-1.8100000000000005,-15.3,-7.79,-40.510000000000005,-44.23,-33.43,-72.08,-1.7599999999999998,-33.34,-36.05
2025-07-28T17:50:44.053336,4.0,-42.0,-13.0,-9.0,-25.0,-71.0,-50.0,-99.0,28.0,42.0,-58.0,-43.0,-4.59,-41.25,-21.810000000000002,-26.3,-22.79,-44.510000000000005,-49.23,-110.43,45.92,45.24,-77.34,-45.05
2025-07-28T17:50:44.061411,61.0,48.0,14.0,44.0,-13.0,-105.0,-99.0,79.0,-25.0,-34.0,77.0,-56.0,52.41,48.75,5.1899999999999995,26.7,-10.79,-78.51,-98.23,67.57,-7.079999999999998,-30.759999999999998,57.66,-58.05
2025-07-28T17:50:44.065665,14.0,-46.0,-50.0,-44.0,-1.0,-52.0,-45.0,29.0,-63.0,-19.0,-11.0,-71.0,5.41,-45.25,-58.81,-61.3,1.21,-25.51,-44.23,17.57,-45.08,-15.76,-30.34,-73.05
2025-07-28T17:50:44.069837,6.0,-19.0,51.0,-7.0,30.0,4.0,-33.0,90.0,-37.0,13.0,35.0,19.0,-2.59,-18.25,42.19,-24.3,32.21,30.49,-32.23,78.57,-19.08,16.240000000000002,15.66,16.95
2025-07-28T17:50:44.077866,-69.0,19.0,-16.0,45.0,68.0,32.0,-35.0,65.0,-66.0,-29.0,41.0,71.0,-77.59,19.75,-24.810000000000002,27.7,70.21,58.489999999999995,-34.23,53.57,-48.08,-25.759999999999998,21.66,68.95
2025-07-28T17:50:44.085834,29.0,-75.0,15.0,19.0,-36.0,-14.0,10.0,-17.0,-51.0,-25.0,16.0,-60.0,20.41,-74.25,6.1899999999999995,1.6999999999999993,-33.79,12.489999999999998,10.77,-28.43,-33.08,-21.759999999999998,-3.34,-62.05
2025-07-28T17:50:44.090105,-21.0,2.0,24.0,42.0,-48.0,-58.0,3.0,-10.0,-70.0,26.0,15.0,2.0,-29.59,2.75,15.19,24.7,-45.79,-31.51,3.77,-21.43,-52.08,29.240000000000002,-4.34,-0.04999999999999982
2025-07-28T17:50:44.094279,15.0,25.0,-7.0,84.0,-7.0,-21.0,77.0,8.0,-43.0,14.0,77.0,-81.0,6.41,25.75,-15.81,66.7,-4.79,5.489999999999998,77.77,-3.4299999999999997,-25.08,17.240000000000002,57.66,-83.05
2025-07-28T17:50:44.102434,11.0,57.0,2.0,56.0,-4.0,-40.0,-21.0,-22.0,-6.0,-29.0,17.0,-19.0,2.41,57.75,-6.8100000000000005,38.7,-1.79,-13.510000000000002,-20.23,-33.43,11.920000000000002,-25.759999999999998,-2.34,-21.05
2025-07-28T17:50:44.106526,-23.0,76.0,-2.0,20.0,-26.0,-34.0,-5.0,-35.0,-36.0,-91.0,29.0,-38.0,-31.59,76.75,-10.81,2.6999999999999993,-23.79,-7.510000000000002,-4.23,-46.43,-18.08,-87.76,9.66,-40.05
2025-07-28T17:50:44.114713,-20.0,-45.0,24.0,59.0,-11.0,-109.0,35.0,37.0,4.0,-6.0,21.0,-25.0,-28.59,-44.25,15.19,41.7,-8.79,-82.51,35.77,25.57,21.92,-2.76,1.6600000000000001,-27.05
2025-07-28T17:50:44.118841,-56.0,41.0,-15.0,49.0,-79.0,-36.0,-12.0,9.0,-67.0,8.0,-47.0,-61.0,-64.59,41.75,-23.810000000000002,31.7,-76.79,-9.510000000000002,-11.23,-2.4299999999999997,-49.08,11.24,-66.34,-63.05
2025-07-28T17:50:44.126910,-6.0,35.0,0.0,1.0,43.0,-43.0,-17.0,32.0,-39.0,-16.0,7.0,-22.0,-14.59,35.75,-8.81,-16.3,45.21,-16.51,-16.23,20.57,-21.08,-12.76,-12.34,-24.05
2025-07-28T17:50:44.131362,40.0,-19.0,-9.0,2.0,-30.0,-11.0,37.0,16.0,-9.0,37.0,-76.0,-66.0,31.41,-18.25,-17.810000000000002,-15.3,-27.79,15.489999999999998,37.77,4.57,8.920000000000002,40.24,-95.34,-68.05
2025-07-28T17:50:44.139363,7.0,34.0,-59.0,66.0,-20.0,-93.0,-13.0,39.0,-16.0,15.0,-25.0,-18.0,-1.5899999999999999,34.75,-67.81,48.7,-17.79,-66.51,-12.23,27.57,1.9200000000000017,18.240000000000002,-44.34,-20.05
2025-07-28T17:50:44.143563,-75.0,21.0,-35.0,10.0,-52.0,-47.0,-24.0,-1.0,-12.0,6.0,-58.0,-33.0,-83.59,21.75,-43.81,-7.300000000000001,-49.79,-20.51,-23.23,-12.43,5.920000000000002,9.24,-77.34,-35.05
2025-07-28T17:50:44.151500,8.0,-31.0,-58.0,25.0,26.0,-62.0,41.0,36.0,2.0,1.0,30.0,-7.0,-0.5899999999999999,-30.25,-66.81,7.699999999999999,28.21,-35.510000000000005,41.77,24.57,19.92,4.24,10.66,-9.05
2025-07-28T17:50:44.155782,-92.0,-9.0,-11.0,23.0,-25.0,-79.0,-22.0,-7.0,-31.0,21.0,-40.0,2.0,-100.59,-8.25,-19.810000000000002,5.699999999999999,-22.79,-52.510000000000005,-21.23,-18.43,-13.079999999999998,24.240000000000002,-59.34,-0.04999999999999982
2025-07-28T17:50:44.163772,-3.0,-6.0,-88.0,39.0,16.0,-21.0,-65.0,38.0,16.0,-10.0,0.0,4.0,-11.59,-5.25,-96.81,21.7,18.21,5.489999999999998,-64.23,26.57,33.92,-6.76,-19.34,1.9500000000000002
2025-07-28T17:50:44.168015,42.0,18.0,-15.0,80.0,18.0,-54.0,-33.0,7.0,-26.0,11.0,71.0,-39.0,33.41,18.75,-23.810000000000002,62.7,20.21,-27.51,-32.23,-4.43,-8.079999999999998,14.24,51.66,-41.05
2025-07-28T17:50:44.176248,24.0,25.0,-24.0,60.0,-17.0,-50.0,-23.0,16.0,-46.0,-82.0,51.0,9.0,15.41,25.75,-32.81,42.7,-14.79,-23.51,-22.23,4.57,-28.08,-78.76,31.66,6.95
2025-07-28T17:50:44.180426,30.0,23.0,-20.0,-8.0,14.0,-25.0,-7.0,21.0,-61.0,9.0,6.0,-35.0,21.41,23.75,-28.810000000000002,-25.3,16.21,1.4899999999999984,-6.23,9.57,-43.08,12.24,-13.34,-37.05
2025-07-28T17:50:44.188322,-15.0,-72.0,0.0,59.0,52.0,-62.0,66.0,-2.0,-78.0,-23.0,59.0,-42.0,-23.59,-71.25,-8.81,41.7,54.21,-35.510000000000005,66.77,-13.43,-60.08,-19.759999999999998,39.66,-44.05
2025-07-28T17:50:44.192575,25.0,-14.0,-42.0,-6.0,77.0,-95.0,-44.0,32.0,-16.0,-12.0,66.0,-14.0,16.41,-13.25,-50.81,-23.3,79.21,-68.51,-43.23,20.57,1.9200000000000017,-8.76,46.66,-16.05
2025-07-28T17:50:44.200596,-4.0,-36.0,-14.0,36.0,56.0,-46.0,13.0,5.0,-30.0,-29.0,105.0,-29.0,-12.59,-35.25,-22.810000000000002,18.7,58.21,-19.51,13.77,-6.43,-12.079999999999998,-25.759999999999998,85.66,-31.05
2025-07-28T17:50:44.204879,-7.0,-10.0,25.0,8.0,52.0,-74.0,-41.0,-31.0,-28.0,44.0,60.0,-54.0,-15.59,-9.25,16.189999999999998,-9.3,54.21,-47.510000000000005,-40.23,-42.43,-10.079999999999998,47.24,40.66,-56.05
2025-07-28T17:50:44.212932,48.0,20.0,-14.0,-6.0,-19.0,-54.0,68.0,10.0,9.0,-49.0,21.0,-48.0,39.41,20.75,-22.810000000000002,-23.3,-16.79,-27.51,68.77,-1.4299999999999997,26.92,-45.76,1.6600000000000001,-50.05
2025-07-28T17:50:44.217164,-35.0,-14.0,1.0,-6.0,20.0,-44.0,-31.0,89.0,44.0,-6.0,-48.0,1.0,-43.59,-13.25,-7.8100000000000005,-23.3,22.21,-17.51,-30.23,77.57,61.92,-2.76,-67.34,-1.0499999999999998
2025-07-28T17:50:44.221209,37.0,19.0,30.0,90.0,-43.0,-47.0,-55.0,8.0,-64.0,22.0,48.0,-81.0,28.41,19.75,21.189999999999998,72.7,-40.79,-20.51,-54.23,-3.4299999999999997,-46.08,25.240000000000002,28.66,-83.05
2025-07-28T17:50:44.229546,38.0,-35.0,-30.0,75.0,-16.0,-92.0,-17.0,-13.0,-2.0,-15.0,25.0,31.0,29.41,-34.25,-38.81,57.7,-13.79,-65.51,-16.23,-24.43,15.920000000000002,-11.76,5.66,28.95
2025-07-28T17:50:44.233437,18.0,20.0,-82.0,38.0,0.0,-47.0,-34.0,19.0,20.0,1.0,11.0,-9.0,9.41,20.75,-90.81,20.7,2.21,-20.51,-33.23,7.57,37.92,4.24,-8.34,-11.05
2025-07-28T17:50:44.241631,75.0,-35.0,13.0,40.0,8.0,-9.0,9.0,16.0,-29.0,5.0,-4.0,-11.0,66.41,-34.25,4.1899999999999995,22.7,10.21,17.49,9.77,4.57,-11.079999999999998,8.24,-23.34,-13.05
2025-07-28T17:50:44.245772,10.0,-2.0,14.0,-46.0,-36.0,-30.0,-33.0,20.0,-76.0,-67.0,-20.0,-15.0,1.4100000000000001,-1.25,5.1899999999999995,-63.3,-33.79,-3.5100000000000016,-32.23,8.57,-58.08,-63.76,-39.34,-17.05
2025-07-28T17:50:44.253959,77.0,-12.0,5.0,51.0,31.0,-84.0,-48.0,-27.0,-77.0,14.0,46.0,-60.0,68.41,-11.25,-3.8100000000000005,33.7,33.21,-57.510000000000005,-47.23,-38.43,-59.08,17.240000000000002,26.66,-62.05
2025-07-28T17:50:44.258361,58.0,30.0,-1.0,57.0,45.0,-108.0,-74.0,10.0,-105.0,85.0,-3.0,-5.0,49.41,30.75,-9.81,39.7,47.21,-81.51,-73.23,-1.4299999999999997,-87.08,88.24,-22.34,-7.05
2025-07-28T17:50:44.266653,-29.0,-18.0,-12.0,16.0,-3.0,-80.0,-23.0,78.0,-32.0,37.0,-24.0,-16.0,-37.59,-17.25,-20.810000000000002,-1.3000000000000007,-0.79,-53.510000000000005,-22.23,66.57,-14.079999999999998,40.24,-43.34,-18.05
2025-07-28T17:50:44.270446,-2.0,20.0,-68.0,-9.0,-2.0,-91.0,-15.0,46.0,-54.0,-13.0,-30.0,-97.0,-10.59,20.75,-76.81,-26.3,0.20999999999999996,-64.51,-14.23,34.57,-36.08,-9.76,-49.34,-99.05
2025-07-28T17:50:44.278673,50.0,6.0,-7.0,38.0,5.0,-1.0,-5.0,57.0,-118.0,-21.0,-38.0,-17.0,41.41,6.75,-15.81,20.7,7.21,25.49,-4.23,45.57,-100.08,-17.759999999999998,-57.34,-19.05
2025-07-28T17:50:44.282585,27.0,-47.0,-6.0,50.0,8.0,-23.0,9.0,22.0,-101.0,-88.0,31.0,-54.0,18.41,-46.25,-14.81,32.7,10.21,3.4899999999999984,9.77,10.57,-83.08,-84.76,11.66,-56.05
2025-07-28T17:50:44.290839,7.0,-12.0,-41.0,36.0,-4.0,-84.0,1.0,21.0,-49.0,-51.0,23.0,35.0,-1.5899999999999999,-11.25,-49.81,18.7,-1.79,-57.510000000000005,1.77,9.57,-31.08,-47.76,3.66,32.95
2025-07-28T17:50:44.294922,49.0,-39.0,47.0,24.0,-3.0,-28.0,22.0,14.0,-36.0,-27.0,-13.0,-74.0,40.41,-38.25,38.19,6.699999999999999,-0.79,-1.5100000000000016,22.77,2.5700000000000003,-18.08,-23.759999999999998,-32.34,-76.05
2025-07-28T17:50:44.303226,86.0,10.0,-22.0,-19.0,46.0,-87.0,-27.0,-7.0,-115.0,-14.0,70.0,-21.0,77.41,10.75,-30.810000000000002,-36.3,48.21,-60.510000000000005,-26.23,-18.43,-97.08,-10.76,50.66,-23.05
2025-07-28T17:50:44.307394,18.0,22.0,-14.0,8.0,-13.0,-110.0,43.0,-35.0,-54.0,-82.0,53.0,-13.0,9.41,22.75,-22.810000000000002,-9.3,-10.79,-83.51,43.77,-46.43,-36.08,-78.76,33.66,-15.05
2025-07-28T17:50:44.315491,66.0,-5.0,39.0,24.0,2.0,-81.0,-29.0,76.0,-41.0,-45.0,-2.0,-77.0,57.41,-4.25,30.189999999999998,6.699999999999999,4.21,-54.510000000000005,-28.23,64.57,-23.08,-41.76,-21.34,-79.05
2025-07-28T17:50:44.319541,40.0,54.0,15.0,52.0,-3.0,-96.0,-19.0,28.0,-42.0,-100.0,3.0,-56.0,31.41,54.75,6.1899999999999995,34.7,-0.79,-69.51,-18.23,16.57,-24.08,-96.76,-16.34,-58.05
2025-07-28T17:50:44.327653,13.0,90.0,-20.0,42.0,12.0,-101.0,-90.0,3.0,20.0,-26.0,81.0,23.0,4.41,90.75,-28.810000000000002,24.7,14.21,-74.51,-89.23,-8.43,37.92,-22.759999999999998,61.66,20.95
2025-07-28T17:50:44.332003,-9.0,10.0,-58.0,74.0,-50.0,-24.0,-23.0,31.0,-68.0,27.0,17.0,-31.0,-17.59,10.75,-66.81,56.7,-47.79,2.4899999999999984,-22.23,19.57,-50.08,30.240000000000002,-2.34,-33.05
2025-07-28T17:50:44.340051,-38.0,21.0,-58.0,43.0,-43.0,-27.0,-45.0,-75.0,-78.0,-19.0,-24.0,-84.0,-46.59,21.75,-66.81,25.7,-40.79,-0.5100000000000016,-44.23,-86.43,-60.08,-15.76,-43.34,-86.05
2025-07-28T17:50:44.344315,-8.0,-12.0,-49.0,98.0,64.0,-35.0,5.0,39.0,-51.0,21.0,-19.0,-9.0,-16.59,-11.25,-57.81,80.7,66.21,-8.510000000000002,5.77,27.57,-33.08,24.240000000000002,-38.34,-11.05
2025-07-28T17:50:44.348338,59.0,54.0,-19.0,50.0,4.0,-25.0,3.0,1.0,-78.0,-17.0,26.0,12.0,50.41,54.75,-27.810000000000002,32.7,6.21,1.4899999999999984,3.77,-10.43,-60.08,-13.76,6.66,9.95
2025-07-28T17:50:44.356421,52.0,6.0,-53.0,95.0,-12.0,-79.0,-28.0,36.0,-85.0,-40.0,29.0,-24.0,43.41,6.75,-61.81,77.7,-9.79,-52.510000000000005,-27.23,24.57,-67.08,-36.76,9.66,-26.05
2025-07-28T17:50:44.364530,-15.0,-18.0,-67.0,58.0,-8.0,-117.0,-13.0,64.0,-6.0,4.0,-28.0,-21.0,-23.59,-17.25,-75.81,40.7,-5.79,-90.51,-12.23,52.57,11.920000000000002,7.24,-47.34,-23.05
2025-07-28T17:50:44.368806,-4.0,66.0,-53.0,40.0,-40.0,-73.0,-2.0,-53.0,-50.0,-36.0,45.0,-52.0,-12.59,66.75,-61.81,22.7,-37.79,-46.510000000000005,-1.23,-64.43,-32.08,-32.76,25.66,-54.05
2025-07-28T17:50:44.372719,-95.0,20.0,-85.0,16.0,3.0,-69.0,-58.0,13.0,-52.0,38.0,6.0,-55.0,-103.59,20.75,-93.81,-1.3000000000000007,5.21,-42.510000000000005,-57.23,1.5700000000000003,-34.08,41.24,-13.34,-57.05
2025-07-28T17:50:44.381118,80.0,57.0,-50.0,47.0,-1.0,-110.0,19.0,15.0,-42.0,-25.0,-14.0,10.0,71.41,57.75,-58.81,29.7,1.21,-83.51,19.77,3.5700000000000003,-24.08,-21.759999999999998,-33.34,7.95
2025-07-28T17:50:44.385174,84.0,-18.0,-1.0,74.0,0.0,-40.0,-8.0,11.0,-112.0,-36.0,15.0,-64.0,75.41,-17.25,-9.81,56.7,2.21,-13.510000000000002,-7.23,-0.4299999999999997,-94.08,-32.76,-4.34,-66.05
2025-07-28T17:50:44.393297,83.0,36.0,5.0,44.0,14.0,-77.0,1.0,-11.0,-110.0,-57.0,59.0,-50.0,74.41,36.75,-3.8100000000000005,26.7,16.21,-50.510000000000005,1.77,-22.43,-92.08,-53.76,39.66,-52.05
2025-07-28T17:50:44.397340,68.0,49.0,-23.0,-14.0,2.0,-85.0,82.0,-33.0,-14.0,-62.0,9.0,-15.0,59.41,49.75,-31.810000000000002,-31.3,4.21,-58.510000000000005,82.77,-44.43,3.9200000000000017,-58.76,-10.34,-17.05
2025-07-28T17:50:44.405577,102.0,-76.0,-78.0,62.0,-32.0,-73.0,-28.0,-46.0,-90.0,-11.0,23.0,-44.0,93.41,-75.25,-86.81,44.7,-29.79,-46.510000000000005,-27.23,-57.43,-72.08,-7.76,3.66,-46.05
2025-07-28T17:50:44.409614,16.0,67.0,-98.0,62.0,53.0,-91.0,2.0,-53.0,-56.0,24.0,18.0,32.0,7.41,67.75,-106.81,44.7,55.21,-64.51,2.77,-64.43,-38.08,27.240000000000002,-1.3399999999999999,29.95
2025-07-28T17:50:44.417841,48.0,-38.0,47.0,-24.0,-18.0,-63.0,3.0,37.0,-32.0,-63.0,66.0,-52.0,39.41,-37.25,38.19,-41.3,-15.79,-36.510000000000005,3.77,25.57,-14.079999999999998,-59.76,46.66,-54.05
2025-07-28T17:50:44.422140,35.0,-44.0,-27.0,-18.0,-27.0,-72.0,-96.0,57.0,-62.0,-79.0,73.0,-22.0,26.41,-43.25,-35.81,-35.3,-24.79,-45.510000000000005,-95.23,45.57,-44.08,-75.76,53.66,-24.05
2025-07-28T17:50:44.430511,29.0,2.0,-16.0,69.0,-50.0,-80.0,-42.0,-35.0,-29.0,-57.0,70.0,-95.0,20.41,2.75,-24.810000000000002,51.7,-47.79,-53.510000000000005,-41.23,-46.43,-11.079999999999998,-53.76,50.66,-97.05
2025-07-28T17:50:44.435572,24.0,9.0,-2.0,20.0,-27.0,-152.0,11.0,-15.0,-91.0,-18.0,18.0,-43.0,15.41,9.75,-10.81,2.6999999999999993,-24.79,-125.51,11.77,-26.43,-73.08,-14.76,-1.3399999999999999,-45.05
2025-07-28T17:50:44.442343,-57.0,-8.0,-24.0,111.0,29.0,-129.0,-8.0,14.0,-13.0,21.0,-6.0,-75.0,-65.59,-7.25,-32.81,93.7,31.21,-102.51,-7.23,2.5700000000000003,4.920000000000002,24.240000000000002,-25.34,-77.05
2025-07-28T17:50:44.446651,27.0,-26.0,7.0,56.0,-26.0,-88.0,-1.0,20.0,-111.0,-11.0,71.0,-118.0,18.41,-25.25,-1.8100000000000005,38.7,-23.79,-61.510000000000005,-0.22999999999999998,8.57,-93.08,-7.76,51.66,-120.05
2025-07-28T17:50:44.454928,45.0,22.0,-83.0,57.0,3.0,-48.0,11.0,-8.0,-109.0,4.0,43.0,-45.0,36.41,22.75,-91.81,39.7,5.21,-21.51,11.77,-19.43,-91.08,7.24,23.66,-47.05
2025-07-28T17:50:44.458836,28.0,54.0,-16.0,100.0,4.0,-119.0,-14.0,42.0,-58.0,19.0,-32.0,-143.0,19.41,54.75,-24.810000000000002,82.7,6.21,-92.51,-13.23,30.57,-40.08,22.240000000000002,-51.34,-145.05
2025-07-28T17:50:44.467008,65.0,-8.0,-45.0,12.0,36.0,-71.0,71.0,0.0,-61.0,-73.0,-12.0,-55.0,56.41,-7.25,-53.81,-5.300000000000001,38.21,-44.510000000000005,71.77,-11.43,-43.08,-69.76,-31.34,-57.05
2025-07-28T17:50:44.471268,-40.0,-3.0,-20.0,62.0,-36.0,-56.0,14.0,-95.0,-49.0,17.0,46.0,-44.0,-48.59,-2.25,-28.810000000000002,44.7,-33.79,-29.51,14.77,-106.43,-31.08,20.240000000000002,26.66,-46.05
2025-07-28T17:50:44.479325,42.0,72.0,-24.0,2.0,19.0,-105.0,-24.0,31.0,-79.0,-62.0,-28.0,-49.0,33.41,72.75,-32.81,-15.3,21.21,-78.51,-23.23,19.57,-61.08,-58.76,-47.34,-51.05
2025-07-28T17:50:44.483626,86.0,59.0,-66.0,58.0,-59.0,-82.0,-24.0,35.0,-86.0,-75.0,13.0,-25.0,77.41,59.75,-74.81,40.7,-56.79,-55.510000000000005,-23.23,23.57,-68.08,-71.76,-6.34,-27.05
2025-07-28T17:50:44.491488,26.0,-57.0,2.0,14.0,9.0,-53.0,-54.0,64.0,-95.0,-66.0,75.0,-65.0,17.41,-56.25,-6.8100000000000005,-3.3000000000000007,11.21,-26.51,-53.23,52.57,-77.08,-62.76,55.66,-67.05
2025-07-28T17:50:44.495887,-7.0,-30.0,-14.0,23.0,-19.0,-118.0,-30.0,16.0,-137.0,8.0,52.0,-35.0,-15.59,-29.25,-22.810000000000002,5.699999999999999,-16.79,-91.51,-29.23,4.57,-119.08,11.24,32.66,-37.05
2025-07-28T17:50:44.503708,-32.0,2.0,-39.0,-34.0,2.0,-114.0,-37.0,29.0,-68.0,-34.0,43.0,-70.0,-40.59,2.75,-47.81,-51.3,4.21,-87.51,-36.23,17.57,-50.08,-30.759999999999998,23.66,-72.05
2025-07-28T17:50:44.508063,-28.0,58.0,-66.0,22.0,-69.0,-95.0,54.0,47.0,-143.0,-69.0,46.0,-91.0,-36.59,58.75,-74.81,4.699999999999999,-66.79,-68.51,54.77,35.57,-125.08,-65.76,26.66,-93.05
2025-07-28T17:50:44.516237,-55.0,33.0,-108.0,52.0,-21.0,-128.0,81.0,-59.0,-63.0,-48.0,-33.0,-59.0,-63.59,33.75,-116.81,34.7,-18.79,-101.51,81.77,-70.43,-45.08,-44.76,-52.34,-61.05
2025-07-28T17:50:44.520383,37.0,22.0,-47.0,27.0,-5.0,-182.0,10.0,-23.0,-97.0,-50.0,-43.0,-62.0,28.41,22.75,-55.81,9.7,-2.79,-155.51,10.77,-34.43,-79.08,-46.76,-62.34,-64.05
2025-07-28T17:50:44.528356,74.0,28.0,-81.0,74.0,-59.0,-120.0,-16.0,13.0,5.0,-4.0,1.0,-66.0,65.41,28.75,-89.81,56.7,-56.79,-93.51,-15.23,1.5700000000000003,22.92,-0.7599999999999998,-18.34,-68.05
2025-07-28T17:50:44.532702,111.0,-6.0,-13.0,11.0,-48.0,-143.0,23.0,-26.0,1.0,-82.0,13.0,-82.0,102.41,-5.25,-21.810000000000002,-6.300000000000001,-45.79,-116.51,23.77,-37.43,18.92,-78.76,-6.34,-84.05
2025-07-28T17:50:44.540593,17.0,18.0,-52.0,71.0,-35.0,-139.0,20.0,3.0,-125.0,-39.0,33.0,-76.0,8.41,18.75,-60.81,53.7,-32.79,-112.51,20.77,-8.43,-107.08,-35.76,13.66,-78.05
2025-07-28T17:50:44.544948,60.0,-52.0,-35.0,81.0,-11.0,-129.0,37.0,41.0,-68.0,-21.0,27.0,-50.0,51.41,-51.25,-43.81,63.7,-8.79,-102.51,37.77,29.57,-50.08,-17.759999999999998,7.66,-52.05
2025-07-28T17:50:44.552935,-34.0,-16.0,-85.0,103.0,-50.0,-183.0,-26.0,-39.0,-112.0,17.0,83.0,-63.0,-42.59,-15.25,-93.81,85.7,-47.79,-156.51,-25.23,-50.43,-94.08,20.240000000000002,63.66,-65.05
2025-07-28T17:50:44.557386,-41.0,19.0,-58.0,30.0,-12.0,-128.0,63.0,-64.0,-76.0,-68.0,-14.0,-117.0,-49.59,19.75,-66.81,12.7,-9.79,-101.51,63.77,-75.43,-58.08,-64.76,-33.34,-119.05
2025-07-28T17:50:44.565285,12.0,-7.0,-80.0,114.0,-6.0,-188.0,-38.0,-17.0,-100.0,-27.0,36.0,-92.0,3.41,-6.25,-88.81,96.7,-3.79,-161.51,-37.23,-28.43,-82.08,-23.759999999999998,16.66,-94.05
2025-07-28T17:50:44.569406,59.0,52.0,-90.0,40.0,-14.0,-60.0,-45.0,-48.0,-117.0,-92.0,31.0,-50.0,50.41,52.75,-98.81,22.7,-11.79,-33.510000000000005,-44.23,-59.43,-99.08,-88.76,11.66,-52.05
2025-07-28T17:50:44.577517,0.0,26.0,-93.0,52.0,20.0,-99.0,-35.0,64.0,-95.0,-37.0,24.0,-125.0,-8.59,26.75,-101.81,34.7,22.21,-72.51,-34.23,52.57,-77.08,-33.76,4.66,-127.05
2025-07-28T17:50:44.581672,58.0,-28.0,-116.0,101.0,34.0,-168.0,5.0,-4.0,-56.0,-28.0,15.0,-108.0,49.41,-27.25,-124.81,83.7,36.21,-141.51,5.77,-15.43,-38.08,-24.759999999999998,-4.34,-110.05
2025-07-28T17:50:44.590074,76.0,44.0,-77.0,80.0,-41.0,-127.0,-34.0,-48.0,-117.0,-62.0,-75.0,-71.0,67.41,44.75,-85.81,62.7,-38.79,-100.51,-33.23,-59.43,-99.08,-58.76,-94.34,-73.05
2025-07-28T17:50:44.597998,50.0,-13.0,-13.0,101.0,-2.0,-113.0,27.0,52.0,-130.0,22.0,-18.0,-71.0,41.41,-12.25,-21.810000000000002,83.7,0.20999999999999996,-86.51,27.77,40.57,-112.08,25.240000000000002,-37.34,-73.05
2025-07-28T17:50:44.602098,39.0,11.0,-117.0,0.0,35.0,-102.0,3.0,-7.0,-114.0,-52.0,59.0,-113.0,30.41,11.75,-125.81,-17.3,37.21,-75.51,3.77,-18.43,-96.08,-48.76,39.66,-115.05
2025-07-28T17:50:44.610277,-68.0,29.0,-122.0,-10.0,51.0,-107.0,-3.0,-34.0,-110.0,9.0,33.0,-94.0,-76.59,29.75,-130.81,-27.3,53.21,-80.51,-2.23,-45.43,-92.08,12.24,13.66,-96.05
2025-07-28T17:50:44.614530,45.0,24.0,-56.0,65.0,-16.0,-118.0,-54.0,10.0,-114.0,-24.0,79.0,-138.0,36.41,24.75,-64.81,47.7,-13.79,-91.51,-53.23,-1.4299999999999997,-96.08,-20.759999999999998,59.66,-140.05
2025-07-28T17:50:44.622486,-18.0,-10.0,-137.0,44.0,-59.0,-119.0,-11.0,29.0,-111.0,36.0,41.0,-134.0,-26.59,-9.25,-145.81,26.7,-56.79,-92.51,-10.23,17.57,-93.08,39.24,21.66,-136.05
2025-07-28T17:50:44.626830,79.0,-5.0,-57.0,11.0,-26.0,-100.0,-57.0,-18.0,-151.0,21.0,12.0,-94.0,70.41,-4.25,-65.81,-6.300000000000001,-23.79,-73.51,-56.23,-29.43,-133.07999999999998,24.240000000000002,-7.34,-96.05
2025-07-28T17:50:44.634921,15.0,89.0,-85.0,56.0,-65.0,-156.0,-47.0,-19.0,-66.0,-22.0,9.0,-133.0,6.41,89.75,-93.81,38.7,-62.79,-129.51,-46.23,-30.43,-48.08,-18.759999999999998,-10.34,-135.05
2025-07-28T17:50:44.639140,-57.0,78.0,-31.0,70.0,-22.0,-135.0,-63.0,-49.0,-117.0,-3.0,9.0,-69.0,-65.59,78.75,-39.81,52.7,-19.79,-108.51,-62.23,-60.43,-99.08,0.2400000000000002,-10.34,-71.05
2025-07-28T17:50:44.647159,9.0,0.0,-57.0,34.0,9.0,-144.0,-94.0,-20.0,-45.0,-28.0,88.0,-31.0,0.41000000000000014,0.75,-65.81,16.7,11.21,-117.51,-93.23,-31.43,-27.08,-24.759999999999998,68.66,-33.05
2025-07-28T17:50:44.651354,-35.0,-22.0,-102.0,96.0,-29.0,-159.0,-23.0,-34.0,-82.0,-75.0,17.0,-33.0,-43.59,-21.25,-110.81,78.7,-26.79,-132.51,-22.23,-45.43,-64.08,-71.76,-2.34,-35.05
2025-07-28T17:50:44.659324,57.0,68.0,-113.0,84.0,-25.0,-61.0,-51.0,-10.0,-53.0,-86.0,44.0,-102.0,48.41,68.75,-121.81,66.7,-22.79,-34.510000000000005,-50.23,-21.43,-35.08,-82.76,24.66,-104.05
2025-07-28T17:50:44.663632,-20.0,5.0,-172.0,58.0,-52.0,-98.0,-54.0,-63.0,-148.0,-25.0,120.0,-120.0,-28.59,5.75,-180.81,40.7,-49.79,-71.51,-53.23,-74.43,-130.07999999999998,-21.759999999999998,100.66,-122.05
2025-07-28T17:50:44.671764,56.0,60.0,-97.0,90.0,1.0,-109.0,38.0,-16.0,-133.0,-56.0,62.0,-96.0,47.41,60.75,-105.81,72.7,3.21,-82.51,38.77,-27.43,-115.08,-52.76,42.66,-98.05
2025-07-28T17:50:44.675955,70.0,-17.0,-104.0,-15.0,-42.0,-118.0,10.0,-50.0,-126.0,-52.0,67.0,-116.0,61.41,-16.25,-112.81,-32.3,-39.79,-91.51,10.77,-61.43,-108.08,-48.76,47.66,-118.05
2025-07-28T17:50:44.684089,-27.0,32.0,-118.0,71.0,-27.0,-111.0,-71.0,29.0,-69.0,18.0,93.0,-111.0,-35.59,32.75,-126.81,53.7,-24.79,-84.51,-70.23,17.57,-51.08,21.240000000000002,73.66,-113.05
2025-07-28T17:50:44.688382,-24.0,49.0,-212.0,71.0,-54.0,-105.0,-16.0,40.0,-155.0,-14.0,146.0,-75.0,-32.59,49.75,-220.81,53.7,-51.79,-78.51,-15.23,28.57,-137.07999999999998,-10.76,126.66,-77.05
2025-07-28T17:50:44.696328,57.0,54.0,-103.0,91.0,-4.0,-209.0,-54.0,-35.0,-151.0,-28.0,69.0,-177.0,48.41,54.75,-111.81,73.7,-1.79,-182.51,-53.23,-46.43,-133.07999999999998,-24.759999999999998,49.66,-179.05
2025-07-28T17:50:44.700830,19.0,87.0,-141.0,72.0,8.0,-199.0,-88.0,-21.0,-146.0,-70.0,52.0,-103.0,10.41,87.75,-149.81,54.7,10.21,-172.51,-87.23,-32.43,-128.07999999999998,-66.76,32.66,-105.05
2025-07-28T17:50:44.708600,30.0,46.0,-56.0,50.0,49.0,-121.0,-51.0,-26.0,-169.0,-20.0,41.0,-146.0,21.41,46.75,-64.81,32.7,51.21,-94.51,-50.23,-37.43,-151.07999999999998,-16.759999999999998,21.66,-148.05
2025-07-28T17:50:44.712693,11.0,87.0,-84.0,52.0,-33.0,-177.0,-68.0,5.0,-45.0,-47.0,77.0,-156.0,2.41,87.75,-92.81,34.7,-30.79,-150.51,-67.23,-6.43,-27.08,-43.76,57.66,-158.05
2025-07-28T17:50:44.720850,17.0,10.0,-90.0,110.0,-2.0,-162.0,-14.0,11.0,-155.0,-39.0,-7.0,-110.0,8.41,10.75,-98.81,92.7,0.20999999999999996,-135.51,-13.23,-0.4299999999999997,-137.07999999999998,-35.76,-26.34,-112.05
2025-07-28T17:50:44.729100,-33.0,53.0,-154.0,62.0,-57.0,-163.0,-134.0,-29.0,-143.0,-59.0,40.0,-94.0,-41.59,53.75,-162.81,44.7,-54.79,-136.51,-133.23,-40.43,-125.08,-55.76,20.66,-96.05
2025-07-28T17:50:44.733226,105.0,39.0,-104.0,52.0,-76.0,-86.0,4.0,9.0,-122.0,-54.0,-12.0,-127.0,96.41,39.75,-112.81,34.7,-73.79,-59.510000000000005,4.77,-2.4299999999999997,-104.08,-50.76,-31.34,-129.05
2025-07-28T17:50:44.741455,89.0,19.0,-90.0,11.0,-38.0,-217.0,-89.0,-59.0,-213.0,11.0,51.0,-123.0,80.41,19.75,-98.81,-6.300000000000001,-35.79,-190.51,-88.23,-70.43,-195.07999999999998,14.24,31.66,-125.05
2025-07-28T17:50:44.745520,21.0,3.0,-181.0,130.0,-63.0,-176.0,-56.0,-32.0,-65.0,-86.0,-7.0,-148.0,12.41,3.75,-189.81,112.7,-60.79,-149.51,-55.23,-43.43,-47.08,-82.76,-26.34,-150.05
2025-07-28T17:50:44.753688,74.0,29.0,-54.0,18.0,-96.0,-157.0,-62.0,-57.0,-93.0,-30.0,31.0,-147.0,65.41,29.75,-62.81,0.6999999999999993,-93.79,-130.51,-61.23,-68.43,-75.08,-26.759999999999998,11.66,-149.05
2025-07-28T17:50:44.757838,-8.0,40.0,-102.0,38.0,20.0,-160.0,-95.0,-39.0,-150.0,-53.0,-31.0,-138.0,-16.59,40.75,-110.81,20.7,22.21,-133.51,-94.23,-50.43,-132.07999999999998,-49.76,-50.34,-140.05
2025-07-28T17:50:44.765960,33.0,77.0,-57.0,75.0,-19.0,-149.0,-96.0,-45.0,-125.0,-46.0,37.0,-103.0,24.41,77.75,-65.81,57.7,-16.79,-122.51,-95.23,-56.43,-107.08,-42.76,17.66,-105.05
2025-07-28T17:50:44.770147,57.0,29.0,-158.0,51.0,-25.0,-83.0,-88.0,5.0,-95.0,-80.0,63.0,-130.0,48.41,29.75,-166.81,33.7,-22.79,-56.510000000000005,-87.23,-6.43,-77.08,-76.76,43.66,-132.05
2025-07-28T17:50:44.778227,27.0,25.0,-70.0,39.0,9.0,-126.0,5.0,-43.0,-115.0,-44.0,-21.0,-134.0,18.41,25.75,-78.81,21.7,11.21,-99.51,5.77,-54.43,-97.08,-40.76,-40.34,-136.05
2025-07-28T17:50:44.782526,65.0,-40.0,-69.0,25.0,-11.0,-217.0,2.0,-19.0,-127.0,-49.0,-25.0,-180.0,56.41,-39.25,-77.81,7.699999999999999,-8.79,-190.51,2.77,-30.43,-109.08,-45.76,-44.34,-182.05
2025-07-28T17:50:44.790650,-31.0,-40.0,-99.0,86.0,-41.0,-126.0,-71.0,9.0,-124.0,-41.0,-21.0,-54.0,-39.59,-39.25,-107.81,68.7,-38.79,-99.51,-70.23,-2.4299999999999997,-106.08,-37.76,-40.34,-56.05
2025-07-28T17:50:44.794881,-1.0,51.0,-69.0,-22.0,-23.0,-167.0,6.0,-29.0,-118.0,-75.0,3.0,-120.0,-9.59,51.75,-77.81,-39.3,-20.79,-140.51,6.77,-40.43,-100.08,-71.76,-16.34,-122.05
2025-07-28T17:50:44.802820,-13.0,57.0,-157.0,89.0,-15.0,-159.0,12.0,-26.0,-128.0,-74.0,90.0,-81.0,-21.59,57.75,-165.81,71.7,-12.79,-132.51,12.77,-37.43,-110.08,-70.76,70.66,-83.05
2025-07-28T17:50:44.807202,93.0,2.0,-115.0,6.0,20.0,-118.0,-26.0,25.0,-145.0,-60.0,74.0,-91.0,84.41,2.75,-123.81,-11.3,22.21,-91.51,-25.23,13.57,-127.08,-56.76,54.66,-93.05
2025-07-28T17:50:44.815157,43.0,-4.0,-94.0,70.0,-66.0,-186.0,-25.0,-34.0,-86.0,-67.0,61.0,-104.0,34.41,-3.25,-102.81,52.7,-63.79,-159.51,-24.23,-45.43,-68.08,-63.76,41.66,-106.05
2025-07-28T17:50:44.819681,73.0,-29.0,-146.0,76.0,44.0,-118.0,-113.0,-81.0,-111.0,-68.0,47.0,-152.0,64.41,-28.25,-154.81,58.7,46.21,-91.51,-112.23,-92.43,-93.08,-64.76,27.66,-154.05
2025-07-28T17:50:44.827452,2.0,71.0,-63.0,47.0,-54.0,-137.0,-71.0,-40.0,-149.0,-16.0,19.0,-107.0,-6.59,71.75,-71.81,29.7,-51.79,-110.51,-70.23,-51.43,-131.07999999999998,-12.76,-0.33999999999999986,-109.05
2025-07-28T17:50:44.831878,4.0,-31.0,-151.0,27.0,-32.0,-139.0,-38.0,5.0,-99.0,-96.0,24.0,-59.0,-4.59,-30.25,-159.81,9.7,-29.79,-112.51,-37.23,-6.43,-81.08,-92.76,4.66,-61.05
2025-07-28T17:50:44.839638,22.0,22.0,-174.0,82.0,-56.0,-146.0,-22.0,55.0,-183.0,-82.0,15.0,-85.0,13.41,22.75,-182.81,64.7,-53.79,-119.51,-21.23,43.57,-165.07999999999998,-78.76,-4.34,-87.05
2025-07-28T17:50:44.847763,79.0,50.0,-135.0,60.0,-46.0,-181.0,-28.0,55.0,-137.0,-58.0,38.0,-156.0,70.41,50.75,-143.81,42.7,-43.79,-154.51,-27.23,43.57,-119.08,-54.76,18.66,-158.05
2025-07-28T17:50:44.852091,102.0,53.0,-150.0,57.0,-14.0,-118.0,-40.0,17.0,-86.0,24.0,-1.0,-106.0,93.41,53.75,-158.81,39.7,-11.79,-91.51,-39.23,5.57,-68.08,27.240000000000002,-20.34,-108.05
2025-07-28T17:50:44.860205,50.0,38.0,-101.0,28.0,-14.0,-148.0,-51.0,-11.0,-89.0,-5.0,70.0,-133.0,41.41,38.75,-109.81,10.7,-11.79,-121.51,-50.23,-22.43,-71.08,-1.7599999999999998,50.66,-135.05
2025-07-28T17:50:44.864341,28.0,68.0,-121.0,89.0,2.0,-134.0,-59.0,-72.0,-103.0,-76.0,-12.0,-112.0,19.41,68.75,-129.81,71.7,4.21,-107.51,-58.23,-83.43,-85.08,-72.76,-31.34,-114.05
2025-07-28T17:50:44.872313,-2.0,56.0,-136.0,31.0,6.0,-73.0,-44.0,10.0,-142.0,-62.0,58.0,-71.0,-10.59,56.75,-144.81,13.7,8.21,-46.510000000000005,-43.23,-1.4299999999999997,-124.08,-58.76,38.66,-73.05
2025-07-28T17:50:44.876596,149.0,60.0,-111.0,31.0,-67.0,-116.0,-12.0,-29.0,-77.0,-63.0,-8.0,-88.0,140.41,60.75,-119.81,13.7,-64.79,-89.51,-11.23,-40.43,-59.08,-59.76,-27.34,-90.05
2025-07-28T17:50:44.884770,30.0,-34.0,-118.0,55.0,-33.0,-147.0,-107.0,-33.0,-106.0,-57.0,63.0,-126.0,21.41,-33.25,-126.81,37.7,-30.79,-120.51,-106.23,-44.43,-88.08,-53.76,43.66,-128.05
2025-07-28T17:50:44.888931,38.0,16.0,-144.0,47.0,-59.0,-141.0,33.0,-6.0,-50.0,1.0,-26.0,-110.0,29.41,16.75,-152.81,29.7,-56.79,-114.51,33.77,-17.43,-32.08,4.24,-45.34,-112.05
2025-07-28T17:50:44.897062,28.0,-21.0,-114.0,40.0,8.0,-131.0,-65.0,-57.0,-102.0,-88.0,58.0,-71.0,19.41,-20.25,-122.81,22.7,10.21,-104.51,-64.23,-68.43,-84.08,-84.76,38.66,-73.05
2025-07-28T17:50:44.901369,30.0,99.0,-91.0,123.0,-31.0,-170.0,-112.0,0.0,-101.0,-20.0,28.0,-91.0,21.41,99.75,-99.81,105.7,-28.79,-143.51,-111.23,-11.43,-83.08,-16.759999999999998,8.66,-93.05
2025-07-28T17:50:44.909263,31.0,-13.0,-164.0,56.0,-54.0,-164.0,-28.0,29.0,-140.0,-3.0,53.0,-111.0,22.41,-12.25,-172.81,38.7,-51.79,-137.51,-27.23,17.57,-122.08,0.2400000000000002,33.66,-113.05
2025-07-28T17:50:44.913625,83.0,44.0,-221.0,56.0,5.0,-158.0,-17.0,-15.0,-128.0,-50.0,56.0,-42.0,74.41,44.75,-229.81,38.7,7.21,-131.51,-16.23,-26.43,-110.08,-46.76,36.66,-44.05
2025-07-28T17:50:44.921608,10.0,15.0,-66.0,41.0,-33.0,-176.0,-26.0,-8.0,-144.0,-56.0,107.0,-159.0,1.4100000000000001,15.75,-74.81,23.7,-30.79,-149.51,-25.23,-19.43,-126.08,-52.76,87.66,-161.05
2025-07-28T17:50:44.925852,74.0,1.0,-123.0,26.0,-94.0,-167.0,-34.0,-37.0,-53.0,-53.0,19.0,-158.0,65.41,1.75,-131.81,8.7,-91.79,-140.51,-33.23,-48.43,-35.08,-49.76,-0.33999999999999986,-160.05
2025-07-28T17:50:44.934035,-24.0,-4.0,-136.0,26.0,-28.0,-159.0,-39.0,-22.0,-75.0,-42.0,85.0,-50.0,-32.59,-3.25,-144.81,8.7,-25.79,-132.51,-38.23,-33.43,-57.08,-38.76,65.66,-52.05
2025-07-28T17:50:44.938295,15.0,38.0,-86.0,6.0,-43.0,-125.0,-40.0,32.0,-105.0,-60.0,72.0,-80.0,6.41,38.75,-94.81,-11.3,-40.79,-98.51,-39.23,20.57,-87.08,-56.76,52.66,-82.05
2025-07-28T17:50:44.946328,-22.0,29.0,-71.0,19.0,10.0,-174.0,-107.0,-69.0,-105.0,-65.0,55.0,-75.0,-30.59,29.75,-79.81,1.6999999999999993,12.21,-147.51,-106.23,-80.43,-87.08,-61.76,35.66,-77.05
2025-07-28T17:50:44.950344,61.0,44.0,-168.0,45.0,-34.0,-144.0,12.0,15.0,-144.0,-67.0,31.0,-130.0,52.41,44.75,-176.81,27.7,-31.79,-117.51,12.77,3.5700000000000003,-126.08,-63.76,11.66,-132.05
2025-07-28T17:50:44.958558,-3.0,64.0,-131.0,45.0,-42.0,-143.0,-28.0,-68.0,-147.0,-44.0,30.0,-78.0,-11.59,64.75,-139.81,27.7,-39.79,-116.51,-27.23,-79.43,-129.07999999999998,-40.76,10.66,-80.05
2025-07-28T17:50:44.966493,86.0,8.0,-58.0,31.0,-41.0,-76.0,-31.0,-3.0,-115.0,-35.0,-37.0,-88.0,77.41,8.75,-66.81,13.7,-38.79,-49.510000000000005,-30.23,-14.43,-97.08,-31.759999999999998,-56.34,-90.05
2025-07-28T17:50:44.970863,42.0,-27.0,-47.0,47.0,-56.0,-155.0,-48.0,-8.0,-77.0,-59.0,-74.0,-134.0,33.41,-26.25,-55.81,29.7,-53.79,-128.51,-47.23,-19.43,-59.08,-55.76,-93.34,-136.05
2025-07-28T17:50:44.975129,17.0,5.0,-123.0,52.0,1.0,-148.0,-16.0,36.0,-116.0,-83.0,13.0,-90.0,8.41,5.75,-131.81,34.7,3.21,-121.51,-15.23,24.57,-98.08,-79.76,-6.34,-92.05
2025-07-28T17:50:44.983135,46.0,72.0,-96.0,36.0,-15.0,-120.0,-52.0,-31.0,-132.0,-51.0,10.0,-119.0,37.41,72.75,-104.81,18.7,-12.79,-93.51,-51.23,-42.43,-114.08,-47.76,-9.34,-121.05
2025-07-28T17:50:44.991291,-30.0,65.0,-192.0,95.0,-33.0,-103.0,-97.0,0.0,-138.0,-70.0,62.0,-74.0,-38.59,65.75,-200.81,77.7,-30.79,-76.51,-96.23,-11.43,-120.08,-66.76,42.66,-76.05
2025-07-28T17:50:44.995555,45.0,25.0,-128.0,59.0,-73.0,-173.0,-10.0,-35.0,-143.0,-77.0,72.0,-124.0,36.41,25.75,-136.81,41.7,-70.79,-146.51,-9.23,-46.43,-125.08,-73.76,52.66,-126.05
2025-07-28T17:50:45.003369,72.0,-65.0,-122.0,91.0,-80.0,-202.0,41.0,-57.0,-81.0,7.0,88.0,-78.0,63.41,-64.25,-130.81,73.7,-77.79,-175.51,41.77,-68.43,-63.08,10.24,68.66,-80.05
2025-07-28T17:50:45.007858,123.0,71.0,-111.0,80.0,-29.0,-128.0,-38.0,-1.0,-90.0,-59.0,31.0,-5.0,114.41,71.75,-119.81,62.7,-26.79,-101.51,-37.23,-12.43,-72.08,-55.76,11.66,-7.05
2025-07-28T17:50:45.015662,-61.0,-30.0,-53.0,81.0,9.0,-142.0,-30.0,16.0,-81.0,-124.0,46.0,-113.0,-69.59,-29.25,-61.81,63.7,11.21,-115.51,-29.23,4.57,-63.08,-120.76,26.66,-115.05
2025-07-28T17:50:45.020137,24.0,64.0,-71.0,75.0,8.0,-153.0,-133.0,-53.0,-77.0,-139.0,68.0,-135.0,15.41,64.75,-79.81,57.7,10.21,-126.51,-132.23,-64.43,-59.08,-135.76,48.66,-137.05
2025-07-28T17:50:45.028025,6.0,29.0,-150.0,114.0,-29.0,-152.0,-53.0,39.0,-193.0,-97.0,53.0,-142.0,-2.59,29.75,-158.81,96.7,-26.79,-125.51,-52.23,27.57,-175.07999999999998,-93.76,33.66,-144.05
2025-07-28T17:50:45.032390,47.0,26.0,-160.0,65.0,0.0,-194.0,-2.0,-21.0,-90.0,-5.0,-10.0,-109.0,38.41,26.75,-168.81,47.7,2.21,-167.51,-1.23,-32.43,-72.08,-1.7599999999999998,-29.34,-111.05
2025-07-28T17:50:45.040395,45.0,16.0,-168.0,47.0,-4.0,-195.0,-1.0,-29.0,-127.0,-21.0,75.0,-125.0,36.41,16.75,-176.81,29.7,-1.79,-168.51,-0.22999999999999998,-40.43,-109.08,-17.759999999999998,55.66,-127.05
2025-07-28T17:50:45.044603,20.0,25.0,-132.0,47.0,-8.0,-181.0,-43.0,-3.0,-126.0,-21.0,1.0,-134.0,11.41,25.75,-140.81,29.7,-5.79,-154.51,-42.23,-14.43,-108.08,-17.759999999999998,-18.34,-136.05
2025-07-28T17:50:45.052661,28.0,5.0,-34.0,57.0,-9.0,-151.0,-13.0,22.0,-105.0,-53.0,7.0,-75.0,19.41,5.75,-42.81,39.7,-6.79,-124.51,-12.23,10.57,-87.08,-49.76,-12.34,-77.05
2025-07-28T17:50:45.056970,58.0,87.0,-51.0,79.0,-1.0,-122.0,-44.0,-20.0,-93.0,11.0,71.0,-119.0,49.41,87.75,-59.81,61.7,1.21,-95.51,-43.23,-31.43,-75.08,14.24,51.66,-121.05
2025-07-28T17:50:45.064819,29.0,-20.0,-30.0,89.0,51.0,-93.0,-68.0,3.0,-200.0,-137.0,58.0,-95.0,20.41,-19.25,-38.81,71.7,53.21,-66.51,-67.23,-8.43,-182.07999999999998,-133.76,38.66,-97.05
2025-07-28T17:50:45.069561,15.0,-10.0,-118.0,72.0,9.0,-118.0,-65.0,-32.0,-116.0,-135.0,28.0,-107.0,6.41,-9.25,-126.81,54.7,11.21,-91.51,-64.23,-43.43,-98.08,-131.76,8.66,-109.05
2025-07-28T17:50:45.077181,10.0,136.0,-123.0,50.0,56.0,-59.0,-48.0,-7.0,-134.0,-12.0,48.0,-149.0,1.4100000000000001,136.75,-131.81,32.7,58.21,-32.510000000000005,-47.23,-18.43,-116.08,-8.76,28.66,-151.05
2025-07-28T17:50:45.081604,75.0,-45.0,-120.0,112.0,-59.0,-176.0,-67.0,45.0,-87.0,-82.0,74.0,-107.0,66.41,-44.25,-128.81,94.7,-56.79,-149.51,-66.23,33.57,-69.08,-78.76,54.66,-109.05
2025-07-28T17:50:45.090037,71.0,-6.0,-26.0,10.0,-83.0,-145.0,-15.0,-23.0,-136.0,-17.0,-41.0,-125.0,62.41,-5.25,-34.81,-7.300000000000001,-80.79,-118.51,-14.23,-34.43,-118.08,-13.76,-60.34,-127.05
2025-07-28T17:50:45.097657,23.0,-20.0,-69.0,-27.0,-7.0,-155.0,-107.0,-22.0,-138.0,-89.0,53.0,-139.0,14.41,-19.25,-77.81,-44.3,-4.79,-128.51,-106.23,-33.43,-120.08,-85.76,33.66,-141.05
2025-07-28T17:50:45.101784,9.0,35.0,-89.0,-1.0,-51.0,-172.0,23.0,21.0,-165.0,-45.0,48.0,-54.0,0.41000000000000014,35.75,-97.81,-18.3,-48.79,-145.51,23.77,9.57,-147.07999999999998,-41.76,28.66,-56.05
2025-07-28T17:50:45.109806,1.0,73.0,-152.0,51.0,-45.0,-197.0,-52.0,-5.0,-177.0,-36.0,40.0,-88.0,-7.59,73.75,-160.81,33.7,-42.79,-170.51,-51.23,-16.43,-159.07999999999998,-32.76,20.66,-90.05
2025-07-28T17:50:45.114339,-50.0,25.0,-103.0,113.0,-52.0,-117.0,-10.0,-15.0,-94.0,-87.0,-10.0,-120.0,-58.59,25.75,-111.81,95.7,-49.79,-90.51,-9.23,-26.43,-76.08,-83.76,-29.34,-122.05
2025-07-28T17:50:45.122269,87.0,15.0,-173.0,51.0,-42.0,-131.0,-127.0,-13.0,-102.0,-6.0,-28.0,-37.0,78.41,15.75,-181.81,33.7,-39.79,-104.51,-126.23,-24.43,-84.08,-2.76,-47.34,-39.05
2025-07-28T17:50:45.126508,19.0,-21.0,-145.0,54.0,-14.0,-194.0,-74.0,21.0,-161.0,-45.0,-9.0,-112.0,10.41,-20.25,-153.81,36.7,-11.79,-167.51,-73.23,9.57,-143.07999999999998,-41.76,-28.34,-114.05
2025-07-28T17:50:45.134710,43.0,2.0,-155.0,44.0,-78.0,-116.0,-80.0,62.0,-113.0,-63.0,38.0,-103.0,34.41,2.75,-163.81,26.7,-75.79,-89.51,-79.23,50.57,-95.08,-59.76,18.66,-105.05
2025-07-28T17:50:45.138871,60.0,93.0,-69.0,42.0,-36.0,-207.0,-63.0,-20.0,-160.0,6.0,82.0,-115.0,51.41,93.75,-77.81,24.7,-33.79,-180.51,-62.23,-31.43,-142.07999999999998,9.24,62.66,-117.05
2025-07-28T17:50:45.146899,3.0,54.0,-150.0,-1.0,-69.0,-158.0,25.0,-108.0,-127.0,-66.0,56.0,-117.0,-5.59,54.75,-158.81,-18.3,-66.79,-131.51,25.77,-119.43,-109.08,-62.76,36.66,-119.05
2025-07-28T17:50:45.151132,60.0,18.0,-124.0,72.0,-47.0,-198.0,-71.0,56.0,-112.0,31.0,73.0,-45.0,51.41,18.75,-132.81,54.7,-44.79,-171.51,-70.23,44.57,-94.08,34.24,53.66,-47.05
2025-07-28T17:50:45.159137,38.0,93.0,-117.0,92.0,-38.0,-181.0,-68.0,-53.0,-112.0,-26.0,0.0,-112.0,29.41,93.75,-125.81,74.7,-35.79,-154.51,-67.23,-64.43,-94.08,-22.759999999999998,-19.34,-114.05
2025-07-28T17:50:45.163447,36.0,-10.0,-114.0,36.0,-37.0,-152.0,-116.0,5.0,-89.0,-36.0,-33.0,-75.0,27.41,-9.25,-122.81,18.7,-34.79,-125.51,-115.23,-6.43,-71.08,-32.76,-52.34,-77.05
2025-07-28T17:50:45.171508,41.0,6.0,-82.0,74.0,-22.0,-190.0,-11.0,-8.0,-114.0,-42.0,15.0,-148.0,32.41,6.75,-90.81,56.7,-19.79,-163.51,-10.23,-19.43,-96.08,-38.76,-4.34,-150.05
2025-07-28T17:50:45.175613,-37.0,72.0,-116.0,-5.0,-7.0,-143.0,39.0,-41.0,-98.0,-73.0,96.0,-82.0,-45.59,72.75,-124.81,-22.3,-4.79,-116.51,39.77,-52.43,-80.08,-69.76,76.66,-84.05
2025-07-28T17:50:45.183737,8.0,-9.0,-128.0,47.0,-8.0,-148.0,-69.0,-84.0,-166.0,-17.0,10.0,-145.0,-0.5899999999999999,-8.25,-136.81,29.7,-5.79,-121.51,-68.23,-95.43,-148.07999999999998,-13.76,-9.34,-147.05
2025-07-28T17:50:45.188078,-6.0,102.0,-172.0,94.0,-89.0,-156.0,-8.0,-20.0,-134.0,-148.0,-38.0,-101.0,-14.59,102.75,-180.81,76.7,-86.79,-129.51,-7.23,-31.43,-116.08,-144.76,-57.34,-103.05
2025-07-28T17:50:45.196049,27.0,2.0,-178.0,116.0,-33.0,-148.0,-141.0,51.0,-211.0,-42.0,31.0,-105.0,18.41,2.75,-186.81,98.7,-30.79,-121.51,-140.23,39.57,-193.07999999999998,-38.76,11.66,-107.05
2025-07-28T17:50:45.204279,-4.0,-5.0,-56.0,-7.0,-47.0,-154.0,-59.0,-38.0,-107.0,-82.0,122.0,-99.0,-12.59,-4.25,-64.81,-24.3,-44.79,-127.51,-58.23,-49.43,-89.08,-78.76,102.66,-101.05
2025-07-28T17:50:45.208569,28.0,-39.0,-94.0,126.0,-68.0,-155.0,-52.0,-22.0,-124.0,-89.0,24.0,-149.0,19.41,-38.25,-102.81,108.7,-65.79,-128.51,-51.23,-33.43,-106.08,-85.76,4.66,-151.05
2025-07-28T17:50:45.216322,52.0,80.0,-140.0,16.0,-79.0,-153.0,-80.0,-32.0,-126.0,-49.0,25.0,-115.0,43.41,80.75,-148.81,-1.3000000000000007,-76.79,-126.51,-79.23,-43.43,-108.08,-45.76,5.66,-117.05
2025-07-28T17:50:45.220643,-33.0,26.0,-141.0,89.0,-29.0,-196.0,-46.0,17.0,-169.0,-12.0,33.0,-83.0,-41.59,26.75,-149.81,71.7,-26.79,-169.51,-45.23,5.57,-151.07999999999998,-8.76,13.66,-85.05
2025-07-28T17:50:45.228541,59.0,77.0,-179.0,6.0,-63.0,-167.0,-92.0,28.0,-114.0,-51.0,-28.0,-80.0,50.41,77.75,-187.81,-11.3,-60.79,-140.51,-91.23,16.57,-96.08,-47.76,-47.34,-82.05
2025-07-28T17:50:45.233106,27.0,27.0,-203.0,67.0,-30.0,-175.0,-10.0,-44.0,-156.0,-107.0,103.0,-93.0,18.41,27.75,-211.81,49.7,-27.79,-148.51,-9.23,-55.43,-138.07999999999998,-103.76,83.66,-95.05
2025-07-28T17:50:45.241069,75.0,12.0,-108.0,65.0,-46.0,-130.0,-6.0,-37.0,-74.0,2.0,62.0,-116.0,66.41,12.75,-116.81,47.7,-43.79,-103.51,-5.23,-48.43,-56.08,5.24,42.66,-118.05
2025-07-28T17:50:45.245485,-14.0,8.0,-69.0,85.0,2.0,-184.0,-41.0,-55.0,-78.0,-96.0,11.0,-85.0,-22.59,8.75,-77.81,67.7,4.21,-157.51,-40.23,-66.43,-60.08,-92.76,-8.34,-87.05
2025-07-28T17:50:45.253276,67.0,-14.0,-105.0,54.0,-13.0,-159.0,-36.0,60.0,-95.0,-97.0,38.0,-75.0,58.41,-13.25,-113.81,36.7,-10.79,-132.51,-35.23,48.57,-77.08,-93.76,18.66,-77.05
2025-07-28T17:50:45.257746,25.0,38.0,-47.0,115.0,18.0,-151.0,-58.0,-34.0,-155.0,34.0,-43.0,-115.0,16.41,38.75,-55.81,97.7,20.21,-124.51,-57.23,-45.43,-137.07999999999998,37.24,-62.34,-117.05
2025-07-28T17:50:45.265627,0.0,57.0,-118.0,50.0,-27.0,-128.0,12.0,-17.0,-166.0,-107.0,150.0,-142.0,-8.59,57.75,-126.81,32.7,-24.79,-101.51,12.77,-28.43,-148.07999999999998,-103.76,130.66,-144.05
2025-07-28T17:50:45.270043,39.0,21.0,-129.0,77.0,25.0,-115.0,-44.0,-27.0,-60.0,-48.0,47.0,-119.0,30.41,21.75,-137.81,59.7,27.21,-88.51,-43.23,-38.43,-42.08,-44.76,27.66,-121.05
2025-07-28T17:50:45.278063,84.0,-24.0,-87.0,114.0,-33.0,-141.0,-48.0,-38.0,-65.0,-110.0,71.0,-82.0,75.41,-23.25,-95.81,96.7,-30.79,-114.51,-47.23,-49.43,-47.08,-106.76,51.66,-84.05
2025-07-28T17:50:45.283366,68.0,38.0,-98.0,69.0,29.0,-162.0,-67.0,27.0,-116.0,-71.0,-60.0,-172.0,59.41,38.75,-106.81,51.7,31.21,-135.51,-66.23,15.57,-98.08,-67.76,-79.34,-174.05
2025-07-28T17:50:45.290301,10.0,3.0,-78.0,16.0,-18.0,-151.0,-39.0,-13.0,-118.0,-36.0,46.0,-79.0,1.4100000000000001,3.75,-86.81,-1.3000000000000007,-15.79,-124.51,-38.23,-24.43,-100.08,-32.76,26.66,-81.05
2025-07-28T17:50:45.294429,60.0,47.0,-108.0,64.0,-9.0,-178.0,-36.0,-23.0,-135.0,-63.0,76.0,-87.0,51.41,47.75,-116.81,46.7,-6.79,-151.51,-35.23,-34.43,-117.08,-59.76,56.66,-89.05
2025-07-28T17:50:45.302612,85.0,70.0,-173.0,110.0,0.0,-154.0,-73.0,-23.0,-180.0,-104.0,44.0,-158.0,76.41,70.75,-181.81,92.7,2.21,-127.51,-72.23,-34.43,-162.07999999999998,-100.76,24.66,-160.05
2025-07-28T17:50:45.310708,120.0,55.0,-160.0,17.0,-31.0,-211.0,45.0,-93.0,-119.0,-38.0,35.0,-144.0,111.41,55.75,-168.81,-0.3000000000000007,-28.79,-184.51,45.77,-104.43,-101.08,-34.76,15.66,-146.05
2025-07-28T17:50:45.314972,120.0,56.0,-94.0,81.0,-31.0,-101.0,-55.0,-21.0,-150.0,6.0,64.0,-119.0,111.41,56.75,-102.81,63.7,-28.79,-74.51,-54.23,-32.43,-132.07999999999998,9.24,44.66,-121.05
2025-07-28T17:50:45.322857,-14.0,40.0,-93.0,92.0,-70.0,-144.0,-72.0,-29.0,-216.0,-51.0,-1.0,-100.0,-22.59,40.75,-101.81,74.7,-67.79,-117.51,-71.23,-40.43,-198.07999999999998,-47.76,-20.34,-102.05
2025-07-28T17:50:45.327095,-30.0,61.0,-62.0,99.0,40.0,-144.0,-67.0,-72.0,-148.0,20.0,69.0,-39.0,-38.59,61.75,-70.81,81.7,42.21,-117.51,-66.23,-83.43,-130.07999999999998,23.240000000000002,49.66,-41.05
2025-07-28T17:50:45.335246,14.0,32.0,-132.0,89.0,25.0,-142.0,22.0,-65.0,-141.0,-38.0,84.0,-104.0,5.41,32.75,-140.81,71.7,27.21,-115.51,22.77,-76.43,-123.08,-34.76,64.66,-106.05
2025-07-28T17:50:45.339666,29.0,37.0,-133.0,37.0,-54.0,-114.0,-90.0,-20.0,-100.0,-21.0,-13.0,-77.0,20.41,37.75,-141.81,19.7,-51.79,-87.51,-89.23,-31.43,-82.08,-17.759999999999998,-32.34,-79.05
2025-07-28T17:50:45.347578,109.0,19.0,-71.0,83.0,-29.0,-231.0,-96.0,-31.0,-111.0,-43.0,62.0,-118.0,100.41,19.75,-79.81,65.7,-26.79,-204.51,-95.23,-42.43,-93.08,-39.76,42.66,-120.05
2025-07-28T17:50:45.351908,61.0,-22.0,-39.0,-11.0,-3.0,-145.0,-34.0,-21.0,-146.0,-3.0,6.0,-137.0,52.41,-21.25,-47.81,-28.3,-0.79,-118.51,-33.23,-32.43,-128.07999999999998,0.2400000000000002,-13.34,-139.05
2025-07-28T17:50:45.359748,-58.0,-37.0,-112.0,50.0,-37.0,-176.0,55.0,-27.0,-153.0,4.0,21.0,-93.0,-66.59,-36.25,-120.81,32.7,-34.79,-149.51,55.77,-38.43,-135.07999999999998,7.24,1.6600000000000001,-95.05
2025-07-28T17:50:45.364226,66.0,26.0,-113.0,50.0,-68.0,-59.0,-14.0,-78.0,-108.0,-115.0,34.0,-107.0,57.41,26.75,-121.81,32.7,-65.79,-32.510000000000005,-13.23,-89.43,-90.08,-111.76,14.66,-109.05
2025-07-28T17:50:45.372274,80.0,55.0,-221.0,15.0,-17.0,-141.0,-47.0,-46.0,-85.0,-111.0,-3.0,-82.0,71.41,55.75,-229.81,-2.3000000000000007,-14.79,-114.51,-46.23,-57.43,-67.08,-107.76,-22.34,-84.05
2025-07-28T17:50:45.376437,61.0,24.0,-127.0,21.0,-65.0,-158.0,-8.0,-51.0,-155.0,-43.0,29.0,-174.0,52.41,24.75,-135.81,3.6999999999999993,-62.79,-131.51,-7.23,-62.43,-137.07999999999998,-39.76,9.66,-176.05
2025-07-28T17:50:45.384578,-5.0,28.0,-125.0,48.0,-60.0,-213.0,-18.0,-55.0,-83.0,8.0,19.0,-162.0,-13.59,28.75,-133.81,30.7,-57.79,-186.51,-17.23,-66.43,-65.08,11.24,-0.33999999999999986,-164.05
2025-07-28T17:50:45.388530,100.0,48.0,-65.0,64.0,9.0,-171.0,-34.0,4.0,-146.0,-19.0,39.0,-153.0,91.41,48.75,-73.81,46.7,11.21,-144.51,-33.23,-7.43,-128.07999999999998,-15.76,19.66,-155.05
2025-07-28T17:50:45.396799,48.0,4.0,-124.0,46.0,-75.0,-168.0,-20.0,19.0,-122.0,59.0,-40.0,-89.0,39.41,4.75,-132.81,28.7,-72.79,-141.51,-19.23,7.57,-104.08,62.24,-59.34,-91.05
2025-07-28T17:50:45.404917,-10.0,74.0,-54.0,63.0,-94.0,-150.0,-31.0,0.0,-154.0,-24.0,68.0,-178.0,-18.59,74.75,-62.81,45.7,-91.79,-123.51,-30.23,-11.43,-136.07999999999998,-20.759999999999998,48.66,-180.05
2025-07-28T17:50:45.409235,16.0,87.0,-134.0,103.0,-4.0,-170.0,-2.0,-20.0,-189.0,-104.0,70.0,-173.0,7.41,87.75,-142.81,85.7,-1.79,-143.51,-1.23,-31.43,-171.07999999999998,-100.76,50.66,-175.05
2025-07-28T17:50:45.417106,87.0,21.0,-204.0,157.0,-61.0,-174.0,-47.0,-78.0,-139.0,-97.0,55.0,-221.0,78.41,21.75,-212.81,139.7,-58.79,-147.51,-46.23,-89.43,-121.08,-93.76,35.66,-223.05
2025-07-28T17:50:45.421407,116.0,-4.0,-209.0,140.0,-50.0,-202.0,-74.0,-23.0,-148.0,-93.0,21.0,-268.0,107.41,-3.25,-217.81,122.7,-47.79,-175.51,-73.23,-34.43,-130.07999999999998,-89.76,1.6600000000000001,-270.05
2025-07-28T17:50:45.429393,61.0,73.0,-170.0,142.0,-44.0,-158.0,-43.0,-56.0,-213.0,-99.0,103.0,-152.0,52.41,73.75,-178.81,124.7,-41.79,-131.51,-42.23,-67.43,-195.07999999999998,-95.76,83.66,-154.05
2025-07-28T17:50:45.433676,132.0,61.0,-203.0,170.0,-67.0,-202.0,-16.0,-57.0,-218.0,-62.0,99.0,-148.0,123.41,61.75,-211.81,152.7,-64.79,-175.51,-15.23,-68.43,-200.07999999999998,-58.76,79.66,-150.05
2025-07-28T17:50:45.441785,166.0,2.0,-201.0,168.0,-144.0,-184.0,-96.0,-53.0,-262.0,-161.0,64.0,-291.0,157.41,2.75,-209.81,150.7,-141.79,-157.51,-95.23,-64.43,-244.07999999999998,-157.76,44.66,-293.05
2025-07-28T17:50:45.450027,122.0,30.0,-175.0,179.0,-50.0,-262.0,-10.0,-102.0,-212.0,-12.0,102.0,-241.0,113.41,30.75,-183.81,161.7,-47.79,-235.51,-9.23,-113.43,-194.07999999999998,-8.76,82.66,-243.05
2025-07-28T17:50:45.454343,122.0,111.0,-226.0,178.0,-136.0,-265.0,-80.0,-76.0,-243.0,-78.0,58.0,-210.0,113.41,111.75,-234.81,160.7,-133.79,-238.51,-79.23,-87.43,-225.07999999999998,-74.76,38.66,-212.05
2025-07-28T17:50:45.462282,264.0,10.0,-247.0,136.0,-46.0,-261.0,-21.0,-110.0,-283.0,-120.0,113.0,-307.0,255.41,10.75,-255.81,118.7,-43.79,-234.51,-20.23,-121.43,-265.08,-116.76,93.66,-309.05
2025-07-28T17:50:45.466608,241.0,76.0,-204.0,225.0,-144.0,-282.0,-38.0,-227.0,-300.0,-53.0,150.0,-353.0,232.41,76.75,-212.81,207.7,-141.79,-255.51,-37.23,-238.43,-282.08,-49.76,130.66,-355.05
2025-07-28T17:50:45.474579,207.0,119.0,-220.0,208.0,-96.0,-239.0,-12.0,-176.0,-301.0,-94.0,136.0,-385.0,198.41,119.75,-228.81,190.7,-93.79,-212.51,-11.23,-187.43,-283.08,-90.76,116.66,-387.05
2025-07-28T17:50:45.482584,247.0,142.0,-238.0,235.0,-93.0,-211.0,-18.0,-162.0,-343.0,-94.0,123.0,-351.0,238.41,142.75,-246.81,217.7,-90.79,-184.51,-17.23,-173.43,-325.08,-90.76,103.66,-353.05
2025-07-28T17:50:45.486945,232.0,80.0,-211.0,222.0,-139.0,-330.0,-36.0,-156.0,-325.0,-70.0,117.0,-331.0,223.41,80.75,-219.81,204.7,-136.79,-303.51,-35.23,-167.43,-307.08,-66.76,97.66,-333.05
2025-07-28T17:50:45.495027,283.0,180.0,-329.0,268.0,-162.0,-289.0,-69.0,-203.0,-397.0,-113.0,141.0,-396.0,274.41,180.75,-337.81,250.7,-159.79,-262.51,-68.23,-214.43,-379.08,-109.76,121.66,-398.05
2025-07-28T17:50:45.503142,327.0,100.0,-297.0,298.0,-152.0,-363.0,-32.0,-174.0,-355.0,-117.0,161.0,-420.0,318.41,100.75,-305.81,280.7,-149.79,-336.51,-31.23,-185.43,-337.08,-113.76,141.66,-422.05
2025-07-28T17:50:45.507437,256.0,129.0,-396.0,248.0,-220.0,-313.0,-40.0,-186.0,-388.0,-35.0,163.0,-473.0,247.41,129.75,-404.81,230.7,-217.79,-286.51,-39.23,-197.43,-370.08,-31.759999999999998,143.66,-475.05
2025-07-28T17:50:45.515408,383.0,107.0,-307.0,322.0,-232.0,-303.0,21.0,-283.0,-347.0,-85.0,176.0,-465.0,374.41,107.75,-315.81,304.7,-229.79,-276.51,21.77,-294.43,-329.08,-81.76,156.66,-467.05
2025-07-28T17:50:45.519689,324.0,190.0,-368.0,363.0,-214.0,-315.0,-34.0,-258.0,-398.0,-61.0,123.0,-423.0,315.41,190.75,-376.81,345.7,-211.79,-288.51,-33.23,-269.43,-380.08,-57.76,103.66,-425.05
2025-07-28T17:50:45.527869,328.0,80.0,-287.0,395.0,-183.0,-316.0,-5.0,-329.0,-423.0,-112.0,140.0,-510.0,319.41,80.75,-295.81,377.7,-180.79,-289.51,-4.23,-340.43,-405.08,-108.76,120.66,-512.05
2025-07-28T17:50:45.535987,397.0,118.0,-349.0,324.0,-223.0,-330.0,-24.0,-245.0,-362.0,-85.0,162.0,-464.0,388.41,118.75,-357.81,306.7,-220.79,-303.51,-23.23,-256.43,-344.08,-81.76,142.66,-466.05
2025-07-28T17:50:45.540273,394.0,55.0,-400.0,314.0,-185.0,-338.0,-1.0,-266.0,-375.0,-162.0,207.0,-444.0,385.41,55.75,-408.81,296.7,-182.79,-311.51,-0.22999999999999998,-277.43,-357.08,-158.76,187.66,-446.05
2025-07-28T17:50:45.548310,372.0,44.0,-369.0,335.0,-255.0,-363.0,22.0,-266.0,-366.0,-133.0,125.0,-449.0,363.41,44.75,-377.81,317.7,-252.79,-336.51,22.77,-277.43,-348.08,-129.76,105.66,-451.05
2025-07-28T17:50:45.552476,377.0,105.0,-351.0,298.0,-122.0,-349.0,-21.0,-240.0,-364.0,-141.0,100.0,-489.0,368.41,105.75,-359.81,280.7,-119.79,-322.51,-20.23,-251.43,-346.08,-137.76,80.66,-491.05
2025-07-28T17:50:45.560673,327.0,112.0,-387.0,379.0,-230.0,-292.0,20.0,-256.0,-358.0,-132.0,176.0,-483.0,318.41,112.75,-395.81,361.7,-227.79,-265.51,20.77,-267.43,-340.08,-128.76,156.66,-485.05
2025-07-28T17:50:45.568749,389.0,82.0,-289.0,344.0,-198.0,-352.0,-31.0,-220.0,-362.0,-86.0,70.0,-483.0,380.41,82.75,-297.81,326.7,-195.79,-325.51,-30.23,-231.43,-344.08,-82.76,50.66,-485.05
2025-07-28T17:50:45.572966,379.0,72.0,-274.0,422.0,-160.0,-306.0,23.0,-290.0,-389.0,-204.0,143.0,-385.0,370.41,72.75,-282.81,404.7,-157.79,-279.51,23.77,-301.43,-371.08,-200.76,123.66,-387.05
2025-07-28T17:50:45.581050,417.0,79.0,-317.0,317.0,-269.0,-289.0,-78.0,-247.0,-371.0,-90.0,166.0,-464.0,408.41,79.75,-325.81,299.7,-266.79,-262.51,-77.23,-258.43,-353.08,-86.76,146.66,-466.05
2025-07-28T17:50:45.589121,396.0,58.0,-291.0,265.0,-228.0,-347.0,-76.0,-300.0,-441.0,-18.0,105.0,-439.0,387.41,58.75,-299.81,247.7,-225.79,-320.51,-75.23,-311.43,-423.08,-14.76,85.66,-441.05
2025-07-28T17:50:45.593548,425.0,91.0,-390.0,340.0,-196.0,-296.0,-28.0,-315.0,-408.0,-181.0,201.0,-426.0,416.41,91.75,-398.81,322.7,-193.79,-269.51,-27.23,-326.43,-390.08,-177.76,181.66,-428.05
2025-07-28T17:50:45.601466,342.0,47.0,-289.0,388.0,-197.0,-302.0,-31.0,-305.0,-388.0,-93.0,198.0,-457.0,333.41,47.75,-297.81,370.7,-194.79,-275.51,-30.23,-316.43,-370.08,-89.76,178.66,-459.05
2025-07-28T17:50:45.605682,421.0,27.0,-308.0,306.0,-131.0,-330.0,-119.0,-197.0,-358.0,-133.0,188.0,-447.0,412.41,27.75,-316.81,288.7,-128.79,-303.51,-118.23,-208.43,-340.08,-129.76,168.66,-449.05
2025-07-28T17:50:45.613899,319.0,18.0,-348.0,253.0,-151.0,-275.0,-10.0,-321.0,-355.0,-33.0,120.0,-524.0,310.41,18.75,-356.81,235.7,-148.79,-248.51,-9.23,-332.43,-337.08,-29.759999999999998,100.66,-526.05
2025-07-28T17:50:45.621990,359.0,2.0,-382.0,364.0,-146.0,-313.0,35.0,-311.0,-418.0,-137.0,102.0,-404.0,350.41,2.75,-390.81,346.7,-143.79,-286.51,35.77,-322.43,-400.08,-133.76,82.66,-406.05
2025-07-28T17:50:45.626126,378.0,52.0,-252.0,432.0,-211.0,-307.0,-20.0,-265.0,-387.0,-67.0,118.0,-459.0,369.41,52.75,-260.81,414.7,-208.79,-280.51,-19.23,-276.43,-369.08,-63.76,98.66,-461.05
2025-07-28T17:50:45.634403,350.0,18.0,-335.0,316.0,-237.0,-352.0,-76.0,-279.0,-366.0,-111.0,154.0,-469.0,341.41,18.75,-343.81,298.7,-234.79,-325.51,-75.23,-290.43,-348.08,-107.76,134.66,-471.05
2025-07-28T17:50:45.638520,401.0,75.0,-313.0,397.0,-233.0,-376.0,-35.0,-232.0,-396.0,-83.0,113.0,-452.0,392.41,75.75,-321.81,379.7,-230.79,-349.51,-34.23,-243.43,-378.08,-79.76,93.66,-454.05
2025-07-28T17:50:45.646656,334.0,51.0,-270.0,325.0,-276.0,-292.0,8.0,-255.0,-395.0,-83.0,37.0,-533.0,325.41,51.75,-278.81,307.7,-273.79,-265.51,8.77,-266.43,-377.08,-79.76,17.66,-535.05
2025-07-28T17:50:45.654590,307.0,122.0,-359.0,374.0,-256.0,-285.0,-37.0,-283.0,-314.0,-27.0,161.0,-504.0,298.41,122.75,-367.81,356.7,-253.79,-258.51,-36.23,-294.43,-296.08,-23.759999999999998,141.66,-506.05
2025-07-28T17:50:45.658945,318.0,29.0,-364.0,261.0,-191.0,-287.0,-59.0,-273.0,-329.0,-84.0,119.0,-477.0,309.41,29.75,-372.81,243.7,-188.79,-260.51,-58.23,-284.43,-311.08,-80.76,99.66,-479.05
2025-07-28T17:50:45.667168,300.0,6.0,-300.0,337.0,-197.0,-275.0,-59.0,-293.0,-425.0,-130.0,108.0,-497.0,291.41,6.75,-308.81,319.7,-194.79,-248.51,-58.23,-304.43,-407.08,-126.76,88.66,-499.05
2025-07-28T17:50:45.671294,346.0,60.0,-368.0,311.0,-162.0,-241.0,-106.0,-288.0,-386.0,-84.0,92.0,-519.0,337.41,60.75,-376.81,293.7,-159.79,-214.51,-105.23,-299.43,-368.08,-80.76,72.66,-521.05
2025-07-28T17:50:45.679428,370.0,13.0,-317.0,340.0,-153.0,-240.0,-103.0,-261.0,-365.0,-90.0,113.0,-420.0,361.41,13.75,-325.81,322.7,-150.79,-213.51,-102.23,-272.43,-347.08,-86.76,93.66,-422.05
2025-07-28T17:50:45.687382,339.0,11.0,-298.0,318.0,-248.0,-301.0,7.0,-306.0,-307.0,-130.0,188.0,-503.0,330.41,11.75,-306.81,300.7,-245.79,-274.51,7.77,-317.43,-289.08,-126.76,168.66,-505.05
2025-07-28T17:50:45.691756,378.0,59.0,-316.0,327.0,-238.0,-280.0,-120.0,-332.0,-397.0,-70.0,106.0,-463.0,369.41,59.75,-324.81,309.7,-235.79,-253.51,-119.23,-343.43,-379.08,-66.76,86.66,-465.05
2025-07-28T17:50:45.699933,396.0,15.0,-351.0,353.0,-221.0,-291.0,-26.0,-284.0,-333.0,-182.0,145.0,-404.0,387.41,15.75,-359.81,335.7,-218.79,-264.51,-25.23,-295.43,-315.08,-178.76,125.66,-406.05
2025-07-28T17:50:45.708022,374.0,6.0,-243.0,291.0,-223.0,-294.0,-20.0,-211.0,-359.0,-122.0,112.0,-490.0,365.41,6.75,-251.81,273.7,-220.79,-267.51,-19.23,-222.43,-341.08,-118.76,92.66,-492.05
2025-07-28T17:50:45.712214,315.0,-25.0,-340.0,313.0,-219.0,-297.0,-29.0,-256.0,-401.0,-65.0,58.0,-510.0,306.41,-24.25,-348.81,295.7,-216.79,-270.51,-28.23,-267.43,-383.08,-61.76,38.66,-512.05
2025-07-28T17:50:45.720268,309.0,14.0,-284.0,399.0,-253.0,-243.0,-25.0,-268.0,-311.0,-127.0,140.0,-543.0,300.41,14.75,-292.81,381.7,-250.79,-216.51,-24.23,-279.43,-293.08,-123.76,120.66,-545.05
2025-07-28T17:50:45.724672,333.0,69.0,-273.0,367.0,-209.0,-292.0,-68.0,-228.0,-402.0,-188.0,121.0,-499.0,324.41,69.75,-281.81,349.7,-206.79,-265.51,-67.23,-239.43,-384.08,-184.76,101.66,-501.05
2025-07-28T17:50:45.732539,347.0,3.0,-341.0,298.0,-202.0,-264.0,-27.0,-327.0,-389.0,-76.0,145.0,-428.0,338.41,3.75,-349.81,280.7,-199.79,-237.51,-26.23,-338.43,-371.08,-72.76,125.66,-430.05
2025-07-28T17:50:45.740889,340.0,0.0,-308.0,410.0,-251.0,-299.0,-79.0,-323.0,-373.0,-125.0,142.0,-488.0,331.41,0.75,-316.81,392.7,-248.79,-272.51,-78.23,-334.43,-355.08,-121.76,122.66,-490.05
2025-07-28T17:50:45.745093,356.0,79.0,-234.0,289.0,-203.0,-253.0,-60.0,-248.0,-361.0,-72.0,165.0,-485.0,347.41,79.75,-242.81,271.7,-200.79,-226.51,-59.23,-259.43,-343.08,-68.76,145.66,-487.05
2025-07-28T17:50:45.753124,338.0,66.0,-337.0,333.0,-196.0,-291.0,-45.0,-324.0,-362.0,-87.0,201.0,-476.0,329.41,66.75,-345.81,315.7,-193.79,-264.51,-44.23,-335.43,-344.08,-83.76,181.66,-478.05
2025-07-28T17:50:45.757401,410.0,17.0,-330.0,323.0,-196.0,-300.0,-94.0,-274.0,-355.0,-138.0,174.0,-512.0,401.41,17.75,-338.81,305.7,-193.79,-273.51,-93.23,-285.43,-337.08,-134.76,154.66,-514.05
2025-07-28T17:50:45.765475,329.0,49.0,-353.0,382.0,-205.0,-235.0,-62.0,-244.0,-346.0,-150.0,158.0,-493.0,320.41,49.75,-361.81,364.7,-202.79,-208.51,-61.23,-255.43,-328.08,-146.76,138.66,-495.05
2025-07-28T17:50:45.773578,382.0,91.0,-360.0,388.0,-207.0,-328.0,-19.0,-341.0,-339.0,-116.0,175.0,-483.0,373.41,91.75,-368.81,370.7,-204.79,-301.51,-18.23,-352.43,-321.08,-112.76,155.66,-485.05
2025-07-28T17:50:45.777638,440.0,5.0,-305.0,357.0,-248.0,-351.0,-116.0,-343.0,-477.0,-58.0,78.0,-486.0,431.41,5.75,-313.81,339.7,-245.79,-324.51,-115.23,-354.43,-459.08,-54.76,58.66,-488.05
2025-07-28T17:50:45.785765,326.0,106.0,-292.0,329.0,-168.0,-328.0,15.0,-308.0,-377.0,-102.0,163.0,-508.0,317.41,106.75,-300.81,311.7,-165.79,-301.51,15.77,-319.43,-359.08,-98.76,143.66,-510.05
2025-07-28T17:50:45.794056,359.0,122.0,-335.0,353.0,-224.0,-274.0,-44.0,-275.0,-317.0,-131.0,75.0,-476.0,350.41,122.75,-343.81,335.7,-221.79,-247.51,-43.23,-286.43,-299.08,-127.76,55.66,-478.05
2025-07-28T17:50:45.798181,366.0,67.0,-321.0,378.0,-223.0,-275.0,-57.0,-259.0,-384.0,-110.0,201.0,-527.0,357.41,67.75,-329.81,360.7,-220.79,-248.51,-56.23,-270.43,-366.08,-106.76,181.66,-529.05
2025-07-28T17:50:45.806499,313.0,100.0,-294.0,275.0,-202.0,-294.0,-37.0,-298.0,-373.0,-133.0,112.0,-557.0,304.41,100.75,-302.81,257.7,-199.79,-267.51,-36.23,-309.43,-355.08,-129.76,92.66,-559.05
2025-07-28T17:50:45.810616,360.0,9.0,-324.0,313.0,-213.0,-284.0,-36.0,-307.0,-366.0,-149.0,104.0,-502.0,351.41,9.75,-332.81,295.7,-210.79,-257.51,-35.23,-318.43,-348.08,-145.76,84.66,-504.05
2025-07-28T17:50:45.818635,333.0,27.0,-323.0,309.0,-207.0,-266.0,20.0,-246.0,-393.0,-77.0,150.0,-496.0,324.41,27.75,-331.81,291.7,-204.79,-239.51,20.77,-257.43,-375.08,-73.76,130.66,-498.05
2025-07-28T17:50:45.826783,330.0,15.0,-343.0,259.0,-168.0,-310.0,-66.0,-284.0,-340.0,-151.0,170.0,-506.0,321.41,15.75,-351.81,241.7,-165.79,-283.51,-65.23,-295.43,-322.08,-147.76,150.66,-508.05
2025-07-28T17:50:45.830949,404.0,55.0,-269.0,349.0,-223.0,-330.0,-91.0,-324.0,-410.0,-72.0,142.0,-515.0,395.41,55.75,-277.81,331.7,-220.79,-303.51,-90.23,-335.43,-392.08,-68.76,122.66,-517.05
2025-07-28T17:50:45.839070,357.0,77.0,-293.0,295.0,-184.0,-305.0,-73.0,-309.0,-394.0,-80.0,39.0,-485.0,348.41,77.75,-301.81,277.7,-181.79,-278.51,-72.23,-320.43,-376.08,-76.76,19.66,-487.05
2025-07-28T17:50:45.843421,392.0,31.0,-356.0,363.0,-151.0,-299.0,-72.0,-226.0,-363.0,-155.0,176.0,-478.0,383.41,31.75,-364.81,345.7,-148.79,-272.51,-71.23,-237.43,-345.08,-151.76,156.66,-480.05
2025-07-28T17:50:45.851462,356.0,71.0,-335.0,376.0,-164.0,-256.0,-33.0,-178.0,-402.0,-175.0,170.0,-434.0,347.41,71.75,-343.81,358.7,-161.79,-229.51,-32.23,-189.43,-384.08,-171.76,150.66,-436.05
2025-07-28T17:50:45.859450,459.0,46.0,-395.0,350.0,-126.0,-297.0,-28.0,-332.0,-372.0,-104.0,162.0,-449.0,450.41,46.75,-403.81,332.7,-123.79,-270.51,-27.23,-343.43,-354.08,-100.76,142.66,-451.05
2025-07-28T17:50:45.864678,360.0,34.0,-356.0,292.0,-238.0,-315.0,-63.0,-285.0,-403.0,-167.0,182.0,-510.0,351.41,34.75,-364.81,274.7,-235.79,-288.51,-62.23,-296.43,-385.08,-163.76,162.66,-512.05
2025-07-28T17:50:45.871842,382.0,28.0,-341.0,367.0,-197.0,-325.0,-33.0,-270.0,-362.0,-72.0,102.0,-486.0,373.41,28.75,-349.81,349.7,-194.79,-298.51,-32.23,-281.43,-344.08,-68.76,82.66,-488.05
2025-07-28T17:50:45.880099,361.0,91.0,-285.0,313.0,-200.0,-258.0,-107.0,-296.0,-342.0,-75.0,129.0,-419.0,352.41,91.75,-293.81,295.7,-197.79,-231.51,-106.23,-307.43,-324.08,-71.76,109.66,-421.05
2025-07-28T17:50:45.884319,321.0,38.0,-275.0,381.0,-210.0,-266.0,-26.0,-279.0,-344.0,-132.0,170.0,-435.0,312.41,38.75,-283.81,363.7,-207.79,-239.51,-25.23,-290.43,-326.08,-128.76,150.66,-437.05
2025-07-28T17:50:45.892336,323.0,99.0,-365.0,358.0,-210.0,-293.0,-7.0,-308.0,-396.0,-169.0,136.0,-420.0,314.41,99.75,-373.81,340.7,-207.79,-266.51,-6.23,-319.43,-378.08,-165.76,116.66,-422.05
2025-07-28T17:50:45.896683,416.0,77.0,-385.0,342.0,-281.0,-318.0,-88.0,-255.0,-416.0,-145.0,235.0,-510.0,407.41,77.75,-393.81,324.7,-278.79,-291.51,-87.23,-266.43,-398.08,-141.76,215.66,-512.05
2025-07-28T17:50:45.904543,335.0,17.0,-321.0,333.0,-209.0,-247.0,-19.0,-299.0,-385.0,-102.0,125.0,-515.0,326.41,17.75,-329.81,315.7,-206.79,-220.51,-18.23,-310.43,-367.08,-98.76,105.66,-517.05
2025-07-28T17:50:45.912647,311.0,45.0,-311.0,302.0,-249.0,-303.0,-137.0,-262.0,-334.0,-110.0,83.0,-520.0,302.41,45.75,-319.81,284.7,-246.79,-276.51,-136.23,-273.43,-316.08,-106.76,63.66,-522.05
2025-07-28T17:50:45.917201,368.0,-14.0,-303.0,347.0,-205.0,-300.0,-64.0,-337.0,-355.0,-104.0,145.0,-481.0,359.41,-13.25,-311.81,329.7,-202.79,-273.51,-63.23,-348.43,-337.08,-100.76,125.66,-483.05
2025-07-28T17:50:45.925157,360.0,72.0,-343.0,371.0,-219.0,-280.0,-75.0,-278.0,-412.0,-136.0,92.0,-413.0,351.41,72.75,-351.81,353.7,-216.79,-253.51,-74.23,-289.43,-394.08,-132.76,72.66,-415.05
2025-07-28T17:50:45.933272,401.0,44.0,-294.0,344.0,-152.0,-335.0,-57.0,-318.0,-453.0,-131.0,114.0,-501.0,392.41,44.75,-302.81,326.7,-149.79,-308.51,-56.23,-329.43,-435.08,-127.76,94.66,-503.05
2025-07-28T17:50:45.937581,301.0,19.0,-290.0,330.0,-248.0,-261.0,-41.0,-245.0,-335.0,-202.0,156.0,-514.0,292.41,19.75,-298.81,312.7,-245.79,-234.51,-40.23,-256.43,-317.08,-198.76,136.66,-516.05
2025-07-28T17:50:45.945587,325.0,93.0,-319.0,289.0,-180.0,-318.0,-87.0,-315.0,-332.0,-32.0,95.0,-495.0,316.41,93.75,-327.81,271.7,-177.79,-291.51,-86.23,-326.43,-314.08,-28.759999999999998,75.66,-497.05
2025-07-28T17:50:45.949787,386.0,12.0,-381.0,308.0,-192.0,-299.0,-21.0,-351.0,-427.0,-75.0,107.0,-428.0,377.41,12.75,-389.81,290.7,-189.79,-272.51,-20.23,-362.43,-409.08,-71.76,87.66,-430.05
2025-07-28T17:50:45.957814,388.0,52.0,-311.0,368.0,-195.0,-312.0,-78.0,-244.0,-358.0,-144.0,189.0,-472.0,379.41,52.75,-319.81,350.7,-192.79,-285.51,-77.23,-255.43,-340.08,-140.76,169.66,-474.05
2025-07-28T17:50:45.966085,343.0,2.0,-337.0,393.0,-157.0,-269.0,-59.0,-219.0,-380.0,-118.0,113.0,-416.0,334.41,2.75,-345.81,375.7,-154.79,-242.51,-58.23,-230.43,-362.08,-114.76,93.66,-418.05
2025-07-28T17:50:45.970315,392.0,80.0,-316.0,352.0,-227.0,-359.0,-59.0,-312.0,-378.0,-154.0,140.0,-521.0,383.41,80.75,-324.81,334.7,-224.79,-332.51,-58.23,-323.43,-360.08,-150.76,120.66,-523.05
2025-07-28T17:50:45.978337,331.0,23.0,-341.0,314.0,-270.0,-195.0,-60.0,-316.0,-363.0,-167.0,157.0,-468.0,322.41,23.75,-349.81,296.7,-267.79,-168.51,-59.23,-327.43,-345.08,-163.76,137.66,-470.05
2025-07-28T17:50:45.982683,395.0,7.0,-298.0,315.0,-262.0,-295.0,-28.0,-300.0,-382.0,-135.0,150.0,-486.0,386.41,7.75,-306.81,297.7,-259.79,-268.51,-27.23,-311.43,-364.08,-131.76,130.66,-488.05
2025-07-28T17:50:45.990717,393.0,-38.0,-325.0,355.0,-196.0,-294.0,10.0,-319.0,-378.0,-214.0,183.0,-436.0,384.41,-37.25,-333.81,337.7,-193.79,-267.51,10.77,-330.43,-360.08,-210.76,163.66,-438.05
2025-07-28T17:50:45.998899,378.0,46.0,-290.0,370.0,-177.0,-321.0,-57.0,-296.0,-382.0,-126.0,136.0,-442.0,369.41,46.75,-298.81,352.7,-174.79,-294.51,-56.23,-307.43,-364.08,-122.76,116.66,-444.05
2025-07-28T17:50:46.002919,357.0,94.0,-325.0,409.0,-209.0,-236.0,-122.0,-256.0,-379.0,-63.0,124.0,-451.0,348.41,94.75,-333.81,391.7,-206.79,-209.51,-121.23,-267.43,-361.08,-59.76,104.66,-453.05
2025-07-28T17:50:46.011509,396.0,54.0,-323.0,306.0,-208.0,-267.0,-27.0,-298.0,-342.0,-157.0,158.0,-505.0,387.41,54.75,-331.81,288.7,-205.79,-240.51,-26.23,-309.43,-324.08,-153.76,138.66,-507.05
2025-07-28T17:50:46.019343,321.0,36.0,-344.0,310.0,-246.0,-300.0,-97.0,-246.0,-402.0,-118.0,146.0,-445.0,312.41,36.75,-352.81,292.7,-243.79,-273.51,-96.23,-257.43,-384.08,-114.76,126.66,-447.05
2025-07-28T17:50:46.023476,398.0,19.0,-319.0,331.0,-215.0,-316.0,-56.0,-285.0,-304.0,-180.0,156.0,-568.0,389.41,19.75,-327.81,313.7,-212.79,-289.51,-55.23,-296.43,-286.08,-176.76,136.66,-570.05
2025-07-28T17:50:46.031605,334.0,60.0,-309.0,369.0,-193.0,-276.0,-24.0,-246.0,-391.0,-80.0,68.0,-500.0,325.41,60.75,-317.81,351.7,-190.79,-249.51,-23.23,-257.43,-373.08,-76.76,48.66,-502.05
2025-07-28T17:50:46.035760,341.0,77.0,-290.0,277.0,-226.0,-239.0,-35.0,-278.0,-381.0,-178.0,104.0,-392.0,332.41,77.75,-298.81,259.7,-223.79,-212.51,-34.23,-289.43,-363.08,-174.76,84.66,-394.05
2025-07-28T17:50:46.043958,475.0,32.0,-316.0,423.0,-229.0,-326.0,-69.0,-273.0,-397.0,-69.0,91.0,-427.0,466.41,32.75,-324.81,405.7,-226.79,-299.51,-68.23,-284.43,-379.08,-65.76,71.66,-429.05
2025-07-28T17:50:46.051993,395.0,26.0,-292.0,314.0,-237.0,-266.0,-76.0,-219.0,-375.0,-64.0,108.0,-447.0,386.41,26.75,-300.81,296.7,-234.79,-239.51,-75.23,-230.43,-357.08,-60.76,88.66,-449.05
2025-07-28T17:50:46.056909,356.0,29.0,-281.0,342.0,-228.0,-354.0,-9.0,-284.0,-397.0,-136.0,171.0,-415.0,347.41,29.75,-289.81,324.7,-225.79,-327.51,-8.23,-295.43,-379.08,-132.76,151.66,-417.05
2025-07-28T17:50:46.064429,377.0,30.0,-299.0,307.0,-224.0,-290.0,-91.0,-277.0,-404.0,-194.0,130.0,-526.0,368.41,30.75,-307.81,289.7,-221.79,-263.51,-90.23,-288.43,-386.08,-190.76,110.66,-528.05
2025-07-28T17:50:46.068493,355.0,31.0,-358.0,347.0,-193.0,-276.0,-97.0,-277.0,-415.0,-116.0,59.0,-456.0,346.41,31.75,-366.81,329.7,-190.79,-249.51,-96.23,-288.43,-397.08,-112.76,39.66,-458.05
2025-07-28T17:50:46.076713,377.0,24.0,-351.0,319.0,-195.0,-331.0,-54.0,-241.0,-421.0,-123.0,143.0,-417.0,368.41,24.75,-359.81,301.7,-192.79,-304.51,-53.23,-252.43,-403.08,-119.76,123.66,-419.05
2025-07-28T17:50:46.084759,296.0,18.0,-292.0,337.0,-184.0,-279.0,-98.0,-288.0,-385.0,-215.0,137.0,-481.0,287.41,18.75,-300.81,319.7,-181.79,-252.51,-97.23,-299.43,-367.08,-211.76,117.66,-483.05
2025-07-28T17:50:46.089057,392.0,40.0,-340.0,378.0,-200.0,-282.0,-41.0,-256.0,-409.0,-98.0,116.0,-439.0,383.41,40.75,-348.81,360.7,-197.79,-255.51,-40.23,-267.43,-391.08,-94.76,96.66,-441.05
2025-07-28T17:50:46.097168,366.0,50.0,-400.0,306.0,-214.0,-252.0,7.0,-293.0,-339.0,-85.0,146.0,-477.0,357.41,50.75,-408.81,288.7,-211.79,-225.51,7.77,-304.43,-321.08,-81.76,126.66,-479.05
2025-07-28T17:50:46.101382,310.0,64.0,-278.0,361.0,-224.0,-246.0,-18.0,-247.0,-405.0,-171.0,112.0,-474.0,301.41,64.75,-286.81,343.7,-221.79,-219.51,-17.23,-258.43,-387.08,-167.76,92.66,-476.05
2025-07-28T17:50:46.109449,331.0,91.0,-370.0,334.0,-213.0,-267.0,-63.0,-227.0,-391.0,-172.0,60.0,-448.0,322.41,91.75,-378.81,316.7,-210.79,-240.51,-62.23,-238.43,-373.08,-168.76,40.66,-450.05
2025-07-28T17:50:46.117470,389.0,-18.0,-355.0,315.0,-159.0,-281.0,-61.0,-315.0,-381.0,-108.0,195.0,-451.0,380.41,-17.25,-363.81,297.7,-156.79,-254.51,-60.23,-326.43,-363.08,-104.76,175.66,-453.05
2025-07-28T17:50:46.121845,409.0,37.0,-288.0,365.0,-177.0,-238.0,-72.0,-289.0,-361.0,-71.0,199.0,-441.0,400.41,37.75,-296.81,347.7,-174.79,-211.51,-71.23,-300.43,-343.08,-67.76,179.66,-443.05
2025-07-28T17:50:46.129863,323.0,71.0,-342.0,335.0,-200.0,-290.0,-9.0,-242.0,-336.0,-119.0,135.0,-441.0,314.41,71.75,-350.81,317.7,-197.79,-263.51,-8.23,-253.43,-318.08,-115.76,115.66,-443.05
2025-07-28T17:50:46.138008,467.0,38.0,-293.0,379.0,-184.0,-311.0,-53.0,-288.0,-336.0,-165.0,160.0,-480.0,458.41,38.75,-301.81,361.7,-181.79,-284.51,-52.23,-299.43,-318.08,-161.76,140.66,-482.05
2025-07-28T17:50:46.142372,378.0,11.0,-271.0,380.0,-149.0,-303.0,-122.0,-215.0,-432.0,-167.0,105.0,-432.0,369.41,11.75,-279.81,362.7,-146.79,-276.51,-121.23,-226.43,-414.08,-163.76,85.66,-434.05
2025-07-28T17:50:46.150493,374.0,1.0,-352.0,306.0,-185.0,-300.0,-87.0,-280.0,-379.0,-165.0,122.0,-468.0,365.41,1.75,-360.81,288.7,-182.79,-273.51,-86.23,-291.43,-361.08,-161.76,102.66,-470.05
2025-07-28T17:50:46.154972,386.0,32.0,-321.0,293.0,-178.0,-348.0,-78.0,-204.0,-387.0,-84.0,87.0,-421.0,377.41,32.75,-329.81,275.7,-175.79,-321.51,-77.23,-215.43,-369.08,-80.76,67.66,-423.05
2025-07-28T17:50:46.162653,298.0,7.0,-294.0,343.0,-158.0,-287.0,9.0,-268.0,-378.0,-167.0,124.0,-413.0,289.41,7.75,-302.81,325.7,-155.79,-260.51,9.77,-279.43,-360.08,-163.76,104.66,-415.05
2025-07-28T17:50:46.170784,358.0,57.0,-272.0,438.0,-170.0,-317.0,-127.0,-257.0,-393.0,-95.0,162.0,-426.0,349.41,57.75,-280.81,420.7,-167.79,-290.51,-126.23,-268.43,-375.08,-91.76,142.66,-428.05
2025-07-28T17:50:46.175032,318.0,86.0,-313.0,345.0,-169.0,-260.0,-84.0,-264.0,-401.0,-84.0,111.0,-459.0,309.41,86.75,-321.81,327.7,-166.79,-233.51,-83.23,-275.43,-383.08,-80.76,91.66,-461.05
2025-07-28T17:50:46.183082,307.0,61.0,-344.0,373.0,-142.0,-347.0,-118.0,-258.0,-365.0,-167.0,199.0,-404.0,298.41,61.75,-352.81,355.7,-139.79,-320.51,-117.23,-269.43,-347.08,-163.76,179.66,-406.05
2025-07-28T17:50:46.187482,316.0,24.0,-350.0,407.0,-187.0,-355.0,-98.0,-326.0,-382.0,-199.0,125.0,-438.0,307.41,24.75,-358.81,389.7,-184.79,-328.51,-97.23,-337.43,-364.08,-195.76,105.66,-440.05
2025-07-28T17:50:46.195563,317.0,74.0,-316.0,356.0,-108.0,-320.0,-129.0,-199.0,-343.0,-75.0,150.0,-411.0,308.41,74.75,-324.81,338.7,-105.79,-293.51,-128.23,-210.43,-325.08,-71.76,130.66,-413.05
2025-07-28T17:50:46.203496,296.0,39.0,-233.0,324.0,-161.0,-238.0,-82.0,-202.0,-367.0,-104.0,132.0,-427.0,287.41,39.75,-241.81,306.7,-158.79,-211.51,-81.23,-213.43,-349.08,-100.76,112.66,-429.05
2025-07-28T17:50:46.207708,364.0,-25.0,-258.0,294.0,-118.0,-252.0,-95.0,-221.0,-352.0,-80.0,36.0,-451.0,355.41,-24.25,-266.81,276.7,-115.79,-225.51,-94.23,-232.43,-334.08,-76.76,16.66,-453.05
2025-07-28T17:50:46.215994,250.0,82.0,-275.0,264.0,-124.0,-243.0,-17.0,-197.0,-273.0,-124.0,85.0,-331.0,241.41,82.75,-283.81,246.7,-121.79,-216.51,-16.23,-208.43,-255.07999999999998,-120.76,65.66,-333.05
2025-07-28T17:50:46.223988,291.0,14.0,-272.0,240.0,-122.0,-232.0,-57.0,-176.0,-240.0,-22.0,67.0,-367.0,282.41,14.75,-280.81,222.7,-119.79,-205.51,-56.23,-187.43,-222.07999999999998,-18.759999999999998,47.66,-369.05
2025-07-28T17:50:46.228279,322.0,40.0,-134.0,243.0,-103.0,-189.0,-47.0,-170.0,-309.0,-73.0,100.0,-360.0,313.41,40.75,-142.81,225.7,-100.79,-162.51,-46.23,-181.43,-291.08,-69.76,80.66,-362.05
2025-07-28T17:50:46.236471,275.0,37.0,-184.0,213.0,-120.0,-200.0,-35.0,-179.0,-281.0,-102.0,69.0,-334.0,266.41,37.75,-192.81,195.7,-117.79,-173.51,-34.23,-190.43,-263.08,-98.76,49.66,-336.05
2025-07-28T17:50:46.240651,290.0,-59.0,-176.0,222.0,-97.0,-182.0,-52.0,-196.0,-254.0,-82.0,49.0,-300.0,281.41,-58.25,-184.81,204.7,-94.79,-155.51,-51.23,-207.43,-236.07999999999998,-78.76,29.66,-302.05
2025-07-28T17:50:46.248679,298.0,-59.0,-230.0,172.0,-43.0,-146.0,-48.0,-141.0,-216.0,-73.0,91.0,-271.0,289.41,-58.25,-238.81,154.7,-40.79,-119.51,-47.23,-152.43,-198.07999999999998,-69.76,71.66,-273.05
2025-07-28T17:50:46.252906,202.0,34.0,-226.0,222.0,-155.0,-195.0,-33.0,-101.0,-231.0,-70.0,20.0,-336.0,193.41,34.75,-234.81,204.7,-152.79,-168.51,-32.23,-112.43,-213.07999999999998,-66.76,0.6600000000000001,-338.05
2025-07-28T17:50:46.261047,228.0,-8.0,-172.0,154.0,-30.0,-168.0,-41.0,-193.0,-258.0,-68.0,92.0,-325.0,219.41,-7.25,-180.81,136.7,-27.79,-141.51,-40.23,-204.43,-240.07999999999998,-64.76,72.66,-327.05
2025-07-28T17:50:46.269086,209.0,-39.0,-147.0,158.0,-73.0,-238.0,-15.0,-75.0,-211.0,-118.0,112.0,-196.0,200.41,-38.25,-155.81,140.7,-70.79,-211.51,-14.23,-86.43,-193.07999999999998,-114.76,92.66,-198.05
2025-07-28T17:50:46.273410,147.0,27.0,-198.0,169.0,-16.0,-178.0,33.0,-110.0,-232.0,-84.0,17.0,-289.0,138.41,27.75,-206.81,151.7,-13.79,-151.51,33.77,-121.43,-214.07999999999998,-80.76,-2.34,-291.05
2025-07-28T17:50:46.281504,197.0,-21.0,-179.0,184.0,-56.0,-161.0,15.0,-155.0,-185.0,-47.0,5.0,-249.0,188.41,-20.25,-187.81,166.7,-53.79,-134.51,15.77,-166.43,-167.07999999999998,-43.76,-14.34,-251.05
2025-07-28T17:50:46.285672,161.0,-14.0,-105.0,128.0,-73.0,-183.0,-59.0,-100.0,-175.0,-15.0,42.0,-135.0,152.41,-13.25,-113.81,110.7,-70.79,-156.51,-58.23,-111.43,-157.07999999999998,-11.76,22.66,-137.05
2025-07-28T17:50:46.293677,107.0,17.0,-114.0,160.0,20.0,-228.0,34.0,-52.0,-176.0,-75.0,81.0,-126.0,98.41,17.75,-122.81,142.7,22.21,-201.51,34.77,-63.43,-158.07999999999998,-71.76,61.66,-128.05
2025-07-28T17:50:46.298074,86.0,22.0,-157.0,132.0,-72.0,-124.0,-1.0,-55.0,-139.0,-107.0,54.0,-215.0,77.41,22.75,-165.81,114.7,-69.79,-97.51,-0.22999999999999998,-66.43,-121.08,-103.76,34.66,-217.05
2025-07-28T17:50:46.306006,89.0,1.0,-173.0,135.0,-77.0,-156.0,-109.0,-52.0,-148.0,-139.0,10.0,-259.0,80.41,1.75,-181.81,117.7,-74.79,-129.51,-108.23,-63.43,-130.07999999999998,-135.76,-9.34,-261.05
2025-07-28T17:50:46.314080,146.0,-17.0,-137.0,134.0,-36.0,-126.0,-12.0,-22.0,-87.0,-74.0,49.0,-163.0,137.41,-16.25,-145.81,116.7,-33.79,-99.51,-11.23,-33.43,-69.08,-70.76,29.66,-165.05
2025-07-28T17:50:46.318366,40.0,37.0,-109.0,125.0,-28.0,-139.0,-21.0,-28.0,-237.0,-102.0,11.0,-160.0,31.41,37.75,-117.81,107.7,-25.79,-112.51,-20.23,-39.43,-219.07999999999998,-98.76,-8.34,-162.05
2025-07-28T17:50:46.326442,66.0,53.0,-125.0,105.0,-17.0,-116.0,-11.0,17.0,-70.0,2.0,15.0,-180.0,57.41,53.75,-133.81,87.7,-14.79,-89.51,-10.23,5.57,-52.08,5.24,-4.34,-182.05
2025-07-28T17:50:46.330623,44.0,1.0,-125.0,69.0,-92.0,-153.0,-40.0,-46.0,-173.0,-16.0,10.0,-148.0,35.41,1.75,-133.81,51.7,-89.79,-126.51,-39.23,-57.43,-155.07999999999998,-12.76,-9.34,-150.05
2025-07-28T17:50:46.338722,90.0,43.0,-138.0,42.0,-16.0,-134.0,-87.0,-49.0,-171.0,-43.0,101.0,-140.0,81.41,43.75,-146.81,24.7,-13.79,-107.51,-86.23,-60.43,-153.07999999999998,-39.76,81.66,-142.05
2025-07-28T17:50:46.343114,111.0,-12.0,-43.0,11.0,-78.0,-136.0,9.0,-116.0,-121.0,-83.0,106.0,-180.0,102.41,-11.25,-51.81,-6.300000000000001,-75.79,-109.51,9.77,-127.43,-103.08,-79.76,86.66,-182.05
2025-07-28T17:50:46.351230,66.0,-6.0,-118.0,42.0,-71.0,-157.0,-26.0,10.0,-157.0,-37.0,92.0,-115.0,57.41,-5.25,-126.81,24.7,-68.79,-130.51,-25.23,-1.4299999999999997,-139.07999999999998,-33.76,72.66,-117.05
2025-07-28T17:50:46.355319,94.0,73.0,-111.0,53.0,-43.0,-185.0,-20.0,13.0,-181.0,-31.0,53.0,-61.0,85.41,73.75,-119.81,35.7,-40.79,-158.51,-19.23,1.5700000000000003,-163.07999999999998,-27.759999999999998,33.66,-63.05
2025-07-28T17:50:46.363410,52.0,-2.0,-190.0,77.0,-38.0,-107.0,-44.0,3.0,-120.0,-96.0,-30.0,-58.0,43.41,-1.25,-198.81,59.7,-35.79,-80.51,-43.23,-8.43,-102.08,-92.76,-49.34,-60.05
2025-07-28T17:50:46.367426,55.0,37.0,-129.0,39.0,-14.0,-197.0,12.0,9.0,-103.0,-19.0,17.0,-126.0,46.41,37.75,-137.81,21.7,-11.79,-170.51,12.77,-2.4299999999999997,-85.08,-15.76,-2.34,-128.05
2025-07-28T17:50:46.375467,-41.0,-3.0,-85.0,63.0,-92.0,-226.0,7.0,-5.0,-134.0,-116.0,24.0,-79.0,-49.59,-2.25,-93.81,45.7,-89.79,-199.51,7.77,-16.43,-116.08,-112.76,4.66,-81.05
2025-07-28T17:50:46.383577,55.0,-39.0,-20.0,91.0,26.0,-103.0,-85.0,18.0,-182.0,-16.0,79.0,-101.0,46.41,-38.25,-28.810000000000002,73.7,28.21,-76.51,-84.23,6.57,-164.07999999999998,-12.76,59.66,-103.05
2025-07-28T17:50:46.388016,29.0,32.0,-95.0,111.0,-39.0,-81.0,-73.0,-20.0,-60.0,-15.0,58.0,-136.0,20.41,32.75,-103.81,93.7,-36.79,-54.510000000000005,-72.23,-31.43,-42.08,-11.76,38.66,-138.05
2025-07-28T17:50:46.395934,22.0,53.0,-135.0,114.0,1.0,-135.0,-25.0,45.0,-182.0,-24.0,-35.0,-100.0,13.41,53.75,-143.81,96.7,3.21,-108.51,-24.23,33.57,-164.07999999999998,-20.759999999999998,-54.34,-102.05
2025-07-28T17:50:46.400260,83.0,39.0,-81.0,79.0,-10.0,-158.0,42.0,-47.0,-138.0,-6.0,-8.0,-113.0,74.41,39.75,-89.81,61.7,-7.79,-131.51,42.77,-58.43,-120.08,-2.76,-27.34,-115.05
2025-07-28T17:50:46.408285,104.0,47.0,-175.0,40.0,20.0,-127.0,-3.0,-15.0,-137.0,-83.0,29.0,-118.0,95.41,47.75,-183.81,22.7,22.21,-100.51,-2.23,-26.43,-119.08,-79.76,9.66,-120.05
2025-07-28T17:50:46.412623,61.0,20.0,-109.0,27.0,-1.0,-134.0,-73.0,-44.0,-106.0,-108.0,56.0,-173.0,52.41,20.75,-117.81,9.7,1.21,-107.51,-72.23,-55.43,-88.08,-104.76,36.66,-175.05
2025-07-28T17:50:46.421000,24.0,-13.0,-136.0,105.0,-18.0,-216.0,-83.0,-56.0,-57.0,-20.0,106.0,-167.0,15.41,-12.25,-144.81,87.7,-15.79,-189.51,-82.23,-67.43,-39.08,-16.759999999999998,86.66,-169.05
2025-07-28T17:50:46.424812,-10.0,-8.0,-127.0,25.0,-16.0,-172.0,-15.0,76.0,-176.0,-44.0,50.0,-85.0,-18.59,-7.25,-135.81,7.699999999999999,-13.79,-145.51,-14.23,64.57,-158.07999999999998,-40.76,30.66,-87.05
2025-07-28T17:50:46.432911,70.0,52.0,-69.0,39.0,-17.0,-118.0,-74.0,-4.0,-152.0,5.0,3.0,-82.0,61.41,52.75,-77.81,21.7,-14.79,-91.51,-73.23,-15.43,-134.07999999999998,8.24,-16.34,-84.05
2025-07-28T17:50:46.437051,102.0,28.0,-132.0,48.0,7.0,-177.0,-15.0,-14.0,-133.0,-80.0,60.0,-160.0,93.41,28.75,-140.81,30.7,9.21,-150.51,-14.23,-25.43,-115.08,-76.76,40.66,-162.05
2025-07-28T17:50:46.445231,93.0,0.0,-174.0,115.0,-1.0,-166.0,21.0,-57.0,-132.0,-11.0,73.0,-133.0,84.41,0.75,-182.81,97.7,1.21,-139.51,21.77,-68.43,-114.08,-7.76,53.66,-135.05
2025-07-28T17:50:46.449579,117.0,16.0,-147.0,48.0,-35.0,-178.0,-26.0,-28.0,-158.0,-11.0,19.0,-61.0,108.41,16.75,-155.81,30.7,-32.79,-151.51,-25.23,-39.43,-140.07999999999998,-7.76,-0.33999999999999986,-63.05
2025-07-28T17:50:46.457553,4.0,-14.0,-88.0,90.0,-33.0,-179.0,-25.0,-39.0,-86.0,-29.0,27.0,-166.0,-4.59,-13.25,-96.81,72.7,-30.79,-152.51,-24.23,-50.43,-68.08,-25.759999999999998,7.66,-168.05
2025-07-28T17:50:46.461764,-27.0,89.0,-62.0,67.0,13.0,-171.0,-47.0,-19.0,-54.0,25.0,88.0,-118.0,-35.59,89.75,-70.81,49.7,15.21,-144.51,-46.23,-30.43,-36.08,28.240000000000002,68.66,-120.05
2025-07-28T17:50:46.469902,30.0,65.0,-132.0,18.0,-67.0,-139.0,-65.0,-28.0,-191.0,-46.0,26.0,-86.0,21.41,65.75,-140.81,0.6999999999999993,-64.79,-112.51,-64.23,-39.43,-173.07999999999998,-42.76,6.66,-88.05
2025-07-28T17:50:46.478015,112.0,29.0,-182.0,31.0,5.0,-97.0,-32.0,-35.0,-153.0,-27.0,-46.0,-134.0,103.41,29.75,-190.81,13.7,7.21,-70.51,-31.23,-46.43,-135.07999999999998,-23.759999999999998,-65.34,-136.05
2025-07-28T17:50:46.482163,18.0,-31.0,-127.0,47.0,-66.0,-184.0,19.0,-23.0,-178.0,-58.0,63.0,-114.0,9.41,-30.25,-135.81,29.7,-63.79,-157.51,19.77,-34.43,-160.07999999999998,-54.76,43.66,-116.05
2025-07-28T17:50:46.490145,69.0,50.0,-97.0,44.0,-17.0,-136.0,-49.0,-3.0,-114.0,-42.0,-3.0,-96.0,60.41,50.75,-105.81,26.7,-14.79,-109.51,-48.23,-14.43,-96.08,-38.76,-22.34,-98.05
2025-07-28T17:50:46.494541,24.0,14.0,-102.0,56.0,-94.0,-104.0,1.0,-4.0,-142.0,39.0,21.0,-110.0,15.41,14.75,-110.81,38.7,-91.79,-77.51,1.77,-15.43,-124.08,42.24,1.6600000000000001,-112.05
2025-07-28T17:50:46.502352,88.0,-3.0,-81.0,54.0,22.0,-166.0,7.0,-46.0,-115.0,5.0,26.0,-125.0,79.41,-2.25,-89.81,36.7,24.21,-139.51,7.77,-57.43,-97.08,8.24,6.66,-127.05
2025-07-28T17:50:46.506837,41.0,84.0,-116.0,150.0,-36.0,-139.0,-85.0,10.0,-164.0,37.0,47.0,-52.0,32.41,84.75,-124.81,132.7,-33.79,-112.51,-84.23,-1.4299999999999997,-146.07999999999998,40.24,27.66,-54.05
2025-07-28T17:50:46.514935,113.0,22.0,-104.0,89.0,-123.0,-122.0,-10.0,13.0,-177.0,-72.0,18.0,-145.0,104.41,22.75,-112.81,71.7,-120.79,-95.51,-9.23,1.5700000000000003,-159.07999999999998,-68.76,-1.3399999999999999,-147.05
2025-07-28T17:50:46.519143,61.0,10.0,-28.0,-12.0,2.0,-103.0,-85.0,-44.0,-76.0,-30.0,50.0,-210.0,52.41,10.75,-36.81,-29.3,4.21,-76.51,-84.23,-55.43,-58.08,-26.759999999999998,30.66,-212.05
2025-07-28T17:50:46.527247,-2.0,0.0,-66.0,33.0,6.0,-214.0,-65.0,-63.0,-72.0,-17.0,66.0,-145.0,-10.59,0.75,-74.81,15.7,8.21,-187.51,-64.23,-74.43,-54.08,-13.76,46.66,-147.05
2025-07-28T17:50:46.531436,17.0,20.0,-64.0,62.0,46.0,-129.0,-31.0,15.0,-100.0,3.0,12.0,-115.0,8.41,20.75,-72.81,44.7,48.21,-102.51,-30.23,3.5700000000000003,-82.08,6.24,-7.34,-117.05
2025-07-28T17:50:46.539345,33.0,19.0,-127.0,93.0,15.0,-138.0,-23.0,-31.0,-143.0,-77.0,-15.0,-127.0,24.41,19.75,-135.81,75.7,17.21,-111.51,-22.23,-42.43,-125.08,-73.76,-34.34,-129.05
2025-07-28T17:50:46.543482,29.0,7.0,-177.0,62.0,-73.0,-174.0,-2.0,-90.0,-61.0,-32.0,72.0,-95.0,20.41,7.75,-185.81,44.7,-70.79,-147.51,-1.23,-101.43,-43.08,-28.759999999999998,52.66,-97.05
2025-07-28T17:50:46.551654,13.0,78.0,-87.0,43.0,-91.0,-129.0,-37.0,-92.0,-90.0,-104.0,87.0,-37.0,4.41,78.75,-95.81,25.7,-88.79,-102.51,-36.23,-103.43,-72.08,-100.76,67.66,-39.05
2025-07-28T17:50:46.555940,95.0,-30.0,-139.0,34.0,-24.0,-118.0,-43.0,-33.0,-130.0,-66.0,53.0,-92.0,86.41,-29.25,-147.81,16.7,-21.79,-91.51,-42.23,-44.43,-112.08,-62.76,33.66,-94.05
2025-07-28T17:50:46.564127,23.0,30.0,-37.0,97.0,-23.0,-158.0,-29.0,-48.0,-74.0,24.0,92.0,-140.0,14.41,30.75,-45.81,79.7,-20.79,-131.51,-28.23,-59.43,-56.08,27.240000000000002,72.66,-142.05
2025-07-28T17:50:46.568376,5.0,-3.0,-175.0,-11.0,-13.0,-164.0,-104.0,15.0,-143.0,-36.0,53.0,-116.0,-3.59,-2.25,-183.81,-28.3,-10.79,-137.51,-103.23,3.5700000000000003,-125.08,-32.76,33.66,-118.05
2025-07-28T17:50:46.576378,30.0,18.0,-109.0,62.0,-5.0,-187.0,43.0,11.0,-180.0,-87.0,51.0,-146.0,21.41,18.75,-117.81,44.7,-2.79,-160.51,43.77,-0.4299999999999997,-162.07999999999998,-83.76,31.66,-148.05
2025-07-28T17:50:46.580471,5.0,41.0,-67.0,71.0,-26.0,-124.0,-89.0,-63.0,-148.0,-36.0,3.0,-149.0,-3.59,41.75,-75.81,53.7,-23.79,-97.51,-88.23,-74.43,-130.07999999999998,-32.76,-16.34,-151.05
2025-07-28T17:50:46.588673,48.0,-37.0,-171.0,0.0,-19.0,-97.0,-27.0,-5.0,-85.0,-55.0,66.0,-165.0,39.41,-36.25,-179.81,-17.3,-16.79,-70.51,-26.23,-16.43,-67.08,-51.76,46.66,-167.05
2025-07-28T17:50:46.592722,29.0,34.0,-104.0,5.0,-17.0,-128.0,-75.0,-58.0,-90.0,-86.0,-66.0,-87.0,20.41,34.75,-112.81,-12.3,-14.79,-101.51,-74.23,-69.43,-72.08,-82.76,-85.34,-89.05
2025-07-28T17:50:46.600997,-10.0,-7.0,-47.0,58.0,-15.0,-130.0,-28.0,49.0,-118.0,15.0,64.0,-187.0,-18.59,-6.25,-55.81,40.7,-12.79,-103.51,-27.23,37.57,-100.08,18.240000000000002,44.66,-189.05
2025-07-28T17:50:46.608861,-27.0,-28.0,-50.0,9.0,-39.0,-102.0,-33.0,-49.0,-206.0,-35.0,28.0,-101.0,-35.59,-27.25,-58.81,-8.3,-36.79,-75.51,-32.23,-60.43,-188.07999999999998,-31.759999999999998,8.66,-103.05
2025-07-28T17:50:46.613295,16.0,58.0,-112.0,94.0,-14.0,-96.0,-6.0,-11.0,-130.0,-55.0,21.0,-81.0,7.41,58.75,-120.81,76.7,-11.79,-69.51,-5.23,-22.43,-112.08,-51.76,1.6600000000000001,-83.05
2025-07-28T17:50:46.621177,34.0,-28.0,-84.0,42.0,-69.0,-115.0,-59.0,-74.0,-131.0,-57.0,3.0,-88.0,25.41,-27.25,-92.81,24.7,-66.79,-88.51,-58.23,-85.43,-113.08,-53.76,-16.34,-90.05
2025-07-28T17:50:46.625563,22.0,69.0,-207.0,84.0,-29.0,-181.0,-34.0,42.0,-103.0,-87.0,50.0,-105.0,13.41,69.75,-215.81,66.7,-26.79,-154.51,-33.23,30.57,-85.08,-83.76,30.66,-107.05
2025-07-28T17:50:46.633635,62.0,26.0,-83.0,-4.0,-39.0,-146.0,-25.0,-90.0,-92.0,-99.0,-8.0,-155.0,53.41,26.75,-91.81,-21.3,-36.79,-119.51,-24.23,-101.43,-74.08,-95.76,-27.34,-157.05
2025-07-28T17:50:46.637930,72.0,-62.0,-88.0,10.0,-23.0,-121.0,-6.0,14.0,-169.0,-47.0,20.0,-107.0,63.41,-61.25,-96.81,-7.300000000000001,-20.79,-94.51,-5.23,2.5700000000000003,-151.07999999999998,-43.76,0.6600000000000001,-109.05
2025-07-28T17:50:46.645942,46.0,-73.0,-100.0,79.0,-39.0,-124.0,-23.0,-56.0,-120.0,-56.0,14.0,-163.0,37.41,-72.25,-108.81,61.7,-36.79,-97.51,-22.23,-67.43,-102.08,-52.76,-5.34,-165.05
2025-07-28T17:50:46.650041,-6.0,73.0,-74.0,30.0,-53.0,-154.0,-40.0,-20.0,-108.0,-11.0,-15.0,-133.0,-14.59,73.75,-82.81,12.7,-50.79,-127.51,-39.23,-31.43,-90.08,-7.76,-34.34,-135.05
2025-07-28T17:50:46.658271,-59.0,85.0,-151.0,100.0,11.0,-166.0,-42.0,7.0,-97.0,-47.0,-14.0,-195.0,-67.59,85.75,-159.81,82.7,13.21,-139.51,-41.23,-4.43,-79.08,-43.76,-33.34,-197.05
2025-07-28T17:50:46.662446,51.0,38.0,-143.0,49.0,-43.0,-119.0,-89.0,3.0,-128.0,-12.0,97.0,-142.0,42.41,38.75,-151.81,31.7,-40.79,-92.51,-88.23,-8.43,-110.08,-8.76,77.66,-144.05
2025-07-28T17:50:46.670490,95.0,-46.0,-97.0,32.0,-14.0,-171.0,-26.0,50.0,-88.0,-51.0,6.0,-106.0,86.41,-45.25,-105.81,14.7,-11.79,-144.51,-25.23,38.57,-70.08,-47.76,-13.34,-108.05
2025-07-28T17:50:46.674723,118.0,6.0,-25.0,72.0,-4.0,-166.0,-33.0,72.0,-161.0,-85.0,82.0,-186.0,109.41,6.75,-33.81,54.7,-1.79,-139.51,-32.23,60.57,-143.07999999999998,-81.76,62.66,-188.05
2025-07-28T17:50:46.682789,19.0,40.0,-107.0,87.0,14.0,-175.0,-41.0,32.0,-114.0,13.0,88.0,-150.0,10.41,40.75,-115.81,69.7,16.21,-148.51,-40.23,20.57,-96.08,16.240000000000002,68.66,-152.05
2025-07-28T17:50:46.687014,23.0,8.0,-131.0,83.0,-5.0,-178.0,-26.0,-29.0,-123.0,-41.0,-38.0,-114.0,14.41,8.75,-139.81,65.7,-2.79,-151.51,-25.23,-40.43,-105.08,-37.76,-57.34,-116.05
2025-07-28T17:50:46.695103,-21.0,-11.0,-204.0,30.0,-22.0,-119.0,-6.0,-17.0,-81.0,-20.0,43.0,-132.0,-29.59,-10.25,-212.81,12.7,-19.79,-92.51,-5.23,-28.43,-63.08,-16.759999999999998,23.66,-134.05
2025-07-28T17:50:46.699351,45.0,58.0,-87.0,22.0,24.0,-151.0,-49.0,-49.0,-121.0,-103.0,3.0,-103.0,36.41,58.75,-95.81,4.699999999999999,26.21,-124.51,-48.23,-60.43,-103.08,-99.76,-16.34,-105.05
2025-07-28T17:50:46.707515,73.0,60.0,-130.0,81.0,-34.0,-159.0,-36.0,-36.0,-107.0,10.0,17.0,-156.0,64.41,60.75,-138.81,63.7,-31.79,-132.51,-35.23,-47.43,-89.08,13.24,-2.34,-158.05
2025-07-28T17:50:46.711528,31.0,87.0,-42.0,85.0,-68.0,-139.0,-40.0,-56.0,-143.0,-78.0,48.0,-130.0,22.41,87.75,-50.81,67.7,-65.79,-112.51,-39.23,-67.43,-125.08,-74.76,28.66,-132.05
2025-07-28T17:50:46.719821,48.0,88.0,-117.0,140.0,-76.0,-171.0,-26.0,-31.0,-103.0,-34.0,51.0,-110.0,39.41,88.75,-125.81,122.7,-73.79,-144.51,-25.23,-42.43,-85.08,-30.759999999999998,31.66,-112.05
2025-07-28T17:50:46.727871,68.0,46.0,-82.0,81.0,-61.0,-113.0,8.0,-116.0,-169.0,-79.0,35.0,-108.0,59.41,46.75,-90.81,63.7,-58.79,-86.51,8.77,-127.43,-151.07999999999998,-75.76,15.66,-110.05
2025-07-28T17:50:46.732131,30.0,37.0,-161.0,92.0,-27.0,-121.0,-61.0,-71.0,-116.0,-110.0,-23.0,-123.0,21.41,37.75,-169.81,74.7,-24.79,-94.51,-60.23,-82.43,-98.08,-106.76,-42.34,-125.05
2025-07-28T17:50:46.740055,134.0,44.0,-128.0,45.0,-13.0,-124.0,-80.0,-31.0,-101.0,-65.0,-4.0,-136.0,125.41,44.75,-136.81,27.7,-10.79,-97.51,-79.23,-42.43,-83.08,-61.76,-23.34,-138.05
2025-07-28T17:50:46.744420,-26.0,-25.0,-60.0,-2.0,-12.0,-146.0,-88.0,-26.0,-177.0,-62.0,32.0,-89.0,-34.59,-24.25,-68.81,-19.3,-9.79,-119.51,-87.23,-37.43,-159.07999999999998,-58.76,12.66,-91.05
2025-07-28T17:50:46.752471,33.0,61.0,-79.0,64.0,23.0,-169.0,-11.0,-65.0,-91.0,-24.0,17.0,-109.0,24.41,61.75,-87.81,46.7,25.21,-142.51,-10.23,-76.43,-73.08,-20.759999999999998,-2.34,-111.05
2025-07-28T17:50:46.756673,78.0,91.0,-137.0,25.0,35.0,-162.0,-78.0,-12.0,-163.0,-46.0,86.0,-112.0,69.41,91.75,-145.81,7.699999999999999,37.21,-135.51,-77.23,-23.43,-145.07999999999998,-42.76,66.66,-114.05
2025-07-28T17:50:46.764771,62.0,93.0,-124.0,50.0,-16.0,-160.0,-30.0,49.0,-109.0,-68.0,30.0,-58.0,53.41,93.75,-132.81,32.7,-13.79,-133.51,-29.23,37.57,-91.08,-64.76,10.66,-60.05
2025-07-28T17:50:46.769115,53.0,-7.0,-29.0,84.0,8.0,-120.0,-33.0,-66.0,-168.0,-137.0,75.0,-57.0,44.41,-6.25,-37.81,66.7,10.21,-93.51,-32.23,-77.43,-150.07999999999998,-133.76,55.66,-59.05
2025-07-28T17:50:46.777153,25.0,33.0,-76.0,65.0,-18.0,-179.0,-45.0,31.0,-155.0,21.0,75.0,-149.0,16.41,33.75,-84.81,47.7,-15.79,-152.51,-44.23,19.57,-137.07999999999998,24.240000000000002,55.66,-151.05
2025-07-28T17:50:46.781428,71.0,105.0,-83.0,67.0,-28.0,-183.0,-3.0,-61.0,-201.0,-89.0,26.0,-131.0,62.41,105.75,-91.81,49.7,-25.79,-156.51,-2.23,-72.43,-183.07999999999998,-85.76,6.66,-133.05
2025-07-28T17:50:46.790320,23.0,41.0,-87.0,-46.0,-26.0,-149.0,-16.0,-121.0,-107.0,-45.0,-36.0,-107.0,14.41,41.75,-95.81,-63.3,-23.79,-122.51,-15.23,-132.43,-89.08,-41.76,-55.34,-109.05
2025-07-28T17:50:46.797301,-40.0,45.0,-102.0,67.0,-39.0,-165.0,-63.0,30.0,-111.0,-55.0,66.0,-106.0,-48.59,45.75,-110.81,49.7,-36.79,-138.51,-62.23,18.57,-93.08,-51.76,46.66,-108.05
2025-07-28T17:50:46.801602,74.0,35.0,-122.0,78.0,-5.0,-99.0,-64.0,-67.0,-122.0,-118.0,5.0,-36.0,65.41,35.75,-130.81,60.7,-2.79,-72.51,-63.23,-78.43,-104.08,-114.76,-14.34,-38.05
2025-07-28T17:50:46.809722,22.0,-2.0,-119.0,58.0,5.0,-123.0,-23.0,-37.0,-119.0,-76.0,57.0,-101.0,13.41,-1.25,-127.81,40.7,7.21,-96.51,-22.23,-48.43,-101.08,-72.76,37.66,-103.05
2025-07-28T17:50:46.813952,88.0,90.0,-77.0,82.0,-5.0,-183.0,-21.0,-13.0,-87.0,-93.0,41.0,-105.0,79.41,90.75,-85.81,64.7,-2.79,-156.51,-20.23,-24.43,-69.08,-89.76,21.66,-107.05
2025-07-28T17:50:46.821886,27.0,32.0,-108.0,50.0,22.0,-173.0,7.0,27.0,-111.0,-74.0,24.0,-203.0,18.41,32.75,-116.81,32.7,24.21,-146.51,7.77,15.57,-93.08,-70.76,4.66,-205.05
2025-07-28T17:50:46.826170,25.0,52.0,-100.0,44.0,26.0,-96.0,-45.0,-12.0,-95.0,-12.0,37.0,-125.0,16.41,52.75,-108.81,26.7,28.21,-69.51,-44.23,-23.43,-77.08,-8.76,17.66,-127.05
2025-07-28T17:50:46.834498,47.0,-31.0,-140.0,46.0,-56.0,-140.0,-30.0,44.0,-161.0,-31.0,39.0,-61.0,38.41,-30.25,-148.81,28.7,-53.79,-113.51,-29.23,32.57,-143.07999999999998,-27.759999999999998,19.66,-63.05
2025-07-28T17:50:46.838525,23.0,36.0,-213.0,75.0,2.0,-89.0,-27.0,4.0,-144.0,-92.0,13.0,-124.0,14.41,36.75,-221.81,57.7,4.21,-62.510000000000005,-26.23,-7.43,-126.08,-88.76,-6.34,-126.05
2025-07-28T17:50:46.846645,47.0,12.0,-93.0,62.0,-32.0,-110.0,2.0,11.0,-120.0,-1.0,68.0,-109.0,38.41,12.75,-101.81,44.7,-29.79,-83.51,2.77,-0.4299999999999997,-102.08,2.24,48.66,-111.05
2025-07-28T17:50:46.850877,52.0,33.0,-93.0,83.0,25.0,-106.0,-10.0,-19.0,-147.0,-61.0,77.0,-107.0,43.41,33.75,-101.81,65.7,27.21,-79.51,-9.23,-30.43,-129.07999999999998,-57.76,57.66,-109.05
2025-07-28T17:50:46.858975,71.0,20.0,-105.0,40.0,-92.0,-155.0,33.0,-1.0,-93.0,-50.0,32.0,-183.0,62.41,20.75,-113.81,22.7,-89.79,-128.51,33.77,-12.43,-75.08,-46.76,12.66,-185.05
2025-07-28T17:50:46.863257,59.0,35.0,-82.0,11.0,-35.0,-110.0,-25.0,-62.0,-68.0,-28.0,64.0,-141.0,50.41,35.75,-90.81,-6.300000000000001,-32.79,-83.51,-24.23,-73.43,-50.08,-24.759999999999998,44.66,-143.05
2025-07-28T17:50:46.871114,15.0,24.0,-83.0,53.0,-70.0,-121.0,-20.0,11.0,-107.0,-62.0,67.0,-113.0,6.41,24.75,-91.81,35.7,-67.79,-94.51,-19.23,-0.4299999999999997,-89.08,-58.76,47.66,-115.05
2025-07-28T17:50:46.875551,79.0,66.0,-90.0,35.0,36.0,-133.0,-41.0,-41.0,-155.0,-99.0,-19.0,-73.0,70.41,66.75,-98.81,17.7,38.21,-106.51,-40.23,-52.43,-137.07999999999998,-95.76,-38.34,-75.05
2025-07-28T17:50:46.883481,111.0,-2.0,-101.0,23.0,-49.0,-127.0,33.0,28.0,-165.0,-109.0,52.0,-104.0,102.41,-1.25,-109.81,5.699999999999999,-46.79,-100.51,33.77,16.57,-147.07999999999998,-105.76,32.66,-106.05
2025-07-28T17:50:46.887751,41.0,-28.0,-124.0,8.0,-9.0,-96.0,-6.0,-59.0,-64.0,-96.0,13.0,-136.0,32.41,-27.25,-132.81,-9.3,-6.79,-69.51,-5.23,-70.43,-46.08,-92.76,-6.34,-138.05
2025-07-28T17:50:46.895876,51.0,14.0,-20.0,34.0,-70.0,-148.0,-28.0,-52.0,-119.0,-26.0,18.0,-149.0,42.41,14.75,-28.810000000000002,16.7,-67.79,-121.51,-27.23,-63.43,-101.08,-22.759999999999998,-1.3399999999999999,-151.05
2025-07-28T17:50:46.899975,30.0,10.0,-87.0,95.0,-11.0,-123.0,-46.0,54.0,-64.0,-80.0,56.0,-111.0,21.41,10.75,-95.81,77.7,-8.79,-96.51,-45.23,42.57,-46.08,-76.76,36.66,-113.05
2025-07-28T17:50:46.908173,26.0,56.0,-95.0,88.0,-11.0,-118.0,-102.0,6.0,-123.0,-18.0,49.0,-130.0,17.41,56.75,-103.81,70.7,-8.79,-91.51,-101.23,-5.43,-105.08,-14.76,29.66,-132.05
2025-07-28T17:50:46.916135,42.0,71.0,-105.0,17.0,-2.0,-134.0,-27.0,-11.0,-148.0,-28.0,-22.0,-67.0,33.41,71.75,-113.81,-0.3000000000000007,0.20999999999999996,-107.51,-26.23,-22.43,-130.07999999999998,-24.759999999999998,-41.34,-69.05
2025-07-28T17:50:46.920533,69.0,-4.0,-105.0,53.0,-6.0,-84.0,-13.0,-46.0,-50.0,-67.0,64.0,-82.0,60.41,-3.25,-113.81,35.7,-3.79,-57.510000000000005,-12.23,-57.43,-32.08,-63.76,44.66,-84.05
2025-07-28T17:50:46.924462,61.0,87.0,-132.0,28.0,8.0,-87.0,1.0,-7.0,-90.0,-98.0,52.0,-126.0,52.41,87.75,-140.81,10.7,10.21,-60.510000000000005,1.77,-18.43,-72.08,-94.76,32.66,-128.05
2025-07-28T17:50:46.932646,26.0,60.0,-118.0,103.0,4.0,-158.0,36.0,32.0,-70.0,-4.0,67.0,-138.0,17.41,60.75,-126.81,85.7,6.21,-131.51,36.77,20.57,-52.08,-0.7599999999999998,47.66,-140.05
2025-07-28T17:50:46.940913,97.0,-9.0,-145.0,80.0,-14.0,-119.0,-55.0,-38.0,-130.0,-63.0,23.0,-104.0,88.41,-8.25,-153.81,62.7,-11.79,-92.51,-54.23,-49.43,-112.08,-59.76,3.66,-106.05
2025-07-28T17:50:46.945075,102.0,36.0,-26.0,52.0,-110.0,-109.0,-35.0,-47.0,-110.0,-73.0,10.0,-142.0,93.41,36.75,-34.81,34.7,-107.79,-82.51,-34.23,-58.43,-92.08,-69.76,-9.34,-144.05
2025-07-28T17:50:46.952969,21.0,101.0,-91.0,-10.0,-12.0,-216.0,-49.0,-58.0,-132.0,-95.0,24.0,-53.0,12.41,101.75,-99.81,-27.3,-9.79,-189.51,-48.23,-69.43,-114.08,-91.76,4.66,-55.05
2025-07-28T17:50:46.957290,97.0,14.0,-126.0,25.0,-31.0,-146.0,-72.0,11.0,-99.0,-15.0,53.0,-162.0,88.41,14.75,-134.81,7.699999999999999,-28.79,-119.51,-71.23,-0.4299999999999997,-81.08,-11.76,33.66,-164.05
2025-07-28T17:50:46.965481,33.0,-5.0,-112.0,57.0,-36.0,-193.0,-60.0,-4.0,-145.0,-95.0,44.0,-100.0,24.41,-4.25,-120.81,39.7,-33.79,-166.51,-59.23,-15.43,-127.08,-91.76,24.66,-102.05
2025-07-28T17:50:46.969627,33.0,13.0,-87.0,8.0,-60.0,-163.0,-52.0,-40.0,-161.0,-136.0,70.0,-129.0,24.41,13.75,-95.81,-9.3,-57.79,-136.51,-51.23,-51.43,-143.07999999999998,-132.76,50.66,-131.05
2025-07-28T17:50:46.977594,29.0,42.0,-106.0,47.0,-17.0,-134.0,-31.0,-76.0,-70.0,39.0,47.0,-103.0,20.41,42.75,-114.81,29.7,-14.79,-107.51,-30.23,-87.43,-52.08,42.24,27.66,-105.05
2025-07-28T17:50:46.981885,-7.0,60.0,-87.0,40.0,-32.0,-95.0,-20.0,26.0,-65.0,-2.0,41.0,-149.0,-15.59,60.75,-95.81,22.7,-29.79,-68.51,-19.23,14.57,-47.08,1.2400000000000002,21.66,-151.05
2025-07-28T17:50:46.990054,39.0,33.0,-116.0,64.0,-65.0,-141.0,-69.0,-83.0,-66.0,-80.0,-36.0,-77.0,30.41,33.75,-124.81,46.7,-62.79,-114.51,-68.23,-94.43,-48.08,-76.76,-55.34,-79.05
2025-07-28T17:50:46.994277,51.0,43.0,-77.0,53.0,-26.0,-204.0,-24.0,-4.0,-163.0,-68.0,16.0,-141.0,42.41,43.75,-85.81,35.7,-23.79,-177.51,-23.23,-15.43,-145.07999999999998,-64.76,-3.34,-143.05
2025-07-28T17:50:47.002227,-11.0,63.0,-127.0,81.0,-48.0,-141.0,-35.0,24.0,-179.0,-75.0,37.0,-113.0,-19.59,63.75,-135.81,63.7,-45.79,-114.51,-34.23,12.57,-161.07999999999998,-71.76,17.66,-115.05
2025-07-28T17:50:47.006554,23.0,93.0,-196.0,37.0,-60.0,-99.0,-47.0,-22.0,-115.0,-49.0,66.0,-129.0,14.41,93.75,-204.81,19.7,-57.79,-72.51,-46.23,-33.43,-97.08,-45.76,46.66,-131.05
2025-07-28T17:50:47.014740,26.0,-14.0,-140.0,74.0,-59.0,-124.0,-10.0,-37.0,-48.0,-63.0,60.0,-122.0,17.41,-13.25,-148.81,56.7,-56.79,-97.51,-9.23,-48.43,-30.08,-59.76,40.66,-124.05
2025-07-28T17:50:47.018790,38.0,68.0,-113.0,45.0,-56.0,-166.0,-76.0,-6.0,-55.0,-43.0,21.0,-163.0,29.41,68.75,-121.81,27.7,-53.79,-139.51,-75.23,-17.43,-37.08,-39.76,1.6600000000000001,-165.05
2025-07-28T17:50:47.026742,-8.0,52.0,-126.0,70.0,-16.0,-155.0,-39.0,-39.0,-135.0,-44.0,-9.0,-123.0,-16.59,52.75,-134.81,52.7,-13.79,-128.51,-38.23,-50.43,-117.08,-40.76,-28.34,-125.05
2025-07-28T17:50:47.030993,22.0,33.0,-119.0,-10.0,-63.0,-98.0,39.0,12.0,-142.0,-27.0,27.0,-119.0,13.41,33.75,-127.81,-27.3,-60.79,-71.51,39.77,0.5700000000000003,-124.08,-23.759999999999998,7.66,-121.05
2025-07-28T17:50:47.039267,42.0,38.0,-113.0,31.0,44.0,-61.0,25.0,-60.0,-153.0,-65.0,42.0,-26.0,33.41,38.75,-121.81,13.7,46.21,-34.510000000000005,25.77,-71.43,-135.07999999999998,-61.76,22.66,-28.05
2025-07-28T17:50:47.047166,9.0,68.0,-80.0,55.0,-51.0,-117.0,-73.0,-67.0,-79.0,-74.0,94.0,-125.0,0.41000000000000014,68.75,-88.81,37.7,-48.79,-90.51,-72.23,-78.43,-61.08,-70.76,74.66,-127.05
2025-07-28T17:50:47.051583,41.0,13.0,-156.0,77.0,4.0,-122.0,-82.0,-28.0,-102.0,-3.0,54.0,-100.0,32.41,13.75,-164.81,59.7,6.21,-95.51,-81.23,-39.43,-84.08,0.2400000000000002,34.66,-102.05
2025-07-28T17:50:47.059460,56.0,45.0,-113.0,29.0,-4.0,-100.0,-31.0,44.0,-68.0,-10.0,4.0,-71.0,47.41,45.75,-121.81,11.7,-1.79,-73.51,-30.23,32.57,-50.08,-6.76,-15.34,-73.05
2025-07-28T17:50:47.063762,23.0,20.0,-47.0,42.0,-71.0,-127.0,-92.0,-14.0,-124.0,-45.0,19.0,-113.0,14.41,20.75,-55.81,24.7,-68.79,-100.51,-91.23,-25.43,-106.08,-41.76,-0.33999999999999986,-115.05
2025-07-28T17:50:47.071918,49.0,-13.0,-45.0,-1.0,-44.0,-96.0,26.0,41.0,-136.0,-100.0,-29.0,-51.0,40.41,-12.25,-53.81,-18.3,-41.79,-69.51,26.77,29.57,-118.08,-96.76,-48.34,-53.05
2025-07-28T17:50:47.076118,31.0,25.0,-114.0,19.0,-60.0,-121.0,-3.0,-49.0,-95.0,1.0,-27.0,-118.0,22.41,25.75,-122.81,1.6999999999999993,-57.79,-94.51,-2.23,-60.43,-77.08,4.24,-46.34,-120.05
2025-07-28T17:50:47.084006,-3.0,25.0,-123.0,60.0,103.0,-113.0,16.0,28.0,-82.0,-41.0,59.0,-56.0,-11.59,25.75,-131.81,42.7,105.21,-86.51,16.77,16.57,-64.08,-37.76,39.66,-58.05
2025-07-28T17:50:47.088569,49.0,-20.0,-77.0,51.0,-54.0,-109.0,-79.0,-19.0,-59.0,16.0,29.0,-69.0,40.41,-19.25,-85.81,33.7,-51.79,-82.51,-78.23,-30.43,-41.08,19.240000000000002,9.66,-71.05
2025-07-28T17:50:47.096545,57.0,27.0,-82.0,53.0,22.0,-132.0,-77.0,35.0,-90.0,-11.0,-36.0,-12.0,48.41,27.75,-90.81,35.7,24.21,-105.51,-76.23,23.57,-72.08,-7.76,-55.34,-14.05
2025-07-28T17:50:47.100640,10.0,-12.0,-27.0,70.0,-61.0,-138.0,36.0,-50.0,-139.0,4.0,42.0,-38.0,1.4100000000000001,-11.25,-35.81,52.7,-58.79,-111.51,36.77,-61.43,-121.08,7.24,22.66,-40.05
2025-07-28T17:50:47.108787,-36.0,-12.0,-30.0,17.0,20.0,-67.0,41.0,-51.0,-90.0,-12.0,52.0,-34.0,-44.59,-11.25,-38.81,-0.3000000000000007,22.21,-40.510000000000005,41.77,-62.43,-72.08,-8.76,32.66,-36.05
2025-07-28T17:50:47.112951,26.0,25.0,-140.0,60.0,-30.0,-160.0,-35.0,-57.0,-130.0,-82.0,26.0,-83.0,17.41,25.75,-148.81,42.7,-27.79,-133.51,-34.23,-68.43,-112.08,-78.76,6.66,-85.05
2025-07-28T17:50:47.121074,25.0,88.0,-64.0,32.0,-49.0,-116.0,29.0,31.0,-27.0,-53.0,-9.0,-100.0,16.41,88.75,-72.81,14.7,-46.79,-89.51,29.77,19.57,-9.079999999999998,-49.76,-28.34,-102.05
2025-07-28T17:50:47.125232,68.0,21.0,-199.0,64.0,40.0,-162.0,-82.0,-3.0,-59.0,11.0,68.0,-98.0,59.41,21.75,-207.81,46.7,42.21,-135.51,-81.23,-14.43,-41.08,14.24,48.66,-100.05
2025-07-28T17:50:47.133403,72.0,-48.0,-5.0,39.0,78.0,-83.0,-62.0,2.0,-40.0,-93.0,44.0,-42.0,63.41,-47.25,-13.81,21.7,80.21,-56.510000000000005,-61.23,-9.43,-22.08,-89.76,24.66,-44.05
2025-07-28T17:50:47.137613,64.0,-25.0,-81.0,67.0,-9.0,-81.0,-110.0,-69.0,-50.0,22.0,9.0,-50.0,55.41,-24.25,-89.81,49.7,-6.79,-54.510000000000005,-109.23,-80.43,-32.08,25.240000000000002,-10.34,-52.05
2025-07-28T17:50:47.145564,67.0,95.0,-65.0,40.0,44.0,-90.0,-61.0,23.0,-82.0,-45.0,-24.0,-84.0,58.41,95.75,-73.81,22.7,46.21,-63.510000000000005,-60.23,11.57,-64.08,-41.76,-43.34,-86.05
2025-07-28T17:50:47.149780,-35.0,3.0,-14.0,39.0,-25.0,-108.0,-43.0,-12.0,-60.0,-6.0,-29.0,-57.0,-43.59,3.75,-22.810000000000002,21.7,-22.79,-81.51,-42.23,-23.43,-42.08,-2.76,-48.34,-59.05
2025-07-28T17:50:47.158001,52.0,-18.0,-32.0,43.0,11.0,-99.0,-32.0,93.0,-84.0,18.0,-61.0,-56.0,43.41,-17.25,-40.81,25.7,13.21,-72.51,-31.23,81.57,-66.08,21.240000000000002,-80.34,-58.05
2025-07-28T17:50:47.162151,29.0,73.0,-26.0,40.0,76.0,-125.0,7.0,-11.0,-44.0,-46.0,93.0,-34.0,20.41,73.75,-34.81,22.7,78.21,-98.51,7.77,-22.43,-26.08,-42.76,73.66,-36.05
2025-07-28T17:50:47.170256,-30.0,53.0,-78.0,32.0,-85.0,-85.0,-75.0,12.0,-109.0,-54.0,64.0,-49.0,-38.59,53.75,-86.81,14.7,-82.79,-58.510000000000005,-74.23,0.5700000000000003,-91.08,-50.76,44.66,-51.05
2025-07-28T17:50:47.174350,-32.0,-19.0,-124.0,24.0,-7.0,-91.0,-46.0,-2.0,-73.0,-7.0,28.0,-55.0,-40.59,-18.25,-132.81,6.699999999999999,-4.79,-64.51,-45.23,-13.43,-55.08,-3.76,8.66,-57.05
2025-07-28T17:50:47.182529,-4.0,79.0,-52.0,70.0,51.0,-83.0,-60.0,-46.0,-30.0,-25.0,86.0,-41.0,-12.59,79.75,-60.81,52.7,53.21,-56.510000000000005,-59.23,-57.43,-12.079999999999998,-21.759999999999998,66.66,-43.05
2025-07-28T17:50:47.186787,47.0,32.0,-85.0,122.0,-8.0,-91.0,-34.0,-12.0,-80.0,-69.0,12.0,-83.0,38.41,32.75,-93.81,104.7,-5.79,-64.51,-33.23,-23.43,-62.08,-65.76,-7.34,-85.05
2025-07-28T17:50:47.194793,37.0,141.0,-47.0,46.0,-63.0,-120.0,-39.0,31.0,-74.0,-7.0,-2.0,-49.0,28.41,141.75,-55.81,28.7,-60.79,-93.51,-38.23,19.57,-56.08,-3.76,-21.34,-51.05
2025-07-28T17:50:47.199004,76.0,-50.0,-85.0,36.0,-1.0,-44.0,-18.0,35.0,-99.0,-58.0,17.0,-3.0,67.41,-49.25,-93.81,18.7,1.21,-17.51,-17.23,23.57,-81.08,-54.76,-2.34,-5.05
2025-07-28T17:50:47.206966,69.0,-17.0,-89.0,41.0,-53.0,-100.0,-23.0,-20.0,-100.0,-26.0,109.0,-78.0,60.41,-16.25,-97.81,23.7,-50.79,-73.51,-22.23,-31.43,-82.08,-22.759999999999998,89.66,-80.05
2025-07-28T17:50:47.211378,36.0,-27.0,-18.0,-13.0,-6.0,-111.0,-28.0,16.0,-113.0,-16.0,4.0,-94.0,27.41,-26.25,-26.810000000000002,-30.3,-3.79,-84.51,-27.23,4.57,-95.08,-12.76,-15.34,-96.05
2025-07-28T17:50:47.219265,-6.0,9.0,-168.0,126.0,39.0,-72.0,28.0,16.0,-58.0,-88.0,19.0,-4.0,-14.59,9.75,-176.81,108.7,41.21,-45.510000000000005,28.77,4.57,-40.08,-84.76,-0.33999999999999986,-6.05
2025-07-28T17:50:47.223762,-25.0,-19.0,-19.0,-18.0,-34.0,-96.0,-55.0,-12.0,-7.0,-102.0,6.0,-136.0,-33.59,-18.25,-27.810000000000002,-35.3,-31.79,-69.51,-54.23,-23.43,10.920000000000002,-98.76,-13.34,-138.05
2025-07-28T17:50:47.231609,-29.0,-62.0,-37.0,79.0,-34.0,-93.0,33.0,-4.0,-86.0,-37.0,8.0,-98.0,-37.59,-61.25,-45.81,61.7,-31.79,-66.51,33.77,-15.43,-68.08,-33.76,-11.34,-100.05
2025-07-28T17:50:47.235837,18.0,-5.0,-86.0,24.0,-63.0,-79.0,-32.0,41.0,-10.0,-30.0,-17.0,-84.0,9.41,-4.25,-94.81,6.699999999999999,-60.79,-52.510000000000005,-31.23,29.57,7.920000000000002,-26.759999999999998,-36.34,-86.05
2025-07-28T17:50:47.243914,32.0,50.0,-1.0,-8.0,8.0,-97.0,-65.0,17.0,-99.0,10.0,37.0,-89.0,23.41,50.75,-9.81,-25.3,10.21,-70.51,-64.23,5.57,-81.08,13.24,17.66,-91.05
2025-07-28T17:50:47.248031,57.0,42.0,-4.0,35.0,-40.0,-69.0,-22.0,8.0,-60.0,-44.0,7.0,-42.0,48.41,42.75,-12.81,17.7,-37.79,-42.510000000000005,-21.23,-3.4299999999999997,-42.08,-40.76,-12.34,-44.05
2025-07-28T17:50:47.256083,36.0,68.0,-14.0,-5.0,3.0,-100.0,-76.0,-11.0,-90.0,-50.0,32.0,-66.0,27.41,68.75,-22.810000000000002,-22.3,5.21,-73.51,-75.23,-22.43,-72.08,-46.76,12.66,-68.05
2025-07-28T17:50:47.260297,23.0,12.0,-52.0,15.0,27.0,-114.0,20.0,4.0,-79.0,-45.0,-3.0,-108.0,14.41,12.75,-60.81,-2.3000000000000007,29.21,-87.51,20.77,-7.43,-61.08,-41.76,-22.34,-110.05
2025-07-28T17:50:47.264390,-1.0,85.0,-67.0,37.0,65.0,-62.0,6.0,7.0,-62.0,-17.0,-20.0,-48.0,-9.59,85.75,-75.81,19.7,67.21,-35.510000000000005,6.77,-4.43,-44.08,-13.76,-39.34,-50.05
2025-07-28T17:50:47.272600,16.0,31.0,-99.0,56.0,-18.0,-55.0,-22.0,3.0,-113.0,12.0,65.0,-25.0,7.41,31.75,-107.81,38.7,-15.79,-28.51,-21.23,-8.43,-95.08,15.24,45.66,-27.05
2025-07-28T17:50:47.276694,157.0,-2.0,-71.0,31.0,-26.0,-85.0,21.0,-31.0,-45.0,-22.0,7.0,-109.0,148.41,-1.25,-79.81,13.7,-23.79,-58.510000000000005,21.77,-42.43,-27.08,-18.759999999999998,-12.34,-111.05
2025-07-28T17:50:47.284993,-10.0,16.0,-20.0,1.0,1.0,-46.0,-42.0,25.0,-25.0,-94.0,60.0,-84.0,-18.59,16.75,-28.810000000000002,-16.3,3.21,-19.51,-41.23,13.57,-7.079999999999998,-90.76,40.66,-86.05
2025-07-28T17:50:47.288980,29.0,-35.0,-95.0,86.0,-37.0,-77.0,-69.0,-27.0,-51.0,-29.0,53.0,-30.0,20.41,-34.25,-103.81,68.7,-34.79,-50.510000000000005,-68.23,-38.43,-33.08,-25.759999999999998,33.66,-32.05
2025-07-28T17:50:47.297029,20.0,-9.0,5.0,18.0,-24.0,-53.0,-5.0,51.0,-29.0,-3.0,63.0,-43.0,11.41,-8.25,-3.8100000000000005,0.6999999999999993,-21.79,-26.51,-4.23,39.57,-11.079999999999998,0.2400000000000002,43.66,-45.05
2025-07-28T17:50:47.301283,27.0,6.0,-71.0,-5.0,18.0,-35.0,-5.0,-2.0,-81.0,-14.0,114.0,-110.0,18.41,6.75,-79.81,-22.3,20.21,-8.510000000000002,-4.23,-13.43,-63.08,-10.76,94.66,-112.05
2025-07-28T17:50:47.309553,32.0,37.0,-10.0,70.0,28.0,-39.0,-41.0,-4.0,-34.0,-36.0,-16.0,-91.0,23.41,37.75,-18.810000000000002,52.7,30.21,-12.510000000000002,-40.23,-15.43,-16.08,-32.76,-35.34,-93.05
2025-07-28T17:50:47.313671,79.0,-3.0,-24.0,30.0,-19.0,-71.0,-80.0,58.0,-84.0,-16.0,109.0,-31.0,70.41,-2.25,-32.81,12.7,-16.79,-44.510000000000005,-79.23,46.57,-66.08,-12.76,89.66,-33.05
2025-07-28T17:50:47.321775,47.0,-35.0,14.0,57.0,-36.0,-83.0,53.0,23.0,-118.0,47.0,2.0,-65.0,38.41,-34.25,5.1899999999999995,39.7,-33.79,-56.510000000000005,53.77,11.57,-100.08,50.24,-17.34,-67.05
2025-07-28T17:50:47.325979,33.0,2.0,17.0,-5.0,-56.0,-104.0,53.0,5.0,-60.0,-62.0,-26.0,17.0,24.41,2.75,8.19,-22.3,-53.79,-77.51,53.77,-6.43,-42.08,-58.76,-45.34,14.95
2025-07-28T17:50:47.334034,-72.0,-36.0,47.0,-22.0,-65.0,-86.0,-33.0,22.0,-118.0,-94.0,22.0,19.0,-80.59,-35.25,38.19,-39.3,-62.79,-59.510000000000005,-32.23,10.57,-100.08,-90.76,2.66,16.95
2025-07-28T17:50:47.338361,7.0,-11.0,15.0,40.0,-4.0,-24.0,-5.0,-70.0,-24.0,-23.0,15.0,5.0,-1.5899999999999999,-10.25,6.1899999999999995,22.7,-1.79,2.4899999999999984,-4.23,-81.43,-6.079999999999998,-19.759999999999998,-4.34,2.95
2025-07-28T17:50:47.346225,44.0,37.0,-9.0,34.0,-42.0,-87.0,-12.0,-22.0,-36.0,-68.0,65.0,-10.0,35.41,37.75,-17.810000000000002,16.7,-39.79,-60.510000000000005,-11.23,-33.43,-18.08,-64.76,45.66,-12.05
2025-07-28T17:50:47.351515,15.0,-12.0,-70.0,73.0,7.0,-82.0,-24.0,-16.0,-82.0,-47.0,-40.0,-87.0,6.41,-11.25,-78.81,55.7,9.21,-55.510000000000005,-23.23,-27.43,-64.08,-43.76,-59.34,-89.05
2025-07-28T17:50:47.358551,-1.0,56.0,4.0,25.0,-59.0,-53.0,-32.0,-30.0,-27.0,-103.0,9.0,-19.0,-9.59,56.75,-4.8100000000000005,7.699999999999999,-56.79,-26.51,-31.23,-41.43,-9.079999999999998,-99.76,-10.34,-21.05
2025-07-28T17:50:47.363660,-27.0,37.0,-34.0,27.0,0.0,-89.0,-14.0,25.0,-62.0,-81.0,-22.0,-38.0,-35.59,37.75,-42.81,9.7,2.21,-62.510000000000005,-13.23,13.57,-44.08,-77.76,-41.34,-40.05
2025-07-28T17:50:47.370989,-48.0,10.0,-89.0,82.0,-4.0,-86.0,-71.0,-15.0,-29.0,-64.0,22.0,0.0,-56.59,10.75,-97.81,64.7,-1.79,-59.510000000000005,-70.23,-26.43,-11.079999999999998,-60.76,2.66,-2.05
2025-07-28T17:50:47.375171,-12.0,-8.0,-12.0,32.0,-15.0,-104.0,12.0,3.0,-43.0,-8.0,99.0,-91.0,-20.59,-7.25,-20.810000000000002,14.7,-12.79,-77.51,12.77,-8.43,-25.08,-4.76,79.66,-93.05
2025-07-28T17:50:47.383277,36.0,-12.0,-11.0,-26.0,21.0,-57.0,4.0,-28.0,-31.0,-41.0,36.0,-31.0,27.41,-11.25,-19.810000000000002,-43.3,23.21,-30.51,4.77,-39.43,-13.079999999999998,-37.76,16.66,-33.05
2025-07-28T17:50:47.388147,-2.0,12.0,-47.0,9.0,-49.0,-87.0,-30.0,-8.0,-105.0,58.0,32.0,-57.0,-10.59,12.75,-55.81,-8.3,-46.79,-60.510000000000005,-29.23,-19.43,-87.08,61.24,12.66,-59.05
2025-07-28T17:50:47.395406,30.0,58.0,-3.0,104.0,22.0,-31.0,-35.0,3.0,-19.0,-27.0,6.0,-79.0,21.41,58.75,-11.81,86.7,24.21,-4.510000000000002,-34.23,-8.43,-1.0799999999999983,-23.759999999999998,-13.34,-81.05
2025-07-28T17:50:47.400437,88.0,24.0,-54.0,85.0,-29.0,-42.0,2.0,-32.0,-45.0,-23.0,51.0,60.0,79.41,24.75,-62.81,67.7,-26.79,-15.510000000000002,2.77,-43.43,-27.08,-19.759999999999998,31.66,57.95
2025-07-28T17:50:47.407779,60.0,-7.0,-24.0,2.0,41.0,-101.0,-18.0,16.0,-44.0,10.0,-22.0,9.0,51.41,-6.25,-32.81,-15.3,43.21,-74.51,-17.23,4.57,-26.08,13.24,-41.34,6.95
2025-07-28T17:50:47.412486,34.0,64.0,-3.0,-10.0,-42.0,-84.0,-7.0,-9.0,6.0,25.0,12.0,-64.0,25.41,64.75,-11.81,-27.3,-39.79,-57.510000000000005,-6.23,-20.43,23.92,28.240000000000002,-7.34,-66.05
2025-07-28T17:50:47.419971,65.0,-76.0,-99.0,-17.0,43.0,-91.0,-27.0,37.0,-122.0,-14.0,-31.0,-64.0,56.41,-75.25,-107.81,-34.3,45.21,-64.51,-26.23,25.57,-104.08,-10.76,-50.34,-66.05
2025-07-28T17:50:47.424409,-39.0,-41.0,-1.0,34.0,0.0,-18.0,73.0,23.0,-6.0,-46.0,28.0,-16.0,-47.59,-40.25,-9.81,16.7,2.21,8.489999999999998,73.77,11.57,11.920000000000002,-42.76,8.66,-18.05
2025-07-28T17:50:47.432492,37.0,7.0,-65.0,18.0,-27.0,-100.0,-2.0,2.0,-12.0,36.0,-61.0,-30.0,28.41,7.75,-73.81,0.6999999999999993,-24.79,-73.51,-1.23,-9.43,5.920000000000002,39.24,-80.34,-32.05
2025-07-28T17:50:47.436589,81.0,-44.0,46.0,31.0,21.0,-42.0,16.0,-6.0,13.0,-10.0,16.0,-32.0,72.41,-43.25,37.19,13.7,23.21,-15.510000000000002,16.77,-17.43,30.92,-6.76,-3.34,-34.05
2025-07-28T17:50:47.444439,-22.0,-61.0,36.0,69.0,45.0,-89.0,-63.0,-8.0,23.0,-25.0,5.0,-33.0,-30.59,-60.25,27.189999999999998,51.7,47.21,-62.510000000000005,-62.23,-19.43,40.92,-21.759999999999998,-14.34,-35.05
2025-07-28T17:50:47.448890,-31.0,75.0,14.0,88.0,-1.0,-73.0,-37.0,13.0,-28.0,-52.0,-36.0,29.0,-39.59,75.75,5.1899999999999995,70.7,1.21,-46.510000000000005,-36.23,1.5700000000000003,-10.079999999999998,-48.76,-55.34,26.95
2025-07-28T17:50:47.452992,-23.0,-35.0,1.0,28.0,46.0,-51.0,-52.0,66.0,26.0,12.0,15.0,29.0,-31.59,-34.25,-7.8100000000000005,10.7,48.21,-24.51,-51.23,54.57,43.92,15.24,-4.34,26.95
2025-07-28T17:50:47.460952,40.0,15.0,47.0,85.0,62.0,-14.0,15.0,0.0,-46.0,-17.0,-34.0,9.0,31.41,15.75,38.19,67.7,64.21,12.489999999999998,15.77,-11.43,-28.08,-13.76,-53.34,6.95
2025-07-28T17:50:47.465064,-26.0,34.0,40.0,-1.0,31.0,-51.0,22.0,3.0,-19.0,51.0,26.0,-4.0,-34.59,34.75,31.189999999999998,-18.3,33.21,-24.51,22.77,-8.43,-1.0799999999999983,54.24,6.66,-6.05
2025-07-28T17:50:47.473399,-2.0,34.0,9.0,44.0,-44.0,-86.0,-12.0,-32.0,-50.0,-37.0,43.0,-39.0,-10.59,34.75,0.1899999999999995,26.7,-41.79,-59.510000000000005,-11.23,-43.43,-32.08,-33.76,23.66,-41.05
2025-07-28T17:50:47.477381,-14.0,88.0,13.0,16.0,7.0,-57.0,37.0,5.0,-17.0,-73.0,58.0,28.0,-22.59,88.75,4.1899999999999995,-1.3000000000000007,9.21,-30.51,37.77,-6.43,0.9200000000000017,-69.76,38.66,25.95
2025-07-28T17:50:47.485539,49.0,89.0,26.0,-16.0,43.0,19.0,-36.0,-26.0,-62.0,-52.0,26.0,-32.0,40.41,89.75,17.189999999999998,-33.3,45.21,45.489999999999995,-35.23,-37.43,-44.08,-48.76,6.66,-34.05
2025-07-28T17:50:47.489954,-46.0,67.0,-56.0,6.0,36.0,-6.0,-16.0,55.0,-35.0,-13.0,23.0,-40.0,-54.59,67.75,-64.81,-11.3,38.21,20.49,-15.23,43.57,-17.08,-9.76,3.66,-42.05
2025-07-28T17:50:47.497933,-59.0,87.0,-17.0,31.0,-44.0,-140.0,-23.0,-57.0,-38.0,11.0,-29.0,-43.0,-67.59,87.75,-25.810000000000002,13.7,-41.79,-113.51,-22.23,-68.43,-20.08,14.24,-48.34,-45.05
2025-07-28T17:50:47.502157,73.0,69.0,-54.0,3.0,28.0,-4.0,-62.0,-3.0,-8.0,-17.0,18.0,-2.0,64.41,69.75,-62.81,-14.3,30.21,22.49,-61.23,-14.43,9.920000000000002,-13.76,-1.3399999999999999,-4.05
2025-07-28T17:50:47.510225,44.0,27.0,-69.0,98.0,-8.0,-72.0,-48.0,-10.0,-81.0,-12.0,43.0,-16.0,35.41,27.75,-77.81,80.7,-5.79,-45.510000000000005,-47.23,-21.43,-63.08,-8.76,23.66,-18.05
2025-07-28T17:50:47.514220,30.0,16.0,-48.0,51.0,12.0,10.0,-15.0,-28.0,-47.0,-46.0,56.0,-7.0,21.41,16.75,-56.81,33.7,14.21,36.489999999999995,-14.23,-39.43,-29.08,-42.76,36.66,-9.05
2025-07-28T17:50:47.522533,-15.0,41.0,5.0,64.0,20.0,-87.0,-41.0,32.0,-86.0,-42.0,4.0,11.0,-23.59,41.75,-3.8100000000000005,46.7,22.21,-60.510000000000005,-40.23,20.57,-68.08,-38.76,-15.34,8.95
2025-07-28T17:50:47.526521,57.0,-21.0,-7.0,78.0,-15.0,-121.0,45.0,17.0,-97.0,-10.0,7.0,35.0,48.41,-20.25,-15.81,60.7,-12.79,-94.51,45.77,5.57,-79.08,-6.76,-12.34,32.95
2025-07-28T17:50:47.534810,11.0,35.0,-16.0,-40.0,-1.0,-74.0,-13.0,-16.0,-28.0,-16.0,32.0,-4.0,2.41,35.75,-24.810000000000002,-57.3,1.21,-47.510000000000005,-12.23,-27.43,-10.079999999999998,-12.76,12.66,-6.05
2025-07-28T17:50:47.538810,9.0,-30.0,-31.0,96.0,-30.0,-40.0,-11.0,75.0,-10.0,-47.0,64.0,-46.0,0.41000000000000014,-29.25,-39.81,78.7,-27.79,-13.510000000000002,-10.23,63.57,7.920000000000002,-43.76,44.66,-48.05
2025-07-28T17:50:47.546909,46.0,65.0,-5.0,25.0,-68.0,-75.0,22.0,26.0,-78.0,6.0,79.0,-66.0,37.41,65.75,-13.81,7.699999999999999,-65.79,-48.510000000000005,22.77,14.57,-60.08,9.24,59.66,-68.05
2025-07-28T17:50:47.552191,88.0,10.0,-38.0,97.0,-1.0,-99.0,-29.0,11.0,-113.0,-24.0,18.0,-78.0,79.41,10.75,-46.81,79.7,1.21,-72.51,-28.23,-0.4299999999999997,-95.08,-20.759999999999998,-1.3399999999999999,-80.05
2025-07-28T17:50:47.559431,1.0,-19.0,-23.0,55.0,37.0,-7.0,-2.0,-4.0,-56.0,-11.0,21.0,-25.0,-7.59,-18.25,-31.810000000000002,37.7,39.21,19.49,-1.23,-15.43,-38.08,-7.76,1.6600000000000001,-27.05
2025-07-28T17:50:47.563631,-24.0,-41.0,62.0,63.0,77.0,-37.0,-19.0,17.0,-8.0,28.0,-8.0,-15.0,-32.59,-40.25,53.19,45.7,79.21,-10.510000000000002,-18.23,5.57,9.920000000000002,31.240000000000002,-27.34,-17.05
2025-07-28T17:50:47.571526,-132.0,-12.0,37.0,44.0,39.0,-34.0,24.0,-54.0,-5.0,-9.0,66.0,-12.0,-140.59,-11.25,28.189999999999998,26.7,41.21,-7.510000000000002,24.77,-65.43,12.920000000000002,-5.76,46.66,-14.05
2025-07-28T17:50:47.575904,-10.0,25.0,-10.0,73.0,32.0,11.0,-63.0,-2.0,-35.0,-72.0,21.0,-56.0,-18.59,25.75,-18.810000000000002,55.7,34.21,37.489999999999995,-62.23,-13.43,-17.08,-68.76,1.6600000000000001,-58.05
2025-07-28T17:50:47.583883,-12.0,38.0,1.0,104.0,-23.0,-73.0,-4.0,38.0,11.0,-19.0,20.0,7.0,-20.59,38.75,-7.8100000000000005,86.7,-20.79,-46.510000000000005,-3.23,26.57,28.92,-15.76,0.6600000000000001,4.95
2025-07-28T17:50:47.588102,-59.0,-30.0,-51.0,39.0,26.0,-13.0,-33.0,-85.0,-36.0,10.0,14.0,-48.0,-67.59,-29.25,-59.81,21.7,28.21,13.489999999999998,-32.23,-96.43,-18.08,13.24,-5.34,-50.05
2025-07-28T17:50:47.596240,118.0,-38.0,-34.0,-25.0,18.0,-134.0,-35.0,1.0,-46.0,6.0,12.0,36.0,109.41,-37.25,-42.81,-42.3,20.21,-107.51,-34.23,-10.43,-28.08,9.24,-7.34,33.95
2025-07-28T17:50:47.600457,54.0,-52.0,-85.0,72.0,51.0,-11.0,-15.0,43.0,-5.0,-19.0,13.0,44.0,45.41,-51.25,-93.81,54.7,53.21,15.489999999999998,-14.23,31.57,12.920000000000002,-15.76,-6.34,41.95
2025-07-28T17:50:47.608471,7.0,-22.0,0.0,16.0,3.0,-5.0,8.0,30.0,-48.0,-12.0,74.0,-5.0,-1.5899999999999999,-21.25,-8.81,-1.3000000000000007,5.21,21.49,8.77,18.57,-30.08,-8.76,54.66,-7.05
2025-07-28T17:50:47.612725,14.0,33.0,18.0,60.0,-28.0,-35.0,5.0,38.0,-11.0,-56.0,5.0,3.0,5.41,33.75,9.19,42.7,-25.79,-8.510000000000002,5.77,26.57,6.920000000000002,-52.76,-14.34,0.9500000000000002
2025-07-28T17:50:47.620676,31.0,-35.0,-103.0,31.0,58.0,-26.0,-7.0,81.0,-45.0,20.0,-1.0,-23.0,22.41,-34.25,-111.81,13.7,60.21,0.48999999999999844,-6.23,69.57,-27.08,23.240000000000002,-20.34,-25.05
2025-07-28T17:50:47.625764,34.0,-32.0,-38.0,37.0,13.0,-41.0,-15.0,71.0,-66.0,6.0,60.0,-31.0,25.41,-31.25,-46.81,19.7,15.21,-14.510000000000002,-14.23,59.57,-48.08,9.24,40.66,-33.05
2025-07-28T17:50:47.633129,19.0,-35.0,-27.0,89.0,39.0,-3.0,19.0,31.0,-16.0,-39.0,39.0,-49.0,10.41,-34.25,-35.81,71.7,41.21,23.49,19.77,19.57,1.9200000000000017,-35.76,19.66,-51.05
2025-07-28T17:50:47.637339,25.0,18.0,25.0,92.0,-41.0,-34.0,-43.0,-21.0,-90.0,-4.0,51.0,6.0,16.41,18.75,16.189999999999998,74.7,-38.79,-7.510000000000002,-42.23,-32.43,-72.08,-0.7599999999999998,31.66,3.95
2025-07-28T17:50:47.645364,55.0,-31.0,-8.0,76.0,60.0,-17.0,17.0,-35.0,6.0,-6.0,58.0,-4.0,46.41,-30.25,-16.810000000000002,58.7,62.21,9.489999999999998,17.77,-46.43,23.92,-2.76,38.66,-6.05
2025-07-28T17:50:47.649553,13.0,38.0,81.0,-10.0,0.0,-77.0,44.0,-4.0,-51.0,35.0,53.0,-25.0,4.41,38.75,72.19,-27.3,2.21,-50.510000000000005,44.77,-15.43,-33.08,38.24,33.66,-27.05
2025-07-28T17:50:47.657526,53.0,22.0,-4.0,20.0,-21.0,-30.0,1.0,17.0,-103.0,-27.0,70.0,9.0,44.41,22.75,-12.81,2.6999999999999993,-18.79,-3.5100000000000016,1.77,5.57,-85.08,-23.759999999999998,50.66,6.95
2025-07-28T17:50:47.661842,96.0,7.0,-21.0,49.0,-31.0,-118.0,12.0,7.0,-27.0,-30.0,31.0,3.0,87.41,7.75,-29.810000000000002,31.7,-28.79,-91.51,12.77,-4.43,-9.079999999999998,-26.759999999999998,11.66,0.9500000000000002
2025-07-28T17:50:47.665717,55.0,62.0,11.0,45.0,11.0,-48.0,64.0,4.0,-38.0,-30.0,35.0,8.0,46.41,62.75,2.1899999999999995,27.7,13.21,-21.51,64.77,-7.43,-20.08,-26.759999999999998,15.66,5.95
2025-07-28T17:50:47.674063,104.0,31.0,-51.0,39.0,21.0,-53.0,-20.0,5.0,-34.0,-31.0,22.0,-15.0,95.41,31.75,-59.81,21.7,23.21,-26.51,-19.23,-6.43,-16.08,-27.759999999999998,2.66,-17.05
2025-07-28T17:50:47.682217,-42.0,-71.0,41.0,48.0,-22.0,-48.0,-9.0,27.0,33.0,-12.0,-12.0,-26.0,-50.59,-70.25,32.19,30.7,-19.79,-21.51,-8.23,15.57,50.92,-8.76,-31.34,-28.05
2025-07-28T17:50:47.686458,-32.0,-10.0,-18.0,12.0,-9.0,-59.0,-69.0,30.0,48.0,57.0,-18.0,-12.0,-40.59,-9.25,-26.810000000000002,-5.300000000000001,-6.79,-32.510000000000005,-68.23,18.57,65.92,60.24,-37.34,-14.05
2025-07-28T17:50:47.694470,-29.0,50.0,15.0,62.0,30.0,-21.0,-24.0,54.0,-1.0,55.0,-23.0,-13.0,-37.59,50.75,6.1899999999999995,44.7,32.21,5.489999999999998,-23.23,42.57,16.92,58.24,-42.34,-15.05
2025-07-28T17:50:47.698604,40.0,68.0,-40.0,84.0,12.0,39.0,-9.0,40.0,23.0,-29.0,44.0,-44.0,31.41,68.75,-48.81,66.7,14.21,65.49,-8.23,28.57,40.92,-25.759999999999998,24.66,-46.05
2025-07-28T17:50:47.702664,-58.0,-35.0,-9.0,57.0,53.0,6.0,-7.0,57.0,-88.0,-77.0,63.0,-46.0,-66.59,-34.25,-17.810000000000002,39.7,55.21,32.489999999999995,-6.23,45.57,-70.08,-73.76,43.66,-48.05
2025-07-28T17:50:47.711052,15.0,13.0,18.0,34.0,52.0,-20.0,27.0,-30.0,-48.0,-51.0,109.0,-24.0,6.41,13.75,9.19,16.7,54.21,6.489999999999998,27.77,-41.43,-30.08,-47.76,89.66,-26.05
2025-07-28T17:50:47.715228,72.0,1.0,79.0,8.0,-73.0,-64.0,2.0,-4.0,4.0,14.0,-35.0,12.0,63.41,1.75,70.19,-9.3,-70.79,-37.510000000000005,2.77,-15.43,21.92,17.240000000000002,-54.34,9.95
2025-07-28T17:50:47.723246,53.0,-12.0,77.0,79.0,38.0,-36.0,31.0,58.0,34.0,-73.0,29.0,-40.0,44.41,-11.25,68.19,61.7,40.21,-9.510000000000002,31.77,46.57,51.92,-69.76,9.66,-42.05
2025-07-28T17:50:47.727220,-50.0,-65.0,47.0,22.0,-27.0,-52.0,-57.0,-11.0,-37.0,22.0,44.0,-52.0,-58.59,-64.25,38.19,4.699999999999999,-24.79,-25.51,-56.23,-22.43,-19.08,25.240000000000002,24.66,-54.05
2025-07-28T17:50:47.735458,-10.0,-1.0,33.0,12.0,-48.0,-39.0,-56.0,24.0,-40.0,-8.0,30.0,-38.0,-18.59,-0.25,24.189999999999998,-5.300000000000001,-45.79,-12.510000000000002,-55.23,12.57,-22.08,-4.76,10.66,-40.05
2025-07-28T17:50:47.739553,25.0,-23.0,2.0,39.0,-41.0,-57.0,-62.0,57.0,-72.0,-38.0,23.0,3.0,16.41,-22.25,-6.8100000000000005,21.7,-38.79,-30.51,-61.23,45.57,-54.08,-34.76,3.66,0.9500000000000002
2025-07-28T17:50:47.747771,-45.0,7.0,2.0,66.0,-11.0,-57.0,-19.0,30.0,35.0,-13.0,-52.0,19.0,-53.59,7.75,-6.8100000000000005,48.7,-8.79,-30.51,-18.23,18.57,52.92,-9.76,-71.34,16.95
2025-07-28T17:50:47.751835,-2.0,22.0,20.0,-26.0,-10.0,-49.0,-61.0,30.0,-59.0,-26.0,50.0,66.0,-10.59,22.75,11.19,-43.3,-7.79,-22.51,-60.23,18.57,-41.08,-22.759999999999998,30.66,63.95
2025-07-28T17:50:47.760097,44.0,-40.0,68.0,18.0,-72.0,-24.0,30.0,35.0,-54.0,-63.0,51.0,-16.0,35.41,-39.25,59.19,0.6999999999999993,-69.79,2.4899999999999984,30.77,23.57,-36.08,-59.76,31.66,-18.05
2025-07-28T17:50:47.764102,-64.0,35.0,53.0,25.0,-33.0,-37.0,-29.0,-70.0,-19.0,46.0,39.0,7.0,-72.59,35.75,44.19,7.699999999999999,-30.79,-10.510000000000002,-28.23,-81.43,-1.0799999999999983,49.24,19.66,4.95
2025-07-28T17:50:47.772353,-30.0,53.0,27.0,-39.0,1.0,-88.0,-44.0,97.0,-37.0,-12.0,28.0,-82.0,-38.59,53.75,18.189999999999998,-56.3,3.21,-61.510000000000005,-43.23,85.57,-19.08,-8.76,8.66,-84.05
2025-07-28T17:50:47.776384,2.0,-26.0,12.0,43.0,6.0,3.0,70.0,-4.0,29.0,-7.0,19.0,-26.0,-6.59,-25.25,3.1899999999999995,25.7,8.21,29.49,70.77,-15.43,46.92,-3.76,-0.33999999999999986,-28.05
2025-07-28T17:50:47.784519,10.0,25.0,38.0,44.0,16.0,-50.0,-19.0,33.0,31.0,1.0,9.0,-50.0,1.4100000000000001,25.75,29.189999999999998,26.7,18.21,-23.51,-18.23,21.57,48.92,4.24,-10.34,-52.05
2025-07-28T17:50:47.788755,-5.0,45.0,28.0,-5.0,7.0,-47.0,57.0,59.0,-4.0,9.0,15.0,-17.0,-13.59,45.75,19.189999999999998,-22.3,9.21,-20.51,57.77,47.57,13.920000000000002,12.24,-4.34,-19.05
2025-07-28T17:50:47.796949,-45.0,39.0,-63.0,45.0,31.0,-68.0,-14.0,45.0,-28.0,-32.0,59.0,-13.0,-53.59,39.75,-71.81,27.7,33.21,-41.510000000000005,-13.23,33.57,-10.079999999999998,-28.759999999999998,39.66,-15.05
2025-07-28T17:50:47.801274,-7.0,4.0,-30.0,56.0,-51.0,-120.0,-34.0,57.0,-82.0,9.0,46.0,-49.0,-15.59,4.75,-38.81,38.7,-48.79,-93.51,-33.23,45.57,-64.08,12.24,26.66,-51.05
2025-07-28T17:50:47.809026,16.0,52.0,58.0,68.0,30.0,-91.0,-8.0,-12.0,17.0,-25.0,8.0,-54.0,7.41,52.75,49.19,50.7,32.21,-64.51,-7.23,-23.43,34.92,-21.759999999999998,-11.34,-56.05
2025-07-28T17:50:47.813512,-31.0,11.0,-22.0,-13.0,51.0,-46.0,19.0,15.0,-26.0,34.0,-28.0,-26.0,-39.59,11.75,-30.810000000000002,-30.3,53.21,-19.51,19.77,3.5700000000000003,-8.079999999999998,37.24,-47.34,-28.05
2025-07-28T17:50:47.821523,21.0,-42.0,-57.0,32.0,35.0,-76.0,-3.0,-20.0,-92.0,34.0,9.0,11.0,12.41,-41.25,-65.81,14.7,37.21,-49.510000000000005,-2.23,-31.43,-74.08,37.24,-10.34,8.95
2025-07-28T17:50:47.825773,7.0,-71.0,-33.0,44.0,8.0,-107.0,35.0,11.0,4.0,58.0,-29.0,48.0,-1.5899999999999999,-70.25,-41.81,26.7,10.21,-80.51,35.77,-0.4299999999999997,21.92,61.24,-48.34,45.95
2025-07-28T17:50:47.833679,-52.0,94.0,1.0,22.0,4.0,-59.0,6.0,36.0,-19.0,23.0,45.0,-10.0,-60.59,94.75,-7.8100000000000005,4.699999999999999,6.21,-32.510000000000005,6.77,24.57,-1.0799999999999983,26.240000000000002,25.66,-12.05
2025-07-28T17:50:47.838035,27.0,-30.0,-50.0,-3.0,62.0,-46.0,46.0,68.0,-22.0,8.0,-10.0,64.0,18.41,-29.25,-58.81,-20.3,64.21,-19.51,46.77,56.57,-4.079999999999998,11.24,-29.34,61.95
2025-07-28T17:50:47.845955,25.0,-9.0,14.0,-13.0,-9.0,-20.0,40.0,58.0,-32.0,37.0,-56.0,46.0,16.41,-8.25,5.1899999999999995,-30.3,-6.79,6.489999999999998,40.77,46.57,-14.079999999999998,40.24,-75.34,43.95
2025-07-28T17:50:47.850323,0.0,38.0,-23.0,-21.0,-65.0,21.0,13.0,43.0,-64.0,35.0,57.0,-25.0,-8.59,38.75,-31.810000000000002,-38.3,-62.79,47.489999999999995,13.77,31.57,-46.08,38.24,37.66,-27.05
2025-07-28T17:50:47.858367,-34.0,23.0,-62.0,48.0,20.0,-48.0,-40.0,-89.0,-71.0,-26.0,-14.0,34.0,-42.59,23.75,-70.81,30.7,22.21,-21.51,-39.23,-100.43,-53.08,-22.759999999999998,-33.34,31.95
2025-07-28T17:50:47.862479,83.0,17.0,-89.0,-14.0,-21.0,-28.0,4.0,22.0,-15.0,-26.0,35.0,13.0,74.41,17.75,-97.81,-31.3,-18.79,-1.5100000000000016,4.77,10.57,2.9200000000000017,-22.759999999999998,15.66,10.95
2025-07-28T17:50:47.870445,40.0,-24.0,37.0,79.0,95.0,-78.0,-39.0,47.0,-54.0,-10.0,-17.0,-12.0,31.41,-23.25,28.189999999999998,61.7,97.21,-51.510000000000005,-38.23,35.57,-36.08,-6.76,-36.34,-14.05
2025-07-28T17:50:47.874747,14.0,-45.0,13.0,5.0,-15.0,-56.0,0.0,-21.0,32.0,-47.0,51.0,-2.0,5.41,-44.25,4.1899999999999995,-12.3,-12.79,-29.51,0.77,-32.43,49.92,-43.76,31.66,-4.05
2025-07-28T17:50:47.882951,-6.0,-19.0,39.0,100.0,-33.0,-72.0,24.0,50.0,-6.0,-44.0,29.0,-60.0,-14.59,-18.25,30.189999999999998,82.7,-30.79,-45.510000000000005,24.77,38.57,11.920000000000002,-40.76,9.66,-62.05
2025-07-28T17:50:47.887128,12.0,-81.0,-41.0,18.0,-50.0,-55.0,-40.0,25.0,-8.0,45.0,65.0,-39.0,3.41,-80.25,-49.81,0.6999999999999993,-47.79,-28.51,-39.23,13.57,9.920000000000002,48.24,45.66,-41.05
2025-07-28T17:50:47.895207,82.0,4.0,56.0,29.0,11.0,-48.0,13.0,-33.0,-15.0,14.0,-10.0,-20.0,73.41,4.75,47.19,11.7,13.21,-21.51,13.77,-44.43,2.9200000000000017,17.240000000000002,-29.34,-22.05
2025-07-28T17:50:47.899415,-31.0,2.0,53.0,26.0,-1.0,-30.0,43.0,64.0,-25.0,48.0,44.0,10.0,-39.59,2.75,44.19,8.7,1.21,-3.5100000000000016,43.77,52.57,-7.079999999999998,51.24,24.66,7.95
2025-07-28T17:50:47.903306,9.0,-2.0,39.0,108.0,-19.0,-100.0,1.0,4.0,4.0,23.0,22.0,54.0,0.41000000000000014,-1.25,30.189999999999998,90.7,-16.79,-73.51,1.77,-7.43,21.92,26.240000000000002,2.66,51.95
2025-07-28T17:50:47.911590,-48.0,-30.0,-9.0,19.0,-46.0,-73.0,-16.0,25.0,-28.0,-73.0,-57.0,-1.0,-56.59,-29.25,-17.810000000000002,1.6999999999999993,-43.79,-46.510000000000005,-15.23,13.57,-10.079999999999998,-69.76,-76.34,-3.05
2025-07-28T17:50:47.919695,19.0,-70.0,38.0,47.0,-42.0,-25.0,-15.0,-13.0,24.0,4.0,-31.0,-39.0,10.41,-69.25,29.189999999999998,29.7,-39.79,1.4899999999999984,-14.23,-24.43,41.92,7.24,-50.34,-41.05
2025-07-28T17:50:47.923970,1.0,63.0,14.0,31.0,50.0,-46.0,-13.0,-41.0,0.0,-86.0,12.0,-46.0,-7.59,63.75,5.1899999999999995,13.7,52.21,-19.51,-12.23,-52.43,17.92,-82.76,-7.34,-48.05
2025-07-28T17:50:47.927887,-30.0,17.0,11.0,26.0,-54.0,-23.0,-63.0,-11.0,-45.0,9.0,40.0,13.0,-38.59,17.75,2.1899999999999995,8.7,-51.79,3.4899999999999984,-62.23,-22.43,-27.08,12.24,20.66,10.95
2025-07-28T17:50:47.936007,-23.0,25.0,-16.0,100.0,35.0,-12.0,-18.0,61.0,-13.0,34.0,72.0,-37.0,-31.59,25.75,-24.810000000000002,82.7,37.21,14.489999999999998,-17.23,49.57,4.920000000000002,37.24,52.66,-39.05
2025-07-28T17:50:47.940307,51.0,71.0,-10.0,22.0,36.0,-48.0,-5.0,31.0,12.0,34.0,17.0,-18.0,42.41,71.75,-18.810000000000002,4.699999999999999,38.21,-21.51,-4.23,19.57,29.92,37.24,-2.34,-20.05
2025-07-28T17:50:47.948564,29.0,-8.0,-8.0,-11.0,2.0,-61.0,43.0,37.0,-11.0,74.0,6.0,-29.0,20.41,-7.25,-16.810000000000002,-28.3,4.21,-34.510000000000005,43.77,25.57,6.920000000000002,77.24,-13.34,-31.05
2025-07-28T17:50:47.956394,37.0,-10.0,-83.0,27.0,-27.0,-32.0,23.0,-12.0,-30.0,-29.0,14.0,25.0,28.41,-9.25,-91.81,9.7,-24.79,-5.510000000000002,23.77,-23.43,-12.079999999999998,-25.759999999999998,-5.34,22.95
2025-07-28T17:50:47.960720,38.0,-4.0,25.0,7.0,56.0,-31.0,73.0,45.0,-41.0,14.0,37.0,-10.0,29.41,-3.25,16.189999999999998,-10.3,58.21,-4.510000000000002,73.77,33.57,-23.08,17.240000000000002,17.66,-12.05
2025-07-28T17:50:47.964756,-18.0,-11.0,24.0,41.0,-25.0,-13.0,37.0,-14.0,79.0,5.0,-29.0,6.0,-26.59,-10.25,15.19,23.7,-22.79,13.489999999999998,37.77,-25.43,96.92,8.24,-48.34,3.95
2025-07-28T17:50:47.972995,19.0,-17.0,31.0,32.0,-58.0,-44.0,22.0,-21.0,2.0,-28.0,2.0,7.0,10.41,-16.25,22.189999999999998,14.7,-55.79,-17.51,22.77,-32.43,19.92,-24.759999999999998,-17.34,4.95
2025-07-28T17:50:47.977099,-26.0,33.0,31.0,47.0,-29.0,-98.0,-5.0,-44.0,23.0,29.0,2.0,14.0,-34.59,33.75,22.189999999999998,29.7,-26.79,-71.51,-4.23,-55.43,40.92,32.24,-17.34,11.95
2025-07-28T17:50:47.985349,52.0,-28.0,28.0,14.0,27.0,-1.0,25.0,47.0,-10.0,-46.0,64.0,73.0,43.41,-27.25,19.189999999999998,-3.3000000000000007,29.21,25.49,25.77,35.57,7.920000000000002,-42.76,44.66,70.95
2025-07-28T17:50:47.989392,-9.0,7.0,31.0,56.0,35.0,0.0,-2.0,61.0,-16.0,13.0,37.0,-12.0,-17.59,7.75,22.189999999999998,38.7,37.21,26.49,-1.23,49.57,1.9200000000000017,16.240000000000002,17.66,-14.05
2025-07-28T17:50:47.997523,-8.0,19.0,2.0,17.0,17.0,-41.0,32.0,-24.0,25.0,25.0,-28.0,14.0,-16.59,19.75,-6.8100000000000005,-0.3000000000000007,19.21,-14.510000000000002,32.77,-35.43,42.92,28.240000000000002,-47.34,11.95
2025-07-28T17:50:48.001902,12.0,3.0,35.0,95.0,-43.0,-35.0,41.0,78.0,10.0,-31.0,7.0,39.0,3.41,3.75,26.189999999999998,77.7,-40.79,-8.510000000000002,41.77,66.57,27.92,-27.759999999999998,-12.34,36.95
2025-07-28T17:50:48.009997,78.0,-25.0,35.0,76.0,49.0,-56.0,-42.0,37.0,-56.0,-116.0,64.0,11.0,69.41,-24.25,26.189999999999998,58.7,51.21,-29.51,-41.23,25.57,-38.08,-112.76,44.66,8.95
2025-07-28T17:50:48.014249,-40.0,-63.0,44.0,34.0,7.0,-37.0,-8.0,25.0,-27.0,-9.0,21.0,24.0,-48.59,-62.25,35.19,16.7,9.21,-10.510000000000002,-7.23,13.57,-9.079999999999998,-5.76,1.6600000000000001,21.95
2025-07-28T17:50:48.022130,-78.0,-47.0,47.0,-33.0,-1.0,-29.0,20.0,5.0,-62.0,-21.0,-17.0,25.0,-86.59,-46.25,38.19,-50.3,1.21,-2.5100000000000016,20.77,-6.43,-44.08,-17.759999999999998,-36.34,22.95
2025-07-28T17:50:48.026666,-75.0,-27.0,8.0,75.0,-53.0,-2.0,-75.0,47.0,-69.0,-55.0,-50.0,-18.0,-83.59,-26.25,-0.8100000000000005,57.7,-50.79,24.49,-74.23,35.57,-51.08,-51.76,-69.34,-20.05
2025-07-28T17:50:48.034418,-42.0,-32.0,-15.0,48.0,-22.0,-28.0,-50.0,47.0,3.0,-23.0,40.0,4.0,-50.59,-31.25,-23.810000000000002,30.7,-19.79,-1.5100000000000016,-49.23,35.57,20.92,-19.759999999999998,20.66,1.9500000000000002
2025-07-28T17:50:48.039443,38.0,-35.0,-15.0,45.0,34.0,-38.0,-8.0,9.0,-29.0,27.0,48.0,-67.0,29.41,-34.25,-23.810000000000002,27.7,36.21,-11.510000000000002,-7.23,-2.4299999999999997,-11.079999999999998,30.240000000000002,28.66,-69.05
2025-07-28T17:50:48.046743,-4.0,-10.0,45.0,-22.0,-25.0,-56.0,-25.0,71.0,-52.0,-25.0,50.0,-3.0,-12.59,-9.25,36.19,-39.3,-22.79,-29.51,-24.23,59.57,-34.08,-21.759999999999998,30.66,-5.05
2025-07-28T17:50:48.051767,53.0,0.0,87.0,-35.0,66.0,-18.0,74.0,-13.0,-23.0,-31.0,37.0,-25.0,44.41,0.75,78.19,-52.3,68.21,8.489999999999998,74.77,-24.43,-5.079999999999998,-27.759999999999998,17.66,-27.05
2025-07-28T17:50:48.058909,-76.0,1.0,21.0,62.0,12.0,30.0,3.0,-5.0,-58.0,-75.0,3.0,-16.0,-84.59,1.75,12.19,44.7,14.21,56.489999999999995,3.77,-16.43,-40.08,-71.76,-16.34,-18.05
2025-07-28T17:50:48.063860,-26.0,8.0,19.0,-7.0,-59.0,-26.0,39.0,30.0,-63.0,22.0,70.0,-49.0,-34.59,8.75,10.19,-24.3,-56.79,0.48999999999999844,39.77,18.57,-45.08,25.240000000000002,50.66,-51.05
2025-07-28T17:50:48.071291,20.0,-2.0,33.0,43.0,-11.0,23.0,1.0,-31.0,-73.0,22.0,92.0,-43.0,11.41,-1.25,24.189999999999998,25.7,-8.79,49.489999999999995,1.77,-42.43,-55.08,25.240000000000002,72.66,-45.05
2025-07-28T17:50:48.076057,33.0,7.0,38.0,58.0,16.0,-50.0,-21.0,36.0,-11.0,-1.0,24.0,1.0,24.41,7.75,29.189999999999998,40.7,18.21,-23.51,-20.23,24.57,6.920000000000002,2.24,4.66,-1.0499999999999998
2025-07-28T17:50:48.083396,39.0,-26.0,96.0,-14.0,11.0,-74.0,10.0,32.0,-27.0,27.0,65.0,8.0,30.41,-25.25,87.19,-31.3,13.21,-47.510000000000005,10.77,20.57,-9.079999999999998,30.240000000000002,45.66,5.95
2025-07-28T17:50:48.087843,-112.0,-2.0,3.0,34.0,2.0,-48.0,-23.0,21.0,-88.0,-23.0,48.0,4.0,-120.59,-1.25,-5.8100000000000005,16.7,4.21,-21.51,-22.23,9.57,-70.08,-19.759999999999998,28.66,1.9500000000000002
2025-07-28T17:50:48.095865,-50.0,-14.0,42.0,-29.0,21.0,-92.0,-4.0,-6.0,-26.0,-68.0,41.0,-50.0,-58.59,-13.25,33.19,-46.3,23.21,-65.51,-3.23,-17.43,-8.079999999999998,-64.76,21.66,-52.05
2025-07-28T17:50:48.099980,-59.0,58.0,-58.0,-21.0,13.0,-36.0,68.0,-14.0,-37.0,-42.0,-27.0,-50.0,-67.59,58.75,-66.81,-38.3,15.21,-9.510000000000002,68.77,-25.43,-19.08,-38.76,-46.34,-52.05
2025-07-28T17:50:48.104145,14.0,19.0,-72.0,77.0,10.0,5.0,-24.0,54.0,-54.0,-2.0,-21.0,-3.0,5.41,19.75,-80.81,59.7,12.21,31.49,-23.23,42.57,-36.08,1.2400000000000002,-40.34,-5.05
2025-07-28T17:50:48.112327,-5.0,54.0,-43.0,24.0,-28.0,-11.0,89.0,-48.0,9.0,5.0,39.0,-19.0,-13.59,54.75,-51.81,6.699999999999999,-25.79,15.489999999999998,89.77,-59.43,26.92,8.24,19.66,-21.05
2025-07-28T17:50:48.116290,-32.0,-53.0,-4.0,26.0,27.0,-53.0,33.0,18.0,31.0,-63.0,66.0,-22.0,-40.59,-52.25,-12.81,8.7,29.21,-26.51,33.77,6.57,48.92,-59.76,46.66,-24.05
2025-07-28T17:50:48.124454,-57.0,34.0,-6.0,17.0,7.0,-46.0,-34.0,-36.0,63.0,61.0,79.0,29.0,-65.59,34.75,-14.81,-0.3000000000000007,9.21,-19.51,-33.23,-47.43,80.92,64.24,59.66,26.95
2025-07-28T17:50:48.128619,-55.0,41.0,-33.0,0.0,-17.0,-18.0,35.0,-50.0,-5.0,38.0,26.0,73.0,-63.59,41.75,-41.81,-17.3,-14.79,8.489999999999998,35.77,-61.43,12.920000000000002,41.24,6.66,70.95
2025-07-28T17:50:48.136843,12.0,35.0,6.0,-36.0,-32.0,-21.0,-34.0,-31.0,-10.0,-4.0,8.0,-1.0,3.41,35.75,-2.8100000000000005,-53.3,-29.79,5.489999999999998,-33.23,-42.43,7.920000000000002,-0.7599999999999998,-11.34,-3.05
2025-07-28T17:50:48.140954,-28.0,-18.0,-22.0,-22.0,60.0,-34.0,10.0,16.0,33.0,-4.0,-75.0,-34.0,-36.59,-17.25,-30.810000000000002,-39.3,62.21,-7.510000000000002,10.77,4.57,50.92,-0.7599999999999998,-94.34,-36.05
2025-07-28T17:50:48.149089,-9.0,-92.0,8.0,46.0,-13.0,-58.0,-5.0,6.0,20.0,-77.0,24.0,64.0,-17.59,-91.25,-0.8100000000000005,28.7,-10.79,-31.51,-4.23,-5.43,37.92,-73.76,4.66,61.95
2025-07-28T17:50:48.153368,43.0,-8.0,-5.0,7.0,-51.0,-71.0,22.0,51.0,-19.0,25.0,19.0,-37.0,34.41,-7.25,-13.81,-10.3,-48.79,-44.510000000000005,22.77,39.57,-1.0799999999999983,28.240000000000002,-0.33999999999999986,-39.05
2025-07-28T17:50:48.161523,43.0,-26.0,-33.0,34.0,-48.0,-52.0,-13.0,59.0,4.0,-8.0,-23.0,-23.0,34.41,-25.25,-41.81,16.7,-45.79,-25.51,-12.23,47.57,21.92,-4.76,-42.34,-25.05
2025-07-28T17:50:48.165650,-49.0,23.0,40.0,51.0,-20.0,-22.0,-15.0,68.0,-63.0,-34.0,-33.0,-1.0,-57.59,23.75,31.189999999999998,33.7,-17.79,4.489999999999998,-14.23,56.57,-45.08,-30.759999999999998,-52.34,-3.05
2025-07-28T17:50:48.173656,-14.0,22.0,4.0,2.0,35.0,-42.0,23.0,-3.0,-55.0,44.0,5.0,7.0,-22.59,22.75,-4.8100000000000005,-15.3,37.21,-15.510000000000002,23.77,-14.43,-37.08,47.24,-14.34,4.95
2025-07-28T17:50:48.177961,3.0,-63.0,-70.0,55.0,-51.0,-45.0,-4.0,-2.0,-35.0,-69.0,-3.0,43.0,-5.59,-62.25,-78.81,37.7,-48.79,-18.51,-3.23,-13.43,-17.08,-65.76,-22.34,40.95
2025-07-28T17:50:48.186031,61.0,-66.0,60.0,-27.0,17.0,-91.0,31.0,78.0,-36.0,15.0,55.0,-57.0,52.41,-65.25,51.19,-44.3,19.21,-64.51,31.77,66.57,-18.08,18.240000000000002,35.66,-59.05
2025-07-28T17:50:48.190961,35.0,-69.0,-1.0,-10.0,-60.0,38.0,-19.0,28.0,-66.0,3.0,76.0,-49.0,26.41,-68.25,-9.81,-27.3,-57.79,64.49,-18.23,16.57,-48.08,6.24,56.66,-51.05
2025-07-28T17:50:48.198277,57.0,0.0,-7.0,-11.0,-9.0,-45.0,58.0,49.0,5.0,5.0,29.0,-57.0,48.41,0.75,-15.81,-28.3,-6.79,-18.51,58.77,37.57,22.92,8.24,9.66,-59.05
2025-07-28T17:50:48.203173,-9.0,-45.0,-5.0,12.0,-2.0,-59.0,-38.0,-21.0,0.0,-64.0,59.0,-13.0,-17.59,-44.25,-13.81,-5.300000000000001,0.20999999999999996,-32.510000000000005,-37.23,-32.43,17.92,-60.76,39.66,-15.05
2025-07-28T17:50:48.210502,40.0,7.0,23.0,-20.0,-10.0,-52.0,-17.0,-44.0,21.0,21.0,54.0,-18.0,31.41,7.75,14.19,-37.3,-7.79,-25.51,-16.23,-55.43,38.92,24.240000000000002,34.66,-20.05
2025-07-28T17:50:48.214819,25.0,-43.0,11.0,-24.0,8.0,27.0,12.0,-50.0,-2.0,23.0,-32.0,-18.0,16.41,-42.25,2.1899999999999995,-41.3,10.21,53.489999999999995,12.77,-61.43,15.920000000000002,26.240000000000002,-51.34,-20.05
2025-07-28T17:50:48.222731,47.0,-16.0,56.0,-62.0,-15.0,-60.0,8.0,-49.0,-4.0,-16.0,-17.0,-30.0,38.41,-15.25,47.19,-79.3,-12.79,-33.510000000000005,8.77,-60.43,13.920000000000002,-12.76,-36.34,-32.05
2025-07-28T17:50:48.227743,-16.0,20.0,17.0,62.0,-6.0,-43.0,-59.0,-9.0,57.0,-37.0,32.0,31.0,-24.59,20.75,8.19,44.7,-3.79,-16.51,-58.23,-20.43,74.92,-33.76,12.66,28.95
2025-07-28T17:50:48.235049,-14.0,-59.0,22.0,39.0,72.0,-37.0,14.0,17.0,-32.0,12.0,8.0,5.0,-22.59,-58.25,13.19,21.7,74.21,-10.510000000000002,14.77,5.57,-14.079999999999998,15.24,-11.34,2.95
2025-07-28T17:50:48.239976,11.0,-44.0,-27.0,35.0,47.0,3.0,-16.0,15.0,-16.0,-68.0,24.0,18.0,2.41,-43.25,-35.81,17.7,49.21,29.49,-15.23,3.5700000000000003,1.9200000000000017,-64.76,4.66,15.95
2025-07-28T17:50:48.247451,-13.0,-52.0,12.0,107.0,74.0,-87.0,-5.0,26.0,-35.0,4.0,7.0,-43.0,-21.59,-51.25,3.1899999999999995,89.7,76.21,-60.510000000000005,-4.23,14.57,-17.08,7.24,-12.34,-45.05
2025-07-28T17:50:48.252018,2.0,-28.0,-16.0,78.0,-6.0,15.0,50.0,-25.0,16.0,8.0,17.0,-23.0,-6.59,-27.25,-24.810000000000002,60.7,-3.79,41.489999999999995,50.77,-36.43,33.92,11.24,-2.34,-25.05
2025-07-28T17:50:48.259446,-28.0,-46.0,6.0,43.0,-19.0,-44.0,-23.0,6.0,-64.0,-37.0,28.0,-17.0,-36.59,-45.25,-2.8100000000000005,25.7,-16.79,-17.51,-22.23,-5.43,-46.08,-33.76,8.66,-19.05
2025-07-28T17:50:48.264676,-66.0,-60.0,-22.0,-10.0,-31.0,54.0,-15.0,-67.0,-36.0,-20.0,-6.0,-60.0,-74.59,-59.25,-30.810000000000002,-27.3,-28.79,80.49,-14.23,-78.43,-18.08,-16.759999999999998,-25.34,-62.05
2025-07-28T17:50:48.268064,-39.0,10.0,57.0,38.0,-38.0,7.0,55.0,-6.0,-14.0,9.0,-19.0,-1.0,-47.59,10.75,48.19,20.7,-35.79,33.489999999999995,55.77,-17.43,3.9200000000000017,12.24,-38.34,-3.05
2025-07-28T17:50:48.276143,35.0,6.0,-5.0,35.0,23.0,-13.0,34.0,55.0,-24.0,10.0,8.0,5.0,26.41,6.75,-13.81,17.7,25.21,13.489999999999998,34.77,43.57,-6.079999999999998,13.24,-11.34,2.95
2025-07-28T17:50:48.280188,-12.0,3.0,8.0,16.0,22.0,-4.0,85.0,14.0,-28.0,-24.0,36.0,2.0,-20.59,3.75,-0.8100000000000005,-1.3000000000000007,24.21,22.49,85.77,2.5700000000000003,-10.079999999999998,-20.759999999999998,16.66,-0.04999999999999982
2025-07-28T17:50:48.288458,-37.0,76.0,21.0,0.0,46.0,-11.0,-13.0,41.0,-60.0,52.0,47.0,-12.0,-45.59,76.75,12.19,-17.3,48.21,15.489999999999998,-12.23,29.57,-42.08,55.24,27.66,-14.05
2025-07-28T17:50:48.292451,-55.0,99.0,-86.0,47.0,-30.0,-71.0,1.0,82.0,33.0,29.0,-13.0,-11.0,-63.59,99.75,-94.81,29.7,-27.79,-44.510000000000005,1.77,70.57,50.92,32.24,-32.34,-13.05
2025-07-28T17:50:48.300563,-21.0,23.0,-20.0,23.0,3.0,-21.0,44.0,26.0,34.0,-26.0,-9.0,6.0,-29.59,23.75,-28.810000000000002,5.699999999999999,5.21,5.489999999999998,44.77,14.57,51.92,-22.759999999999998,-28.34,3.95
2025-07-28T17:50:48.304949,-40.0,-34.0,61.0,11.0,-2.0,19.0,-26.0,52.0,2.0,41.0,28.0,24.0,-48.59,-33.25,52.19,-6.300000000000001,0.20999999999999996,45.489999999999995,-25.23,40.57,19.92,44.24,8.66,21.95
2025-07-28T17:50:48.313004,60.0,31.0,6.0,29.0,-16.0,26.0,4.0,-38.0,-14.0,-30.0,-46.0,-56.0,51.41,31.75,-2.8100000000000005,11.7,-13.79,52.489999999999995,4.77,-49.43,3.9200000000000017,-26.759999999999998,-65.34,-58.05
2025-07-28T17:50:48.317294,-6.0,0.0,-82.0,-40.0,-5.0,-14.0,24.0,-5.0,32.0,36.0,-86.0,-7.0,-14.59,0.75,-90.81,-57.3,-2.79,12.489999999999998,24.77,-16.43,49.92,39.24,-105.34,-9.05
2025-07-28T17:50:48.325249,-4.0,20.0,-14.0,31.0,23.0,-57.0,-96.0,28.0,19.0,22.0,101.0,-47.0,-12.59,20.75,-22.810000000000002,13.7,25.21,-30.51,-95.23,16.57,36.92,25.240000000000002,81.66,-49.05
2025-07-28T17:50:48.329502,86.0,25.0,-32.0,10.0,15.0,-39.0,-15.0,56.0,-16.0,-10.0,53.0,54.0,77.41,25.75,-40.81,-7.300000000000001,17.21,-12.510000000000002,-14.23,44.57,1.9200000000000017,-6.76,33.66,51.95
2025-07-28T17:50:48.337583,22.0,-47.0,-41.0,45.0,33.0,-52.0,40.0,103.0,-21.0,-13.0,-32.0,35.0,13.41,-46.25,-49.81,27.7,35.21,-25.51,40.77,91.57,-3.0799999999999983,-9.76,-51.34,32.95
2025-07-28T17:50:48.341607,26.0,-25.0,-4.0,-6.0,19.0,-40.0,22.0,-9.0,-25.0,-19.0,-21.0,-30.0,17.41,-24.25,-12.81,-23.3,21.21,-13.510000000000002,22.77,-20.43,-7.079999999999998,-15.76,-40.34,-32.05
2025-07-28T17:50:48.349888,20.0,-18.0,51.0,3.0,-1.0,-41.0,-10.0,29.0,-19.0,-19.0,2.0,-14.0,11.41,-17.25,42.19,-14.3,1.21,-14.510000000000002,-9.23,17.57,-1.0799999999999983,-15.76,-17.34,-16.05
2025-07-28T17:50:48.354070,13.0,-76.0,1.0,79.0,19.0,3.0,64.0,-54.0,-14.0,-14.0,-70.0,-15.0,4.41,-75.25,-7.8100000000000005,61.7,21.21,29.49,64.77,-65.43,3.9200000000000017,-10.76,-89.34,-17.05
2025-07-28T17:50:48.362253,66.0,-27.0,13.0,-27.0,-1.0,12.0,55.0,-12.0,-2.0,17.0,-4.0,-57.0,57.41,-26.25,4.1899999999999995,-44.3,1.21,38.489999999999995,55.77,-23.43,15.920000000000002,20.240000000000002,-23.34,-59.05
2025-07-28T17:50:48.366421,24.0,51.0,78.0,23.0,-29.0,-13.0,-8.0,-50.0,11.0,-42.0,74.0,19.0,15.41,51.75,69.19,5.699999999999999,-26.79,13.489999999999998,-7.23,-61.43,28.92,-38.76,54.66,16.95
2025-07-28T17:50:48.374522,56.0,-6.0,10.0,61.0,84.0,5.0,-1.0,-52.0,25.0,47.0,-55.0,-24.0,47.41,-5.25,1.1899999999999995,43.7,86.21,31.49,-0.22999999999999998,-63.43,42.92,50.24,-74.34,-26.05
2025-07-28T17:50:48.378647,-35.0,17.0,36.0,-8.0,16.0,-16.0,-35.0,9.0,12.0,-3.0,27.0,35.0,-43.59,17.75,27.189999999999998,-25.3,18.21,10.489999999999998,-34.23,-2.4299999999999997,29.92,0.2400000000000002,7.66,32.95
2025-07-28T17:50:48.386639,45.0,38.0,50.0,41.0,-26.0,-32.0,-27.0,-24.0,-5.0,-33.0,41.0,-40.0,36.41,38.75,41.19,23.7,-23.79,-5.510000000000002,-26.23,-35.43,12.920000000000002,-29.759999999999998,21.66,-42.05
2025-07-28T17:50:48.390951,-32.0,-50.0,47.0,42.0,-38.0,-13.0,8.0,33.0,3.0,22.0,14.0,19.0,-40.59,-49.25,38.19,24.7,-35.79,13.489999999999998,8.77,21.57,20.92,25.240000000000002,-5.34,16.95
2025-07-28T17:50:48.399003,19.0,-30.0,47.0,59.0,21.0,-18.0,-46.0,54.0,30.0,36.0,64.0,24.0,10.41,-29.25,38.19,41.7,23.21,8.489999999999998,-45.23,42.57,47.92,39.24,44.66,21.95
2025-07-28T17:50:48.403176,2.0,9.0,27.0,55.0,-53.0,-82.0,-25.0,23.0,6.0,51.0,32.0,-17.0,-6.59,9.75,18.189999999999998,37.7,-50.79,-55.510000000000005,-24.23,11.57,23.92,54.24,12.66,-19.05
2025-07-28T17:50:48.411305,-17.0,-24.0,4.0,42.0,34.0,-57.0,47.0,58.0,-14.0,3.0,-57.0,-13.0,-25.59,-23.25,-4.8100000000000005,24.7,36.21,-30.51,47.77,46.57,3.9200000000000017,6.24,-76.34,-15.05
2025-07-28T17:50:48.415615,-28.0,99.0,34.0,-7.0,-34.0,35.0,16.0,72.0,-36.0,-8.0,6.0,50.0,-36.59,99.75,25.189999999999998,-24.3,-31.79,61.489999999999995,16.77,60.57,-18.08,-4.76,-13.34,47.95
2025-07-28T17:50:48.423381,-71.0,4.0,-15.0,3.0,50.0,-54.0,53.0,7.0,-33.0,14.0,-46.0,9.0,-79.59,4.75,-23.810000000000002,-14.3,52.21,-27.51,53.77,-4.43,-15.079999999999998,17.240000000000002,-65.34,6.95
2025-07-28T17:50:48.427789,-46.0,-39.0,-11.0,104.0,45.0,-13.0,18.0,57.0,-15.0,12.0,64.0,15.0,-54.59,-38.25,-19.810000000000002,86.7,47.21,13.489999999999998,18.77,45.57,2.9200000000000017,15.24,44.66,12.95
2025-07-28T17:50:48.435686,-26.0,23.0,-5.0,37.0,48.0,-54.0,71.0,0.0,-1.0,-6.0,55.0,23.0,-34.59,23.75,-13.81,19.7,50.21,-27.51,71.77,-11.43,16.92,-2.76,35.66,20.95
2025-07-28T17:50:48.441304,-35.0,34.0,1.0,-13.0,-43.0,-25.0,-10.0,-9.0,-42.0,-29.0,-24.0,15.0,-43.59,34.75,-7.8100000000000005,-30.3,-40.79,1.4899999999999984,-9.23,-20.43,-24.08,-25.759999999999998,-43.34,12.95
2025-07-28T17:50:48.448045,58.0,25.0,-6.0,-4.0,31.0,8.0,-55.0,48.0,-28.0,-34.0,18.0,-8.0,49.41,25.75,-14.81,-21.3,33.21,34.489999999999995,-54.23,36.57,-10.079999999999998,-30.759999999999998,-1.3399999999999999,-10.05
2025-07-28T17:50:48.452479,39.0,27.0,42.0,50.0,24.0,-39.0,60.0,-70.0,-49.0,-83.0,-7.0,-27.0,30.41,27.75,33.19,32.7,26.21,-12.510000000000002,60.77,-81.43,-31.08,-79.76,-26.34,-29.05
2025-07-28T17:50:48.460440,83.0,18.0,22.0,-11.0,-23.0,70.0,76.0,-30.0,-16.0,-23.0,9.0,-19.0,74.41,18.75,13.19,-28.3,-20.79,96.49,76.77,-41.43,1.9200000000000017,-19.759999999999998,-10.34,-21.05
2025-07-28T17:50:48.464626,-26.0,-42.0,-44.0,46.0,-60.0,-68.0,-78.0,65.0,42.0,-31.0,79.0,12.0,-34.59,-41.25,-52.81,28.7,-57.79,-41.510000000000005,-77.23,53.57,59.92,-27.759999999999998,59.66,9.95
2025-07-28T17:50:48.472514,-10.0,-38.0,-2.0,7.0,76.0,-72.0,-46.0,-47.0,-1.0,17.0,47.0,-14.0,-18.59,-37.25,-10.81,-10.3,78.21,-45.510000000000005,-45.23,-58.43,16.92,20.240000000000002,27.66,-16.05
2025-07-28T17:50:48.476699,51.0,-22.0,57.0,96.0,41.0,-68.0,-39.0,80.0,4.0,-24.0,2.0,-51.0,42.41,-21.25,48.19,78.7,43.21,-41.510000000000005,-38.23,68.57,21.92,-20.759999999999998,-17.34,-53.05
2025-07-28T17:50:48.480840,-58.0,8.0,-35.0,-34.0,-48.0,-75.0,-9.0,39.0,-29.0,-55.0,57.0,-14.0,-66.59,8.75,-43.81,-51.3,-45.79,-48.510000000000005,-8.23,27.57,-11.079999999999998,-51.76,37.66,-16.05
2025-07-28T17:50:48.489045,40.0,-2.0,40.0,34.0,-8.0,-17.0,-64.0,57.0,41.0,-35.0,72.0,-13.0,31.41,-1.25,31.189999999999998,16.7,-5.79,9.489999999999998,-63.23,45.57,58.92,-31.759999999999998,52.66,-15.05
2025-07-28T17:50:48.493269,42.0,-37.0,64.0,31.0,-20.0,-38.0,4.0,25.0,-36.0,13.0,-6.0,51.0,33.41,-36.25,55.19,13.7,-17.79,-11.510000000000002,4.77,13.57,-18.08,16.240000000000002,-25.34,48.95
2025-07-28T17:50:48.501449,42.0,-24.0,8.0,72.0,-17.0,-10.0,13.0,95.0,-79.0,81.0,-14.0,-3.0,33.41,-23.25,-0.8100000000000005,54.7,-14.79,16.49,13.77,83.57,-61.08,84.24,-33.34,-5.05
2025-07-28T17:50:48.505384,57.0,-6.0,31.0,19.0,76.0,-46.0,53.0,54.0,-27.0,23.0,-17.0,1.0,48.41,-5.25,22.189999999999998,1.6999999999999993,78.21,-19.51,53.77,42.57,-9.079999999999998,26.240000000000002,-36.34,-1.0499999999999998
2025-07-28T17:50:48.513605,-7.0,-26.0,-18.0,-37.0,28.0,-16.0,29.0,-24.0,5.0,9.0,44.0,-1.0,-15.59,-25.25,-26.810000000000002,-54.3,30.21,10.489999999999998,29.77,-35.43,22.92,12.24,24.66,-3.05
2025-07-28T17:50:48.517860,-3.0,32.0,14.0,-19.0,-14.0,-50.0,-27.0,-32.0,-6.0,-10.0,23.0,16.0,-11.59,32.75,5.1899999999999995,-36.3,-11.79,-23.51,-26.23,-43.43,11.920000000000002,-6.76,3.66,13.95
2025-07-28T17:50:48.525930,-56.0,36.0,75.0,16.0,-7.0,-26.0,29.0,-35.0,-1.0,8.0,82.0,54.0,-64.59,36.75,66.19,-1.3000000000000007,-4.79,0.48999999999999844,29.77,-46.43,16.92,11.24,62.66,51.95
2025-07-28T17:50:48.530280,12.0,-51.0,11.0,-37.0,-70.0,-30.0,-64.0,-10.0,-58.0,-98.0,103.0,29.0,3.41,-50.25,2.1899999999999995,-54.3,-67.79,-3.5100000000000016,-63.23,-21.43,-40.08,-94.76,83.66,26.95
2025-07-28T17:50:48.538314,-17.0,27.0,89.0,75.0,-26.0,-50.0,-4.0,-50.0,27.0,-12.0,-30.0,60.0,-25.59,27.75,80.19,57.7,-23.79,-23.51,-3.23,-61.43,44.92,-8.76,-49.34,57.95
2025-07-28T17:50:48.542578,-38.0,43.0,6.0,21.0,-25.0,-7.0,-18.0,-26.0,69.0,47.0,0.0,-36.0,-46.59,43.75,-2.8100000000000005,3.6999999999999993,-22.79,19.49,-17.23,-37.43,86.92,50.24,-19.34,-38.05
2025-07-28T17:50:48.550516,25.0,27.0,103.0,21.0,50.0,-20.0,34.0,-15.0,2.0,-7.0,6.0,8.0,16.41,27.75,94.19,3.6999999999999993,52.21,6.489999999999998,34.77,-26.43,19.92,-3.76,-13.34,5.95
2025-07-28T17:50:48.554663,30.0,-18.0,41.0,42.0,-15.0,-49.0,-31.0,-14.0,-28.0,16.0,-16.0,-33.0,21.41,-17.25,32.19,24.7,-12.79,-22.51,-30.23,-25.43,-10.079999999999998,19.240000000000002,-35.34,-35.05
2025-07-28T17:50:48.562823,22.0,35.0,25.0,118.0,-24.0,-5.0,-27.0,50.0,-18.0,-10.0,-51.0,3.0,13.41,35.75,16.189999999999998,100.7,-21.79,21.49,-26.23,38.57,-0.0799999999999983,-6.76,-70.34,0.9500000000000002
2025-07-28T17:50:48.567080,-4.0,16.0,7.0,18.0,54.0,-49.0,-54.0,20.0,11.0,11.0,49.0,-20.0,-12.59,16.75,-1.8100000000000005,0.6999999999999993,56.21,-22.51,-53.23,8.57,28.92,14.24,29.66,-22.05
2025-07-28T17:50:48.575126,66.0,26.0,32.0,43.0,36.0,-22.0,16.0,29.0,-17.0,32.0,-12.0,21.0,57.41,26.75,23.189999999999998,25.7,38.21,4.489999999999998,16.77,17.57,0.9200000000000017,35.24,-31.34,18.95
2025-07-28T17:50:48.579361,-5.0,-17.0,48.0,62.0,-16.0,-62.0,44.0,-13.0,34.0,-12.0,11.0,-47.0,-13.59,-16.25,39.19,44.7,-13.79,-35.510000000000005,44.77,-24.43,51.92,-8.76,-8.34,-49.05
2025-07-28T17:50:48.587560,45.0,-49.0,-63.0,-12.0,44.0,-64.0,12.0,-66.0,-24.0,-38.0,9.0,49.0,36.41,-48.25,-71.81,-29.3,46.21,-37.510000000000005,12.77,-77.43,-6.079999999999998,-34.76,-10.34,46.95
2025-07-28T17:50:48.591666,-24.0,-89.0,-17.0,36.0,-37.0,-38.0,1.0,38.0,-69.0,66.0,-37.0,50.0,-32.59,-88.25,-25.810000000000002,18.7,-34.79,-11.510000000000002,1.77,26.57,-51.08,69.24,-56.34,47.95
2025-07-28T17:50:48.599641,53.0,-30.0,-26.0,1.0,-18.0,-27.0,-57.0,11.0,-84.0,-20.0,-11.0,27.0,44.41,-29.25,-34.81,-16.3,-15.79,-0.5100000000000016,-56.23,-0.4299999999999997,-66.08,-16.759999999999998,-30.34,24.95
2025-07-28T17:50:48.603864,13.0,-95.0,20.0,78.0,49.0,-46.0,-36.0,78.0,29.0,-10.0,21.0,-3.0,4.41,-94.25,11.19,60.7,51.21,-19.51,-35.23,66.57,46.92,-6.76,1.6600000000000001,-5.05
2025-07-28T17:50:48.611858,6.0,-1.0,70.0,105.0,-3.0,-6.0,31.0,9.0,-3.0,-58.0,-25.0,4.0,-2.59,-0.25,61.19,87.7,-0.79,20.49,31.77,-2.4299999999999997,14.920000000000002,-54.76,-44.34,1.9500000000000002
2025-07-28T17:50:48.616332,62.0,-52.0,1.0,55.0,44.0,-104.0,-35.0,61.0,-29.0,9.0,54.0,72.0,53.41,-51.25,-7.8100000000000005,37.7,46.21,-77.51,-34.23,49.57,-11.079999999999998,12.24,34.66,69.95
