timestamp,x1,y1,z1,x2,y2,z2,x3,y3,z3,x4,y4,z4,x1_calib,y1_calib,z1_calib,x2_calib,y2_calib,z2_calib,x3_calib,y3_calib,z3_calib,x4_calib,y4_calib,z4_calib
2025-08-08T19:59:03.710623,-14.0,-43.0,15.0,-16.0,2.0,-84.0,-3.0,-85.0,12.0,108.0,16.0,-74.0,-0.6999999999999993,-81.38,33.769999999999996,6.030000000000001,-15.91,-49.9,-3.26,-90.7,28.69,89.51,-19.68,-55.08
2025-08-08T19:59:03.719877,-35.0,21.0,23.0,-27.0,19.0,-77.0,-18.0,4.0,2.0,30.0,-10.0,37.0,-21.7,-17.380000000000003,41.769999999999996,-4.969999999999999,1.0899999999999999,-42.9,-18.26,-1.7000000000000002,18.69,11.510000000000002,-45.68,55.92
2025-08-08T19:59:03.723117,14.0,100.0,30.0,-8.0,-2.0,-41.0,19.0,-1.0,20.0,42.0,1.0,-5.0,27.3,61.62,48.769999999999996,14.030000000000001,-19.91,-6.899999999999999,18.74,-6.7,36.69,23.51,-34.68,13.920000000000002
2025-08-08T19:59:03.726395,-65.0,-1.0,31.0,40.0,34.0,-76.0,17.0,-14.0,79.0,11.0,54.0,10.0,-51.7,-39.38,49.769999999999996,62.03,16.09,-41.9,16.74,-19.7,95.69,-7.489999999999998,18.32,28.92
2025-08-08T19:59:03.730290,-56.0,56.0,18.0,-60.0,17.0,10.0,6.0,31.0,12.0,43.0,34.0,-27.0,-42.7,17.619999999999997,36.769999999999996,-37.97,-0.9100000000000001,44.1,5.74,25.3,28.69,24.51,-1.6799999999999997,-8.079999999999998
2025-08-08T19:59:03.733525,-3.0,111.0,-23.0,-23.0,-52.0,43.0,65.0,0.0,-60.0,65.0,41.0,-14.0,10.3,72.62,-4.23,-0.9699999999999989,-69.91,77.1,64.74,-5.7,-43.31,46.510000000000005,5.32,4.920000000000002
2025-08-08T19:59:03.738741,-65.0,53.0,-105.0,-44.0,2.0,-25.0,-78.0,-7.0,39.0,1.0,11.0,-21.0,-51.7,14.619999999999997,-86.23,-21.97,-15.91,9.100000000000001,-78.26,-12.7,55.69,-17.49,-24.68,-2.0799999999999983
2025-08-08T19:59:03.742847,-23.0,31.0,-30.0,-5.0,30.0,-28.0,-49.0,-47.0,18.0,58.0,31.0,-41.0,-9.7,-7.380000000000003,-11.23,17.03,12.09,6.100000000000001,-49.26,-52.7,34.69,39.510000000000005,-4.68,-22.08
2025-08-08T19:59:03.750960,26.0,119.0,-37.0,59.0,9.0,-22.0,9.0,34.0,-5.0,-45.0,-27.0,-63.0,39.3,80.62,-18.23,81.03,-8.91,12.100000000000001,8.74,28.3,11.690000000000001,-63.489999999999995,-62.68,-44.08
2025-08-08T19:59:03.755504,14.0,63.0,-34.0,-34.0,22.0,-39.0,19.0,14.0,12.0,10.0,37.0,-32.0,27.3,24.619999999999997,-15.23,-11.969999999999999,4.09,-4.899999999999999,18.74,8.3,28.69,-8.489999999999998,1.3200000000000003,-13.079999999999998
2025-08-08T19:59:03.763245,-10.0,148.0,-75.0,-55.0,32.0,-21.0,72.0,-31.0,5.0,73.0,71.0,-52.0,3.3000000000000007,109.62,-56.230000000000004,-32.97,14.09,13.100000000000001,71.74,-36.7,21.69,54.510000000000005,35.32,-33.08
2025-08-08T19:59:03.767343,16.0,39.0,33.0,-30.0,4.0,1.0,-31.0,35.0,-46.0,89.0,86.0,7.0,29.3,0.6199999999999974,51.769999999999996,-7.969999999999999,-13.91,35.1,-31.26,29.3,-29.31,70.51,50.32,25.92
2025-08-08T19:59:03.775521,6.0,41.0,34.0,39.0,5.0,-25.0,46.0,-7.0,-15.0,62.0,31.0,-32.0,19.3,2.6199999999999974,52.769999999999996,61.03,-12.91,9.100000000000001,45.74,-12.7,1.6900000000000013,43.510000000000005,-4.68,-13.079999999999998
2025-08-08T19:59:03.779912,38.0,-16.0,-38.0,-23.0,44.0,-36.0,-11.0,33.0,0.0,14.0,55.0,8.0,51.3,-54.38,-19.23,-0.9699999999999989,26.09,-1.8999999999999986,-11.26,27.3,16.69,-4.489999999999998,19.32,26.92
2025-08-08T19:59:03.788013,-21.0,-9.0,-3.0,-23.0,27.0,-24.0,33.0,-19.0,-41.0,71.0,65.0,-44.0,-7.699999999999999,-47.38,15.77,-0.9699999999999989,9.09,10.100000000000001,32.74,-24.7,-24.31,52.510000000000005,29.32,-25.08
2025-08-08T19:59:03.792470,70.0,33.0,-43.0,-39.0,36.0,-52.0,14.0,-18.0,-10.0,56.0,29.0,-23.0,83.3,-5.380000000000003,-24.23,-16.97,18.09,-17.9,13.74,-23.7,6.690000000000001,37.510000000000005,-6.68,-4.079999999999998
2025-08-08T19:59:03.800144,-47.0,-2.0,-38.0,-35.0,53.0,-13.0,9.0,15.0,-6.0,50.0,36.0,2.0,-33.7,-40.38,-19.23,-12.969999999999999,35.09,21.1,8.74,9.3,10.690000000000001,31.51,0.3200000000000003,20.92
2025-08-08T19:59:03.804662,10.0,57.0,30.0,-32.0,62.0,-16.0,-24.0,22.0,11.0,-57.0,11.0,-36.0,23.3,18.619999999999997,48.769999999999996,-9.969999999999999,44.09,18.1,-24.26,16.3,27.69,-75.49,-24.68,-17.08
2025-08-08T19:59:03.812454,-9.0,47.0,-13.0,-58.0,60.0,-76.0,-23.0,-17.0,-37.0,-43.0,0.0,17.0,4.300000000000001,8.619999999999997,5.77,-35.97,42.09,-41.9,-23.26,-22.7,-20.31,-61.489999999999995,-35.68,35.92
2025-08-08T19:59:03.817210,-17.0,15.0,-9.0,-2.0,49.0,-27.0,-2.0,-43.0,-11.0,-1.0,66.0,-20.0,-3.6999999999999993,-23.380000000000003,9.77,20.03,31.09,7.100000000000001,-2.26,-48.7,5.690000000000001,-19.49,30.32,-1.0799999999999983
2025-08-08T19:59:03.824723,12.0,63.0,44.0,33.0,17.0,-71.0,1.0,-26.0,38.0,-31.0,14.0,-51.0,25.3,24.619999999999997,62.769999999999996,55.03,-0.9100000000000001,-36.9,0.74,-31.7,54.69,-49.489999999999995,-21.68,-32.08
2025-08-08T19:59:03.829064,0.0,48.0,28.0,93.0,54.0,-96.0,-35.0,21.0,-48.0,1.0,34.0,26.0,13.3,9.619999999999997,46.769999999999996,115.03,36.09,-61.9,-35.26,15.3,-31.31,-17.49,-1.6799999999999997,44.92
2025-08-08T19:59:03.836991,-57.0,49.0,-26.0,-11.0,34.0,-45.0,-24.0,54.0,15.0,22.0,71.0,18.0,-43.7,10.619999999999997,-7.23,11.030000000000001,16.09,-10.899999999999999,-24.26,48.3,31.69,3.5100000000000016,35.32,36.92
2025-08-08T19:59:03.841325,-56.0,-17.0,-41.0,-5.0,-31.0,-5.0,32.0,17.0,-84.0,36.0,87.0,0.0,-42.7,-55.38,-22.23,17.03,-48.91,29.1,31.74,11.3,-67.31,17.51,51.32,18.92
2025-08-08T19:59:03.849380,-70.0,91.0,-16.0,-75.0,-73.0,2.0,-47.0,-12.0,-55.0,-91.0,36.0,-16.0,-56.7,52.62,2.7699999999999996,-52.97,-90.91,36.1,-47.26,-17.7,-38.31,-109.49,0.3200000000000003,2.9200000000000017
2025-08-08T19:59:03.853583,43.0,62.0,6.0,-29.0,-19.0,-41.0,44.0,-1.0,6.0,58.0,91.0,-32.0,56.3,23.619999999999997,24.77,-6.969999999999999,-36.91,-6.899999999999999,43.74,-6.7,22.69,39.510000000000005,55.32,-13.079999999999998
2025-08-08T19:59:03.861727,-45.0,89.0,8.0,-56.0,-10.0,-25.0,33.0,-60.0,-8.0,-2.0,56.0,-35.0,-31.7,50.62,26.77,-33.97,-27.91,9.100000000000001,32.74,-65.7,8.690000000000001,-20.49,20.32,-16.08
2025-08-08T19:59:03.866100,75.0,80.0,-38.0,-29.0,30.0,-66.0,-3.0,-51.0,7.0,64.0,34.0,-67.0,88.3,41.62,-19.23,-6.969999999999999,12.09,-31.9,-3.26,-56.7,23.69,45.510000000000005,-1.6799999999999997,-48.08
2025-08-08T19:59:03.874041,33.0,110.0,39.0,-3.0,75.0,2.0,5.0,-65.0,6.0,-25.0,58.0,-37.0,46.3,71.62,57.769999999999996,19.03,57.09,36.1,4.74,-70.7,22.69,-43.489999999999995,22.32,-18.08
2025-08-08T19:59:03.878773,58.0,80.0,-115.0,-65.0,-17.0,6.0,60.0,4.0,-41.0,64.0,18.0,-117.0,71.3,41.62,-96.23,-42.97,-34.91,40.1,59.74,-1.7000000000000002,-24.31,45.510000000000005,-17.68,-98.08
2025-08-08T19:59:03.886191,47.0,50.0,-1.0,-24.0,35.0,-63.0,53.0,22.0,-9.0,10.0,32.0,-12.0,60.3,11.619999999999997,17.77,-1.9699999999999989,17.09,-28.9,52.74,16.3,7.690000000000001,-8.489999999999998,-3.6799999999999997,6.920000000000002
2025-08-08T19:59:03.891117,-2.0,44.0,-2.0,-55.0,72.0,-82.0,-4.0,-35.0,-11.0,20.0,74.0,-2.0,11.3,5.619999999999997,16.77,-32.97,54.09,-47.9,-4.26,-40.7,5.690000000000001,1.5100000000000016,38.32,16.92
2025-08-08T19:59:03.898512,-17.0,88.0,-18.0,-55.0,14.0,-3.0,-4.0,-42.0,27.0,-3.0,-3.0,-39.0,-3.6999999999999993,49.62,0.7699999999999996,-32.97,-3.91,31.1,-4.26,-47.7,43.69,-21.49,-38.68,-20.08
2025-08-08T19:59:03.903154,91.0,100.0,26.0,1.0,22.0,31.0,-80.0,28.0,-16.0,25.0,-1.0,-14.0,104.3,61.62,44.769999999999996,23.03,4.09,65.1,-80.26,22.3,0.6900000000000013,6.510000000000002,-36.68,4.920000000000002
2025-08-08T19:59:03.910653,65.0,39.0,-61.0,-36.0,49.0,-11.0,-52.0,-16.0,-42.0,-6.0,57.0,-80.0,78.3,0.6199999999999974,-42.230000000000004,-13.969999999999999,31.09,23.1,-52.26,-21.7,-25.31,-24.49,21.32,-61.08
2025-08-08T19:59:03.915583,80.0,45.0,-41.0,-57.0,78.0,-18.0,-40.0,-9.0,-21.0,51.0,39.0,-7.0,93.3,6.619999999999997,-22.23,-34.97,60.09,16.1,-40.26,-14.7,-4.309999999999999,32.510000000000005,3.3200000000000003,11.920000000000002
2025-08-08T19:59:03.924522,-39.0,11.0,-6.0,-64.0,-25.0,-22.0,-1.0,-30.0,46.0,33.0,-48.0,-44.0,-25.7,-27.380000000000003,12.77,-41.97,-42.91,12.100000000000001,-1.26,-35.7,62.69,14.510000000000002,-83.68,-25.08
2025-08-08T19:59:03.929458,-44.0,-7.0,53.0,17.0,23.0,-12.0,-3.0,11.0,30.0,-6.0,2.0,0.0,-30.7,-45.38,71.77,39.03,5.09,22.1,-3.26,5.3,46.69,-24.49,-33.68,18.92
2025-08-08T19:59:03.934231,-8.0,112.0,7.0,-31.0,15.0,-3.0,12.0,-9.0,-7.0,30.0,23.0,-30.0,5.300000000000001,73.62,25.77,-8.969999999999999,-2.91,31.1,11.74,-14.7,9.690000000000001,11.510000000000002,-12.68,-11.079999999999998
2025-08-08T19:59:03.939649,-30.0,30.0,13.0,-46.0,-4.0,38.0,-15.0,34.0,-22.0,-27.0,69.0,-25.0,-16.7,-8.380000000000003,31.77,-23.97,-21.91,72.1,-15.26,28.3,-5.309999999999999,-45.489999999999995,33.32,-6.079999999999998
2025-08-08T19:59:03.944309,4.0,65.0,26.0,-25.0,73.0,-27.0,26.0,50.0,-54.0,22.0,-46.0,-25.0,17.3,26.619999999999997,44.769999999999996,-2.969999999999999,55.09,7.100000000000001,25.74,44.3,-37.31,3.5100000000000016,-81.68,-6.079999999999998
2025-08-08T19:59:03.951712,39.0,64.0,-10.0,-68.0,19.0,-55.0,-11.0,-14.0,14.0,41.0,58.0,-38.0,52.3,25.619999999999997,8.77,-45.97,1.0899999999999999,-20.9,-11.26,-19.7,30.69,22.51,22.32,-19.08
2025-08-08T19:59:03.955930,41.0,52.0,-40.0,42.0,12.0,-75.0,0.0,38.0,-16.0,36.0,-25.0,-7.0,54.3,13.619999999999997,-21.23,64.03,-5.91,-40.9,-0.26,32.3,0.6900000000000013,17.51,-60.68,11.920000000000002
2025-08-08T19:59:03.964191,-21.0,128.0,-44.0,-3.0,-10.0,-26.0,28.0,-29.0,-34.0,59.0,12.0,-45.0,-7.699999999999999,89.62,-25.23,19.03,-27.91,8.100000000000001,27.74,-34.7,-17.31,40.510000000000005,-23.68,-26.08
2025-08-08T19:59:03.968266,0.0,38.0,-36.0,21.0,-5.0,-67.0,-10.0,-28.0,14.0,-13.0,60.0,-2.0,13.3,-0.38000000000000256,-17.23,43.03,-22.91,-32.9,-10.26,-33.7,30.69,-31.49,24.32,16.92
2025-08-08T19:59:03.976179,3.0,-11.0,11.0,-2.0,21.0,-58.0,17.0,8.0,-46.0,4.0,23.0,-37.0,16.3,-49.38,29.77,20.03,3.09,-23.9,16.74,2.3,-29.31,-14.489999999999998,-12.68,-18.08
2025-08-08T19:59:03.980693,-3.0,58.0,-48.0,-30.0,43.0,-14.0,-9.0,20.0,-23.0,16.0,76.0,-62.0,10.3,19.619999999999997,-29.23,-7.969999999999999,25.09,20.1,-9.26,14.3,-6.309999999999999,-2.4899999999999984,40.32,-43.08
2025-08-08T19:59:03.988687,36.0,8.0,-55.0,-47.0,11.0,-32.0,-30.0,35.0,-6.0,93.0,-7.0,92.0,49.3,-30.380000000000003,-36.230000000000004,-24.97,-6.91,2.1000000000000014,-30.26,29.3,10.690000000000001,74.51,-42.68,110.92
2025-08-08T19:59:03.993055,-3.0,-2.0,-35.0,-50.0,62.0,-19.0,-40.0,111.0,13.0,65.0,-13.0,-52.0,10.3,-40.38,-16.23,-27.97,44.09,15.100000000000001,-40.26,105.3,29.69,46.510000000000005,-48.68,-33.08
2025-08-08T19:59:04.000842,-2.0,52.0,39.0,-69.0,41.0,-72.0,9.0,34.0,-26.0,29.0,56.0,-4.0,11.3,13.619999999999997,57.769999999999996,-46.97,23.09,-37.9,8.74,28.3,-9.309999999999999,10.510000000000002,20.32,14.920000000000002
2025-08-08T19:59:04.005325,-1.0,-7.0,-28.0,-109.0,-27.0,-24.0,-4.0,-16.0,-3.0,-56.0,34.0,33.0,12.3,-45.38,-9.23,-86.97,-44.91,10.100000000000001,-4.26,-21.7,13.690000000000001,-74.49,-1.6799999999999997,51.92
2025-08-08T19:59:04.013269,19.0,64.0,9.0,-80.0,32.0,-58.0,73.0,-17.0,-85.0,17.0,29.0,-59.0,32.3,25.619999999999997,27.77,-57.97,14.09,-23.9,72.74,-22.7,-68.31,-1.4899999999999984,-6.68,-40.08
2025-08-08T19:59:04.018330,-53.0,68.0,-6.0,-2.0,71.0,-20.0,97.0,22.0,-37.0,-27.0,14.0,25.0,-39.7,29.619999999999997,12.77,20.03,53.09,14.100000000000001,96.74,16.3,-20.31,-45.489999999999995,-21.68,43.92
2025-08-08T19:59:04.025784,-91.0,18.0,-25.0,-52.0,37.0,13.0,46.0,25.0,25.0,11.0,31.0,10.0,-77.7,-20.380000000000003,-6.23,-29.97,19.09,47.1,45.74,19.3,41.69,-7.489999999999998,-4.68,28.92
2025-08-08T19:59:04.030335,-27.0,93.0,44.0,-74.0,-33.0,15.0,-25.0,-1.0,-34.0,-6.0,70.0,-18.0,-13.7,54.62,62.769999999999996,-51.97,-50.91,49.1,-25.26,-6.7,-17.31,-24.49,34.32,0.9200000000000017
2025-08-08T19:59:04.038103,-35.0,91.0,5.0,-6.0,38.0,-37.0,-22.0,-14.0,-13.0,-1.0,35.0,6.0,-21.7,52.62,23.77,16.03,20.09,-2.8999999999999986,-22.26,-19.7,3.6900000000000013,-19.49,-0.6799999999999997,24.92
2025-08-08T19:59:04.042752,-43.0,90.0,-30.0,-57.0,-56.0,-49.0,6.0,-56.0,14.0,77.0,13.0,-48.0,-29.7,51.62,-11.23,-34.97,-73.91,-14.899999999999999,5.74,-61.7,30.69,58.510000000000005,-22.68,-29.08
2025-08-08T19:59:04.050305,-24.0,40.0,-27.0,17.0,13.0,-66.0,13.0,28.0,2.0,57.0,-44.0,20.0,-10.7,1.6199999999999974,-8.23,39.03,-4.91,-31.9,12.74,22.3,18.69,38.510000000000005,-79.68,38.92
2025-08-08T19:59:04.054898,-32.0,50.0,-32.0,-38.0,5.0,-32.0,15.0,-8.0,9.0,39.0,49.0,20.0,-18.7,11.619999999999997,-13.23,-15.969999999999999,-12.91,2.1000000000000014,14.74,-13.7,25.69,20.51,13.32,38.92
2025-08-08T19:59:04.062199,-1.0,55.0,11.0,1.0,45.0,-85.0,-18.0,12.0,-36.0,2.0,5.0,8.0,12.3,16.619999999999997,29.77,23.03,27.09,-50.9,-18.26,6.3,-19.31,-16.49,-30.68,26.92
2025-08-08T19:59:04.067290,-37.0,87.0,-8.0,-2.0,24.0,-49.0,-28.0,11.0,-75.0,41.0,56.0,-21.0,-23.7,48.62,10.77,20.03,6.09,-14.899999999999999,-28.26,5.3,-58.31,22.51,20.32,-2.0799999999999983
2025-08-08T19:59:04.074801,-11.0,79.0,-67.0,17.0,-36.0,13.0,-7.0,38.0,-11.0,38.0,24.0,18.0,2.3000000000000007,40.62,-48.230000000000004,39.03,-53.91,47.1,-7.26,32.3,5.690000000000001,19.51,-11.68,36.92
2025-08-08T19:59:04.079370,-12.0,26.0,-11.0,-3.0,-10.0,40.0,-48.0,17.0,-32.0,96.0,-15.0,13.0,1.3000000000000007,-12.380000000000003,7.77,19.03,-27.91,74.1,-48.26,11.3,-15.309999999999999,77.51,-50.68,31.92
2025-08-08T19:59:04.087183,-73.0,65.0,-14.0,-4.0,-5.0,-67.0,-9.0,26.0,-54.0,-22.0,19.0,-45.0,-59.7,26.619999999999997,4.77,18.03,-22.91,-32.9,-9.26,20.3,-37.31,-40.489999999999995,-16.68,-26.08
2025-08-08T19:59:04.091634,-31.0,56.0,-50.0,-45.0,48.0,-21.0,48.0,19.0,-8.0,10.0,10.0,4.0,-17.7,17.619999999999997,-31.23,-22.97,30.09,13.100000000000001,47.74,13.3,8.690000000000001,-8.489999999999998,-25.68,22.92
2025-08-08T19:59:04.099089,-18.0,56.0,16.0,-2.0,24.0,-42.0,-22.0,25.0,-49.0,-29.0,29.0,26.0,-4.699999999999999,17.619999999999997,34.769999999999996,20.03,6.09,-7.899999999999999,-22.26,19.3,-32.31,-47.489999999999995,-6.68,44.92
2025-08-08T19:59:04.103730,19.0,29.0,-4.0,68.0,24.0,-3.0,25.0,72.0,-6.0,23.0,0.0,-49.0,32.3,-9.380000000000003,14.77,90.03,6.09,31.1,24.74,66.3,10.690000000000001,4.510000000000002,-35.68,-30.08
2025-08-08T19:59:04.109484,20.0,18.0,24.0,7.0,7.0,-27.0,-3.0,33.0,57.0,20.0,57.0,-87.0,33.3,-20.380000000000003,42.769999999999996,29.03,-10.91,7.100000000000001,-3.26,27.3,73.69,1.5100000000000016,21.32,-68.08
2025-08-08T19:59:04.116064,-8.0,18.0,-6.0,-18.0,-40.0,-35.0,-22.0,-25.0,-61.0,20.0,36.0,0.0,5.300000000000001,-20.380000000000003,12.77,4.030000000000001,-57.91,-0.8999999999999986,-22.26,-30.7,-44.31,1.5100000000000016,0.3200000000000003,18.92
2025-08-08T19:59:04.122645,54.0,56.0,-51.0,-22.0,0.0,-51.0,-28.0,-24.0,7.0,44.0,39.0,-20.0,67.3,17.619999999999997,-32.230000000000004,0.030000000000001137,-17.91,-16.9,-28.26,-29.7,23.69,25.51,3.3200000000000003,-1.0799999999999983
2025-08-08T19:59:04.128424,-22.0,73.0,16.0,-19.0,-24.0,-35.0,-22.0,-42.0,30.0,111.0,-15.0,-68.0,-8.7,34.62,34.769999999999996,3.030000000000001,-41.91,-0.8999999999999986,-22.26,-47.7,46.69,92.51,-50.68,-49.08
2025-08-08T19:59:04.134321,-29.0,38.0,29.0,-38.0,28.0,-2.0,-40.0,66.0,33.0,42.0,7.0,-75.0,-15.7,-0.38000000000000256,47.769999999999996,-15.969999999999999,10.09,32.1,-40.26,60.3,49.69,23.51,-28.68,-56.08
2025-08-08T19:59:04.140709,-39.0,-7.0,22.0,-18.0,25.0,-10.0,7.0,76.0,-36.0,54.0,-1.0,-27.0,-25.7,-45.38,40.769999999999996,4.030000000000001,7.09,24.1,6.74,70.3,-19.31,35.510000000000005,-36.68,-8.079999999999998
2025-08-08T19:59:04.147669,-36.0,55.0,-15.0,11.0,-12.0,-30.0,-70.0,-5.0,-29.0,31.0,11.0,-49.0,-22.7,16.619999999999997,3.7699999999999996,33.03,-29.91,4.100000000000001,-70.26,-10.7,-12.309999999999999,12.510000000000002,-24.68,-30.08
2025-08-08T19:59:04.152532,-45.0,48.0,40.0,-12.0,30.0,8.0,-59.0,30.0,-7.0,58.0,46.0,37.0,-31.7,9.619999999999997,58.769999999999996,10.030000000000001,12.09,42.1,-59.26,24.3,9.690000000000001,39.510000000000005,10.32,55.92
2025-08-08T19:59:04.157520,11.0,39.0,41.0,-24.0,-6.0,-20.0,47.0,-22.0,15.0,67.0,53.0,-18.0,24.3,0.6199999999999974,59.769999999999996,-1.9699999999999989,-23.91,14.100000000000001,46.74,-27.7,31.69,48.510000000000005,17.32,0.9200000000000017
2025-08-08T19:59:04.165037,-46.0,78.0,-33.0,14.0,24.0,-71.0,-4.0,-11.0,-107.0,6.0,4.0,1.0,-32.7,39.62,-14.23,36.03,6.09,-36.9,-4.26,-16.7,-90.31,-12.489999999999998,-31.68,19.92
2025-08-08T19:59:04.170325,-88.0,37.0,-14.0,-35.0,14.0,4.0,68.0,-37.0,68.0,3.0,82.0,-42.0,-74.7,-1.3800000000000026,4.77,-12.969999999999999,-3.91,38.1,67.74,-42.7,84.69,-15.489999999999998,46.32,-23.08
2025-08-08T19:59:04.177292,-57.0,126.0,-72.0,-8.0,-16.0,-76.0,57.0,-82.0,-29.0,52.0,12.0,22.0,-43.7,87.62,-53.230000000000004,14.030000000000001,-33.91,-41.9,56.74,-87.7,-12.309999999999999,33.510000000000005,-23.68,40.92
2025-08-08T19:59:04.181711,21.0,81.0,-43.0,-11.0,-6.0,-20.0,23.0,-3.0,-16.0,-32.0,102.0,-8.0,34.3,42.62,-24.23,11.030000000000001,-23.91,14.100000000000001,22.74,-8.7,0.6900000000000013,-50.489999999999995,66.32,10.920000000000002
2025-08-08T19:59:04.189368,-2.0,22.0,-61.0,8.0,20.0,9.0,36.0,-40.0,11.0,-38.0,84.0,-12.0,11.3,-16.380000000000003,-42.230000000000004,30.03,2.09,43.1,35.74,-45.7,27.69,-56.489999999999995,48.32,6.920000000000002
2025-08-08T19:59:04.194991,32.0,19.0,-40.0,8.0,38.0,-31.0,-21.0,0.0,14.0,28.0,73.0,36.0,45.3,-19.380000000000003,-21.23,30.03,20.09,3.1000000000000014,-21.26,-5.7,30.69,9.510000000000002,37.32,54.92
2025-08-08T19:59:04.201550,5.0,-1.0,-13.0,5.0,-8.0,-40.0,-100.0,15.0,7.0,25.0,-38.0,13.0,18.3,-39.38,5.77,27.03,-25.91,-5.899999999999999,-100.26,9.3,23.69,6.510000000000002,-73.68,31.92
2025-08-08T19:59:04.208862,-9.0,53.0,-61.0,-16.0,18.0,-20.0,-71.0,18.0,16.0,-2.0,63.0,-88.0,4.300000000000001,14.619999999999997,-42.230000000000004,6.030000000000001,0.08999999999999986,14.100000000000001,-71.26,12.3,32.69,-20.49,27.32,-69.08
2025-08-08T19:59:04.214697,32.0,2.0,-35.0,-32.0,-10.0,14.0,-78.0,35.0,12.0,25.0,67.0,18.0,45.3,-36.38,-16.23,-9.969999999999999,-27.91,48.1,-78.26,29.3,28.69,6.510000000000002,31.32,36.92
2025-08-08T19:59:04.219882,75.0,-8.0,32.0,23.0,10.0,-133.0,-25.0,-12.0,-50.0,2.0,20.0,-110.0,88.3,-46.38,50.769999999999996,45.03,-7.91,-98.9,-25.26,-17.7,-33.31,-16.49,-15.68,-91.08
2025-08-08T19:59:04.226076,-56.0,49.0,-17.0,-34.0,-20.0,-51.0,38.0,0.0,-49.0,9.0,-37.0,-28.0,-42.7,10.619999999999997,1.7699999999999996,-11.969999999999999,-37.91,-16.9,37.74,-5.7,-32.31,-9.489999999999998,-72.68,-9.079999999999998
2025-08-08T19:59:04.231128,-37.0,43.0,81.0,21.0,24.0,-105.0,40.0,-56.0,-46.0,-11.0,10.0,-37.0,-23.7,4.619999999999997,99.77,43.03,6.09,-70.9,39.74,-61.7,-29.31,-29.49,-25.68,-18.08
2025-08-08T19:59:04.238393,-33.0,18.0,-46.0,-57.0,-58.0,-36.0,18.0,-21.0,-5.0,5.0,64.0,-24.0,-19.7,-20.380000000000003,-27.23,-34.97,-75.91,-1.8999999999999986,17.74,-26.7,11.690000000000001,-13.489999999999998,28.32,-5.079999999999998
2025-08-08T19:59:04.243504,-82.0,72.0,-17.0,-6.0,-17.0,-55.0,15.0,11.0,-10.0,-8.0,59.0,-39.0,-68.7,33.62,1.7699999999999996,16.03,-34.91,-20.9,14.74,5.3,6.690000000000001,-26.49,23.32,-20.08
2025-08-08T19:59:04.250618,-53.0,24.0,34.0,-66.0,65.0,-34.0,-22.0,12.0,41.0,47.0,80.0,-100.0,-39.7,-14.380000000000003,52.769999999999996,-43.97,47.09,0.10000000000000142,-22.26,6.3,57.69,28.51,44.32,-81.08
2025-08-08T19:59:04.255408,47.0,83.0,22.0,42.0,57.0,-30.0,-6.0,1.0,-13.0,-16.0,52.0,-43.0,60.3,44.62,40.769999999999996,64.03,39.09,4.100000000000001,-6.26,-4.7,3.6900000000000013,-34.489999999999995,16.32,-24.08
2025-08-08T19:59:04.262841,33.0,36.0,8.0,-17.0,27.0,10.0,10.0,-50.0,-53.0,1.0,8.0,0.0,46.3,-2.3800000000000026,26.77,5.030000000000001,9.09,44.1,9.74,-55.7,-36.31,-17.49,-27.68,18.92
2025-08-08T19:59:04.267577,-67.0,-5.0,0.0,-15.0,-16.0,12.0,-4.0,10.0,-26.0,-9.0,-24.0,-4.0,-53.7,-43.38,18.77,7.030000000000001,-33.91,46.1,-4.26,4.3,-9.309999999999999,-27.49,-59.68,14.920000000000002
2025-08-08T19:59:04.275271,-14.0,3.0,-1.0,80.0,-21.0,-24.0,-20.0,-54.0,15.0,-12.0,2.0,-4.0,-0.6999999999999993,-35.38,17.77,102.03,-38.91,10.100000000000001,-20.26,-59.7,31.69,-30.49,-33.68,14.920000000000002
2025-08-08T19:59:04.280336,-69.0,6.0,20.0,28.0,12.0,-54.0,62.0,-25.0,-84.0,52.0,14.0,10.0,-55.7,-32.38,38.769999999999996,50.03,-5.91,-19.9,61.74,-30.7,-67.31,33.510000000000005,-21.68,28.92
2025-08-08T19:59:04.287626,-34.0,11.0,-23.0,-38.0,16.0,-16.0,-16.0,38.0,10.0,2.0,53.0,2.0,-20.7,-27.380000000000003,-4.23,-15.969999999999999,-1.9100000000000001,18.1,-16.26,32.3,26.69,-16.49,17.32,20.92
2025-08-08T19:59:04.292610,12.0,77.0,-15.0,19.0,-9.0,-67.0,48.0,-9.0,-30.0,-20.0,32.0,23.0,25.3,38.62,3.7699999999999996,41.03,-26.91,-32.9,47.74,-14.7,-13.309999999999999,-38.489999999999995,-3.6799999999999997,41.92
2025-08-08T19:59:04.299745,-73.0,30.0,19.0,54.0,83.0,-55.0,-13.0,15.0,-27.0,-73.0,-21.0,-61.0,-59.7,-8.380000000000003,37.769999999999996,76.03,65.09,-20.9,-13.26,9.3,-10.309999999999999,-91.49,-56.68,-42.08
2025-08-08T19:59:04.304208,17.0,122.0,2.0,-31.0,27.0,-58.0,19.0,34.0,15.0,21.0,150.0,-30.0,30.3,83.62,20.77,-8.969999999999999,9.09,-23.9,18.74,28.3,31.69,2.5100000000000016,114.32,-11.079999999999998
2025-08-08T19:59:04.312102,-16.0,42.0,30.0,-12.0,15.0,-59.0,-2.0,33.0,-7.0,-12.0,64.0,-104.0,-2.6999999999999993,3.6199999999999974,48.769999999999996,10.030000000000001,-2.91,-24.9,-2.26,27.3,9.690000000000001,-30.49,28.32,-85.08
2025-08-08T19:59:04.316437,19.0,70.0,-30.0,-109.0,16.0,-69.0,-40.0,-9.0,2.0,-64.0,61.0,-30.0,32.3,31.619999999999997,-11.23,-86.97,-1.9100000000000001,-34.9,-40.26,-14.7,18.69,-82.49,25.32,-11.079999999999998
2025-08-08T19:59:04.324351,-22.0,103.0,-19.0,21.0,-19.0,-45.0,25.0,71.0,32.0,48.0,75.0,21.0,-8.7,64.62,-0.23000000000000043,43.03,-36.91,-10.899999999999999,24.74,65.3,48.69,29.51,39.32,39.92
2025-08-08T19:59:04.328604,4.0,35.0,-71.0,23.0,32.0,-27.0,-27.0,19.0,-48.0,72.0,46.0,-33.0,17.3,-3.3800000000000026,-52.230000000000004,45.03,14.09,7.100000000000001,-27.26,13.3,-31.31,53.510000000000005,10.32,-14.079999999999998
2025-08-08T19:59:04.336779,62.0,93.0,-49.0,-19.0,41.0,-13.0,-10.0,-38.0,-61.0,25.0,34.0,-40.0,75.3,54.62,-30.23,3.030000000000001,23.09,21.1,-10.26,-43.7,-44.31,6.510000000000002,-1.6799999999999997,-21.08
2025-08-08T19:59:04.340950,24.0,36.0,-59.0,-25.0,-8.0,-47.0,26.0,15.0,-8.0,8.0,25.0,-5.0,37.3,-2.3800000000000026,-40.230000000000004,-2.969999999999999,-25.91,-12.899999999999999,25.74,9.3,8.690000000000001,-10.489999999999998,-10.68,13.920000000000002
2025-08-08T19:59:04.345131,-15.0,-14.0,-80.0,7.0,-23.0,-50.0,-2.0,-29.0,-48.0,50.0,31.0,7.0,-1.6999999999999993,-52.38,-61.230000000000004,29.03,-40.91,-15.899999999999999,-2.26,-34.7,-31.31,31.51,-4.68,25.92
2025-08-08T19:59:04.353283,-37.0,64.0,-22.0,39.0,-26.0,-97.0,-2.0,76.0,-78.0,57.0,8.0,-27.0,-23.7,25.619999999999997,-3.2300000000000004,61.03,-43.91,-62.9,-2.26,70.3,-61.31,38.510000000000005,-27.68,-8.079999999999998
2025-08-08T19:59:04.357257,1.0,35.0,-5.0,13.0,28.0,-87.0,-16.0,7.0,-46.0,-16.0,-10.0,14.0,14.3,-3.3800000000000026,13.77,35.03,10.09,-52.9,-16.26,1.2999999999999998,-29.31,-34.489999999999995,-45.68,32.92
2025-08-08T19:59:04.365482,12.0,60.0,-125.0,-36.0,-39.0,-21.0,-5.0,51.0,-25.0,-29.0,31.0,-60.0,25.3,21.619999999999997,-106.23,-13.969999999999999,-56.91,13.100000000000001,-5.26,45.3,-8.309999999999999,-47.489999999999995,-4.68,-41.08
2025-08-08T19:59:04.369562,5.0,29.0,30.0,-23.0,23.0,-62.0,-21.0,27.0,2.0,49.0,41.0,-10.0,18.3,-9.380000000000003,48.769999999999996,-0.9699999999999989,5.09,-27.9,-21.26,21.3,18.69,30.51,5.32,8.920000000000002
2025-08-08T19:59:04.377795,17.0,68.0,25.0,-68.0,42.0,18.0,15.0,-37.0,-131.0,-10.0,-19.0,5.0,30.3,29.619999999999997,43.769999999999996,-45.97,24.09,52.1,14.74,-42.7,-114.31,-28.49,-54.68,23.92
2025-08-08T19:59:04.381842,-90.0,-8.0,-40.0,-24.0,-27.0,-55.0,62.0,12.0,-8.0,-5.0,68.0,-43.0,-76.7,-46.38,-21.23,-1.9699999999999989,-44.91,-20.9,61.74,6.3,8.690000000000001,-23.49,32.32,-24.08
2025-08-08T19:59:04.390008,-12.0,29.0,1.0,-12.0,24.0,-46.0,4.0,-16.0,32.0,-10.0,1.0,-18.0,1.3000000000000007,-9.380000000000003,19.77,10.030000000000001,6.09,-11.899999999999999,3.74,-21.7,48.69,-28.49,-34.68,0.9200000000000017
2025-08-08T19:59:04.394418,-61.0,-7.0,-75.0,-17.0,40.0,-36.0,-72.0,2.0,12.0,-23.0,56.0,16.0,-47.7,-45.38,-56.230000000000004,5.030000000000001,22.09,-1.8999999999999986,-72.26,-3.7,28.69,-41.489999999999995,20.32,34.92
2025-08-08T19:59:04.402234,-31.0,31.0,55.0,50.0,31.0,-71.0,23.0,17.0,48.0,-72.0,-1.0,-71.0,-17.7,-7.380000000000003,73.77,72.03,13.09,-36.9,22.74,11.3,64.69,-90.49,-36.68,-52.08
2025-08-08T19:59:04.406733,34.0,60.0,23.0,-5.0,33.0,-40.0,-50.0,-3.0,-2.0,47.0,24.0,5.0,47.3,21.619999999999997,41.769999999999996,17.03,15.09,-5.899999999999999,-50.26,-8.7,14.690000000000001,28.51,-11.68,23.92
2025-08-08T19:59:04.414496,-16.0,27.0,52.0,-22.0,70.0,-72.0,-4.0,0.0,-7.0,47.0,76.0,-21.0,-2.6999999999999993,-11.380000000000003,70.77,0.030000000000001137,52.09,-37.9,-4.26,-5.7,9.690000000000001,28.51,40.32,-2.0799999999999983
2025-08-08T19:59:04.418773,-17.0,25.0,-33.0,-54.0,39.0,22.0,-74.0,-1.0,-16.0,22.0,22.0,-65.0,-3.6999999999999993,-13.380000000000003,-14.23,-31.97,21.09,56.1,-74.26,-6.7,0.6900000000000013,3.5100000000000016,-13.68,-46.08
2025-08-08T19:59:04.426978,-20.0,55.0,8.0,-75.0,40.0,-2.0,-34.0,-16.0,-43.0,5.0,24.0,-16.0,-6.699999999999999,16.619999999999997,26.77,-52.97,22.09,32.1,-34.26,-21.7,-26.31,-13.489999999999998,-11.68,2.9200000000000017
2025-08-08T19:59:04.431165,11.0,14.0,-65.0,0.0,50.0,-47.0,-41.0,92.0,-27.0,46.0,93.0,-19.0,24.3,-24.380000000000003,-46.230000000000004,22.03,32.09,-12.899999999999999,-41.26,86.3,-10.309999999999999,27.51,57.32,-0.0799999999999983
2025-08-08T19:59:04.439022,-22.0,66.0,-13.0,-7.0,1.0,-40.0,-81.0,6.0,38.0,16.0,60.0,-8.0,-8.7,27.619999999999997,5.77,15.030000000000001,-16.91,-5.899999999999999,-81.26,0.2999999999999998,54.69,-2.4899999999999984,24.32,10.920000000000002
2025-08-08T19:59:04.443370,-7.0,84.0,-56.0,0.0,15.0,-112.0,-29.0,44.0,-10.0,-1.0,45.0,-15.0,6.300000000000001,45.62,-37.230000000000004,22.03,-2.91,-77.9,-29.26,38.3,6.690000000000001,-19.49,9.32,3.9200000000000017
2025-08-08T19:59:04.451320,-56.0,79.0,-30.0,-64.0,5.0,-57.0,2.0,72.0,8.0,-21.0,103.0,-34.0,-42.7,40.62,-11.23,-41.97,-12.91,-22.9,1.74,66.3,24.69,-39.489999999999995,67.32,-15.079999999999998
2025-08-08T19:59:04.455646,-22.0,21.0,-21.0,-70.0,2.0,20.0,-6.0,45.0,5.0,20.0,101.0,-33.0,-8.7,-17.380000000000003,-2.2300000000000004,-47.97,-15.91,54.1,-6.26,39.3,21.69,1.5100000000000016,65.32,-14.079999999999998
2025-08-08T19:59:04.463579,-49.0,2.0,57.0,-9.0,37.0,0.0,13.0,8.0,-38.0,47.0,39.0,-52.0,-35.7,-36.38,75.77,13.030000000000001,19.09,34.1,12.74,2.3,-21.31,28.51,3.3200000000000003,-33.08
2025-08-08T19:59:04.468047,-13.0,51.0,-58.0,4.0,45.0,-49.0,74.0,-26.0,-32.0,-55.0,15.0,-111.0,0.3000000000000007,12.619999999999997,-39.230000000000004,26.03,27.09,-14.899999999999999,73.74,-31.7,-15.309999999999999,-73.49,-20.68,-92.08
2025-08-08T19:59:04.472253,-38.0,10.0,10.0,29.0,49.0,-42.0,32.0,-3.0,-68.0,4.0,3.0,-34.0,-24.7,-28.380000000000003,28.77,51.03,31.09,-7.899999999999999,31.74,-8.7,-51.31,-14.489999999999998,-32.68,-15.079999999999998
2025-08-08T19:59:04.480150,-18.0,75.0,-41.0,-26.0,36.0,-17.0,-17.0,-52.0,-44.0,15.0,17.0,-67.0,-4.699999999999999,36.62,-22.23,-3.969999999999999,18.09,17.1,-17.26,-57.7,-27.31,-3.4899999999999984,-18.68,-48.08
2025-08-08T19:59:04.488245,36.0,56.0,-31.0,-10.0,-64.0,-66.0,34.0,-3.0,-19.0,33.0,-22.0,-9.0,49.3,17.619999999999997,-12.23,12.030000000000001,-81.91,-31.9,33.74,-8.7,-2.3099999999999987,14.510000000000002,-57.68,9.920000000000002
2025-08-08T19:59:04.492514,-43.0,70.0,1.0,-36.0,63.0,-45.0,-76.0,-41.0,5.0,26.0,85.0,-27.0,-29.7,31.619999999999997,19.77,-13.969999999999999,45.09,-10.899999999999999,-76.26,-46.7,21.69,7.510000000000002,49.32,-8.079999999999998
2025-08-08T19:59:04.496505,-22.0,29.0,-47.0,32.0,16.0,-63.0,-41.0,-17.0,15.0,32.0,64.0,0.0,-8.7,-9.380000000000003,-28.23,54.03,-1.9100000000000001,-28.9,-41.26,-22.7,31.69,13.510000000000002,28.32,18.92
2025-08-08T19:59:04.504786,-6.0,18.0,-50.0,-11.0,17.0,-30.0,-65.0,-11.0,-11.0,-27.0,44.0,-24.0,7.300000000000001,-20.380000000000003,-31.23,11.030000000000001,-0.9100000000000001,4.100000000000001,-65.26,-16.7,5.690000000000001,-45.489999999999995,8.32,-5.079999999999998
2025-08-08T19:59:04.509069,-3.0,55.0,-40.0,1.0,-3.0,-38.0,7.0,-67.0,18.0,28.0,56.0,-43.0,10.3,16.619999999999997,-21.23,23.03,-20.91,-3.8999999999999986,6.74,-72.7,34.69,9.510000000000002,20.32,-24.08
2025-08-08T19:59:04.517895,62.0,119.0,-13.0,-62.0,-4.0,-106.0,-16.0,-24.0,-4.0,60.0,24.0,-26.0,75.3,80.62,5.77,-39.97,-21.91,-71.9,-16.26,-29.7,12.690000000000001,41.510000000000005,-11.68,-7.079999999999998
2025-08-08T19:59:04.525067,-65.0,30.0,-75.0,-48.0,-34.0,-63.0,-21.0,14.0,-6.0,-17.0,33.0,-37.0,-51.7,-8.380000000000003,-56.230000000000004,-25.97,-51.91,-28.9,-21.26,8.3,10.690000000000001,-35.489999999999995,-2.6799999999999997,-18.08
2025-08-08T19:59:04.529760,12.0,105.0,-88.0,-60.0,40.0,-13.0,-47.0,26.0,-22.0,7.0,95.0,-58.0,25.3,66.62,-69.23,-37.97,22.09,21.1,-47.26,20.3,-5.309999999999999,-11.489999999999998,59.32,-39.08
2025-08-08T19:59:04.533927,47.0,44.0,11.0,56.0,14.0,-16.0,-29.0,-52.0,-36.0,26.0,12.0,-10.0,60.3,5.619999999999997,29.77,78.03,-3.91,18.1,-29.26,-57.7,-19.31,7.510000000000002,-23.68,8.920000000000002
2025-08-08T19:59:04.541740,14.0,-4.0,2.0,-10.0,9.0,-53.0,-10.0,-72.0,62.0,10.0,-19.0,-12.0,27.3,-42.38,20.77,12.030000000000001,-8.91,-18.9,-10.26,-77.7,78.69,-8.489999999999998,-54.68,6.920000000000002
2025-08-08T19:59:04.548445,-43.0,-15.0,20.0,-67.0,20.0,-90.0,-40.0,51.0,-40.0,4.0,58.0,-39.0,-29.7,-53.38,38.769999999999996,-44.97,2.09,-55.9,-40.26,45.3,-23.31,-14.489999999999998,22.32,-20.08
2025-08-08T19:59:04.554231,-78.0,20.0,-42.0,-45.0,34.0,-48.0,-37.0,91.0,-23.0,23.0,60.0,-30.0,-64.7,-18.380000000000003,-23.23,-22.97,16.09,-13.899999999999999,-37.26,85.3,-6.309999999999999,4.510000000000002,24.32,-11.079999999999998
2025-08-08T19:59:04.560784,28.0,127.0,-32.0,-62.0,41.0,-54.0,35.0,-35.0,-13.0,34.0,2.0,-38.0,41.3,88.62,-13.23,-39.97,23.09,-19.9,34.74,-40.7,3.6900000000000013,15.510000000000002,-33.68,-19.08
2025-08-08T19:59:04.567325,-32.0,70.0,-33.0,3.0,44.0,-71.0,11.0,5.0,-31.0,28.0,72.0,-27.0,-18.7,31.619999999999997,-14.23,25.03,26.09,-36.9,10.74,-0.7000000000000002,-14.309999999999999,9.510000000000002,36.32,-8.079999999999998
2025-08-08T19:59:04.577241,-56.0,85.0,-12.0,-31.0,12.0,-36.0,10.0,-19.0,-8.0,-23.0,77.0,-41.0,-42.7,46.62,6.77,-8.969999999999999,-5.91,-1.8999999999999986,9.74,-24.7,8.690000000000001,-41.489999999999995,41.32,-22.08
2025-08-08T19:59:04.582497,-1.0,58.0,-76.0,12.0,26.0,-27.0,37.0,-38.0,8.0,-12.0,83.0,-58.0,12.3,19.619999999999997,-57.230000000000004,34.03,8.09,7.100000000000001,36.74,-43.7,24.69,-30.49,47.32,-39.08
2025-08-08T19:59:04.583962,-17.0,70.0,-40.0,-50.0,47.0,-79.0,35.0,27.0,-93.0,-24.0,109.0,-28.0,-3.6999999999999993,31.619999999999997,-21.23,-27.97,29.09,-44.9,34.74,21.3,-76.31,-42.489999999999995,73.32,-9.079999999999998
2025-08-08T19:59:04.591142,55.0,62.0,-59.0,-20.0,-31.0,-17.0,-12.0,-33.0,-22.0,22.0,44.0,-61.0,68.3,23.619999999999997,-40.230000000000004,2.030000000000001,-48.91,17.1,-12.26,-38.7,-5.309999999999999,3.5100000000000016,8.32,-42.08
2025-08-08T19:59:04.595029,70.0,72.0,4.0,-1.0,-8.0,-20.0,2.0,-32.0,-25.0,25.0,-8.0,-22.0,83.3,33.62,22.77,21.03,-25.91,14.100000000000001,1.74,-37.7,-8.309999999999999,6.510000000000002,-43.68,-3.0799999999999983
2025-08-08T19:59:04.603094,3.0,32.0,11.0,-66.0,10.0,-37.0,-35.0,36.0,-44.0,53.0,22.0,-46.0,16.3,-6.380000000000003,29.77,-43.97,-7.91,-2.8999999999999986,-35.26,30.3,-27.31,34.510000000000005,-13.68,-27.08
2025-08-08T19:59:04.607086,-87.0,88.0,1.0,-40.0,-31.0,0.0,-29.0,-13.0,-37.0,-30.0,44.0,11.0,-73.7,49.62,19.77,-17.97,-48.91,34.1,-29.26,-18.7,-20.31,-48.489999999999995,8.32,29.92
2025-08-08T19:59:04.615375,-13.0,39.0,-43.0,-2.0,43.0,-50.0,-17.0,55.0,-37.0,-7.0,14.0,-22.0,0.3000000000000007,0.6199999999999974,-24.23,20.03,25.09,-15.899999999999999,-17.26,49.3,-20.31,-25.49,-21.68,-3.0799999999999983
2025-08-08T19:59:04.619365,6.0,23.0,50.0,-76.0,84.0,-65.0,32.0,21.0,-7.0,-18.0,38.0,-80.0,19.3,-15.380000000000003,68.77,-53.97,66.09,-30.9,31.74,15.3,9.690000000000001,-36.489999999999995,2.3200000000000003,-61.08
2025-08-08T19:59:04.627556,-31.0,28.0,16.0,31.0,26.0,-40.0,-5.0,-3.0,-20.0,25.0,-12.0,-11.0,-17.7,-10.380000000000003,34.769999999999996,53.03,8.09,-5.899999999999999,-5.26,-8.7,-3.3099999999999987,6.510000000000002,-47.68,7.920000000000002
2025-08-08T19:59:04.631678,-20.0,27.0,-86.0,-29.0,5.0,-89.0,77.0,4.0,-61.0,-18.0,-16.0,-28.0,-6.699999999999999,-11.380000000000003,-67.23,-6.969999999999999,-12.91,-54.9,76.74,-1.7000000000000002,-44.31,-36.489999999999995,-51.68,-9.079999999999998
2025-08-08T19:59:04.639842,-12.0,-5.0,-32.0,-34.0,-24.0,-22.0,17.0,18.0,-19.0,76.0,20.0,-9.0,1.3000000000000007,-43.38,-13.23,-11.969999999999999,-41.91,12.100000000000001,16.74,12.3,-2.3099999999999987,57.510000000000005,-15.68,9.920000000000002
2025-08-08T19:59:04.644298,-12.0,64.0,-33.0,14.0,43.0,-86.0,2.0,31.0,-53.0,70.0,25.0,-52.0,1.3000000000000007,25.619999999999997,-14.23,36.03,25.09,-51.9,1.74,25.3,-36.31,51.510000000000005,-10.68,-33.08
2025-08-08T19:59:04.652165,-5.0,4.0,-10.0,-40.0,48.0,1.0,-50.0,-12.0,-24.0,-8.0,22.0,-57.0,8.3,-34.38,8.77,-17.97,30.09,35.1,-50.26,-17.7,-7.309999999999999,-26.49,-13.68,-38.08
2025-08-08T19:59:04.656412,-16.0,64.0,-15.0,-31.0,36.0,-39.0,-17.0,23.0,-105.0,23.0,-22.0,-5.0,-2.6999999999999993,25.619999999999997,3.7699999999999996,-8.969999999999999,18.09,-4.899999999999999,-17.26,17.3,-88.31,4.510000000000002,-57.68,13.920000000000002
2025-08-08T19:59:04.664438,-61.0,95.0,-23.0,-10.0,-16.0,-83.0,-5.0,-17.0,-12.0,21.0,-33.0,3.0,-47.7,56.62,-4.23,12.030000000000001,-33.91,-48.9,-5.26,-22.7,4.690000000000001,2.5100000000000016,-68.68,21.92
2025-08-08T19:59:04.668728,-34.0,55.0,-18.0,-1.0,5.0,-41.0,-27.0,56.0,-64.0,61.0,14.0,-12.0,-20.7,16.619999999999997,0.7699999999999996,21.03,-12.91,-6.899999999999999,-27.26,50.3,-47.31,42.510000000000005,-21.68,6.920000000000002
2025-08-08T19:59:04.676729,-12.0,147.0,34.0,-57.0,1.0,-35.0,39.0,0.0,-22.0,58.0,68.0,-44.0,1.3000000000000007,108.62,52.769999999999996,-34.97,-16.91,-0.8999999999999986,38.74,-5.7,-5.309999999999999,39.510000000000005,32.32,-25.08
2025-08-08T19:59:04.681311,30.0,89.0,-109.0,-2.0,84.0,-5.0,28.0,15.0,-4.0,-113.0,31.0,-22.0,43.3,50.62,-90.23,20.03,66.09,29.1,27.74,9.3,12.690000000000001,-131.49,-4.68,-3.0799999999999983
2025-08-08T19:59:04.689345,-26.0,143.0,-34.0,7.0,16.0,-64.0,-3.0,65.0,-12.0,-2.0,118.0,-96.0,-12.7,104.62,-15.23,29.03,-1.9100000000000001,-29.9,-3.26,59.3,4.690000000000001,-20.49,82.32,-77.08
2025-08-08T19:59:04.693924,-19.0,67.0,-32.0,13.0,6.0,-101.0,6.0,36.0,-41.0,-34.0,53.0,-11.0,-5.699999999999999,28.619999999999997,-13.23,35.03,-11.91,-66.9,5.74,30.3,-24.31,-52.489999999999995,17.32,7.920000000000002
2025-08-08T19:59:04.701273,-58.0,102.0,-39.0,9.0,8.0,-17.0,-3.0,79.0,-98.0,33.0,62.0,43.0,-44.7,63.62,-20.23,31.03,-9.91,17.1,-3.26,73.3,-81.31,14.510000000000002,26.32,61.92
2025-08-08T19:59:04.706132,20.0,77.0,-29.0,-6.0,-22.0,-83.0,-7.0,-16.0,-94.0,-1.0,-7.0,-79.0,33.3,38.62,-10.23,16.03,-39.91,-48.9,-7.26,-21.7,-77.31,-19.49,-42.68,-60.08
2025-08-08T19:59:04.713786,18.0,87.0,-47.0,-33.0,18.0,-50.0,66.0,-11.0,-61.0,-37.0,73.0,-4.0,31.3,48.62,-28.23,-10.969999999999999,0.08999999999999986,-15.899999999999999,65.74,-16.7,-44.31,-55.489999999999995,37.32,14.920000000000002
2025-08-08T19:59:04.718454,43.0,115.0,-65.0,-28.0,-3.0,-50.0,-23.0,46.0,-29.0,10.0,57.0,-43.0,56.3,76.62,-46.230000000000004,-5.969999999999999,-20.91,-15.899999999999999,-23.26,40.3,-12.309999999999999,-8.489999999999998,21.32,-24.08
2025-08-08T19:59:04.726084,-5.0,57.0,-35.0,-50.0,50.0,-107.0,-29.0,-10.0,-75.0,-26.0,114.0,-109.0,8.3,18.619999999999997,-16.23,-27.97,32.09,-72.9,-29.26,-15.7,-58.31,-44.489999999999995,78.32,-90.08
2025-08-08T19:59:04.730852,47.0,94.0,-58.0,6.0,53.0,-37.0,47.0,-41.0,-5.0,-24.0,12.0,-37.0,60.3,55.62,-39.230000000000004,28.03,35.09,-2.8999999999999986,46.74,-46.7,11.690000000000001,-42.489999999999995,-23.68,-18.08
2025-08-08T19:59:04.738443,-1.0,23.0,-43.0,-81.0,-11.0,-56.0,-65.0,-16.0,32.0,63.0,77.0,-10.0,12.3,-15.380000000000003,-24.23,-58.97,-28.91,-21.9,-65.26,-21.7,48.69,44.510000000000005,41.32,8.920000000000002
2025-08-08T19:59:04.743012,-15.0,25.0,-64.0,-3.0,25.0,-15.0,3.0,-7.0,10.0,-2.0,85.0,-60.0,-1.6999999999999993,-13.380000000000003,-45.230000000000004,19.03,7.09,19.1,2.74,-12.7,26.69,-20.49,49.32,-41.08
2025-08-08T19:59:04.750507,27.0,57.0,-94.0,1.0,-49.0,-88.0,-33.0,-3.0,7.0,-33.0,20.0,-73.0,40.3,18.619999999999997,-75.23,23.03,-66.91,-53.9,-33.26,-8.7,23.69,-51.489999999999995,-15.68,-54.08
2025-08-08T19:59:04.754902,34.0,55.0,-3.0,8.0,28.0,-30.0,-44.0,68.0,-69.0,27.0,65.0,3.0,47.3,16.619999999999997,15.77,30.03,10.09,4.100000000000001,-44.26,62.3,-52.31,8.510000000000002,29.32,21.92
2025-08-08T19:59:04.762645,25.0,16.0,-26.0,-31.0,-17.0,-48.0,-67.0,-5.0,-24.0,-7.0,-15.0,-20.0,38.3,-22.380000000000003,-7.23,-8.969999999999999,-34.91,-13.899999999999999,-67.26,-10.7,-7.309999999999999,-25.49,-50.68,-1.0799999999999983
2025-08-08T19:59:04.767355,-55.0,68.0,-21.0,27.0,-36.0,-100.0,-27.0,-11.0,-95.0,-15.0,2.0,5.0,-41.7,29.619999999999997,-2.2300000000000004,49.03,-53.91,-65.9,-27.26,-16.7,-78.31,-33.489999999999995,-33.68,23.92
2025-08-08T19:59:04.771846,-3.0,115.0,11.0,12.0,13.0,-73.0,20.0,50.0,-41.0,-26.0,14.0,-63.0,10.3,76.62,29.77,34.03,-4.91,-38.9,19.74,44.3,-24.31,-44.489999999999995,-21.68,-44.08
2025-08-08T19:59:04.779692,45.0,35.0,-4.0,15.0,53.0,-66.0,79.0,-8.0,-28.0,8.0,74.0,-15.0,58.3,-3.3800000000000026,14.77,37.03,35.09,-31.9,78.74,-13.7,-11.309999999999999,-10.489999999999998,38.32,3.9200000000000017
2025-08-08T19:59:04.784633,29.0,9.0,-23.0,-22.0,21.0,-115.0,-41.0,-12.0,-73.0,5.0,67.0,-32.0,42.3,-29.380000000000003,-4.23,0.030000000000001137,3.09,-80.9,-41.26,-17.7,-56.31,-13.489999999999998,31.32,-13.079999999999998
2025-08-08T19:59:04.792140,-50.0,17.0,-42.0,-24.0,-12.0,-93.0,-45.0,-30.0,-49.0,9.0,40.0,-77.0,-36.7,-21.380000000000003,-23.23,-1.9699999999999989,-29.91,-58.9,-45.26,-35.7,-32.31,-9.489999999999998,4.32,-58.08
2025-08-08T19:59:04.796764,-40.0,27.0,-19.0,-20.0,31.0,-41.0,-36.0,-30.0,-70.0,5.0,29.0,-88.0,-26.7,-11.380000000000003,-0.23000000000000043,2.030000000000001,13.09,-6.899999999999999,-36.26,-35.7,-53.31,-13.489999999999998,-6.68,-69.08
2025-08-08T19:59:04.804236,-20.0,35.0,-18.0,3.0,4.0,-42.0,-27.0,3.0,-22.0,55.0,30.0,-52.0,-6.699999999999999,-3.3800000000000026,0.7699999999999996,25.03,-13.91,-7.899999999999999,-27.26,-2.7,-5.309999999999999,36.510000000000005,-5.68,-33.08
2025-08-08T19:59:04.809521,-42.0,-47.0,-103.0,-43.0,-3.0,-35.0,-37.0,28.0,-62.0,-16.0,18.0,-95.0,-28.7,-85.38,-84.23,-20.97,-20.91,-0.8999999999999986,-37.26,22.3,-45.31,-34.489999999999995,-17.68,-76.08
2025-08-08T19:59:04.816531,-34.0,119.0,-62.0,-66.0,50.0,-60.0,-11.0,80.0,-8.0,8.0,16.0,-99.0,-20.7,80.62,-43.230000000000004,-43.97,32.09,-25.9,-11.26,74.3,8.690000000000001,-10.489999999999998,-19.68,-80.08
2025-08-08T19:59:04.823427,-67.0,96.0,-4.0,-21.0,10.0,-64.0,-27.0,-17.0,-38.0,27.0,15.0,-45.0,-53.7,57.62,14.77,1.0300000000000011,-7.91,-29.9,-27.26,-22.7,-21.31,8.510000000000002,-20.68,-26.08
2025-08-08T19:59:04.828464,-2.0,63.0,-77.0,17.0,4.0,-91.0,-60.0,47.0,-84.0,-4.0,48.0,-44.0,11.3,24.619999999999997,-58.230000000000004,39.03,-13.91,-56.9,-60.26,41.3,-67.31,-22.49,12.32,-25.08
2025-08-08T19:59:04.833184,-23.0,1.0,-59.0,18.0,44.0,-84.0,-6.0,-3.0,-91.0,-38.0,97.0,-53.0,-9.7,-37.38,-40.230000000000004,40.03,26.09,-49.9,-6.26,-8.7,-74.31,-56.489999999999995,61.32,-34.08
2025-08-08T19:59:04.840996,-14.0,61.0,-62.0,-44.0,27.0,-37.0,-10.0,93.0,-42.0,32.0,55.0,-80.0,-0.6999999999999993,22.619999999999997,-43.230000000000004,-21.97,9.09,-2.8999999999999986,-10.26,87.3,-25.31,13.510000000000002,19.32,-61.08
2025-08-08T19:59:04.845687,-48.0,159.0,-39.0,-51.0,46.0,-53.0,-26.0,-17.0,-53.0,39.0,7.0,-51.0,-34.7,120.62,-20.23,-28.97,28.09,-18.9,-26.26,-22.7,-36.31,20.51,-28.68,-32.08
2025-08-08T19:59:04.853202,49.0,144.0,-64.0,-93.0,-48.0,-42.0,-49.0,37.0,-32.0,43.0,120.0,-10.0,62.3,105.62,-45.230000000000004,-70.97,-65.91,-7.899999999999999,-49.26,31.3,-15.309999999999999,24.51,84.32,8.920000000000002
2025-08-08T19:59:04.858022,-17.0,39.0,-64.0,-36.0,-10.0,-120.0,40.0,-62.0,-14.0,96.0,61.0,-96.0,-3.6999999999999993,0.6199999999999974,-45.230000000000004,-13.969999999999999,-27.91,-85.9,39.74,-67.7,2.6900000000000013,77.51,25.32,-77.08
2025-08-08T19:59:04.865536,-68.0,2.0,-69.0,8.0,-53.0,-112.0,2.0,15.0,-45.0,-23.0,44.0,-86.0,-54.7,-36.38,-50.230000000000004,30.03,-70.91,-77.9,1.74,9.3,-28.31,-41.489999999999995,8.32,-67.08
2025-08-08T19:59:04.872134,-59.0,60.0,-60.0,2.0,7.0,-104.0,-34.0,-10.0,-10.0,29.0,64.0,-61.0,-45.7,21.619999999999997,-41.230000000000004,24.03,-10.91,-69.9,-34.26,-15.7,6.690000000000001,10.510000000000002,28.32,-42.08
2025-08-08T19:59:04.877539,6.0,50.0,0.0,-4.0,9.0,-105.0,-11.0,-8.0,-58.0,16.0,-13.0,-27.0,19.3,11.619999999999997,18.77,18.03,-8.91,-70.9,-11.26,-13.7,-41.31,-2.4899999999999984,-48.68,-8.079999999999998
2025-08-08T19:59:04.884185,-31.0,40.0,-102.0,35.0,22.0,-101.0,-22.0,60.0,-78.0,66.0,70.0,-44.0,-17.7,1.6199999999999974,-83.23,57.03,4.09,-66.9,-22.26,54.3,-61.31,47.510000000000005,34.32,-25.08
2025-08-08T19:59:04.890503,-35.0,73.0,17.0,-9.0,24.0,-45.0,-21.0,90.0,-134.0,33.0,77.0,-15.0,-21.7,34.62,35.769999999999996,13.030000000000001,6.09,-10.899999999999999,-21.26,84.3,-117.31,14.510000000000002,41.32,3.9200000000000017
2025-08-08T19:59:04.896134,-60.0,120.0,-52.0,-48.0,30.0,-59.0,24.0,-14.0,-117.0,37.0,63.0,-3.0,-46.7,81.62,-33.230000000000004,-25.97,12.09,-24.9,23.74,-19.7,-100.31,18.51,27.32,15.920000000000002
2025-08-08T19:59:04.902717,53.0,98.0,-54.0,-46.0,-8.0,-39.0,-21.0,21.0,-48.0,-15.0,35.0,-38.0,66.3,59.62,-35.230000000000004,-23.97,-25.91,-4.899999999999999,-21.26,15.3,-31.31,-33.489999999999995,-0.6799999999999997,-19.08
2025-08-08T19:59:04.906306,32.0,5.0,-65.0,-20.0,-29.0,-77.0,-31.0,-20.0,-80.0,40.0,60.0,-129.0,45.3,-33.38,-46.230000000000004,2.030000000000001,-46.91,-42.9,-31.26,-25.7,-63.31,21.51,24.32,-110.08
2025-08-08T19:59:04.914701,30.0,28.0,-53.0,-10.0,-42.0,-114.0,-13.0,-27.0,-109.0,79.0,31.0,-104.0,43.3,-10.380000000000003,-34.230000000000004,12.030000000000001,-59.91,-79.9,-13.26,-32.7,-92.31,60.510000000000005,-4.68,-85.08
2025-08-08T19:59:04.918665,29.0,27.0,-54.0,24.0,42.0,-103.0,-25.0,18.0,-99.0,58.0,41.0,-95.0,42.3,-11.380000000000003,-35.230000000000004,46.03,24.09,-68.9,-25.26,12.3,-82.31,39.510000000000005,5.32,-76.08
2025-08-08T19:59:04.926678,-6.0,41.0,-91.0,18.0,9.0,-86.0,0.0,16.0,-141.0,32.0,33.0,-61.0,7.300000000000001,2.6199999999999974,-72.23,40.03,-8.91,-51.9,-0.26,10.3,-124.31,13.510000000000002,-2.6799999999999997,-42.08
2025-08-08T19:59:04.930867,-22.0,4.0,-65.0,-16.0,-16.0,-60.0,29.0,7.0,-49.0,5.0,17.0,-49.0,-8.7,-34.38,-46.230000000000004,6.030000000000001,-33.91,-25.9,28.74,1.2999999999999998,-32.31,-13.489999999999998,-18.68,-30.08
2025-08-08T19:59:04.939058,-1.0,102.0,-15.0,68.0,63.0,-49.0,27.0,17.0,-70.0,-48.0,7.0,-69.0,12.3,63.62,3.7699999999999996,90.03,45.09,-14.899999999999999,26.74,11.3,-53.31,-66.49,-28.68,-50.08
2025-08-08T19:59:04.943267,-67.0,67.0,-63.0,-52.0,68.0,-15.0,14.0,-31.0,-59.0,16.0,24.0,-68.0,-53.7,28.619999999999997,-44.230000000000004,-29.97,50.09,19.1,13.74,-36.7,-42.31,-2.4899999999999984,-11.68,-49.08
2025-08-08T19:59:04.951306,-35.0,59.0,-133.0,28.0,36.0,-108.0,32.0,6.0,-52.0,-21.0,-1.0,-81.0,-21.7,20.619999999999997,-114.23,50.03,18.09,-73.9,31.74,0.2999999999999998,-35.31,-39.489999999999995,-36.68,-62.08
2025-08-08T19:59:04.955506,16.0,59.0,-60.0,-10.0,-33.0,-86.0,-39.0,-20.0,-84.0,-47.0,54.0,-86.0,29.3,20.619999999999997,-41.230000000000004,12.030000000000001,-50.91,-51.9,-39.26,-25.7,-67.31,-65.49,18.32,-67.08
2025-08-08T19:59:04.964157,70.0,30.0,-87.0,-43.0,-8.0,-130.0,-56.0,9.0,-33.0,-53.0,-4.0,-75.0,83.3,-8.380000000000003,-68.23,-20.97,-25.91,-95.9,-56.26,3.3,-16.31,-71.49,-39.68,-56.08
2025-08-08T19:59:04.968029,86.0,68.0,-98.0,0.0,-11.0,-84.0,-24.0,-9.0,-31.0,-29.0,-1.0,-135.0,99.3,29.619999999999997,-79.23,22.03,-28.91,-49.9,-24.26,-14.7,-14.309999999999999,-47.489999999999995,-36.68,-116.08
2025-08-08T19:59:04.975871,-19.0,102.0,-139.0,-34.0,9.0,-71.0,10.0,-28.0,-23.0,5.0,57.0,-61.0,-5.699999999999999,63.62,-120.23,-11.969999999999999,-8.91,-36.9,9.74,-33.7,-6.309999999999999,-13.489999999999998,21.32,-42.08
2025-08-08T19:59:04.980093,48.0,100.0,-137.0,-67.0,56.0,-63.0,-55.0,43.0,-124.0,15.0,32.0,5.0,61.3,61.62,-118.23,-44.97,38.09,-28.9,-55.26,37.3,-107.31,-3.4899999999999984,-3.6799999999999997,23.92
2025-08-08T19:59:04.988057,89.0,42.0,-36.0,-18.0,68.0,-72.0,-9.0,32.0,-26.0,82.0,46.0,-90.0,102.3,3.6199999999999974,-17.23,4.030000000000001,50.09,-37.9,-9.26,26.3,-9.309999999999999,63.510000000000005,10.32,-71.08
2025-08-08T19:59:04.992575,-75.0,45.0,-105.0,11.0,32.0,-142.0,9.0,-47.0,-121.0,36.0,75.0,-77.0,-61.7,6.619999999999997,-86.23,33.03,14.09,-107.9,8.74,-52.7,-104.31,17.51,39.32,-58.08
2025-08-08T19:59:05.000376,-40.0,19.0,-67.0,34.0,11.0,-56.0,-14.0,-29.0,-85.0,-52.0,73.0,-96.0,-26.7,-19.380000000000003,-48.230000000000004,56.03,-6.91,-21.9,-14.26,-34.7,-68.31,-70.49,37.32,-77.08
2025-08-08T19:59:05.004755,-8.0,54.0,-63.0,-54.0,-30.0,-89.0,-30.0,-39.0,-56.0,102.0,108.0,-95.0,5.300000000000001,15.619999999999997,-44.230000000000004,-31.97,-47.91,-54.9,-30.26,-44.7,-39.31,83.51,72.32,-76.08
2025-08-08T19:59:05.012745,-26.0,62.0,-83.0,-21.0,24.0,-58.0,22.0,-37.0,-21.0,-9.0,81.0,-139.0,-12.7,23.619999999999997,-64.23,1.0300000000000011,6.09,-23.9,21.74,-42.7,-4.309999999999999,-27.49,45.32,-120.08
2025-08-08T19:59:05.017846,19.0,65.0,-77.0,3.0,20.0,-106.0,-26.0,-24.0,-47.0,26.0,64.0,-95.0,32.3,26.619999999999997,-58.230000000000004,25.03,2.09,-71.9,-26.26,-29.7,-30.31,7.510000000000002,28.32,-76.08
2025-08-08T19:59:05.025100,20.0,59.0,-122.0,-17.0,-11.0,-106.0,-59.0,-36.0,-130.0,-1.0,37.0,-129.0,33.3,20.619999999999997,-103.23,5.030000000000001,-28.91,-71.9,-59.26,-41.7,-113.31,-19.49,1.3200000000000003,-110.08
2025-08-08T19:59:05.029405,86.0,92.0,-103.0,-19.0,-25.0,-134.0,-6.0,-23.0,-86.0,-73.0,53.0,-95.0,99.3,53.62,-84.23,3.030000000000001,-42.91,-99.9,-6.26,-28.7,-69.31,-91.49,17.32,-76.08
2025-08-08T19:59:05.037367,-14.0,59.0,-70.0,5.0,32.0,-91.0,20.0,-30.0,-96.0,-51.0,-47.0,-102.0,-0.6999999999999993,20.619999999999997,-51.230000000000004,27.03,14.09,-56.9,19.74,-35.7,-79.31,-69.49,-82.68,-83.08
2025-08-08T19:59:05.041790,26.0,101.0,-109.0,-64.0,50.0,-60.0,-9.0,-58.0,-48.0,-31.0,120.0,-56.0,39.3,62.62,-90.23,-41.97,32.09,-25.9,-9.26,-63.7,-31.31,-49.489999999999995,84.32,-37.08
2025-08-08T19:59:05.049505,-25.0,92.0,-63.0,-43.0,37.0,-139.0,17.0,19.0,5.0,-40.0,76.0,-91.0,-11.7,53.62,-44.230000000000004,-20.97,19.09,-104.9,16.74,13.3,21.69,-58.489999999999995,40.32,-72.08
2025-08-08T19:59:05.054044,-46.0,75.0,-116.0,35.0,-6.0,-115.0,-6.0,5.0,-75.0,26.0,43.0,-154.0,-32.7,36.62,-97.23,57.03,-23.91,-80.9,-6.26,-0.7000000000000002,-58.31,7.510000000000002,7.32,-135.07999999999998
2025-08-08T19:59:05.062021,40.0,86.0,-149.0,-5.0,-49.0,-124.0,-48.0,48.0,-92.0,14.0,11.0,-109.0,53.3,47.62,-130.23,17.03,-66.91,-89.9,-48.26,42.3,-75.31,-4.489999999999998,-24.68,-90.08
2025-08-08T19:59:05.066462,46.0,70.0,-140.0,2.0,-25.0,-154.0,-49.0,-86.0,-144.0,30.0,11.0,-88.0,59.3,31.619999999999997,-121.23,24.03,-42.91,-119.9,-49.26,-91.7,-127.31,11.510000000000002,-24.68,-69.08
2025-08-08T19:59:05.074286,62.0,86.0,-132.0,13.0,-3.0,-50.0,-28.0,-62.0,-98.0,26.0,70.0,-113.0,75.3,47.62,-113.23,35.03,-20.91,-15.899999999999999,-28.26,-67.7,-81.31,7.510000000000002,34.32,-94.08
2025-08-08T19:59:05.079274,-16.0,127.0,0.0,4.0,-21.0,-98.0,-54.0,-30.0,-113.0,-44.0,76.0,-128.0,-2.6999999999999993,88.62,18.77,26.03,-38.91,-63.9,-54.26,-35.7,-96.31,-62.489999999999995,40.32,-109.08
2025-08-08T19:59:05.086296,9.0,57.0,-86.0,25.0,-26.0,-108.0,-75.0,-99.0,-148.0,20.0,137.0,-144.0,22.3,18.619999999999997,-67.23,47.03,-43.91,-73.9,-75.26,-104.7,-131.31,1.5100000000000016,101.32,-125.08
2025-08-08T19:59:05.090684,-61.0,49.0,-93.0,27.0,22.0,-125.0,-18.0,-14.0,-46.0,25.0,35.0,-130.0,-47.7,10.619999999999997,-74.23,49.03,4.09,-90.9,-18.26,-19.7,-29.31,6.510000000000002,-0.6799999999999997,-111.08
2025-08-08T19:59:05.098852,67.0,25.0,-107.0,41.0,4.0,-108.0,-121.0,14.0,-97.0,-49.0,68.0,-119.0,80.3,-13.380000000000003,-88.23,63.03,-13.91,-73.9,-121.26,8.3,-80.31,-67.49,32.32,-100.08
2025-08-08T19:59:05.106746,83.0,31.0,-156.0,68.0,0.0,-105.0,-11.0,-10.0,-46.0,-39.0,23.0,-99.0,96.3,-7.380000000000003,-137.23,90.03,-17.91,-70.9,-11.26,-15.7,-29.31,-57.489999999999995,-12.68,-80.08
2025-08-08T19:59:05.111254,-39.0,62.0,-78.0,-23.0,40.0,-184.0,-45.0,-3.0,-102.0,36.0,52.0,-49.0,-25.7,23.619999999999997,-59.230000000000004,-0.9699999999999989,22.09,-149.9,-45.26,-8.7,-85.31,17.51,16.32,-30.08
2025-08-08T19:59:05.119160,-52.0,-1.0,-137.0,-60.0,40.0,-137.0,-30.0,-39.0,-127.0,-94.0,103.0,-160.0,-38.7,-39.38,-118.23,-37.97,22.09,-102.9,-30.26,-44.7,-110.31,-112.49,67.32,-141.07999999999998
2025-08-08T19:59:05.123520,10.0,35.0,-131.0,-2.0,-7.0,-110.0,-91.0,13.0,-86.0,-48.0,51.0,-154.0,23.3,-3.3800000000000026,-112.23,20.03,-24.91,-75.9,-91.26,7.3,-69.31,-66.49,15.32,-135.07999999999998
2025-08-08T19:59:05.131195,-35.0,104.0,-136.0,23.0,20.0,-103.0,-57.0,-38.0,-123.0,25.0,80.0,-120.0,-21.7,65.62,-117.23,45.03,2.09,-68.9,-57.26,-43.7,-106.31,6.510000000000002,44.32,-101.08
2025-08-08T19:59:05.135875,37.0,96.0,-134.0,-67.0,-34.0,-140.0,-40.0,12.0,-101.0,-40.0,3.0,-100.0,50.3,57.62,-115.23,-44.97,-51.91,-105.9,-40.26,6.3,-84.31,-58.489999999999995,-32.68,-81.08
2025-08-08T19:59:05.143550,33.0,158.0,-74.0,5.0,10.0,-155.0,-54.0,-31.0,-69.0,-48.0,67.0,-146.0,46.3,119.62,-55.230000000000004,27.03,-7.91,-120.9,-54.26,-36.7,-52.31,-66.49,31.32,-127.08
2025-08-08T19:59:05.148222,-56.0,64.0,-164.0,-19.0,-8.0,-142.0,-44.0,-69.0,-81.0,-76.0,62.0,-66.0,-42.7,25.619999999999997,-145.23,3.030000000000001,-25.91,-107.9,-44.26,-74.7,-64.31,-94.49,26.32,-47.08
2025-08-08T19:59:05.155893,33.0,73.0,-118.0,12.0,-18.0,-87.0,-84.0,-7.0,-99.0,-49.0,196.0,-153.0,46.3,34.62,-99.23,34.03,-35.91,-52.9,-84.26,-12.7,-82.31,-67.49,160.32,-134.07999999999998
2025-08-08T19:59:05.160444,15.0,52.0,-118.0,33.0,13.0,-116.0,-46.0,24.0,-115.0,-10.0,57.0,-175.0,28.3,13.619999999999997,-99.23,55.03,-4.91,-81.9,-46.26,18.3,-98.31,-28.49,21.32,-156.07999999999998
2025-08-08T19:59:05.168434,90.0,87.0,-172.0,-9.0,7.0,-106.0,-83.0,-69.0,-114.0,2.0,72.0,-183.0,103.3,48.62,-153.23,13.030000000000001,-10.91,-71.9,-83.26,-74.7,-97.31,-16.49,36.32,-164.07999999999998
2025-08-08T19:59:05.172730,139.0,-46.0,-183.0,37.0,12.0,-192.0,-9.0,-48.0,-96.0,-6.0,36.0,-145.0,152.3,-84.38,-164.23,59.03,-5.91,-157.9,-9.26,-53.7,-79.31,-24.49,0.3200000000000003,-126.08
2025-08-08T19:59:05.180718,47.0,107.0,-122.0,20.0,21.0,-190.0,-22.0,-77.0,-86.0,-52.0,86.0,-92.0,60.3,68.62,-103.23,42.03,3.09,-155.9,-22.26,-82.7,-69.31,-70.49,50.32,-73.08
2025-08-08T19:59:05.188619,17.0,49.0,-135.0,-35.0,-21.0,-138.0,-128.0,-89.0,-56.0,-27.0,87.0,-116.0,30.3,10.619999999999997,-116.23,-12.969999999999999,-38.91,-103.9,-128.26,-94.7,-39.31,-45.489999999999995,51.32,-97.08
2025-08-08T19:59:05.192964,14.0,52.0,-121.0,59.0,-10.0,-195.0,-36.0,20.0,-120.0,1.0,15.0,-142.0,27.3,13.619999999999997,-102.23,81.03,-27.91,-160.9,-36.26,14.3,-103.31,-17.49,-20.68,-123.08
2025-08-08T19:59:05.201014,-43.0,76.0,-147.0,59.0,-78.0,-128.0,13.0,-8.0,-150.0,75.0,97.0,-145.0,-29.7,37.62,-128.23,81.03,-95.91,-93.9,12.74,-13.7,-133.31,56.510000000000005,61.32,-126.08
2025-08-08T19:59:05.205536,54.0,53.0,-179.0,-3.0,-19.0,-193.0,-41.0,-23.0,-106.0,-55.0,-16.0,-128.0,67.3,14.619999999999997,-160.23,19.03,-36.91,-158.9,-41.26,-28.7,-89.31,-73.49,-51.68,-109.08
2025-08-08T19:59:05.213312,26.0,12.0,-175.0,-20.0,33.0,-138.0,-22.0,-64.0,-129.0,39.0,65.0,-116.0,39.3,-26.380000000000003,-156.23,2.030000000000001,15.09,-103.9,-22.26,-69.7,-112.31,20.51,29.32,-97.08
2025-08-08T19:59:05.218086,74.0,83.0,-153.0,70.0,7.0,-211.0,-52.0,-116.0,-117.0,-15.0,61.0,-124.0,87.3,44.62,-134.23,92.03,-10.91,-176.9,-52.26,-121.7,-100.31,-33.489999999999995,25.32,-105.08
2025-08-08T19:59:05.225833,-60.0,99.0,-141.0,31.0,-50.0,-170.0,-55.0,-60.0,-101.0,-55.0,87.0,-83.0,-46.7,60.62,-122.23,53.03,-67.91,-135.9,-55.26,-65.7,-84.31,-73.49,51.32,-64.08
2025-08-08T19:59:05.230243,42.0,59.0,-149.0,24.0,44.0,-129.0,-124.0,-35.0,-81.0,3.0,121.0,-125.0,55.3,20.619999999999997,-130.23,46.03,26.09,-94.9,-124.26,-40.7,-64.31,-15.489999999999998,85.32,-106.08
2025-08-08T19:59:05.238028,38.0,68.0,-162.0,22.0,-25.0,-155.0,-30.0,-36.0,-94.0,2.0,99.0,-145.0,51.3,29.619999999999997,-143.23,44.03,-42.91,-120.9,-30.26,-41.7,-77.31,-16.49,63.32,-126.08
2025-08-08T19:59:05.242544,35.0,62.0,-204.0,45.0,95.0,-160.0,9.0,-77.0,-105.0,-69.0,11.0,-187.0,48.3,23.619999999999997,-185.23,67.03,77.09,-125.9,8.74,-82.7,-88.31,-87.49,-24.68,-168.07999999999998
2025-08-08T19:59:05.250316,88.0,82.0,-90.0,-6.0,58.0,-106.0,-31.0,-54.0,-178.0,-56.0,33.0,-124.0,101.3,43.62,-71.23,16.03,40.09,-71.9,-31.26,-59.7,-161.31,-74.49,-2.6799999999999997,-105.08
2025-08-08T19:59:05.254839,46.0,94.0,-86.0,-29.0,20.0,-111.0,-63.0,-56.0,-126.0,-105.0,-12.0,-143.0,59.3,55.62,-67.23,-6.969999999999999,2.09,-76.9,-63.26,-61.7,-109.31,-123.49,-47.68,-124.08
2025-08-08T19:59:05.262623,65.0,37.0,-150.0,-31.0,-35.0,-167.0,-41.0,-11.0,-89.0,-39.0,73.0,-124.0,78.3,-1.3800000000000026,-131.23,-8.969999999999999,-52.91,-132.9,-41.26,-16.7,-72.31,-57.489999999999995,37.32,-105.08
2025-08-08T19:59:05.267201,-17.0,113.0,-164.0,-5.0,24.0,-181.0,-12.0,53.0,-124.0,-6.0,39.0,-166.0,-3.6999999999999993,74.62,-145.23,17.03,6.09,-146.9,-12.26,47.3,-107.31,-24.49,3.3200000000000003,-147.07999999999998
2025-08-08T19:59:05.275118,-6.0,182.0,-156.0,14.0,-23.0,-128.0,-53.0,58.0,-163.0,-19.0,93.0,-144.0,7.300000000000001,143.62,-137.23,36.03,-40.91,-93.9,-53.26,52.3,-146.31,-37.489999999999995,57.32,-125.08
2025-08-08T19:59:05.282716,135.0,162.0,-164.0,45.0,4.0,-171.0,-66.0,55.0,-127.0,27.0,82.0,-191.0,148.3,123.62,-145.23,67.03,-13.91,-136.9,-66.26,49.3,-110.31,8.510000000000002,46.32,-172.07999999999998
2025-08-08T19:59:05.287392,66.0,61.0,-142.0,-43.0,-72.0,-183.0,-73.0,-5.0,-82.0,11.0,34.0,-31.0,79.3,22.619999999999997,-123.23,-20.97,-89.91,-148.9,-73.26,-10.7,-65.31,-7.489999999999998,-1.6799999999999997,-12.079999999999998
2025-08-08T19:59:05.295276,52.0,20.0,-12.0,15.0,-24.0,-164.0,-130.0,-35.0,-97.0,-46.0,59.0,-137.0,65.3,-18.380000000000003,6.77,37.03,-41.91,-129.9,-130.26,-40.7,-80.31,-64.49,23.32,-118.08
2025-08-08T19:59:05.299612,-19.0,57.0,-51.0,48.0,-37.0,-117.0,-84.0,88.0,-91.0,-45.0,107.0,-114.0,-5.699999999999999,18.619999999999997,-32.230000000000004,70.03,-54.91,-82.9,-84.26,82.3,-74.31,-63.489999999999995,71.32,-95.08
2025-08-08T19:59:05.307625,6.0,69.0,-132.0,10.0,0.0,-103.0,-15.0,-113.0,-170.0,-35.0,112.0,-103.0,19.3,30.619999999999997,-113.23,32.03,-17.91,-68.9,-15.26,-118.7,-153.31,-53.489999999999995,76.32,-84.08
2025-08-08T19:59:05.312080,23.0,108.0,-178.0,-27.0,-1.0,-118.0,3.0,-2.0,-133.0,-64.0,47.0,-89.0,36.3,69.62,-159.23,-4.969999999999999,-18.91,-83.9,2.74,-7.7,-116.31,-82.49,11.32,-70.08
2025-08-08T19:59:05.319992,54.0,83.0,-137.0,41.0,7.0,-131.0,-103.0,-22.0,-110.0,-59.0,66.0,-218.0,67.3,44.62,-118.23,63.03,-10.91,-96.9,-103.26,-27.7,-93.31,-77.49,30.32,-199.07999999999998
2025-08-08T19:59:05.324425,43.0,80.0,-197.0,16.0,-65.0,-122.0,-44.0,-11.0,-99.0,-27.0,47.0,-138.0,56.3,41.62,-178.23,38.03,-82.91,-87.9,-44.26,-16.7,-82.31,-45.489999999999995,11.32,-119.08
2025-08-08T19:59:05.332503,56.0,40.0,-119.0,-5.0,-35.0,-247.0,-106.0,-118.0,-147.0,-61.0,109.0,-143.0,69.3,1.6199999999999974,-100.23,17.03,-52.91,-212.9,-106.26,-123.7,-130.31,-79.49,73.32,-124.08
2025-08-08T19:59:05.337249,4.0,171.0,-116.0,32.0,56.0,-176.0,-42.0,-15.0,-128.0,2.0,70.0,-185.0,17.3,132.62,-97.23,54.03,38.09,-141.9,-42.26,-20.7,-111.31,-16.49,34.32,-166.07999999999998
2025-08-08T19:59:05.344896,-54.0,75.0,-170.0,9.0,0.0,-169.0,-5.0,-77.0,-104.0,-55.0,101.0,-136.0,-40.7,36.62,-151.23,31.03,-17.91,-134.9,-5.26,-82.7,-87.31,-73.49,65.32,-117.08
2025-08-08T19:59:05.349641,7.0,105.0,-174.0,78.0,-2.0,-172.0,-24.0,-54.0,-83.0,11.0,57.0,-123.0,20.3,66.62,-155.23,100.03,-19.91,-137.9,-24.26,-59.7,-66.31,-7.489999999999998,21.32,-104.08
2025-08-08T19:59:05.357213,46.0,50.0,-133.0,29.0,-23.0,-139.0,-73.0,25.0,-107.0,-85.0,63.0,-125.0,59.3,11.619999999999997,-114.23,51.03,-40.91,-104.9,-73.26,19.3,-90.31,-103.49,27.32,-106.08
2025-08-08T19:59:05.364736,46.0,50.0,-112.0,-29.0,-29.0,-176.0,-46.0,-7.0,-128.0,-68.0,42.0,-137.0,59.3,11.619999999999997,-93.23,-6.969999999999999,-46.91,-141.9,-46.26,-12.7,-111.31,-86.49,6.32,-118.08
2025-08-08T19:59:05.369581,-34.0,133.0,-170.0,38.0,-5.0,-203.0,-58.0,-39.0,-140.0,-66.0,34.0,-131.0,-20.7,94.62,-151.23,60.03,-22.91,-168.9,-58.26,-44.7,-123.31,-84.49,-1.6799999999999997,-112.08
2025-08-08T19:59:05.377173,-56.0,102.0,-105.0,9.0,35.0,-149.0,-1.0,-14.0,-84.0,-34.0,39.0,-74.0,-42.7,63.62,-86.23,31.03,17.09,-114.9,-1.26,-19.7,-67.31,-52.489999999999995,3.3200000000000003,-55.08
2025-08-08T19:59:05.381705,2.0,92.0,-73.0,14.0,-5.0,-113.0,-29.0,-30.0,-99.0,-54.0,39.0,-137.0,15.3,53.62,-54.230000000000004,36.03,-22.91,-78.9,-29.26,-35.7,-82.31,-72.49,3.3200000000000003,-118.08
2025-08-08T19:59:05.389488,94.0,125.0,-164.0,-56.0,-32.0,-125.0,-45.0,11.0,-111.0,-2.0,26.0,-131.0,107.3,86.62,-145.23,-33.97,-49.91,-90.9,-45.26,5.3,-94.31,-20.49,-9.68,-112.08
2025-08-08T19:59:05.394651,103.0,4.0,-125.0,-38.0,-7.0,-93.0,-70.0,13.0,-128.0,-14.0,63.0,-102.0,116.3,-34.38,-106.23,-15.969999999999999,-24.91,-58.9,-70.26,7.3,-111.31,-32.489999999999995,27.32,-83.08
2025-08-08T19:59:05.403909,64.0,66.0,-121.0,-26.0,-58.0,-138.0,-44.0,41.0,-156.0,-62.0,25.0,-136.0,77.3,27.619999999999997,-102.23,-3.969999999999999,-75.91,-103.9,-44.26,35.3,-139.31,-80.49,-10.68,-117.08
2025-08-08T19:59:05.411983,11.0,79.0,-112.0,20.0,-48.0,-89.0,-40.0,-41.0,-126.0,-1.0,44.0,-100.0,24.3,40.62,-93.23,42.03,-65.91,-54.9,-40.26,-46.7,-109.31,-19.49,8.32,-81.08
2025-08-08T19:59:05.417764,11.0,142.0,-100.0,-67.0,-23.0,-105.0,-62.0,-73.0,-90.0,-29.0,70.0,-118.0,24.3,103.62,-81.23,-44.97,-40.91,-70.9,-62.26,-78.7,-73.31,-47.489999999999995,34.32,-99.08
2025-08-08T19:59:05.419790,-70.0,96.0,-216.0,-50.0,12.0,-157.0,-86.0,-48.0,-82.0,-1.0,61.0,-106.0,-56.7,57.62,-197.23,-27.97,-5.91,-122.9,-86.26,-53.7,-65.31,-19.49,25.32,-87.08
2025-08-08T19:59:05.426390,48.0,122.0,-206.0,46.0,-11.0,-149.0,-108.0,32.0,-108.0,-47.0,42.0,-77.0,61.3,83.62,-187.23,68.03,-28.91,-114.9,-108.26,26.3,-91.31,-65.49,6.32,-58.08
2025-08-08T19:59:05.430458,8.0,42.0,-143.0,-32.0,-51.0,-238.0,-102.0,-69.0,-108.0,-39.0,37.0,-166.0,21.3,3.6199999999999974,-124.23,-9.969999999999999,-68.91,-203.9,-102.26,-74.7,-91.31,-57.489999999999995,1.3200000000000003,-147.07999999999998
2025-08-08T19:59:05.438591,15.0,28.0,-88.0,47.0,36.0,-160.0,-48.0,-42.0,-87.0,4.0,77.0,-147.0,28.3,-10.380000000000003,-69.23,69.03,18.09,-125.9,-48.26,-47.7,-70.31,-14.489999999999998,41.32,-128.07999999999998
2025-08-08T19:59:05.442722,-14.0,110.0,-150.0,2.0,-38.0,-136.0,-36.0,-82.0,-113.0,-31.0,82.0,-146.0,-0.6999999999999993,71.62,-131.23,24.03,-55.91,-101.9,-36.26,-87.7,-96.31,-49.489999999999995,46.32,-127.08
2025-08-08T19:59:05.451062,-47.0,156.0,-202.0,-19.0,-21.0,-85.0,-61.0,-23.0,-177.0,-70.0,64.0,-140.0,-33.7,117.62,-183.23,3.030000000000001,-38.91,-50.9,-61.26,-28.7,-160.31,-88.49,28.32,-121.08
2025-08-08T19:59:05.459010,83.0,162.0,-217.0,48.0,74.0,-212.0,-91.0,-72.0,-124.0,26.0,135.0,-198.0,96.3,123.62,-198.23,70.03,56.09,-177.9,-91.26,-77.7,-107.31,7.510000000000002,99.32,-179.07999999999998
2025-08-08T19:59:05.463146,92.0,47.0,-140.0,24.0,-30.0,-151.0,-1.0,-85.0,-101.0,-3.0,36.0,-155.0,105.3,8.619999999999997,-121.23,46.03,-47.91,-116.9,-1.26,-90.7,-84.31,-21.49,0.3200000000000003,-136.07999999999998
2025-08-08T19:59:05.471203,16.0,113.0,-165.0,4.0,-17.0,-117.0,-28.0,-22.0,-142.0,-7.0,67.0,-125.0,29.3,74.62,-146.23,26.03,-34.91,-82.9,-28.26,-27.7,-125.31,-25.49,31.32,-106.08
2025-08-08T19:59:05.475503,-12.0,77.0,-104.0,-37.0,-58.0,-164.0,-20.0,14.0,-100.0,4.0,57.0,-150.0,1.3000000000000007,38.62,-85.23,-14.969999999999999,-75.91,-129.9,-20.26,8.3,-83.31,-14.489999999999998,21.32,-131.07999999999998
2025-08-08T19:59:05.483581,38.0,114.0,-160.0,60.0,56.0,-167.0,-66.0,5.0,-114.0,-10.0,51.0,-163.0,51.3,75.62,-141.23,82.03,38.09,-132.9,-66.26,-0.7000000000000002,-97.31,-28.49,15.32,-144.07999999999998
2025-08-08T19:59:05.487820,97.0,113.0,-94.0,-15.0,0.0,-219.0,10.0,27.0,-185.0,-34.0,22.0,-184.0,110.3,74.62,-75.23,7.030000000000001,-17.91,-184.9,9.74,21.3,-168.31,-52.489999999999995,-13.68,-165.07999999999998
2025-08-08T19:59:05.496002,38.0,63.0,-173.0,17.0,-41.0,-153.0,-76.0,-45.0,-121.0,-9.0,73.0,-104.0,51.3,24.619999999999997,-154.23,39.03,-58.91,-118.9,-76.26,-50.7,-104.31,-27.49,37.32,-85.08
2025-08-08T19:59:05.500106,1.0,63.0,-83.0,3.0,26.0,-160.0,-31.0,-28.0,-106.0,-9.0,39.0,-69.0,14.3,24.619999999999997,-64.23,25.03,8.09,-125.9,-31.26,-33.7,-89.31,-27.49,3.3200000000000003,-50.08
2025-08-08T19:59:05.508210,-1.0,85.0,-157.0,-71.0,-29.0,-126.0,-14.0,-59.0,-126.0,0.0,41.0,-119.0,12.3,46.62,-138.23,-48.97,-46.91,-91.9,-14.26,-64.7,-109.31,-18.49,5.32,-100.08
2025-08-08T19:59:05.512575,-37.0,99.0,-147.0,-47.0,-31.0,-159.0,-81.0,-62.0,-69.0,29.0,85.0,-91.0,-23.7,60.62,-128.23,-24.97,-48.91,-124.9,-81.26,-67.7,-52.31,10.510000000000002,49.32,-72.08
2025-08-08T19:59:05.520753,33.0,180.0,-120.0,-35.0,-45.0,-90.0,-96.0,-10.0,-144.0,-89.0,69.0,-166.0,46.3,141.62,-101.23,-12.969999999999999,-62.91,-55.9,-96.26,-15.7,-127.31,-107.49,33.32,-147.07999999999998
2025-08-08T19:59:05.525263,11.0,129.0,-148.0,-26.0,-43.0,-201.0,-33.0,-81.0,-158.0,76.0,42.0,-203.0,24.3,90.62,-129.23,-3.969999999999999,-60.91,-166.9,-33.26,-86.7,-141.31,57.510000000000005,6.32,-184.07999999999998
2025-08-08T19:59:05.533293,-22.0,87.0,-206.0,-18.0,18.0,-142.0,4.0,-28.0,-176.0,53.0,52.0,-78.0,-8.7,48.62,-187.23,4.030000000000001,0.08999999999999986,-107.9,3.74,-33.7,-159.31,34.510000000000005,16.32,-59.08
2025-08-08T19:59:05.540875,46.0,106.0,-101.0,-3.0,-32.0,-170.0,-15.0,-18.0,-94.0,-110.0,67.0,-62.0,59.3,67.62,-82.23,19.03,-49.91,-135.9,-15.26,-23.7,-77.31,-128.49,31.32,-43.08
2025-08-08T19:59:05.545896,22.0,3.0,-120.0,-28.0,-26.0,-123.0,-30.0,-16.0,-98.0,-49.0,112.0,-115.0,35.3,-35.38,-101.23,-5.969999999999999,-43.91,-88.9,-30.26,-21.7,-81.31,-67.49,76.32,-96.08
2025-08-08T19:59:05.553605,-17.0,93.0,-121.0,11.0,24.0,-136.0,-124.0,-40.0,-130.0,-77.0,71.0,-155.0,-3.6999999999999993,54.62,-102.23,33.03,6.09,-101.9,-124.26,-45.7,-113.31,-95.49,35.32,-136.07999999999998
2025-08-08T19:59:05.558309,-37.0,121.0,-149.0,12.0,-94.0,-137.0,-39.0,40.0,-107.0,-43.0,131.0,-149.0,-23.7,82.62,-130.23,34.03,-111.91,-102.9,-39.26,34.3,-90.31,-61.489999999999995,95.32,-130.07999999999998
2025-08-08T19:59:05.566453,104.0,153.0,-168.0,-23.0,-15.0,-151.0,2.0,-41.0,-104.0,58.0,29.0,-140.0,117.3,114.62,-149.23,-0.9699999999999989,-32.91,-116.9,1.74,-46.7,-87.31,39.510000000000005,-6.68,-121.08
2025-08-08T19:59:05.572615,40.0,57.0,-171.0,-10.0,21.0,-184.0,-41.0,-1.0,-102.0,-7.0,110.0,-136.0,53.3,18.619999999999997,-152.23,12.030000000000001,3.09,-149.9,-41.26,-6.7,-85.31,-25.49,74.32,-117.08
2025-08-08T19:59:05.582151,4.0,74.0,-131.0,28.0,-24.0,-188.0,-75.0,-88.0,-70.0,-105.0,65.0,-146.0,17.3,35.62,-112.23,50.03,-41.91,-153.9,-75.26,-93.7,-53.31,-123.49,29.32,-127.08
2025-08-08T19:59:05.585547,73.0,45.0,-182.0,-3.0,-63.0,-143.0,-52.0,-2.0,-81.0,1.0,112.0,-134.0,86.3,6.619999999999997,-163.23,19.03,-80.91,-108.9,-52.26,-7.7,-64.31,-17.49,76.32,-115.08
2025-08-08T19:59:05.590088,-7.0,0.0,-160.0,30.0,-19.0,-158.0,-76.0,-57.0,-125.0,52.0,69.0,-80.0,6.300000000000001,-38.38,-141.23,52.03,-36.91,-123.9,-76.26,-62.7,-108.31,33.510000000000005,33.32,-61.08
2025-08-08T19:59:05.594690,62.0,74.0,-136.0,-35.0,9.0,-174.0,12.0,-9.0,-168.0,-19.0,49.0,-125.0,75.3,35.62,-117.23,-12.969999999999999,-8.91,-139.9,11.74,-14.7,-151.31,-37.489999999999995,13.32,-106.08
2025-08-08T19:59:05.602776,-28.0,118.0,-110.0,5.0,53.0,-65.0,14.0,-81.0,-146.0,-17.0,79.0,-150.0,-14.7,79.62,-91.23,27.03,35.09,-30.9,13.74,-86.7,-129.31,-35.489999999999995,43.32,-131.07999999999998
2025-08-08T19:59:05.606746,90.0,24.0,-78.0,24.0,-23.0,-98.0,-55.0,7.0,-141.0,-69.0,57.0,-130.0,103.3,-14.380000000000003,-59.230000000000004,46.03,-40.91,-63.9,-55.26,1.2999999999999998,-124.31,-87.49,21.32,-111.08
2025-08-08T19:59:05.614969,6.0,46.0,-110.0,42.0,9.0,-156.0,-94.0,-7.0,-99.0,64.0,95.0,-157.0,19.3,7.619999999999997,-91.23,64.03,-8.91,-121.9,-94.26,-12.7,-82.31,45.510000000000005,59.32,-138.07999999999998
2025-08-08T19:59:05.619099,14.0,102.0,-144.0,-32.0,-9.0,-106.0,36.0,31.0,-115.0,-19.0,19.0,-149.0,27.3,63.62,-125.23,-9.969999999999999,-26.91,-71.9,35.74,25.3,-98.31,-37.489999999999995,-16.68,-130.07999999999998
2025-08-08T19:59:05.627326,31.0,118.0,-124.0,34.0,34.0,-144.0,-10.0,-100.0,-105.0,43.0,29.0,-113.0,44.3,79.62,-105.23,56.03,16.09,-109.9,-10.26,-105.7,-88.31,24.51,-6.68,-94.08
2025-08-08T19:59:05.635163,97.0,35.0,-160.0,-14.0,-2.0,-172.0,-52.0,-60.0,-171.0,-5.0,40.0,-155.0,110.3,-3.3800000000000026,-141.23,8.030000000000001,-19.91,-137.9,-52.26,-65.7,-154.31,-23.49,4.32,-136.07999999999998
2025-08-08T19:59:05.639549,52.0,58.0,-159.0,25.0,17.0,-118.0,11.0,-43.0,-100.0,-22.0,104.0,-100.0,65.3,19.619999999999997,-140.23,47.03,-0.9100000000000001,-83.9,10.74,-48.7,-83.31,-40.489999999999995,68.32,-81.08
2025-08-08T19:59:05.647510,-6.0,35.0,-114.0,-4.0,-86.0,-173.0,-82.0,-22.0,-98.0,-37.0,52.0,-128.0,7.300000000000001,-3.3800000000000026,-95.23,18.03,-103.91,-138.9,-82.26,-27.7,-81.31,-55.489999999999995,16.32,-109.08
2025-08-08T19:59:05.651869,23.0,130.0,-137.0,-2.0,23.0,-126.0,-25.0,30.0,-128.0,-8.0,3.0,-122.0,36.3,91.62,-118.23,20.03,5.09,-91.9,-25.26,24.3,-111.31,-26.49,-32.68,-103.08
2025-08-08T19:59:05.659894,46.0,114.0,-170.0,42.0,-10.0,-163.0,-60.0,-82.0,-159.0,-32.0,35.0,-169.0,59.3,75.62,-151.23,64.03,-27.91,-128.9,-60.26,-87.7,-142.31,-50.489999999999995,-0.6799999999999997,-150.07999999999998
2025-08-08T19:59:05.664285,5.0,55.0,-99.0,59.0,40.0,-144.0,29.0,-92.0,-100.0,-62.0,48.0,-139.0,18.3,16.619999999999997,-80.23,81.03,22.09,-109.9,28.74,-97.7,-83.31,-80.49,12.32,-120.08
2025-08-08T19:59:05.672444,96.0,58.0,-134.0,-20.0,-54.0,-162.0,-60.0,-82.0,-70.0,-83.0,97.0,-94.0,109.3,19.619999999999997,-115.23,2.030000000000001,-71.91,-127.9,-60.26,-87.7,-53.31,-101.49,61.32,-75.08
2025-08-08T19:59:05.676954,-4.0,115.0,-27.0,-14.0,-54.0,-103.0,-6.0,-3.0,-38.0,-56.0,134.0,-146.0,9.3,76.62,-8.23,8.030000000000001,-71.91,-68.9,-6.26,-8.7,-21.31,-74.49,98.32,-127.08
2025-08-08T19:59:05.684714,-8.0,138.0,-124.0,-15.0,-52.0,-186.0,-49.0,-59.0,-115.0,-1.0,68.0,-137.0,5.300000000000001,99.62,-105.23,7.030000000000001,-69.91,-151.9,-49.26,-64.7,-98.31,-19.49,32.32,-118.08
2025-08-08T19:59:05.689326,63.0,119.0,-124.0,19.0,-27.0,-232.0,-18.0,-48.0,-154.0,-3.0,83.0,-187.0,76.3,80.62,-105.23,41.03,-44.91,-197.9,-18.26,-53.7,-137.31,-21.49,47.32,-168.07999999999998
2025-08-08T19:59:05.697219,108.0,40.0,-213.0,-1.0,-70.0,-118.0,-43.0,-61.0,-93.0,41.0,39.0,-170.0,121.3,1.6199999999999974,-194.23,21.03,-87.91,-83.9,-43.26,-66.7,-76.31,22.51,3.3200000000000003,-151.07999999999998
2025-08-08T19:59:05.701875,24.0,72.0,-51.0,-12.0,-24.0,-180.0,-88.0,-87.0,-117.0,25.0,75.0,-168.0,37.3,33.62,-32.230000000000004,10.030000000000001,-41.91,-145.9,-88.26,-92.7,-100.31,6.510000000000002,39.32,-149.07999999999998
2025-08-08T19:59:05.709482,-21.0,58.0,-110.0,-23.0,-55.0,-189.0,-99.0,-35.0,-140.0,-44.0,41.0,-74.0,-7.699999999999999,19.619999999999997,-91.23,-0.9699999999999989,-72.91,-154.9,-99.26,-40.7,-123.31,-62.489999999999995,5.32,-55.08
2025-08-08T19:59:05.717974,-46.0,20.0,-134.0,81.0,-23.0,-119.0,-45.0,-36.0,-189.0,12.0,167.0,-36.0,-32.7,-18.380000000000003,-115.23,103.03,-40.91,-84.9,-45.26,-41.7,-172.31,-6.489999999999998,131.32,-17.08
2025-08-08T19:59:05.721920,-19.0,123.0,-142.0,25.0,-21.0,-153.0,6.0,-70.0,-135.0,-60.0,144.0,-108.0,-5.699999999999999,84.62,-123.23,47.03,-38.91,-118.9,5.74,-75.7,-118.31,-78.49,108.32,-89.08
2025-08-08T19:59:05.729377,2.0,68.0,-149.0,1.0,7.0,-136.0,-7.0,-51.0,-109.0,-49.0,48.0,-152.0,15.3,29.619999999999997,-130.23,23.03,-10.91,-101.9,-7.26,-56.7,-92.31,-67.49,12.32,-133.07999999999998
2025-08-08T19:59:05.734190,-10.0,-25.0,-138.0,38.0,-3.0,-160.0,-51.0,40.0,-137.0,42.0,-2.0,-103.0,3.3000000000000007,-63.38,-119.23,60.03,-20.91,-125.9,-51.26,34.3,-120.31,23.51,-37.68,-84.08
2025-08-08T19:59:05.741781,113.0,78.0,-109.0,18.0,-80.0,-120.0,-44.0,-6.0,-155.0,-35.0,49.0,-141.0,126.3,39.62,-90.23,40.03,-97.91,-85.9,-44.26,-11.7,-138.31,-53.489999999999995,13.32,-122.08
2025-08-08T19:59:05.746565,36.0,38.0,-194.0,-32.0,-53.0,-133.0,-71.0,-16.0,-111.0,16.0,2.0,-102.0,49.3,-0.38000000000000256,-175.23,-9.969999999999999,-70.91,-98.9,-71.26,-21.7,-94.31,-2.4899999999999984,-33.68,-83.08
2025-08-08T19:59:05.754346,11.0,94.0,-178.0,50.0,-66.0,-204.0,-45.0,-5.0,-180.0,-56.0,60.0,-160.0,24.3,55.62,-159.23,72.03,-83.91,-169.9,-45.26,-10.7,-163.31,-74.49,24.32,-141.07999999999998
2025-08-08T19:59:05.758844,40.0,20.0,-185.0,50.0,4.0,-158.0,-44.0,-12.0,-114.0,47.0,90.0,-200.0,53.3,-18.380000000000003,-166.23,72.03,-13.91,-123.9,-44.26,-17.7,-97.31,28.51,54.32,-181.07999999999998
2025-08-08T19:59:05.766602,41.0,80.0,-147.0,18.0,63.0,-134.0,-79.0,-64.0,-32.0,-11.0,52.0,-155.0,54.3,41.62,-128.23,40.03,45.09,-99.9,-79.26,-69.7,-15.309999999999999,-29.49,16.32,-136.07999999999998
2025-08-08T19:59:05.771675,68.0,57.0,-166.0,46.0,48.0,-209.0,-59.0,-20.0,-110.0,-43.0,59.0,-105.0,81.3,18.619999999999997,-147.23,68.03,30.09,-174.9,-59.26,-25.7,-93.31,-61.489999999999995,23.32,-86.08
2025-08-08T19:59:05.779020,25.0,3.0,-127.0,-48.0,15.0,-129.0,-101.0,21.0,-80.0,-74.0,52.0,-137.0,38.3,-35.38,-108.23,-25.97,-2.91,-94.9,-101.26,15.3,-63.31,-92.49,16.32,-118.08
2025-08-08T19:59:05.783594,1.0,43.0,-70.0,-27.0,-75.0,-197.0,-103.0,-74.0,-167.0,-92.0,60.0,-113.0,14.3,4.619999999999997,-51.230000000000004,-4.969999999999999,-92.91,-162.9,-103.26,-79.7,-150.31,-110.49,24.32,-94.08
2025-08-08T19:59:05.791262,-46.0,143.0,-124.0,47.0,-27.0,-147.0,-11.0,-33.0,-157.0,-81.0,73.0,-102.0,-32.7,104.62,-105.23,69.03,-44.91,-112.9,-11.26,-38.7,-140.31,-99.49,37.32,-83.08
2025-08-08T19:59:05.799177,-36.0,54.0,-118.0,36.0,-48.0,-125.0,-34.0,-19.0,-145.0,-33.0,35.0,-141.0,-22.7,15.619999999999997,-99.23,58.03,-65.91,-90.9,-34.26,-24.7,-128.31,-51.489999999999995,-0.6799999999999997,-122.08
2025-08-08T19:59:05.804338,-3.0,150.0,-164.0,31.0,-31.0,-110.0,-116.0,-55.0,-143.0,27.0,53.0,-151.0,10.3,111.62,-145.23,53.03,-48.91,-75.9,-116.26,-60.7,-126.31,8.510000000000002,17.32,-132.07999999999998
2025-08-08T19:59:05.811426,-17.0,71.0,-131.0,-86.0,48.0,-74.0,-61.0,-71.0,-167.0,-110.0,9.0,-119.0,-3.6999999999999993,32.62,-112.23,-63.97,30.09,-39.9,-61.26,-76.7,-150.31,-128.49,-26.68,-100.08
2025-08-08T19:59:05.815738,63.0,6.0,-82.0,4.0,14.0,-198.0,-118.0,-21.0,-150.0,-46.0,57.0,-111.0,76.3,-32.38,-63.230000000000004,26.03,-3.91,-163.9,-118.26,-26.7,-133.31,-64.49,21.32,-92.08
2025-08-08T19:59:05.823630,19.0,56.0,-115.0,-48.0,-78.0,-126.0,14.0,-46.0,-129.0,-19.0,38.0,-153.0,32.3,17.619999999999997,-96.23,-25.97,-95.91,-91.9,13.74,-51.7,-112.31,-37.489999999999995,2.3200000000000003,-134.07999999999998
2025-08-08T19:59:05.827825,-11.0,115.0,-141.0,63.0,-3.0,-132.0,-55.0,-33.0,-148.0,-25.0,69.0,-166.0,2.3000000000000007,76.62,-122.23,85.03,-20.91,-97.9,-55.26,-38.7,-131.31,-43.489999999999995,33.32,-147.07999999999998
2025-08-08T19:59:05.835811,33.0,78.0,-190.0,15.0,61.0,-131.0,-18.0,-79.0,-77.0,-6.0,15.0,-199.0,46.3,39.62,-171.23,37.03,43.09,-96.9,-18.26,-84.7,-60.31,-24.49,-20.68,-180.07999999999998
2025-08-08T19:59:05.840122,80.0,71.0,-141.0,8.0,18.0,-186.0,-173.0,31.0,-173.0,-56.0,91.0,-48.0,93.3,32.62,-122.23,30.03,0.08999999999999986,-151.9,-173.26,25.3,-156.31,-74.49,55.32,-29.08
2025-08-08T19:59:05.848037,39.0,82.0,-173.0,29.0,14.0,-159.0,-32.0,-28.0,-153.0,1.0,66.0,-102.0,52.3,43.62,-154.23,51.03,-3.91,-124.9,-32.26,-33.7,-136.31,-17.49,30.32,-83.08
2025-08-08T19:59:05.852835,18.0,135.0,-136.0,8.0,-9.0,-124.0,-12.0,-48.0,-144.0,-39.0,104.0,-176.0,31.3,96.62,-117.23,30.03,-26.91,-89.9,-12.26,-53.7,-127.31,-57.489999999999995,68.32,-157.07999999999998
2025-08-08T19:59:05.860447,-34.0,102.0,-117.0,-24.0,7.0,-143.0,-61.0,-70.0,-57.0,-40.0,29.0,-182.0,-20.7,63.62,-98.23,-1.9699999999999989,-10.91,-108.9,-61.26,-75.7,-40.31,-58.489999999999995,-6.68,-163.07999999999998
2025-08-08T19:59:05.864853,77.0,45.0,-181.0,15.0,5.0,-177.0,-94.0,-5.0,-113.0,-35.0,10.0,-163.0,90.3,6.619999999999997,-162.23,37.03,-12.91,-142.9,-94.26,-10.7,-96.31,-53.489999999999995,-25.68,-144.07999999999998
2025-08-08T19:59:05.872849,37.0,150.0,-182.0,-6.0,-73.0,-155.0,-61.0,5.0,-85.0,-18.0,-4.0,-184.0,50.3,111.62,-163.23,16.03,-90.91,-120.9,-61.26,-0.7000000000000002,-68.31,-36.489999999999995,-39.68,-165.07999999999998
2025-08-08T19:59:05.876891,75.0,61.0,-122.0,10.0,-43.0,-166.0,-50.0,-9.0,-203.0,-27.0,54.0,-127.0,88.3,22.619999999999997,-103.23,32.03,-60.91,-131.9,-50.26,-14.7,-186.31,-45.489999999999995,18.32,-108.08
2025-08-08T19:59:05.885237,91.0,125.0,-186.0,27.0,-67.0,-184.0,-123.0,-15.0,-208.0,-46.0,75.0,-183.0,104.3,86.62,-167.23,49.03,-84.91,-149.9,-123.26,-20.7,-191.31,-64.49,39.32,-164.07999999999998
2025-08-08T19:59:05.893235,55.0,85.0,-138.0,53.0,33.0,-197.0,-14.0,-86.0,-113.0,1.0,136.0,-166.0,68.3,46.62,-119.23,75.03,15.09,-162.9,-14.26,-91.7,-96.31,-17.49,100.32,-147.07999999999998
2025-08-08T19:59:05.897435,20.0,88.0,-217.0,23.0,-17.0,-195.0,-75.0,-51.0,-162.0,-66.0,107.0,-213.0,33.3,49.62,-198.23,45.03,-34.91,-160.9,-75.26,-56.7,-145.31,-84.49,71.32,-194.07999999999998
2025-08-08T19:59:05.905456,43.0,74.0,-215.0,-2.0,-52.0,-268.0,-67.0,24.0,-193.0,-4.0,62.0,-200.0,56.3,35.62,-196.23,20.03,-69.91,-233.9,-67.26,18.3,-176.31,-22.49,26.32,-181.07999999999998
2025-08-08T19:59:05.909927,99.0,102.0,-189.0,33.0,-48.0,-169.0,-52.0,32.0,-188.0,-60.0,131.0,-198.0,112.3,63.62,-170.23,55.03,-65.91,-134.9,-52.26,26.3,-171.31,-78.49,95.32,-179.07999999999998
2025-08-08T19:59:05.917685,-5.0,138.0,-218.0,59.0,-42.0,-235.0,34.0,39.0,-201.0,-86.0,146.0,-230.0,8.3,99.62,-199.23,81.03,-59.91,-200.9,33.74,33.3,-184.31,-104.49,110.32,-211.07999999999998
2025-08-08T19:59:05.922182,131.0,108.0,-297.0,97.0,-24.0,-183.0,-78.0,-31.0,-151.0,-27.0,107.0,-237.0,144.3,69.62,-278.23,119.03,-41.91,-148.9,-78.26,-36.7,-134.31,-45.489999999999995,71.32,-218.07999999999998
2025-08-08T19:59:05.930099,17.0,146.0,-245.0,123.0,-62.0,-273.0,-19.0,11.0,-231.0,-110.0,119.0,-162.0,30.3,107.62,-226.23,145.03,-79.91,-238.9,-19.26,5.3,-214.31,-128.49,83.32,-143.07999999999998
2025-08-08T19:59:05.938174,122.0,150.0,-197.0,59.0,-78.0,-259.0,-53.0,-89.0,-202.0,-17.0,131.0,-240.0,135.3,111.62,-178.23,81.03,-95.91,-224.9,-53.26,-94.7,-185.31,-35.489999999999995,95.32,-221.07999999999998
2025-08-08T19:59:05.942525,88.0,155.0,-260.0,65.0,-6.0,-254.0,-96.0,15.0,-221.0,-28.0,127.0,-197.0,101.3,116.62,-241.23,87.03,-23.91,-219.9,-96.26,9.3,-204.31,-46.489999999999995,91.32,-178.07999999999998
2025-08-08T19:59:05.950678,51.0,111.0,-195.0,133.0,-4.0,-197.0,-92.0,17.0,-204.0,-48.0,155.0,-234.0,64.3,72.62,-176.23,155.03,-21.91,-162.9,-92.26,11.3,-187.31,-66.49,119.32,-215.07999999999998
2025-08-08T19:59:05.954825,141.0,110.0,-226.0,96.0,-75.0,-274.0,-11.0,13.0,-265.0,-73.0,154.0,-188.0,154.3,71.62,-207.23,118.03,-92.91,-239.9,-11.26,7.3,-248.31,-91.49,118.32,-169.07999999999998
2025-08-08T19:59:05.963179,79.0,184.0,-168.0,132.0,-21.0,-291.0,-125.0,-77.0,-218.0,-77.0,122.0,-176.0,92.3,145.62,-149.23,154.03,-38.91,-256.9,-125.26,-82.7,-201.31,-95.49,86.32,-157.07999999999998
2025-08-08T19:59:05.967123,74.0,151.0,-221.0,92.0,-23.0,-234.0,-72.0,-33.0,-275.0,-44.0,121.0,-199.0,87.3,112.62,-202.23,114.03,-40.91,-199.9,-72.26,-38.7,-258.31,-62.489999999999995,85.32,-180.07999999999998
2025-08-08T19:59:05.975604,77.0,108.0,-173.0,85.0,-50.0,-234.0,-11.0,-35.0,-253.0,-30.0,164.0,-190.0,90.3,69.62,-154.23,107.03,-67.91,-199.9,-11.26,-40.7,-236.31,-48.489999999999995,128.32,-171.07999999999998
2025-08-08T19:59:05.983310,95.0,187.0,-174.0,117.0,-2.0,-227.0,-73.0,-24.0,-262.0,-83.0,204.0,-253.0,108.3,148.62,-155.23,139.03,-19.91,-192.9,-73.26,-29.7,-245.31,-101.49,168.32,-234.07999999999998
2025-08-08T19:59:05.988347,114.0,156.0,-293.0,157.0,-5.0,-208.0,-117.0,-101.0,-272.0,12.0,161.0,-243.0,127.3,117.62,-274.23,179.03,-22.91,-173.9,-117.26,-106.7,-255.31,-6.489999999999998,125.32,-224.07999999999998
2025-08-08T19:59:05.995711,101.0,132.0,-212.0,239.0,-59.0,-267.0,-36.0,-38.0,-299.0,-51.0,135.0,-180.0,114.3,93.62,-193.23,261.03,-76.91,-232.9,-36.26,-43.7,-282.31,-69.49,99.32,-161.07999999999998
2025-08-08T19:59:06.000689,99.0,202.0,-228.0,145.0,-3.0,-299.0,-120.0,-109.0,-344.0,-63.0,188.0,-298.0,112.3,163.62,-209.23,167.03,-20.91,-264.9,-120.26,-114.7,-327.31,-81.49,152.32,-279.08
2025-08-08T19:59:06.008174,70.0,262.0,-241.0,132.0,-38.0,-330.0,-148.0,35.0,-351.0,-37.0,206.0,-285.0,83.3,223.62,-222.23,154.03,-55.91,-295.9,-148.26,29.3,-334.31,-55.489999999999995,170.32,-266.08
2025-08-08T19:59:06.016088,164.0,204.0,-275.0,146.0,-41.0,-348.0,-120.0,-60.0,-307.0,-33.0,169.0,-216.0,177.3,165.62,-256.23,168.03,-58.91,-313.9,-120.26,-65.7,-290.31,-51.489999999999995,133.32,-197.07999999999998
2025-08-08T19:59:06.020444,137.0,201.0,-246.0,174.0,-78.0,-302.0,-61.0,-36.0,-323.0,-80.0,280.0,-257.0,150.3,162.62,-227.23,196.03,-95.91,-267.9,-61.26,-41.7,-306.31,-98.49,244.32,-238.07999999999998
2025-08-08T19:59:06.028600,108.0,191.0,-210.0,173.0,-49.0,-315.0,-63.0,-13.0,-357.0,-34.0,209.0,-249.0,121.3,152.62,-191.23,195.03,-66.91,-280.9,-63.26,-18.7,-340.31,-52.489999999999995,173.32,-230.07999999999998
2025-08-08T19:59:06.032826,219.0,150.0,-209.0,230.0,-19.0,-320.0,-71.0,-61.0,-327.0,-18.0,267.0,-282.0,232.3,111.62,-190.23,252.03,-36.91,-285.9,-71.26,-66.7,-310.31,-36.489999999999995,231.32,-263.08
2025-08-08T19:59:06.040820,112.0,150.0,-191.0,194.0,-45.0,-325.0,-53.0,-10.0,-329.0,-27.0,253.0,-212.0,125.3,111.62,-172.23,216.03,-62.91,-290.9,-53.26,-15.7,-312.31,-45.489999999999995,217.32,-193.07999999999998
2025-08-08T19:59:06.049058,126.0,209.0,-275.0,117.0,-104.0,-323.0,-86.0,-61.0,-408.0,-36.0,205.0,-316.0,139.3,170.62,-256.23,139.03,-121.91,-288.9,-86.26,-66.7,-391.31,-54.489999999999995,169.32,-297.08
2025-08-08T19:59:06.053355,160.0,114.0,-280.0,135.0,-27.0,-333.0,-73.0,-47.0,-382.0,-72.0,244.0,-223.0,173.3,75.62,-261.23,157.03,-44.91,-298.9,-73.26,-52.7,-365.31,-90.49,208.32,-204.07999999999998
2025-08-08T19:59:06.061375,142.0,268.0,-233.0,161.0,-67.0,-312.0,-111.0,-57.0,-371.0,-44.0,269.0,-345.0,155.3,229.62,-214.23,183.03,-84.91,-277.9,-111.26,-62.7,-354.31,-62.489999999999995,233.32,-326.08
2025-08-08T19:59:06.065674,98.0,259.0,-254.0,146.0,-34.0,-310.0,-6.0,-22.0,-380.0,18.0,234.0,-287.0,111.3,220.62,-235.23,168.03,-51.91,-275.9,-6.26,-27.7,-363.31,-0.48999999999999844,198.32,-268.08
2025-08-08T19:59:06.073539,218.0,213.0,-293.0,172.0,-58.0,-392.0,-71.0,-94.0,-351.0,-114.0,209.0,-232.0,231.3,174.62,-274.23,194.03,-75.91,-357.9,-71.26,-99.7,-334.31,-132.49,173.32,-213.07999999999998
2025-08-08T19:59:06.081581,116.0,202.0,-182.0,224.0,-75.0,-335.0,-15.0,-44.0,-344.0,-121.0,107.0,-271.0,129.3,163.62,-163.23,246.03,-92.91,-300.9,-15.26,-49.7,-327.31,-139.49,71.32,-252.07999999999998
2025-08-08T19:59:06.085959,215.0,327.0,-245.0,173.0,11.0,-243.0,-94.0,-4.0,-305.0,26.0,209.0,-300.0,228.3,288.62,-226.23,195.03,-6.91,-208.9,-94.26,-9.7,-288.31,7.510000000000002,173.32,-281.08
2025-08-08T19:59:06.094046,120.0,195.0,-224.0,195.0,-67.0,-372.0,-105.0,-26.0,-369.0,1.0,193.0,-213.0,133.3,156.62,-205.23,217.03,-84.91,-337.9,-105.26,-31.7,-352.31,-17.49,157.32,-194.07999999999998
2025-08-08T19:59:06.098304,89.0,180.0,-242.0,97.0,7.0,-328.0,-47.0,-74.0,-365.0,-89.0,245.0,-291.0,102.3,141.62,-223.23,119.03,-10.91,-293.9,-47.26,-79.7,-348.31,-107.49,209.32,-272.08
2025-08-08T19:59:06.106398,163.0,285.0,-260.0,196.0,-45.0,-320.0,-51.0,-45.0,-385.0,-55.0,289.0,-278.0,176.3,246.62,-241.23,218.03,-62.91,-285.9,-51.26,-50.7,-368.31,-73.49,253.32,-259.08
2025-08-08T19:59:06.114344,197.0,188.0,-210.0,169.0,-56.0,-330.0,-44.0,-60.0,-363.0,-82.0,229.0,-282.0,210.3,149.62,-191.23,191.03,-73.91,-295.9,-44.26,-65.7,-346.31,-100.49,193.32,-263.08
2025-08-08T19:59:06.118784,44.0,184.0,-264.0,280.0,-19.0,-288.0,-104.0,-71.0,-308.0,-67.0,214.0,-257.0,57.3,145.62,-245.23,302.03,-36.91,-253.9,-104.26,-76.7,-291.31,-85.49,178.32,-238.07999999999998
2025-08-08T19:59:06.126848,130.0,264.0,-213.0,194.0,-84.0,-345.0,-86.0,-25.0,-398.0,-71.0,218.0,-308.0,143.3,225.62,-194.23,216.03,-101.91,-310.9,-86.26,-30.7,-381.31,-89.49,182.32,-289.08
2025-08-08T19:59:06.131084,159.0,195.0,-301.0,186.0,-57.0,-310.0,-93.0,-59.0,-415.0,-22.0,148.0,-288.0,172.3,156.62,-282.23,208.03,-74.91,-275.9,-93.26,-64.7,-398.31,-40.489999999999995,112.32,-269.08
2025-08-08T19:59:06.139213,142.0,223.0,-203.0,243.0,-51.0,-330.0,-120.0,-53.0,-400.0,-87.0,186.0,-282.0,155.3,184.62,-184.23,265.03,-68.91,-295.9,-120.26,-58.7,-383.31,-105.49,150.32,-263.08
2025-08-08T19:59:06.143566,49.0,221.0,-252.0,156.0,19.0,-357.0,-92.0,22.0,-386.0,-56.0,225.0,-298.0,62.3,182.62,-233.23,178.03,1.0899999999999999,-322.9,-92.26,16.3,-369.31,-74.49,189.32,-279.08
2025-08-08T19:59:06.151517,180.0,207.0,-329.0,184.0,22.0,-367.0,-33.0,-87.0,-333.0,9.0,229.0,-362.0,193.3,168.62,-310.23,206.03,4.09,-332.9,-33.26,-92.7,-316.31,-9.489999999999998,193.32,-343.08
2025-08-08T19:59:06.159327,176.0,208.0,-238.0,175.0,-30.0,-313.0,-125.0,-74.0,-360.0,-68.0,229.0,-283.0,189.3,169.62,-219.23,197.03,-47.91,-278.9,-125.26,-79.7,-343.31,-86.49,193.32,-264.08
2025-08-08T19:59:06.163914,137.0,256.0,-248.0,169.0,-23.0,-385.0,-133.0,-18.0,-337.0,-62.0,252.0,-275.0,150.3,217.62,-229.23,191.03,-40.91,-350.9,-133.26,-23.7,-320.31,-80.49,216.32,-256.08
2025-08-08T19:59:06.171749,188.0,237.0,-234.0,132.0,-45.0,-300.0,-134.0,-69.0,-368.0,-3.0,151.0,-310.0,201.3,198.62,-215.23,154.03,-62.91,-265.9,-134.26,-74.7,-351.31,-21.49,115.32,-291.08
2025-08-08T19:59:06.176326,148.0,123.0,-220.0,164.0,4.0,-342.0,-131.0,-74.0,-351.0,-51.0,213.0,-214.0,161.3,84.62,-201.23,186.03,-13.91,-307.9,-131.26,-79.7,-334.31,-69.49,177.32,-195.07999999999998
2025-08-08T19:59:06.184755,101.0,269.0,-288.0,140.0,-35.0,-284.0,-110.0,-84.0,-386.0,-92.0,222.0,-274.0,114.3,230.62,-269.23,162.03,-52.91,-249.9,-110.26,-89.7,-369.31,-110.49,186.32,-255.07999999999998
2025-08-08T19:59:06.192326,140.0,200.0,-273.0,131.0,-88.0,-319.0,-53.0,-55.0,-401.0,15.0,200.0,-340.0,153.3,161.62,-254.23,153.03,-105.91,-284.9,-53.26,-60.7,-384.31,-3.4899999999999984,164.32,-321.08
2025-08-08T19:59:06.196393,198.0,140.0,-234.0,195.0,-24.0,-331.0,-54.0,-42.0,-349.0,-54.0,227.0,-249.0,211.3,101.62,-215.23,217.03,-41.91,-296.9,-54.26,-47.7,-332.31,-72.49,191.32,-230.07999999999998
2025-08-08T19:59:06.204750,104.0,274.0,-232.0,216.0,-75.0,-349.0,-71.0,-90.0,-353.0,-1.0,256.0,-245.0,117.3,235.62,-213.23,238.03,-92.91,-314.9,-71.26,-95.7,-336.31,-19.49,220.32,-226.07999999999998
2025-08-08T19:59:06.208953,110.0,284.0,-248.0,156.0,-35.0,-333.0,-132.0,-63.0,-371.0,-61.0,158.0,-306.0,123.3,245.62,-229.23,178.03,-52.91,-298.9,-132.26,-68.7,-354.31,-79.49,122.32,-287.08
2025-08-08T19:59:06.217386,112.0,219.0,-223.0,128.0,14.0,-306.0,-91.0,-127.0,-390.0,-80.0,218.0,-219.0,125.3,180.62,-204.23,150.03,-3.91,-271.9,-91.26,-132.7,-373.31,-98.49,182.32,-200.07999999999998
2025-08-08T19:59:06.225100,116.0,263.0,-204.0,137.0,-68.0,-273.0,-54.0,-30.0,-360.0,-67.0,274.0,-301.0,129.3,224.62,-185.23,159.03,-85.91,-238.9,-54.26,-35.7,-343.31,-85.49,238.32,-282.08
2025-08-08T19:59:06.229469,145.0,195.0,-333.0,112.0,-34.0,-332.0,-57.0,-69.0,-352.0,-16.0,191.0,-261.0,158.3,156.62,-314.23,134.03,-51.91,-297.9,-57.26,-74.7,-335.31,-34.489999999999995,155.32,-242.07999999999998
2025-08-08T19:59:06.237420,168.0,218.0,-220.0,130.0,14.0,-356.0,-135.0,-66.0,-372.0,-1.0,115.0,-242.0,181.3,179.62,-201.23,152.03,-3.91,-321.9,-135.26,-71.7,-355.31,-19.49,79.32,-223.07999999999998
2025-08-08T19:59:06.241745,137.0,155.0,-216.0,143.0,-46.0,-329.0,-106.0,-23.0,-363.0,-42.0,230.0,-258.0,150.3,116.62,-197.23,165.03,-63.91,-294.9,-106.26,-28.7,-346.31,-60.489999999999995,194.32,-239.07999999999998
2025-08-08T19:59:06.249845,147.0,251.0,-316.0,120.0,-75.0,-263.0,-51.0,11.0,-405.0,-65.0,196.0,-232.0,160.3,212.62,-297.23,142.03,-92.91,-228.9,-51.26,5.3,-388.31,-83.49,160.32,-213.07999999999998
2025-08-08T19:59:06.257867,215.0,192.0,-245.0,137.0,-136.0,-312.0,-87.0,-38.0,-306.0,-66.0,153.0,-246.0,228.3,153.62,-226.23,159.03,-153.91,-277.9,-87.26,-43.7,-289.31,-84.49,117.32,-227.07999999999998
2025-08-08T19:59:06.262214,82.0,187.0,-164.0,146.0,0.0,-308.0,-149.0,-46.0,-353.0,-20.0,290.0,-314.0,95.3,148.62,-145.23,168.03,-17.91,-273.9,-149.26,-51.7,-336.31,-38.489999999999995,254.32,-295.08
2025-08-08T19:59:06.270293,188.0,285.0,-268.0,143.0,-18.0,-318.0,-50.0,-35.0,-395.0,-19.0,225.0,-293.0,201.3,246.62,-249.23,165.03,-35.91,-283.9,-50.26,-40.7,-378.31,-37.489999999999995,189.32,-274.08
2025-08-08T19:59:06.274472,178.0,235.0,-191.0,120.0,10.0,-322.0,-121.0,-65.0,-291.0,-61.0,187.0,-244.0,191.3,196.62,-172.23,142.03,-7.91,-287.9,-121.26,-70.7,-274.31,-79.49,151.32,-225.07999999999998
2025-08-08T19:59:06.282539,173.0,222.0,-205.0,140.0,-42.0,-387.0,-76.0,6.0,-423.0,-70.0,295.0,-250.0,186.3,183.62,-186.23,162.03,-59.91,-352.9,-76.26,0.2999999999999998,-406.31,-88.49,259.32,-231.07999999999998
2025-08-08T19:59:06.290639,70.0,226.0,-214.0,229.0,-76.0,-356.0,-81.0,-79.0,-422.0,-98.0,225.0,-293.0,83.3,187.62,-195.23,251.03,-93.91,-321.9,-81.26,-84.7,-405.31,-116.49,189.32,-274.08
2025-08-08T19:59:06.295467,178.0,167.0,-200.0,245.0,-38.0,-366.0,-86.0,-30.0,-337.0,-54.0,279.0,-219.0,191.3,128.62,-181.23,267.03,-55.91,-331.9,-86.26,-35.7,-320.31,-72.49,243.32,-200.07999999999998
2025-08-08T19:59:06.302896,153.0,222.0,-262.0,115.0,-34.0,-290.0,-73.0,-26.0,-351.0,3.0,216.0,-241.0,166.3,183.62,-243.23,137.03,-51.91,-255.9,-73.26,-31.7,-334.31,-15.489999999999998,180.32,-222.07999999999998
2025-08-08T19:59:06.308007,178.0,207.0,-200.0,150.0,-27.0,-363.0,-58.0,-89.0,-369.0,-4.0,193.0,-245.0,191.3,168.62,-181.23,172.03,-44.91,-328.9,-58.26,-94.7,-352.31,-22.49,157.32,-226.07999999999998
2025-08-08T19:59:06.315769,162.0,176.0,-265.0,140.0,-83.0,-354.0,-94.0,-96.0,-363.0,-38.0,219.0,-253.0,175.3,137.62,-246.23,162.03,-100.91,-319.9,-94.26,-101.7,-346.31,-56.489999999999995,183.32,-234.07999999999998
2025-08-08T19:59:06.324378,55.0,181.0,-190.0,82.0,0.0,-351.0,-129.0,-5.0,-362.0,-38.0,218.0,-274.0,68.3,142.62,-171.23,104.03,-17.91,-316.9,-129.26,-10.7,-345.31,-56.489999999999995,182.32,-255.07999999999998
2025-08-08T19:59:06.329230,111.0,269.0,-139.0,163.0,24.0,-279.0,-92.0,-52.0,-377.0,-56.0,235.0,-273.0,124.3,230.62,-120.23,185.03,6.09,-244.9,-92.26,-57.7,-360.31,-74.49,199.32,-254.07999999999998
2025-08-08T19:59:06.335977,111.0,248.0,-252.0,190.0,-65.0,-328.0,-131.0,-32.0,-381.0,-51.0,230.0,-273.0,124.3,209.62,-233.23,212.03,-82.91,-293.9,-131.26,-37.7,-364.31,-69.49,194.32,-254.07999999999998
2025-08-08T19:59:06.340480,181.0,196.0,-208.0,217.0,-21.0,-308.0,-144.0,-25.0,-316.0,-117.0,224.0,-341.0,194.3,157.62,-189.23,239.03,-38.91,-273.9,-144.26,-30.7,-299.31,-135.49,188.32,-322.08
2025-08-08T19:59:06.348881,93.0,230.0,-238.0,132.0,-94.0,-297.0,-81.0,-6.0,-282.0,80.0,174.0,-250.0,106.3,191.62,-219.23,154.03,-111.91,-262.9,-81.26,-11.7,-265.31,61.510000000000005,138.32,-231.07999999999998
2025-08-08T19:59:06.356280,158.0,202.0,-203.0,159.0,-2.0,-302.0,-24.0,-20.0,-339.0,-121.0,207.0,-236.0,171.3,163.62,-184.23,181.03,-19.91,-267.9,-24.26,-25.7,-322.31,-139.49,171.32,-217.07999999999998
2025-08-08T19:59:06.360680,114.0,166.0,-258.0,199.0,-44.0,-284.0,-122.0,43.0,-364.0,53.0,187.0,-251.0,127.3,127.62,-239.23,221.03,-61.91,-249.9,-122.26,37.3,-347.31,34.510000000000005,151.32,-232.07999999999998
2025-08-08T19:59:06.368608,41.0,289.0,-128.0,154.0,-35.0,-267.0,-73.0,-24.0,-330.0,-17.0,237.0,-332.0,54.3,250.62,-109.23,176.03,-52.91,-232.9,-73.26,-29.7,-313.31,-35.489999999999995,201.32,-313.08
2025-08-08T19:59:06.378242,110.0,177.0,-231.0,193.0,-32.0,-369.0,-166.0,-44.0,-361.0,-74.0,259.0,-216.0,123.3,138.62,-212.23,215.03,-49.91,-334.9,-166.26,-49.7,-344.31,-92.49,223.32,-197.07999999999998
2025-08-08T19:59:06.384918,138.0,71.0,-289.0,130.0,-48.0,-293.0,-115.0,-21.0,-335.0,-53.0,208.0,-245.0,151.3,32.62,-270.23,152.03,-65.91,-258.9,-115.26,-26.7,-318.31,-71.49,172.32,-226.07999999999998
2025-08-08T19:59:06.389200,97.0,119.0,-124.0,191.0,36.0,-261.0,-86.0,-85.0,-319.0,-92.0,177.0,-268.0,110.3,80.62,-105.23,213.03,18.09,-226.9,-86.26,-90.7,-302.31,-110.49,141.32,-249.07999999999998
2025-08-08T19:59:06.393134,79.0,222.0,-283.0,143.0,-56.0,-324.0,-150.0,2.0,-391.0,-125.0,209.0,-288.0,92.3,183.62,-264.23,165.03,-73.91,-289.9,-150.26,-3.7,-374.31,-143.49,173.32,-269.08
2025-08-08T19:59:06.400971,165.0,124.0,-216.0,172.0,-73.0,-278.0,-84.0,-45.0,-299.0,-26.0,208.0,-272.0,178.3,85.62,-197.23,194.03,-90.91,-243.9,-84.26,-50.7,-282.31,-44.489999999999995,172.32,-253.07999999999998
2025-08-08T19:59:06.405301,133.0,169.0,-206.0,187.0,-32.0,-296.0,-87.0,-67.0,-340.0,-31.0,188.0,-252.0,146.3,130.62,-187.23,209.03,-49.91,-261.9,-87.26,-72.7,-323.31,-49.489999999999995,152.32,-233.07999999999998
2025-08-08T19:59:06.413435,121.0,212.0,-250.0,142.0,54.0,-355.0,-156.0,-59.0,-345.0,-33.0,206.0,-269.0,134.3,173.62,-231.23,164.03,36.09,-320.9,-156.26,-64.7,-328.31,-51.489999999999995,170.32,-250.07999999999998
2025-08-08T19:59:06.421359,161.0,254.0,-246.0,160.0,-87.0,-320.0,-67.0,-72.0,-375.0,-22.0,216.0,-277.0,174.3,215.62,-227.23,182.03,-104.91,-285.9,-67.26,-77.7,-358.31,-40.489999999999995,180.32,-258.08
2025-08-08T19:59:06.425638,107.0,166.0,-180.0,191.0,19.0,-317.0,-62.0,-39.0,-323.0,-134.0,207.0,-272.0,120.3,127.62,-161.23,213.03,1.0899999999999999,-282.9,-62.26,-44.7,-306.31,-152.49,171.32,-253.07999999999998
2025-08-08T19:59:06.433790,70.0,224.0,-184.0,149.0,-25.0,-299.0,-135.0,12.0,-342.0,-52.0,175.0,-279.0,83.3,185.62,-165.23,171.03,-42.91,-264.9,-135.26,6.3,-325.31,-70.49,139.32,-260.08
2025-08-08T19:59:06.438098,189.0,227.0,-240.0,81.0,-38.0,-327.0,-157.0,-70.0,-375.0,4.0,208.0,-264.0,202.3,188.62,-221.23,103.03,-55.91,-292.9,-157.26,-75.7,-358.31,-14.489999999999998,172.32,-245.07999999999998
2025-08-08T19:59:06.446230,166.0,184.0,-207.0,152.0,-5.0,-338.0,-103.0,-36.0,-357.0,-7.0,131.0,-305.0,179.3,145.62,-188.23,174.03,-22.91,-303.9,-103.26,-41.7,-340.31,-25.49,95.32,-286.08
2025-08-08T19:59:06.450347,85.0,219.0,-327.0,145.0,-32.0,-324.0,-64.0,38.0,-333.0,-62.0,206.0,-210.0,98.3,180.62,-308.23,167.03,-49.91,-289.9,-64.26,32.3,-316.31,-80.49,170.32,-191.07999999999998
2025-08-08T19:59:06.458749,188.0,237.0,-227.0,168.0,-45.0,-305.0,-1.0,2.0,-415.0,5.0,180.0,-277.0,201.3,198.62,-208.23,190.03,-62.91,-270.9,-1.26,-3.7,-398.31,-13.489999999999998,144.32,-258.08
2025-08-08T19:59:06.466533,189.0,187.0,-215.0,168.0,-78.0,-369.0,-116.0,-104.0,-359.0,-33.0,200.0,-261.0,202.3,148.62,-196.23,190.03,-95.91,-334.9,-116.26,-109.7,-342.31,-51.489999999999995,164.32,-242.07999999999998
2025-08-08T19:59:06.470966,124.0,267.0,-196.0,180.0,-58.0,-282.0,-133.0,-28.0,-349.0,-63.0,194.0,-302.0,137.3,228.62,-177.23,202.03,-75.91,-247.9,-133.26,-33.7,-332.31,-81.49,158.32,-283.08
2025-08-08T19:59:06.478986,175.0,237.0,-263.0,118.0,-52.0,-357.0,-100.0,-17.0,-320.0,-65.0,176.0,-292.0,188.3,198.62,-244.23,140.03,-69.91,-322.9,-100.26,-22.7,-303.31,-83.49,140.32,-273.08
2025-08-08T19:59:06.483257,137.0,176.0,-160.0,117.0,19.0,-373.0,-94.0,-33.0,-299.0,-113.0,144.0,-260.0,150.3,137.62,-141.23,139.03,1.0899999999999999,-338.9,-94.26,-38.7,-282.31,-131.49,108.32,-241.07999999999998
2025-08-08T19:59:06.491235,146.0,279.0,-246.0,191.0,-65.0,-364.0,-101.0,28.0,-341.0,-10.0,216.0,-258.0,159.3,240.62,-227.23,213.03,-82.91,-329.9,-101.26,22.3,-324.31,-28.49,180.32,-239.07999999999998
2025-08-08T19:59:06.499277,203.0,160.0,-228.0,176.0,26.0,-289.0,-131.0,-37.0,-278.0,-94.0,181.0,-257.0,216.3,121.62,-209.23,198.03,8.09,-254.9,-131.26,-42.7,-261.31,-112.49,145.32,-238.07999999999998
2025-08-08T19:59:06.503706,59.0,232.0,-190.0,131.0,-33.0,-330.0,-130.0,-11.0,-300.0,-50.0,219.0,-225.0,72.3,193.62,-171.23,153.03,-50.91,-295.9,-130.26,-16.7,-283.31,-68.49,183.32,-206.07999999999998
2025-08-08T19:59:06.511895,127.0,220.0,-250.0,159.0,-21.0,-341.0,-117.0,-26.0,-364.0,-40.0,175.0,-295.0,140.3,181.62,-231.23,181.03,-38.91,-306.9,-117.26,-31.7,-347.31,-58.489999999999995,139.32,-276.08
2025-08-08T19:59:06.516282,58.0,261.0,-294.0,140.0,-20.0,-356.0,-97.0,-69.0,-354.0,-62.0,229.0,-237.0,71.3,222.62,-275.23,162.03,-37.91,-321.9,-97.26,-74.7,-337.31,-80.49,193.32,-218.07999999999998
2025-08-08T19:59:06.524386,143.0,262.0,-242.0,69.0,-99.0,-301.0,-80.0,24.0,-345.0,-78.0,194.0,-249.0,156.3,223.62,-223.23,91.03,-116.91,-266.9,-80.26,18.3,-328.31,-96.49,158.32,-230.07999999999998
2025-08-08T19:59:06.532321,66.0,205.0,-234.0,117.0,11.0,-304.0,-5.0,1.0,-411.0,-71.0,185.0,-252.0,79.3,166.62,-215.23,139.03,-6.91,-269.9,-5.26,-4.7,-394.31,-89.49,149.32,-233.07999999999998
2025-08-08T19:59:06.536831,48.0,282.0,-253.0,187.0,-65.0,-346.0,-85.0,-24.0,-371.0,-8.0,245.0,-279.0,61.3,243.62,-234.23,209.03,-82.91,-311.9,-85.26,-29.7,-354.31,-26.49,209.32,-260.08
2025-08-08T19:59:06.544646,198.0,210.0,-204.0,148.0,-18.0,-308.0,-108.0,24.0,-366.0,-15.0,259.0,-270.0,211.3,171.62,-185.23,170.03,-35.91,-273.9,-108.26,18.3,-349.31,-33.489999999999995,223.32,-251.07999999999998
2025-08-08T19:59:06.549326,160.0,198.0,-193.0,123.0,-62.0,-336.0,-69.0,-43.0,-400.0,-19.0,276.0,-266.0,173.3,159.62,-174.23,145.03,-79.91,-301.9,-69.26,-48.7,-383.31,-37.489999999999995,240.32,-247.07999999999998
2025-08-08T19:59:06.557064,76.0,203.0,-226.0,170.0,7.0,-375.0,-65.0,-68.0,-275.0,-23.0,239.0,-262.0,89.3,164.62,-207.23,192.03,-10.91,-340.9,-65.26,-73.7,-258.31,-41.489999999999995,203.32,-243.07999999999998
2025-08-08T19:59:06.565075,115.0,135.0,-193.0,125.0,-5.0,-278.0,-67.0,-14.0,-394.0,-62.0,171.0,-249.0,128.3,96.62,-174.23,147.03,-22.91,-243.9,-67.26,-19.7,-377.31,-80.49,135.32,-230.07999999999998
2025-08-08T19:59:06.569551,88.0,173.0,-196.0,183.0,1.0,-370.0,-93.0,-20.0,-344.0,-26.0,262.0,-268.0,101.3,134.62,-177.23,205.03,-16.91,-335.9,-93.26,-25.7,-327.31,-44.489999999999995,226.32,-249.07999999999998
2025-08-08T19:59:06.577291,75.0,242.0,-243.0,155.0,-16.0,-366.0,-73.0,-18.0,-307.0,-71.0,258.0,-215.0,88.3,203.62,-224.23,177.03,-33.91,-331.9,-73.26,-23.7,-290.31,-89.49,222.32,-196.07999999999998
2025-08-08T19:59:06.581987,105.0,141.0,-218.0,151.0,-35.0,-299.0,-138.0,-48.0,-316.0,-61.0,222.0,-222.0,118.3,102.62,-199.23,173.03,-52.91,-264.9,-138.26,-53.7,-299.31,-79.49,186.32,-203.07999999999998
2025-08-08T19:59:06.590513,157.0,165.0,-242.0,161.0,-70.0,-290.0,-106.0,-20.0,-362.0,-14.0,229.0,-242.0,170.3,126.62,-223.23,183.03,-87.91,-255.9,-106.26,-25.7,-345.31,-32.489999999999995,193.32,-223.07999999999998
2025-08-08T19:59:06.594200,81.0,198.0,-274.0,116.0,-31.0,-360.0,-27.0,-101.0,-349.0,-76.0,166.0,-276.0,94.3,159.62,-255.23,138.03,-48.91,-325.9,-27.26,-106.7,-332.31,-94.49,130.32,-257.08
2025-08-08T19:59:06.603854,152.0,215.0,-287.0,126.0,-86.0,-345.0,-139.0,-50.0,-292.0,-38.0,210.0,-270.0,165.3,176.62,-268.23,148.03,-103.91,-310.9,-139.26,-55.7,-275.31,-56.489999999999995,174.32,-251.07999999999998
2025-08-08T19:59:06.611061,142.0,119.0,-179.0,203.0,-14.0,-279.0,-72.0,19.0,-405.0,-53.0,179.0,-239.0,155.3,80.62,-160.23,225.03,-31.91,-244.9,-72.26,13.3,-388.31,-71.49,143.32,-220.07999999999998
2025-08-08T19:59:06.616337,116.0,217.0,-298.0,96.0,-36.0,-350.0,-78.0,-108.0,-318.0,-69.0,285.0,-251.0,129.3,178.62,-279.23,118.03,-53.91,-315.9,-78.26,-113.7,-301.31,-87.49,249.32,-232.07999999999998
2025-08-08T19:59:06.622340,97.0,205.0,-240.0,100.0,-22.0,-384.0,-49.0,25.0,-290.0,20.0,259.0,-299.0,110.3,166.62,-221.23,122.03,-39.91,-349.9,-49.26,19.3,-273.31,1.5100000000000016,223.32,-280.08
2025-08-08T19:59:06.627110,214.0,151.0,-249.0,186.0,-70.0,-293.0,-49.0,-39.0,-375.0,-71.0,213.0,-199.0,227.3,112.62,-230.23,208.03,-87.91,-258.9,-49.26,-44.7,-358.31,-89.49,177.32,-180.07999999999998
2025-08-08T19:59:06.634704,82.0,223.0,-160.0,63.0,-64.0,-361.0,-58.0,-27.0,-353.0,-112.0,234.0,-251.0,95.3,184.62,-141.23,85.03,-81.91,-326.9,-58.26,-32.7,-336.31,-130.49,198.32,-232.07999999999998
2025-08-08T19:59:06.642627,111.0,202.0,-236.0,92.0,-6.0,-312.0,-50.0,5.0,-249.0,-72.0,251.0,-257.0,124.3,163.62,-217.23,114.03,-23.91,-277.9,-50.26,-0.7000000000000002,-232.31,-90.49,215.32,-238.07999999999998
2025-08-08T19:59:06.647076,28.0,244.0,-229.0,205.0,-30.0,-395.0,-158.0,2.0,-367.0,-10.0,129.0,-319.0,41.3,205.62,-210.23,227.03,-47.91,-360.9,-158.26,-3.7,-350.31,-28.49,93.32,-300.08
2025-08-08T19:59:06.655072,143.0,222.0,-162.0,94.0,-25.0,-271.0,-81.0,38.0,-390.0,8.0,207.0,-249.0,156.3,183.62,-143.23,116.03,-42.91,-236.9,-81.26,32.3,-373.31,-10.489999999999998,171.32,-230.07999999999998
2025-08-08T19:59:06.659361,169.0,241.0,-238.0,111.0,40.0,-270.0,-58.0,-73.0,-374.0,-72.0,206.0,-261.0,182.3,202.62,-219.23,133.03,22.09,-235.9,-58.26,-78.7,-357.31,-90.49,170.32,-242.07999999999998
2025-08-08T19:59:06.667279,154.0,232.0,-260.0,133.0,-2.0,-293.0,-113.0,-45.0,-326.0,3.0,205.0,-275.0,167.3,193.62,-241.23,155.03,-19.91,-258.9,-113.26,-50.7,-309.31,-15.489999999999998,169.32,-256.08
2025-08-08T19:59:06.671605,127.0,179.0,-201.0,84.0,-36.0,-333.0,-52.0,3.0,-336.0,-19.0,147.0,-216.0,140.3,140.62,-182.23,106.03,-53.91,-298.9,-52.26,-2.7,-319.31,-37.489999999999995,111.32,-197.07999999999998
2025-08-08T19:59:06.679728,123.0,243.0,-202.0,156.0,-21.0,-316.0,-48.0,-61.0,-346.0,-71.0,218.0,-276.0,136.3,204.62,-183.23,178.03,-38.91,-281.9,-48.26,-66.7,-329.31,-89.49,182.32,-257.08
2025-08-08T19:59:06.687752,122.0,141.0,-242.0,171.0,-24.0,-318.0,-85.0,-115.0,-368.0,-64.0,195.0,-264.0,135.3,102.62,-223.23,193.03,-41.91,-283.9,-85.26,-120.7,-351.31,-82.49,159.32,-245.07999999999998
2025-08-08T19:59:06.692146,130.0,168.0,-159.0,136.0,0.0,-266.0,-75.0,-75.0,-341.0,-49.0,193.0,-251.0,143.3,129.62,-140.23,158.03,-17.91,-231.9,-75.26,-80.7,-324.31,-67.49,157.32,-232.07999999999998
2025-08-08T19:59:06.700155,122.0,187.0,-170.0,118.0,-124.0,-340.0,-99.0,-27.0,-287.0,-62.0,217.0,-284.0,135.3,148.62,-151.23,140.03,-141.91,-305.9,-99.26,-32.7,-270.31,-80.49,181.32,-265.08
2025-08-08T19:59:06.708223,147.0,203.0,-178.0,139.0,-17.0,-308.0,-144.0,-75.0,-286.0,-49.0,124.0,-259.0,160.3,164.62,-159.23,161.03,-34.91,-273.9,-144.26,-80.7,-269.31,-67.49,88.32,-240.07999999999998
2025-08-08T19:59:06.712471,228.0,149.0,-226.0,130.0,-57.0,-322.0,-139.0,15.0,-301.0,-27.0,143.0,-202.0,241.3,110.62,-207.23,152.03,-74.91,-287.9,-139.26,9.3,-284.31,-45.489999999999995,107.32,-183.07999999999998
2025-08-08T19:59:06.720671,25.0,154.0,-203.0,117.0,-76.0,-277.0,-73.0,-73.0,-255.0,-67.0,218.0,-202.0,38.3,115.62,-184.23,139.03,-93.91,-242.9,-73.26,-78.7,-238.31,-85.49,182.32,-183.07999999999998
2025-08-08T19:59:06.725148,75.0,184.0,-256.0,141.0,-37.0,-258.0,-136.0,-53.0,-254.0,-21.0,149.0,-205.0,88.3,145.62,-237.23,163.03,-54.91,-223.9,-136.26,-58.7,-237.31,-39.489999999999995,113.32,-186.07999999999998
2025-08-08T19:59:06.733179,76.0,159.0,-158.0,70.0,-17.0,-288.0,-92.0,-51.0,-263.0,-144.0,127.0,-190.0,89.3,120.62,-139.23,92.03,-34.91,-253.9,-92.26,-56.7,-246.31,-162.49,91.32,-171.07999999999998
2025-08-08T19:59:06.737979,52.0,162.0,-195.0,89.0,17.0,-262.0,-152.0,-48.0,-191.0,-64.0,132.0,-165.0,65.3,123.62,-176.23,111.03,-0.9100000000000001,-227.9,-152.26,-53.7,-174.31,-82.49,96.32,-146.07999999999998
2025-08-08T19:59:06.745649,65.0,176.0,-199.0,60.0,-5.0,-230.0,-67.0,1.0,-244.0,5.0,133.0,-202.0,78.3,137.62,-180.23,82.03,-22.91,-195.9,-67.26,-4.7,-227.31,-13.489999999999998,97.32,-183.07999999999998
2025-08-08T19:59:06.753189,12.0,134.0,-182.0,65.0,-45.0,-248.0,-103.0,-22.0,-267.0,-30.0,91.0,-124.0,25.3,95.62,-163.23,87.03,-62.91,-213.9,-103.26,-27.7,-250.31,-48.489999999999995,55.32,-105.08
2025-08-08T19:59:06.758042,133.0,130.0,-110.0,46.0,-9.0,-238.0,-64.0,-71.0,-184.0,-73.0,149.0,-120.0,146.3,91.62,-91.23,68.03,-26.91,-203.9,-64.26,-76.7,-167.31,-91.49,113.32,-101.08
2025-08-08T19:59:06.765774,60.0,226.0,-143.0,49.0,4.0,-233.0,11.0,8.0,-134.0,-26.0,156.0,-145.0,73.3,187.62,-124.23,71.03,-13.91,-198.9,10.74,2.3,-117.31,-44.489999999999995,120.32,-126.08
2025-08-08T19:59:06.770500,-6.0,125.0,-178.0,53.0,12.0,-245.0,-53.0,-56.0,-160.0,-19.0,145.0,-153.0,7.300000000000001,86.62,-159.23,75.03,-5.91,-210.9,-53.26,-61.7,-143.31,-37.489999999999995,109.32,-134.07999999999998
2025-08-08T19:59:06.778322,61.0,161.0,-212.0,27.0,-12.0,-266.0,-72.0,51.0,-194.0,-89.0,73.0,-160.0,74.3,122.62,-193.23,49.03,-29.91,-231.9,-72.26,45.3,-177.31,-107.49,37.32,-141.07999999999998
2025-08-08T19:59:06.783026,65.0,105.0,-158.0,30.0,-54.0,-206.0,-156.0,-50.0,-201.0,-89.0,123.0,-154.0,78.3,66.62,-139.23,52.03,-71.91,-171.9,-156.26,-55.7,-184.31,-107.49,87.32,-135.07999999999998
2025-08-08T19:59:06.790623,14.0,75.0,-184.0,27.0,47.0,-174.0,-36.0,11.0,-105.0,-4.0,96.0,-204.0,27.3,36.62,-165.23,49.03,29.09,-139.9,-36.26,5.3,-88.31,-22.49,60.32,-185.07999999999998
2025-08-08T19:59:06.795254,28.0,203.0,-126.0,5.0,6.0,-226.0,-108.0,-37.0,-103.0,-39.0,58.0,-96.0,41.3,164.62,-107.23,27.03,-11.91,-191.9,-108.26,-42.7,-86.31,-57.489999999999995,22.32,-77.08
2025-08-08T19:59:06.803132,20.0,149.0,-127.0,41.0,-21.0,-181.0,-88.0,-55.0,-216.0,85.0,78.0,-166.0,33.3,110.62,-108.23,63.03,-38.91,-146.9,-88.26,-60.7,-199.31,66.51,42.32,-147.07999999999998
2025-08-08T19:59:06.810557,44.0,102.0,-196.0,28.0,-19.0,-141.0,-43.0,-30.0,-150.0,33.0,109.0,-189.0,57.3,63.62,-177.23,50.03,-36.91,-106.9,-43.26,-35.7,-133.31,14.510000000000002,73.32,-170.07999999999998
2025-08-08T19:59:06.815507,88.0,101.0,-145.0,33.0,0.0,-180.0,-67.0,-66.0,-127.0,66.0,105.0,-210.0,101.3,62.62,-126.23,55.03,-17.91,-145.9,-67.26,-71.7,-110.31,47.510000000000005,69.32,-191.07999999999998
2025-08-08T19:59:06.823239,33.0,166.0,-181.0,6.0,83.0,-203.0,-73.0,-6.0,-153.0,-11.0,50.0,-142.0,46.3,127.62,-162.23,28.03,65.09,-168.9,-73.26,-11.7,-136.31,-29.49,14.32,-123.08
2025-08-08T19:59:06.828690,39.0,99.0,-173.0,-28.0,-14.0,-180.0,-63.0,-36.0,-155.0,-103.0,72.0,-81.0,52.3,60.62,-154.23,-5.969999999999999,-31.91,-145.9,-63.26,-41.7,-138.31,-121.49,36.32,-62.08
2025-08-08T19:59:06.839960,18.0,110.0,-157.0,-30.0,-2.0,-195.0,-75.0,-43.0,-190.0,-28.0,104.0,-118.0,31.3,71.62,-138.23,-7.969999999999999,-19.91,-160.9,-75.26,-48.7,-173.31,-46.489999999999995,68.32,-99.08
2025-08-08T19:59:06.843993,-8.0,60.0,-84.0,56.0,-39.0,-148.0,-46.0,-45.0,-129.0,-49.0,82.0,-195.0,5.300000000000001,21.619999999999997,-65.23,78.03,-56.91,-113.9,-46.26,-50.7,-112.31,-67.49,46.32,-176.07999999999998
2025-08-08T19:59:06.849252,39.0,42.0,-93.0,-2.0,-4.0,-126.0,2.0,33.0,-91.0,45.0,56.0,-184.0,52.3,3.6199999999999974,-74.23,20.03,-21.91,-91.9,1.74,27.3,-74.31,26.51,20.32,-165.07999999999998
2025-08-08T19:59:06.851744,20.0,75.0,-163.0,8.0,52.0,-182.0,-72.0,10.0,-108.0,-46.0,42.0,-80.0,33.3,36.62,-144.23,30.03,34.09,-147.9,-72.26,4.3,-91.31,-64.49,6.32,-61.08
2025-08-08T19:59:06.859874,-51.0,67.0,-115.0,64.0,11.0,-133.0,1.0,-27.0,-158.0,11.0,32.0,-125.0,-37.7,28.619999999999997,-96.23,86.03,-6.91,-98.9,0.74,-32.7,-141.31,-7.489999999999998,-3.6799999999999997,-106.08
2025-08-08T19:59:06.863994,-30.0,167.0,-108.0,-1.0,-8.0,-215.0,-5.0,-52.0,-46.0,-1.0,76.0,-140.0,-16.7,128.62,-89.23,21.03,-25.91,-180.9,-5.26,-57.7,-29.31,-19.49,40.32,-121.08
2025-08-08T19:59:06.872247,26.0,100.0,-126.0,-43.0,-42.0,-161.0,24.0,-51.0,-169.0,-48.0,-21.0,-139.0,39.3,61.62,-107.23,-20.97,-59.91,-126.9,23.74,-56.7,-152.31,-66.49,-56.68,-120.08
2025-08-08T19:59:06.876417,42.0,28.0,-109.0,-25.0,8.0,-129.0,-80.0,-51.0,-83.0,-71.0,51.0,-168.0,55.3,-10.380000000000003,-90.23,-2.969999999999999,-9.91,-94.9,-80.26,-56.7,-66.31,-89.49,15.32,-149.07999999999998
2025-08-08T19:59:06.884481,-5.0,29.0,-139.0,12.0,14.0,-150.0,-49.0,31.0,-125.0,-126.0,104.0,-156.0,8.3,-9.380000000000003,-120.23,34.03,-3.91,-115.9,-49.26,25.3,-108.31,-144.49,68.32,-137.07999999999998
2025-08-08T19:59:06.888534,-8.0,89.0,-136.0,-28.0,-9.0,-144.0,40.0,-19.0,-120.0,-23.0,23.0,-105.0,5.300000000000001,50.62,-117.23,-5.969999999999999,-26.91,-109.9,39.74,-24.7,-103.31,-41.489999999999995,-12.68,-86.08
2025-08-08T19:59:06.896810,38.0,96.0,-140.0,39.0,35.0,-152.0,13.0,-16.0,-86.0,33.0,57.0,-102.0,51.3,57.62,-121.23,61.03,17.09,-117.9,12.74,-21.7,-69.31,14.510000000000002,21.32,-83.08
2025-08-08T19:59:06.904829,-3.0,69.0,-162.0,5.0,0.0,-117.0,-92.0,-130.0,-103.0,-85.0,26.0,-181.0,10.3,30.619999999999997,-143.23,27.03,-17.91,-82.9,-92.26,-135.7,-86.31,-103.49,-9.68,-162.07999999999998
2025-08-08T19:59:06.909002,33.0,-4.0,-108.0,30.0,-21.0,-95.0,-115.0,-4.0,-56.0,13.0,83.0,-136.0,46.3,-42.38,-89.23,52.03,-38.91,-60.9,-115.26,-9.7,-39.31,-5.489999999999998,47.32,-117.08
2025-08-08T19:59:06.917248,21.0,97.0,-125.0,33.0,-82.0,-116.0,-36.0,49.0,-133.0,-25.0,47.0,-126.0,34.3,58.62,-106.23,55.03,-99.91,-81.9,-36.26,43.3,-116.31,-43.489999999999995,11.32,-107.08
2025-08-08T19:59:06.921686,63.0,99.0,-104.0,28.0,3.0,-174.0,-66.0,-20.0,-106.0,-17.0,25.0,-151.0,76.3,60.62,-85.23,50.03,-14.91,-139.9,-66.26,-25.7,-89.31,-35.489999999999995,-10.68,-132.07999999999998
2025-08-08T19:59:06.929413,54.0,165.0,-164.0,19.0,-11.0,-144.0,-40.0,-58.0,-114.0,-13.0,8.0,-145.0,67.3,126.62,-145.23,41.03,-28.91,-109.9,-40.26,-63.7,-97.31,-31.49,-27.68,-126.08
2025-08-08T19:59:06.934007,70.0,107.0,-144.0,32.0,-22.0,-161.0,-51.0,22.0,-117.0,-22.0,109.0,-103.0,83.3,68.62,-125.23,54.03,-39.91,-126.9,-51.26,16.3,-100.31,-40.489999999999995,73.32,-84.08
2025-08-08T19:59:06.941639,8.0,76.0,-134.0,34.0,49.0,-133.0,-44.0,-35.0,-117.0,-3.0,86.0,-159.0,21.3,37.62,-115.23,56.03,31.09,-98.9,-44.26,-40.7,-100.31,-21.49,50.32,-140.07999999999998
2025-08-08T19:59:06.946002,-21.0,18.0,-125.0,14.0,-17.0,-161.0,-111.0,-20.0,-203.0,-94.0,86.0,-152.0,-7.699999999999999,-20.380000000000003,-106.23,36.03,-34.91,-126.9,-111.26,-25.7,-186.31,-112.49,50.32,-133.07999999999998
2025-08-08T19:59:06.954147,-57.0,127.0,-113.0,19.0,53.0,-151.0,-113.0,-73.0,-166.0,-50.0,-26.0,-97.0,-43.7,88.62,-94.23,41.03,35.09,-116.9,-113.26,-78.7,-149.31,-68.49,-61.68,-78.08
2025-08-08T19:59:06.962178,85.0,83.0,-166.0,33.0,-15.0,-163.0,-59.0,-46.0,-152.0,-35.0,107.0,-100.0,98.3,44.62,-147.23,55.03,-32.91,-128.9,-59.26,-51.7,-135.31,-53.489999999999995,71.32,-81.08
2025-08-08T19:59:06.966388,82.0,71.0,-139.0,0.0,10.0,-227.0,-4.0,46.0,-80.0,-41.0,124.0,-150.0,95.3,32.62,-120.23,22.03,-7.91,-192.9,-4.26,40.3,-63.31,-59.489999999999995,88.32,-131.07999999999998
2025-08-08T19:59:06.974530,6.0,9.0,-114.0,-3.0,29.0,-189.0,-11.0,-25.0,-175.0,-21.0,101.0,-161.0,19.3,-29.380000000000003,-95.23,19.03,11.09,-154.9,-11.26,-30.7,-158.31,-39.489999999999995,65.32,-142.07999999999998
2025-08-08T19:59:06.979070,32.0,63.0,-127.0,-19.0,-12.0,-141.0,-83.0,-46.0,-140.0,-85.0,150.0,-176.0,45.3,24.619999999999997,-108.23,3.030000000000001,-29.91,-106.9,-83.26,-51.7,-123.31,-103.49,114.32,-157.07999999999998
2025-08-08T19:59:06.986893,-33.0,92.0,-145.0,14.0,-18.0,-98.0,-79.0,-8.0,-142.0,-34.0,41.0,-112.0,-19.7,53.62,-126.23,36.03,-35.91,-63.9,-79.26,-13.7,-125.31,-52.489999999999995,5.32,-93.08
2025-08-08T19:59:06.991689,-4.0,86.0,-150.0,77.0,-26.0,-117.0,-78.0,11.0,-104.0,-23.0,25.0,-112.0,9.3,47.62,-131.23,99.03,-43.91,-82.9,-78.26,5.3,-87.31,-41.489999999999995,-10.68,-93.08
2025-08-08T19:59:06.999117,49.0,34.0,-237.0,14.0,38.0,-184.0,-79.0,40.0,-108.0,3.0,58.0,-118.0,62.3,-4.380000000000003,-218.23,36.03,20.09,-149.9,-79.26,34.3,-91.31,-15.489999999999998,22.32,-99.08
2025-08-08T19:59:07.003932,62.0,50.0,-112.0,-79.0,67.0,-121.0,-15.0,-44.0,-129.0,-50.0,42.0,-147.0,75.3,11.619999999999997,-93.23,-56.97,49.09,-86.9,-15.26,-49.7,-112.31,-68.49,6.32,-128.07999999999998
2025-08-08T19:59:07.011615,-7.0,51.0,-127.0,-36.0,-14.0,-140.0,13.0,-30.0,-191.0,23.0,53.0,-158.0,6.300000000000001,12.619999999999997,-108.23,-13.969999999999999,-31.91,-105.9,12.74,-35.7,-174.31,4.510000000000002,17.32,-139.07999999999998
2025-08-08T19:59:07.016395,62.0,88.0,-118.0,23.0,47.0,-190.0,-21.0,16.0,-90.0,18.0,14.0,-158.0,75.3,49.62,-99.23,45.03,29.09,-155.9,-21.26,10.3,-73.31,-0.48999999999999844,-21.68,-139.07999999999998
2025-08-08T19:59:07.025818,-10.0,28.0,-144.0,-2.0,47.0,-157.0,-27.0,-5.0,-122.0,-65.0,35.0,-41.0,3.3000000000000007,-10.380000000000003,-125.23,20.03,29.09,-122.9,-27.26,-10.7,-105.31,-83.49,-0.6799999999999997,-22.08
2025-08-08T19:59:07.036836,60.0,102.0,-140.0,-44.0,-65.0,-104.0,-18.0,-38.0,-144.0,-55.0,111.0,-150.0,73.3,63.62,-121.23,-21.97,-82.91,-69.9,-18.26,-43.7,-127.31,-73.49,75.32,-131.07999999999998
2025-08-08T19:59:07.044918,14.0,106.0,-177.0,7.0,-1.0,-182.0,-12.0,-45.0,-151.0,-36.0,157.0,-141.0,27.3,67.62,-158.23,29.03,-18.91,-147.9,-12.26,-50.7,-134.31,-54.489999999999995,121.32,-122.08
2025-08-08T19:59:07.050186,28.0,58.0,-110.0,30.0,-8.0,-160.0,-72.0,-41.0,-146.0,-46.0,81.0,-169.0,41.3,19.619999999999997,-91.23,52.03,-25.91,-125.9,-72.26,-46.7,-129.31,-64.49,45.32,-150.07999999999998
2025-08-08T19:59:07.054152,17.0,134.0,-81.0,-46.0,-31.0,-196.0,-20.0,-59.0,-10.0,-34.0,55.0,-158.0,30.3,95.62,-62.230000000000004,-23.97,-48.91,-161.9,-20.26,-64.7,6.690000000000001,-52.489999999999995,19.32,-139.07999999999998
2025-08-08T19:59:07.057534,8.0,59.0,-230.0,-21.0,-13.0,-205.0,-38.0,-20.0,-107.0,27.0,52.0,-92.0,21.3,20.619999999999997,-211.23,1.0300000000000011,-30.91,-170.9,-38.26,-25.7,-90.31,8.510000000000002,16.32,-73.08
2025-08-08T19:59:07.061346,67.0,56.0,-158.0,30.0,-69.0,-157.0,-86.0,-19.0,-198.0,-80.0,108.0,-98.0,80.3,17.619999999999997,-139.23,52.03,-86.91,-122.9,-86.26,-24.7,-181.31,-98.49,72.32,-79.08
2025-08-08T19:59:07.068580,134.0,43.0,-96.0,-34.0,-70.0,-188.0,30.0,-45.0,-198.0,20.0,70.0,-152.0,147.3,4.619999999999997,-77.23,-11.969999999999999,-87.91,-153.9,29.74,-50.7,-181.31,1.5100000000000016,34.32,-133.07999999999998
2025-08-08T19:59:07.072817,-2.0,-1.0,-93.0,20.0,-31.0,-166.0,22.0,-36.0,-111.0,20.0,73.0,-175.0,11.3,-39.38,-74.23,42.03,-48.91,-131.9,21.74,-41.7,-94.31,1.5100000000000016,37.32,-156.07999999999998
2025-08-08T19:59:07.081074,27.0,13.0,-80.0,65.0,-33.0,-176.0,-96.0,-63.0,-155.0,-115.0,70.0,-156.0,40.3,-25.380000000000003,-61.230000000000004,87.03,-50.91,-141.9,-96.26,-68.7,-138.31,-133.49,34.32,-137.07999999999998
2025-08-08T19:59:07.085157,-1.0,105.0,-125.0,34.0,-43.0,-125.0,-34.0,-36.0,-115.0,2.0,127.0,-154.0,12.3,66.62,-106.23,56.03,-60.91,-90.9,-34.26,-41.7,-98.31,-16.49,91.32,-135.07999999999998
2025-08-08T19:59:07.093282,29.0,104.0,-200.0,17.0,-4.0,-133.0,-12.0,-65.0,-173.0,-18.0,3.0,-129.0,42.3,65.62,-181.23,39.03,-21.91,-98.9,-12.26,-70.7,-156.31,-36.489999999999995,-32.68,-110.08
2025-08-08T19:59:07.097643,-31.0,72.0,-90.0,-67.0,-17.0,-197.0,-65.0,-28.0,-134.0,-45.0,28.0,-112.0,-17.7,33.62,-71.23,-44.97,-34.91,-162.9,-65.26,-33.7,-117.31,-63.489999999999995,-7.68,-93.08
2025-08-08T19:59:07.105511,43.0,135.0,-61.0,4.0,-47.0,-151.0,-73.0,-13.0,-128.0,25.0,68.0,-85.0,56.3,96.62,-42.230000000000004,26.03,-64.91,-116.9,-73.26,-18.7,-111.31,6.510000000000002,32.32,-66.08
2025-08-08T19:59:07.109910,23.0,89.0,-100.0,44.0,-47.0,-138.0,-61.0,-85.0,-141.0,-28.0,92.0,-167.0,36.3,50.62,-81.23,66.03,-64.91,-103.9,-61.26,-90.7,-124.31,-46.489999999999995,56.32,-148.07999999999998
2025-08-08T19:59:07.118024,-53.0,9.0,-123.0,62.0,-115.0,-176.0,-48.0,-85.0,-116.0,-8.0,102.0,-154.0,-39.7,-29.380000000000003,-104.23,84.03,-132.91,-141.9,-48.26,-90.7,-99.31,-26.49,66.32,-135.07999999999998
2025-08-08T19:59:07.121971,23.0,133.0,-133.0,-2.0,-45.0,-214.0,17.0,-28.0,-180.0,0.0,68.0,-70.0,36.3,94.62,-114.23,20.03,-62.91,-179.9,16.74,-33.7,-163.31,-18.49,32.32,-51.08
2025-08-08T19:59:07.130285,74.0,106.0,-125.0,11.0,3.0,-165.0,-57.0,-12.0,-158.0,52.0,5.0,-88.0,87.3,67.62,-106.23,33.03,-14.91,-130.9,-57.26,-17.7,-141.31,33.510000000000005,-30.68,-69.08
2025-08-08T19:59:07.138245,47.0,89.0,-214.0,47.0,-53.0,-184.0,-25.0,-88.0,-111.0,-83.0,44.0,-135.0,60.3,50.62,-195.23,69.03,-70.91,-149.9,-25.26,-93.7,-94.31,-101.49,8.32,-116.08
2025-08-08T19:59:07.142617,8.0,27.0,-119.0,8.0,-24.0,-137.0,-61.0,17.0,-133.0,-30.0,90.0,-132.0,21.3,-11.380000000000003,-100.23,30.03,-41.91,-102.9,-61.26,11.3,-116.31,-48.489999999999995,54.32,-113.08
2025-08-08T19:59:07.150415,89.0,120.0,-66.0,-19.0,-20.0,-108.0,34.0,-63.0,-99.0,-16.0,96.0,-134.0,102.3,81.62,-47.230000000000004,3.030000000000001,-37.91,-73.9,33.74,-68.7,-82.31,-34.489999999999995,60.32,-115.08
2025-08-08T19:59:07.154926,-32.0,39.0,-135.0,18.0,-45.0,-126.0,-32.0,10.0,-192.0,-41.0,26.0,-128.0,-18.7,0.6199999999999974,-116.23,40.03,-62.91,-91.9,-32.26,4.3,-175.31,-59.489999999999995,-9.68,-109.08
2025-08-08T19:59:07.162765,39.0,31.0,-71.0,-2.0,34.0,-152.0,54.0,-93.0,-92.0,-7.0,76.0,-92.0,52.3,-7.380000000000003,-52.230000000000004,20.03,16.09,-117.9,53.74,-98.7,-75.31,-25.49,40.32,-73.08
2025-08-08T19:59:07.167232,20.0,133.0,-141.0,69.0,-50.0,-125.0,-93.0,-19.0,-139.0,-37.0,26.0,-93.0,33.3,94.62,-122.23,91.03,-67.91,-90.9,-93.26,-24.7,-122.31,-55.489999999999995,-9.68,-74.08
2025-08-08T19:59:07.175258,10.0,170.0,-179.0,-12.0,21.0,-164.0,-93.0,-16.0,-163.0,-50.0,93.0,-146.0,23.3,131.62,-160.23,10.030000000000001,3.09,-129.9,-93.26,-21.7,-146.31,-68.49,57.32,-127.08
2025-08-08T19:59:07.179369,28.0,89.0,-146.0,-26.0,-61.0,-182.0,-35.0,60.0,-139.0,-53.0,92.0,-132.0,41.3,50.62,-127.23,-3.969999999999999,-78.91,-147.9,-35.26,54.3,-122.31,-71.49,56.32,-113.08
2025-08-08T19:59:07.187580,77.0,29.0,-138.0,-20.0,-9.0,-145.0,-14.0,-16.0,-131.0,-37.0,50.0,-169.0,90.3,-9.380000000000003,-119.23,2.030000000000001,-26.91,-110.9,-14.26,-21.7,-114.31,-55.489999999999995,14.32,-150.07999999999998
2025-08-08T19:59:07.191872,119.0,103.0,-114.0,-42.0,-22.0,-137.0,-104.0,17.0,-119.0,23.0,12.0,-155.0,132.3,64.62,-95.23,-19.97,-39.91,-102.9,-104.26,11.3,-102.31,4.510000000000002,-23.68,-136.07999999999998
2025-08-08T19:59:07.199911,44.0,142.0,-120.0,12.0,13.0,-91.0,-61.0,-5.0,-90.0,50.0,46.0,-162.0,57.3,103.62,-101.23,34.03,-4.91,-56.9,-61.26,-10.7,-73.31,31.51,10.32,-143.07999999999998
2025-08-08T19:59:07.204428,34.0,29.0,-156.0,22.0,-57.0,-140.0,-90.0,-3.0,-170.0,-19.0,52.0,-93.0,47.3,-9.380000000000003,-137.23,44.03,-74.91,-105.9,-90.26,-8.7,-153.31,-37.489999999999995,16.32,-74.08
2025-08-08T19:59:07.212087,10.0,56.0,-176.0,1.0,-4.0,-163.0,2.0,-19.0,-136.0,-8.0,100.0,-132.0,23.3,17.619999999999997,-157.23,23.03,-21.91,-128.9,1.74,-24.7,-119.31,-26.49,64.32,-113.08
2025-08-08T19:59:07.216361,69.0,39.0,-112.0,6.0,-2.0,-145.0,-44.0,26.0,-151.0,-6.0,120.0,-143.0,82.3,0.6199999999999974,-93.23,28.03,-19.91,-110.9,-44.26,20.3,-134.31,-24.49,84.32,-124.08
2025-08-08T19:59:07.224456,46.0,93.0,-138.0,-11.0,8.0,-105.0,-25.0,-78.0,-124.0,-18.0,59.0,-156.0,59.3,54.62,-119.23,11.030000000000001,-9.91,-70.9,-25.26,-83.7,-107.31,-36.489999999999995,23.32,-137.07999999999998
2025-08-08T19:59:07.232364,74.0,61.0,-122.0,-16.0,-1.0,-171.0,3.0,-42.0,-131.0,-7.0,65.0,-118.0,87.3,22.619999999999997,-103.23,6.030000000000001,-18.91,-136.9,2.74,-47.7,-114.31,-25.49,29.32,-99.08
2025-08-08T19:59:07.236750,24.0,79.0,-163.0,28.0,39.0,-155.0,-61.0,-12.0,-140.0,-39.0,95.0,-136.0,37.3,40.62,-144.23,50.03,21.09,-120.9,-61.26,-17.7,-123.31,-57.489999999999995,59.32,-117.08
2025-08-08T19:59:07.244753,32.0,66.0,-141.0,27.0,54.0,-139.0,-64.0,-25.0,-197.0,-21.0,137.0,-123.0,45.3,27.619999999999997,-122.23,49.03,36.09,-104.9,-64.26,-30.7,-180.31,-39.489999999999995,101.32,-104.08
2025-08-08T19:59:07.249072,-15.0,120.0,-166.0,24.0,16.0,-186.0,33.0,5.0,-150.0,-44.0,55.0,-172.0,-1.6999999999999993,81.62,-147.23,46.03,-1.9100000000000001,-151.9,32.74,-0.7000000000000002,-133.31,-62.489999999999995,19.32,-153.07999999999998
2025-08-08T19:59:07.257140,3.0,48.0,-148.0,63.0,-4.0,-106.0,-30.0,-77.0,-42.0,-13.0,52.0,-102.0,16.3,9.619999999999997,-129.23,85.03,-21.91,-71.9,-30.26,-82.7,-25.31,-31.49,16.32,-83.08
2025-08-08T19:59:07.261337,-37.0,58.0,-128.0,-69.0,-3.0,-142.0,-55.0,-54.0,-103.0,36.0,90.0,-176.0,-23.7,19.619999999999997,-109.23,-46.97,-20.91,-107.9,-55.26,-59.7,-86.31,17.51,54.32,-157.07999999999998
2025-08-08T19:59:07.269612,-35.0,120.0,-121.0,-3.0,-41.0,-125.0,-58.0,-2.0,-159.0,10.0,113.0,-141.0,-21.7,81.62,-102.23,19.03,-58.91,-90.9,-58.26,-7.7,-142.31,-8.489999999999998,77.32,-122.08
2025-08-08T19:59:07.273664,-27.0,160.0,-216.0,-10.0,16.0,-152.0,-20.0,-30.0,-113.0,-54.0,144.0,-72.0,-13.7,121.62,-197.23,12.030000000000001,-1.9100000000000001,-117.9,-20.26,-35.7,-96.31,-72.49,108.32,-53.08
2025-08-08T19:59:07.281827,6.0,50.0,-188.0,-29.0,-11.0,-154.0,-24.0,-47.0,-149.0,-77.0,89.0,-163.0,19.3,11.619999999999997,-169.23,-6.969999999999999,-28.91,-119.9,-24.26,-52.7,-132.31,-95.49,53.32,-144.07999999999998
2025-08-08T19:59:07.286150,55.0,88.0,-155.0,29.0,-6.0,-186.0,-27.0,11.0,-140.0,37.0,68.0,-136.0,68.3,49.62,-136.23,51.03,-23.91,-151.9,-27.26,5.3,-123.31,18.51,32.32,-117.08
2025-08-08T19:59:07.294248,-64.0,84.0,-149.0,-5.0,-15.0,-127.0,-123.0,-104.0,-90.0,-40.0,53.0,-164.0,-50.7,45.62,-130.23,17.03,-32.91,-92.9,-123.26,-109.7,-73.31,-58.489999999999995,17.32,-145.07999999999998
2025-08-08T19:59:07.298817,41.0,93.0,-62.0,54.0,11.0,-174.0,-80.0,-7.0,-141.0,6.0,89.0,-146.0,54.3,54.62,-43.230000000000004,76.03,-6.91,-139.9,-80.26,-12.7,-124.31,-12.489999999999998,53.32,-127.08
2025-08-08T19:59:07.307014,7.0,131.0,-212.0,36.0,-1.0,-105.0,-27.0,-55.0,-111.0,-15.0,39.0,-155.0,20.3,92.62,-193.23,58.03,-18.91,-70.9,-27.26,-60.7,-94.31,-33.489999999999995,3.3200000000000003,-136.07999999999998
2025-08-08T19:59:07.314418,94.0,98.0,-129.0,68.0,-19.0,-103.0,-23.0,8.0,-135.0,-9.0,28.0,-114.0,107.3,59.62,-110.23,90.03,-36.91,-68.9,-23.26,2.3,-118.31,-27.49,-7.68,-95.08
2025-08-08T19:59:07.319080,41.0,55.0,-135.0,5.0,12.0,-171.0,-23.0,-17.0,-42.0,-49.0,25.0,-152.0,54.3,16.619999999999997,-116.23,27.03,-5.91,-136.9,-23.26,-22.7,-25.31,-67.49,-10.68,-133.07999999999998
2025-08-08T19:59:07.327039,30.0,97.0,-121.0,-16.0,-28.0,-146.0,-91.0,-35.0,-142.0,2.0,89.0,-174.0,43.3,58.62,-102.23,6.030000000000001,-45.91,-111.9,-91.26,-40.7,-125.31,-16.49,53.32,-155.07999999999998
2025-08-08T19:59:07.331742,-35.0,39.0,-107.0,42.0,26.0,-120.0,14.0,-38.0,-128.0,-2.0,112.0,-147.0,-21.7,0.6199999999999974,-88.23,64.03,8.09,-85.9,13.74,-43.7,-111.31,-20.49,76.32,-128.07999999999998
2025-08-08T19:59:07.339270,13.0,136.0,-150.0,-50.0,33.0,-168.0,-68.0,-69.0,-151.0,-20.0,66.0,-94.0,26.3,97.62,-131.23,-27.97,15.09,-133.9,-68.26,-74.7,-134.31,-38.489999999999995,30.32,-75.08
2025-08-08T19:59:07.344188,30.0,31.0,-157.0,30.0,-45.0,-194.0,-36.0,-36.0,-92.0,14.0,88.0,-140.0,43.3,-7.380000000000003,-138.23,52.03,-62.91,-159.9,-36.26,-41.7,-75.31,-4.489999999999998,52.32,-121.08
2025-08-08T19:59:07.351742,47.0,101.0,-154.0,10.0,-48.0,-164.0,-6.0,-55.0,-140.0,-38.0,101.0,-127.0,60.3,62.62,-135.23,32.03,-65.91,-129.9,-6.26,-60.7,-123.31,-56.489999999999995,65.32,-108.08
2025-08-08T19:59:07.356333,39.0,53.0,-126.0,-7.0,-33.0,-142.0,-51.0,26.0,-148.0,-13.0,37.0,-181.0,52.3,14.619999999999997,-107.23,15.030000000000001,-50.91,-107.9,-51.26,20.3,-131.31,-31.49,1.3200000000000003,-162.07999999999998
2025-08-08T19:59:07.364089,-52.0,67.0,-131.0,-27.0,-26.0,-145.0,38.0,-24.0,-98.0,-16.0,158.0,-175.0,-38.7,28.619999999999997,-112.23,-4.969999999999999,-43.91,-110.9,37.74,-29.7,-81.31,-34.489999999999995,122.32,-156.07999999999998
2025-08-08T19:59:07.368884,1.0,112.0,-99.0,8.0,13.0,-122.0,-39.0,-7.0,-169.0,-3.0,80.0,-192.0,14.3,73.62,-80.23,30.03,-4.91,-87.9,-39.26,-12.7,-152.31,-21.49,44.32,-173.07999999999998
2025-08-08T19:59:07.379115,-60.0,109.0,-140.0,-26.0,17.0,-113.0,-44.0,28.0,-113.0,-23.0,44.0,-141.0,-46.7,70.62,-121.23,-3.969999999999999,-0.9100000000000001,-78.9,-44.26,22.3,-96.31,-41.489999999999995,8.32,-122.08
2025-08-08T19:59:07.384808,59.0,60.0,-143.0,61.0,28.0,-167.0,-16.0,-53.0,-105.0,-100.0,25.0,-113.0,72.3,21.619999999999997,-124.23,83.03,10.09,-132.9,-16.26,-58.7,-88.31,-118.49,-10.68,-94.08
2025-08-08T19:59:07.391266,-26.0,82.0,-167.0,-15.0,-53.0,-131.0,3.0,-78.0,-71.0,-7.0,102.0,-172.0,-12.7,43.62,-148.23,7.030000000000001,-70.91,-96.9,2.74,-83.7,-54.31,-25.49,66.32,-153.07999999999998
2025-08-08T19:59:07.396241,-64.0,85.0,-121.0,22.0,16.0,-208.0,-74.0,-54.0,-58.0,-76.0,86.0,-172.0,-50.7,46.62,-102.23,44.03,-1.9100000000000001,-173.9,-74.26,-59.7,-41.31,-94.49,50.32,-153.07999999999998
2025-08-08T19:59:07.400678,-21.0,59.0,-82.0,46.0,-69.0,-211.0,-19.0,-62.0,-86.0,-15.0,33.0,-197.0,-7.699999999999999,20.619999999999997,-63.230000000000004,68.03,-86.91,-176.9,-19.26,-67.7,-69.31,-33.489999999999995,-2.6799999999999997,-178.07999999999998
2025-08-08T19:59:07.408596,0.0,73.0,-143.0,10.0,-55.0,-182.0,-54.0,-29.0,-109.0,31.0,103.0,-88.0,13.3,34.62,-124.23,32.03,-72.91,-147.9,-54.26,-34.7,-92.31,12.510000000000002,67.32,-69.08
2025-08-08T19:59:07.412861,-8.0,61.0,-155.0,-3.0,43.0,-180.0,-80.0,-5.0,-136.0,19.0,-7.0,-96.0,5.300000000000001,22.619999999999997,-136.23,19.03,25.09,-145.9,-80.26,-10.7,-119.31,0.5100000000000016,-42.68,-77.08
2025-08-08T19:59:07.420928,57.0,132.0,-180.0,70.0,33.0,-193.0,-2.0,-20.0,-187.0,-98.0,99.0,-117.0,70.3,93.62,-161.23,92.03,15.09,-158.9,-2.26,-25.7,-170.31,-116.49,63.32,-98.08
2025-08-08T19:59:07.425275,-15.0,44.0,-152.0,40.0,24.0,-133.0,13.0,-102.0,-157.0,-68.0,97.0,-205.0,-1.6999999999999993,5.619999999999997,-133.23,62.03,6.09,-98.9,12.74,-107.7,-140.31,-86.49,61.32,-186.07999999999998
2025-08-08T19:59:07.433202,-21.0,74.0,-111.0,25.0,-40.0,-132.0,-26.0,-16.0,-97.0,-58.0,17.0,-197.0,-7.699999999999999,35.62,-92.23,47.03,-57.91,-97.9,-26.26,-21.7,-80.31,-76.49,-18.68,-178.07999999999998
2025-08-08T19:59:07.437505,-51.0,90.0,-78.0,-20.0,2.0,-156.0,-75.0,-38.0,-84.0,7.0,1.0,-117.0,-37.7,51.62,-59.230000000000004,2.030000000000001,-15.91,-121.9,-75.26,-43.7,-67.31,-11.489999999999998,-34.68,-98.08
2025-08-08T19:59:07.445648,10.0,83.0,-112.0,27.0,-28.0,-183.0,-9.0,52.0,-158.0,-30.0,34.0,-151.0,23.3,44.62,-93.23,49.03,-45.91,-148.9,-9.26,46.3,-141.31,-48.489999999999995,-1.6799999999999997,-132.07999999999998
2025-08-08T19:59:07.449879,-88.0,62.0,-137.0,-17.0,-13.0,-171.0,-47.0,-38.0,-173.0,-112.0,37.0,-104.0,-74.7,23.619999999999997,-118.23,5.030000000000001,-30.91,-136.9,-47.26,-43.7,-156.31,-130.49,1.3200000000000003,-85.08
2025-08-08T19:59:07.457980,-22.0,154.0,-169.0,42.0,45.0,-136.0,-85.0,-77.0,-194.0,-36.0,94.0,-181.0,-8.7,115.62,-150.23,64.03,27.09,-101.9,-85.26,-82.7,-177.31,-54.489999999999995,58.32,-162.07999999999998
2025-08-08T19:59:07.462369,49.0,48.0,-118.0,-31.0,-18.0,-264.0,-122.0,33.0,-85.0,-42.0,49.0,-123.0,62.3,9.619999999999997,-99.23,-8.969999999999999,-35.91,-229.9,-122.26,27.3,-68.31,-60.489999999999995,13.32,-104.08
2025-08-08T19:59:07.470404,3.0,38.0,-134.0,43.0,-2.0,-194.0,-24.0,13.0,-95.0,-11.0,74.0,-105.0,16.3,-0.38000000000000256,-115.23,65.03,-19.91,-159.9,-24.26,7.3,-78.31,-29.49,38.32,-86.08
2025-08-08T19:59:07.478183,22.0,42.0,-142.0,-13.0,-4.0,-151.0,42.0,16.0,-160.0,-114.0,17.0,-134.0,35.3,3.6199999999999974,-123.23,9.030000000000001,-21.91,-116.9,41.74,10.3,-143.31,-132.49,-18.68,-115.08
2025-08-08T19:59:07.482636,-23.0,79.0,-179.0,-38.0,49.0,-76.0,-86.0,-69.0,-122.0,-61.0,11.0,-220.0,-9.7,40.62,-160.23,-15.969999999999999,31.09,-41.9,-86.26,-74.7,-105.31,-79.49,-24.68,-201.07999999999998
2025-08-08T19:59:07.490602,-7.0,109.0,-138.0,87.0,-14.0,-208.0,-38.0,-23.0,-89.0,9.0,93.0,-113.0,6.300000000000001,70.62,-119.23,109.03,-31.91,-173.9,-38.26,-28.7,-72.31,-9.489999999999998,57.32,-94.08
2025-08-08T19:59:07.494967,6.0,81.0,-159.0,11.0,-5.0,-154.0,-56.0,-114.0,-61.0,-39.0,133.0,-155.0,19.3,42.62,-140.23,33.03,-22.91,-119.9,-56.26,-119.7,-44.31,-57.489999999999995,97.32,-136.07999999999998
2025-08-08T19:59:07.502900,129.0,65.0,-141.0,24.0,-55.0,-143.0,-70.0,-14.0,-84.0,-14.0,10.0,-150.0,142.3,26.619999999999997,-122.23,46.03,-72.91,-108.9,-70.26,-19.7,-67.31,-32.489999999999995,-25.68,-131.07999999999998
2025-08-08T19:59:07.507336,82.0,49.0,-141.0,-42.0,6.0,-173.0,-105.0,3.0,-154.0,0.0,30.0,-110.0,95.3,10.619999999999997,-122.23,-19.97,-11.91,-138.9,-105.26,-2.7,-137.31,-18.49,-5.68,-91.08
2025-08-08T19:59:07.515184,-34.0,82.0,-57.0,-32.0,-7.0,-167.0,-61.0,-34.0,-156.0,6.0,145.0,-119.0,-20.7,43.62,-38.230000000000004,-9.969999999999999,-24.91,-132.9,-61.26,-39.7,-139.31,-12.489999999999998,109.32,-100.08
2025-08-08T19:59:07.519594,27.0,103.0,-168.0,36.0,-15.0,-170.0,-39.0,-64.0,-123.0,-49.0,76.0,-122.0,40.3,64.62,-149.23,58.03,-32.91,-135.9,-39.26,-69.7,-106.31,-67.49,40.32,-103.08
2025-08-08T19:59:07.527532,27.0,77.0,-118.0,18.0,-29.0,-122.0,-16.0,-62.0,-107.0,0.0,128.0,-141.0,40.3,38.62,-99.23,40.03,-46.91,-87.9,-16.26,-67.7,-90.31,-18.49,92.32,-122.08
2025-08-08T19:59:07.532063,26.0,113.0,-196.0,-58.0,-13.0,-194.0,-55.0,-18.0,-107.0,-22.0,70.0,-190.0,39.3,74.62,-177.23,-35.97,-30.91,-159.9,-55.26,-23.7,-90.31,-40.489999999999995,34.32,-171.07999999999998
2025-08-08T19:59:07.540064,73.0,77.0,-88.0,-30.0,20.0,-146.0,-50.0,-21.0,-135.0,33.0,18.0,-149.0,86.3,38.62,-69.23,-7.969999999999999,2.09,-111.9,-50.26,-26.7,-118.31,14.510000000000002,-17.68,-130.07999999999998
2025-08-08T19:59:07.544399,-12.0,49.0,-87.0,-17.0,19.0,-178.0,18.0,68.0,-102.0,-40.0,4.0,-175.0,1.3000000000000007,10.619999999999997,-68.23,5.030000000000001,1.0899999999999999,-143.9,17.74,62.3,-85.31,-58.489999999999995,-31.68,-156.07999999999998
2025-08-08T19:59:07.552326,-43.0,52.0,-71.0,8.0,-46.0,-125.0,-19.0,26.0,-130.0,-54.0,34.0,-112.0,-29.7,13.619999999999997,-52.230000000000004,30.03,-63.91,-90.9,-19.26,20.3,-113.31,-72.49,-1.6799999999999997,-93.08
2025-08-08T19:59:07.557803,70.0,110.0,-135.0,-20.0,-5.0,-60.0,-40.0,-55.0,-78.0,7.0,85.0,-107.0,83.3,71.62,-116.23,2.030000000000001,-22.91,-25.9,-40.26,-60.7,-61.31,-11.489999999999998,49.32,-88.08
2025-08-08T19:59:07.564430,65.0,83.0,-133.0,19.0,79.0,-58.0,-2.0,-91.0,-97.0,3.0,112.0,-127.0,78.3,44.62,-114.23,41.03,61.09,-23.9,-2.26,-96.7,-80.31,-15.489999999999998,76.32,-108.08
2025-08-08T19:59:07.572276,19.0,25.0,-124.0,28.0,85.0,-118.0,-70.0,-24.0,-103.0,37.0,14.0,-134.0,32.3,-13.380000000000003,-105.23,50.03,67.09,-83.9,-70.26,-29.7,-86.31,18.51,-21.68,-115.08
2025-08-08T19:59:07.576761,18.0,18.0,-82.0,-18.0,10.0,-125.0,48.0,-24.0,-71.0,-46.0,-18.0,-46.0,31.3,-20.380000000000003,-63.230000000000004,4.030000000000001,-7.91,-90.9,47.74,-29.7,-54.31,-64.49,-53.68,-27.08
2025-08-08T19:59:07.584833,-71.0,-14.0,-76.0,47.0,-10.0,-36.0,-59.0,89.0,-198.0,-53.0,22.0,-162.0,-57.7,-52.38,-57.230000000000004,69.03,-27.91,-1.8999999999999986,-59.26,83.3,-181.31,-71.49,-13.68,-143.07999999999998
2025-08-08T19:59:07.589155,-29.0,71.0,-79.0,-36.0,-64.0,-147.0,-34.0,-42.0,-60.0,-41.0,73.0,-33.0,-15.7,32.62,-60.230000000000004,-13.969999999999999,-81.91,-112.9,-34.26,-47.7,-43.31,-59.489999999999995,37.32,-14.079999999999998
2025-08-08T19:59:07.597086,-6.0,86.0,-144.0,-3.0,-32.0,-142.0,7.0,31.0,-57.0,-7.0,137.0,-80.0,7.300000000000001,47.62,-125.23,19.03,-49.91,-107.9,6.74,25.3,-40.31,-25.49,101.32,-61.08
2025-08-08T19:59:07.601382,-37.0,60.0,-158.0,65.0,-3.0,-115.0,-40.0,-25.0,-31.0,-6.0,63.0,-112.0,-23.7,21.619999999999997,-139.23,87.03,-20.91,-80.9,-40.26,-30.7,-14.309999999999999,-24.49,27.32,-93.08
2025-08-08T19:59:07.609361,-25.0,101.0,-62.0,-35.0,4.0,-150.0,0.0,-19.0,-56.0,75.0,32.0,-78.0,-11.7,62.62,-43.230000000000004,-12.969999999999999,-13.91,-115.9,-0.26,-24.7,-39.31,56.510000000000005,-3.6799999999999997,-59.08
2025-08-08T19:59:07.613829,-6.0,14.0,-102.0,102.0,-57.0,-129.0,3.0,-35.0,-73.0,50.0,42.0,-112.0,7.300000000000001,-24.380000000000003,-83.23,124.03,-74.91,-94.9,2.74,-40.7,-56.31,31.51,6.32,-93.08
2025-08-08T19:59:07.621667,-34.0,16.0,-63.0,-51.0,39.0,-45.0,82.0,24.0,-72.0,10.0,48.0,-46.0,-20.7,-22.380000000000003,-44.230000000000004,-28.97,21.09,-10.899999999999999,81.74,18.3,-55.31,-8.489999999999998,12.32,-27.08
2025-08-08T19:59:07.626158,25.0,48.0,-128.0,-47.0,-11.0,-128.0,-48.0,9.0,-106.0,-67.0,132.0,-116.0,38.3,9.619999999999997,-109.23,-24.97,-28.91,-93.9,-48.26,3.3,-89.31,-85.49,96.32,-97.08
2025-08-08T19:59:07.634018,1.0,70.0,-103.0,49.0,2.0,-49.0,-47.0,-45.0,-71.0,-38.0,34.0,-101.0,14.3,31.619999999999997,-84.23,71.03,-15.91,-14.899999999999999,-47.26,-50.7,-54.31,-56.489999999999995,-1.6799999999999997,-82.08
2025-08-08T19:59:07.638436,62.0,57.0,-67.0,-33.0,18.0,-57.0,-40.0,-3.0,-64.0,23.0,127.0,-161.0,75.3,18.619999999999997,-48.230000000000004,-10.969999999999999,0.08999999999999986,-22.9,-40.26,-8.7,-47.31,4.510000000000002,91.32,-142.07999999999998
2025-08-08T19:59:07.646165,-46.0,68.0,-123.0,17.0,6.0,-99.0,24.0,11.0,-95.0,-25.0,49.0,-74.0,-32.7,29.619999999999997,-104.23,39.03,-11.91,-64.9,23.74,5.3,-78.31,-43.489999999999995,13.32,-55.08
2025-08-08T19:59:07.650477,-49.0,29.0,-105.0,-5.0,70.0,-21.0,-70.0,-32.0,-78.0,25.0,40.0,-81.0,-35.7,-9.380000000000003,-86.23,17.03,52.09,13.100000000000001,-70.26,-37.7,-61.31,6.510000000000002,4.32,-62.08
2025-08-08T19:59:07.658611,-55.0,70.0,-39.0,-75.0,48.0,-106.0,-3.0,39.0,-107.0,-13.0,50.0,-54.0,-41.7,31.619999999999997,-20.23,-52.97,30.09,-71.9,-3.26,33.3,-90.31,-31.49,14.32,-35.08
2025-08-08T19:59:07.663020,-6.0,-21.0,-129.0,10.0,19.0,-108.0,-3.0,2.0,-55.0,-3.0,122.0,-95.0,7.300000000000001,-59.38,-110.23,32.03,1.0899999999999999,-73.9,-3.26,-3.7,-38.31,-21.49,86.32,-76.08
2025-08-08T19:59:07.670665,34.0,55.0,-99.0,-18.0,-53.0,-67.0,-38.0,-74.0,-75.0,-24.0,89.0,-75.0,47.3,16.619999999999997,-80.23,4.030000000000001,-70.91,-32.9,-38.26,-79.7,-58.31,-42.489999999999995,53.32,-56.08
2025-08-08T19:59:07.675281,-63.0,8.0,-53.0,10.0,14.0,-44.0,-23.0,5.0,-9.0,52.0,32.0,-101.0,-49.7,-30.380000000000003,-34.230000000000004,32.03,-3.91,-9.899999999999999,-23.26,-0.7000000000000002,7.690000000000001,33.510000000000005,-3.6799999999999997,-82.08
2025-08-08T19:59:07.679977,18.0,3.0,-39.0,-13.0,8.0,-100.0,10.0,-1.0,6.0,2.0,54.0,-40.0,31.3,-35.38,-20.23,9.030000000000001,-9.91,-65.9,9.74,-6.7,22.69,-16.49,18.32,-21.08
2025-08-08T19:59:07.687468,33.0,11.0,-63.0,-74.0,26.0,-92.0,-16.0,-14.0,-62.0,-112.0,57.0,-112.0,46.3,-27.380000000000003,-44.230000000000004,-51.97,8.09,-57.9,-16.26,-19.7,-45.31,-130.49,21.32,-93.08
2025-08-08T19:59:07.695268,13.0,53.0,-100.0,-38.0,37.0,-108.0,-95.0,18.0,-76.0,8.0,70.0,-53.0,26.3,14.619999999999997,-81.23,-15.969999999999999,19.09,-73.9,-95.26,12.3,-59.31,-10.489999999999998,34.32,-34.08
2025-08-08T19:59:07.699525,-89.0,90.0,-26.0,-30.0,33.0,-73.0,33.0,5.0,-98.0,4.0,51.0,-107.0,-75.7,51.62,-7.23,-7.969999999999999,15.09,-38.9,32.74,-0.7000000000000002,-81.31,-14.489999999999998,15.32,-88.08
2025-08-08T19:59:07.707480,-16.0,71.0,-101.0,1.0,-6.0,-37.0,-4.0,35.0,-38.0,-3.0,93.0,-101.0,-2.6999999999999993,32.62,-82.23,23.03,-23.91,-2.8999999999999986,-4.26,29.3,-21.31,-21.49,57.32,-82.08
2025-08-08T19:59:07.711822,-57.0,110.0,-84.0,35.0,-62.0,-56.0,33.0,5.0,-81.0,42.0,2.0,-60.0,-43.7,71.62,-65.23,57.03,-79.91,-21.9,32.74,-0.7000000000000002,-64.31,23.51,-33.68,-41.08
2025-08-08T19:59:07.719751,36.0,-17.0,-45.0,-5.0,58.0,-93.0,81.0,14.0,-118.0,44.0,114.0,-84.0,49.3,-55.38,-26.23,17.03,40.09,-58.9,80.74,8.3,-101.31,25.51,78.32,-65.08
2025-08-08T19:59:07.724384,-58.0,98.0,-93.0,-36.0,-24.0,-131.0,-26.0,-23.0,-5.0,37.0,4.0,-26.0,-44.7,59.62,-74.23,-13.969999999999999,-41.91,-96.9,-26.26,-28.7,11.690000000000001,18.51,-31.68,-7.079999999999998
2025-08-08T19:59:07.732209,-23.0,81.0,-120.0,-10.0,-60.0,-71.0,-67.0,-38.0,-30.0,75.0,25.0,-55.0,-9.7,42.62,-101.23,12.030000000000001,-77.91,-36.9,-67.26,-43.7,-13.309999999999999,56.510000000000005,-10.68,-36.08
2025-08-08T19:59:07.736399,74.0,77.0,-21.0,13.0,-12.0,-102.0,-78.0,30.0,-5.0,-6.0,54.0,-78.0,87.3,38.62,-2.2300000000000004,35.03,-29.91,-67.9,-78.26,24.3,11.690000000000001,-24.49,18.32,-59.08
2025-08-08T19:59:07.744353,27.0,154.0,-121.0,-11.0,-15.0,-109.0,14.0,-3.0,-114.0,-62.0,40.0,-46.0,40.3,115.62,-102.23,11.030000000000001,-32.91,-74.9,13.74,-8.7,-97.31,-80.49,4.32,-27.08
2025-08-08T19:59:07.749025,60.0,55.0,-65.0,-74.0,-25.0,-79.0,59.0,39.0,-55.0,-36.0,37.0,-91.0,73.3,16.619999999999997,-46.230000000000004,-51.97,-42.91,-44.9,58.74,33.3,-38.31,-54.489999999999995,1.3200000000000003,-72.08
2025-08-08T19:59:07.756607,19.0,77.0,-20.0,-77.0,77.0,-98.0,-4.0,-35.0,-121.0,-37.0,75.0,-107.0,32.3,38.62,-1.2300000000000004,-54.97,59.09,-63.9,-4.26,-40.7,-104.31,-55.489999999999995,39.32,-88.08
2025-08-08T19:59:07.761058,-4.0,3.0,-24.0,-31.0,-12.0,-110.0,6.0,7.0,-50.0,16.0,90.0,-101.0,9.3,-35.38,-5.23,-8.969999999999999,-29.91,-75.9,5.74,1.2999999999999998,-33.31,-2.4899999999999984,54.32,-82.08
2025-08-08T19:59:07.766186,-7.0,85.0,-41.0,-1.0,-3.0,-87.0,-8.0,28.0,-74.0,-34.0,133.0,-74.0,6.300000000000001,46.62,-22.23,21.03,-20.91,-52.9,-8.26,22.3,-57.31,-52.489999999999995,97.32,-55.08
2025-08-08T19:59:07.773427,-36.0,101.0,-61.0,5.0,5.0,-163.0,79.0,-68.0,-112.0,63.0,82.0,-120.0,-22.7,62.62,-42.230000000000004,27.03,-12.91,-128.9,78.74,-73.7,-95.31,44.510000000000005,46.32,-101.08
2025-08-08T19:59:07.778239,-55.0,112.0,-45.0,11.0,17.0,-65.0,7.0,55.0,-18.0,-35.0,25.0,-63.0,-41.7,73.62,-26.23,33.03,-0.9100000000000001,-30.9,6.74,49.3,-1.3099999999999987,-53.489999999999995,-10.68,-44.08
2025-08-08T19:59:07.785473,-42.0,94.0,-97.0,-5.0,39.0,-121.0,-84.0,60.0,-6.0,-5.0,12.0,-32.0,-28.7,55.62,-78.23,17.03,21.09,-86.9,-84.26,54.3,10.690000000000001,-23.49,-23.68,-13.079999999999998
2025-08-08T19:59:07.793526,31.0,80.0,-137.0,-68.0,-14.0,-80.0,-100.0,-100.0,16.0,47.0,45.0,-55.0,44.3,41.62,-118.23,-45.97,-31.91,-45.9,-100.26,-105.7,32.69,28.51,9.32,-36.08
2025-08-08T19:59:07.798075,29.0,80.0,-19.0,-96.0,11.0,-17.0,-21.0,0.0,-135.0,-78.0,91.0,-101.0,42.3,41.62,-0.23000000000000043,-73.97,-6.91,17.1,-21.26,-5.7,-118.31,-96.49,55.32,-82.08
2025-08-08T19:59:07.805769,-51.0,42.0,-129.0,-19.0,6.0,-99.0,-77.0,19.0,-39.0,-63.0,80.0,-95.0,-37.7,3.6199999999999974,-110.23,3.030000000000001,-11.91,-64.9,-77.26,13.3,-22.31,-81.49,44.32,-76.08
2025-08-08T19:59:07.810326,17.0,-10.0,-3.0,12.0,-6.0,-63.0,-51.0,4.0,-51.0,-44.0,90.0,-51.0,30.3,-48.38,15.77,34.03,-23.91,-28.9,-51.26,-1.7000000000000002,-34.31,-62.489999999999995,54.32,-32.08
2025-08-08T19:59:07.815186,0.0,73.0,-43.0,6.0,45.0,-52.0,25.0,-53.0,-46.0,-7.0,31.0,-101.0,13.3,34.62,-24.23,28.03,27.09,-17.9,24.74,-58.7,-29.31,-25.49,-4.68,-82.08
2025-08-08T19:59:07.822424,28.0,-3.0,-20.0,3.0,-9.0,-44.0,25.0,-16.0,-93.0,50.0,99.0,-44.0,41.3,-41.38,-1.2300000000000004,25.03,-26.91,-9.899999999999999,24.74,-21.7,-76.31,31.51,63.32,-25.08
2025-08-08T19:59:07.828112,-32.0,27.0,-26.0,-26.0,23.0,-41.0,-19.0,-14.0,-75.0,-42.0,19.0,-27.0,-18.7,-11.380000000000003,-7.23,-3.969999999999999,5.09,-6.899999999999999,-19.26,-19.7,-58.31,-60.489999999999995,-16.68,-8.079999999999998
2025-08-08T19:59:07.834713,-47.0,25.0,-54.0,-6.0,33.0,-102.0,-1.0,-31.0,-14.0,34.0,85.0,-25.0,-33.7,-13.380000000000003,-35.230000000000004,16.03,15.09,-67.9,-1.26,-36.7,2.6900000000000013,15.510000000000002,49.32,-6.079999999999998
2025-08-08T19:59:07.840100,12.0,84.0,-16.0,-27.0,3.0,-62.0,-112.0,-11.0,-24.0,27.0,62.0,-106.0,25.3,45.62,2.7699999999999996,-4.969999999999999,-14.91,-27.9,-112.26,-16.7,-7.309999999999999,8.510000000000002,26.32,-87.08
2025-08-08T19:59:07.847183,-39.0,84.0,-40.0,-34.0,8.0,-107.0,4.0,20.0,-80.0,5.0,-33.0,-25.0,-25.7,45.62,-21.23,-11.969999999999999,-9.91,-72.9,3.74,14.3,-63.31,-13.489999999999998,-68.68,-6.079999999999998
2025-08-08T19:59:07.852349,-17.0,63.0,-21.0,-44.0,-43.0,-108.0,-31.0,10.0,-64.0,38.0,88.0,-40.0,-3.6999999999999993,24.619999999999997,-2.2300000000000004,-21.97,-60.91,-73.9,-31.26,4.3,-47.31,19.51,52.32,-21.08
2025-08-08T19:59:07.859322,-69.0,83.0,-35.0,-36.0,85.0,-74.0,17.0,-18.0,-57.0,53.0,27.0,-64.0,-55.7,44.62,-16.23,-13.969999999999999,67.09,-39.9,16.74,-23.7,-40.31,34.510000000000005,-8.68,-45.08
2025-08-08T19:59:07.864616,18.0,90.0,-52.0,-22.0,-8.0,-82.0,3.0,19.0,-96.0,37.0,61.0,-130.0,31.3,51.62,-33.230000000000004,0.030000000000001137,-25.91,-47.9,2.74,13.3,-79.31,18.51,25.32,-111.08
2025-08-08T19:59:07.871716,0.0,42.0,-68.0,-20.0,15.0,-32.0,-36.0,15.0,-67.0,5.0,-4.0,-77.0,13.3,3.6199999999999974,-49.230000000000004,2.030000000000001,-2.91,2.1000000000000014,-36.26,9.3,-50.31,-13.489999999999998,-39.68,-58.08
2025-08-08T19:59:07.876652,-41.0,39.0,-41.0,9.0,21.0,-18.0,-27.0,-11.0,-63.0,23.0,71.0,-112.0,-27.7,0.6199999999999974,-22.23,31.03,3.09,16.1,-27.26,-16.7,-46.31,4.510000000000002,35.32,-93.08
2025-08-08T19:59:07.883928,-4.0,52.0,-77.0,-16.0,97.0,-14.0,10.0,-4.0,-78.0,-25.0,24.0,-51.0,9.3,13.619999999999997,-58.230000000000004,6.030000000000001,79.09,20.1,9.74,-9.7,-61.31,-43.489999999999995,-11.68,-32.08
2025-08-08T19:59:07.888969,-17.0,60.0,-65.0,-63.0,15.0,-94.0,14.0,-67.0,-79.0,21.0,108.0,-60.0,-3.6999999999999993,21.619999999999997,-46.230000000000004,-40.97,-2.91,-59.9,13.74,-72.7,-62.31,2.5100000000000016,72.32,-41.08
2025-08-08T19:59:07.896163,44.0,8.0,-92.0,-47.0,22.0,-53.0,-4.0,-30.0,32.0,10.0,73.0,-58.0,57.3,-30.380000000000003,-73.23,-24.97,4.09,-18.9,-4.26,-35.7,48.69,-8.489999999999998,37.32,-39.08
2025-08-08T19:59:07.900498,26.0,57.0,-42.0,-1.0,-11.0,-78.0,1.0,2.0,-24.0,-53.0,82.0,-66.0,39.3,18.619999999999997,-23.23,21.03,-28.91,-43.9,0.74,-3.7,-7.309999999999999,-71.49,46.32,-47.08
2025-08-08T19:59:07.908315,5.0,-14.0,-70.0,-35.0,11.0,-29.0,10.0,-8.0,13.0,45.0,86.0,-124.0,18.3,-52.38,-51.230000000000004,-12.969999999999999,-6.91,5.100000000000001,9.74,-13.7,29.69,26.51,50.32,-105.08
2025-08-08T19:59:07.912793,-7.0,54.0,-72.0,17.0,78.0,-55.0,1.0,-46.0,-37.0,-16.0,-48.0,-111.0,6.300000000000001,15.619999999999997,-53.230000000000004,39.03,60.09,-20.9,0.74,-51.7,-20.31,-34.489999999999995,-83.68,-92.08
2025-08-08T19:59:07.920576,-81.0,0.0,-97.0,-47.0,-14.0,-65.0,91.0,-22.0,-15.0,-21.0,4.0,-104.0,-67.7,-38.38,-78.23,-24.97,-31.91,-30.9,90.74,-27.7,1.6900000000000013,-39.489999999999995,-31.68,-85.08
2025-08-08T19:59:07.925207,68.0,12.0,-3.0,2.0,64.0,-8.0,10.0,39.0,-122.0,-15.0,40.0,-34.0,81.3,-26.380000000000003,15.77,24.03,46.09,26.1,9.74,33.3,-105.31,-33.489999999999995,4.32,-15.079999999999998
2025-08-08T19:59:07.933134,51.0,34.0,-57.0,-73.0,-19.0,-55.0,-22.0,35.0,-90.0,-29.0,96.0,-44.0,64.3,-4.380000000000003,-38.230000000000004,-50.97,-36.91,-20.9,-22.26,29.3,-73.31,-47.489999999999995,60.32,-25.08
2025-08-08T19:59:07.937428,-4.0,4.0,8.0,-26.0,3.0,-118.0,17.0,8.0,-79.0,21.0,67.0,-35.0,9.3,-34.38,26.77,-3.969999999999999,-14.91,-83.9,16.74,2.3,-62.31,2.5100000000000016,31.32,-16.08
2025-08-08T19:59:07.945240,-39.0,39.0,13.0,-62.0,3.0,-65.0,23.0,-33.0,7.0,31.0,21.0,7.0,-25.7,0.6199999999999974,31.77,-39.97,-14.91,-30.9,22.74,-38.7,23.69,12.510000000000002,-14.68,25.92
2025-08-08T19:59:07.949669,78.0,67.0,-28.0,-73.0,3.0,-38.0,26.0,39.0,-4.0,-50.0,57.0,-1.0,91.3,28.619999999999997,-9.23,-50.97,-14.91,-3.8999999999999986,25.74,33.3,12.690000000000001,-68.49,21.32,17.92
2025-08-08T19:59:07.957617,-44.0,43.0,-36.0,4.0,2.0,-106.0,-8.0,27.0,-72.0,12.0,42.0,-32.0,-30.7,4.619999999999997,-17.23,26.03,-15.91,-71.9,-8.26,21.3,-55.31,-6.489999999999998,6.32,-13.079999999999998
2025-08-08T19:59:07.962455,54.0,46.0,-47.0,-22.0,54.0,-58.0,35.0,60.0,-92.0,5.0,58.0,-74.0,67.3,7.619999999999997,-28.23,0.030000000000001137,36.09,-23.9,34.74,54.3,-75.31,-13.489999999999998,22.32,-55.08
2025-08-08T19:59:07.969778,45.0,34.0,29.0,-31.0,32.0,-10.0,-60.0,100.0,-23.0,17.0,73.0,-7.0,58.3,-4.380000000000003,47.769999999999996,-8.969999999999999,14.09,24.1,-60.26,94.3,-6.309999999999999,-1.4899999999999984,37.32,11.920000000000002
2025-08-08T19:59:07.974624,35.0,88.0,-97.0,-30.0,4.0,-57.0,13.0,-8.0,-52.0,16.0,26.0,-82.0,48.3,49.62,-78.23,-7.969999999999999,-13.91,-22.9,12.74,-13.7,-35.31,-2.4899999999999984,-9.68,-63.08
2025-08-08T19:59:07.982202,13.0,35.0,49.0,-71.0,33.0,-72.0,-9.0,-13.0,-33.0,-6.0,25.0,-88.0,26.3,-3.3800000000000026,67.77,-48.97,15.09,-37.9,-9.26,-18.7,-16.31,-24.49,-10.68,-69.08
2025-08-08T19:59:07.986810,-1.0,7.0,-36.0,-15.0,-23.0,-78.0,-13.0,9.0,-6.0,-4.0,54.0,-43.0,12.3,-31.380000000000003,-17.23,7.030000000000001,-40.91,-43.9,-13.26,3.3,10.690000000000001,-22.49,18.32,-24.08
2025-08-08T19:59:07.992512,-49.0,36.0,-59.0,21.0,20.0,-134.0,59.0,28.0,-110.0,-49.0,32.0,12.0,-35.7,-2.3800000000000026,-40.230000000000004,43.03,2.09,-99.9,58.74,22.3,-93.31,-67.49,-3.6799999999999997,30.92
2025-08-08T19:59:07.999035,-56.0,57.0,-16.0,-45.0,0.0,-79.0,9.0,34.0,-10.0,35.0,53.0,-57.0,-42.7,18.619999999999997,2.7699999999999996,-22.97,-17.91,-44.9,8.74,28.3,6.690000000000001,16.51,17.32,-38.08
2025-08-08T19:59:08.005572,-82.0,177.0,0.0,-64.0,64.0,-45.0,-47.0,-3.0,5.0,18.0,37.0,-46.0,-68.7,138.62,18.77,-41.97,46.09,-10.899999999999999,-47.26,-8.7,21.69,-0.48999999999999844,1.3200000000000003,-27.08
2025-08-08T19:59:08.011230,-51.0,51.0,-82.0,-18.0,16.0,-24.0,-78.0,-53.0,-44.0,-9.0,35.0,-57.0,-37.7,12.619999999999997,-63.230000000000004,4.030000000000001,-1.9100000000000001,10.100000000000001,-78.26,-58.7,-27.31,-27.49,-0.6799999999999997,-38.08
2025-08-08T19:59:08.022305,-66.0,27.0,-5.0,-52.0,-4.0,-72.0,-11.0,-6.0,-6.0,2.0,94.0,-28.0,-52.7,-11.380000000000003,13.77,-29.97,-21.91,-37.9,-11.26,-11.7,10.690000000000001,-16.49,58.32,-9.079999999999998
2025-08-08T19:59:08.026618,-33.0,61.0,-107.0,-81.0,-3.0,-70.0,-24.0,32.0,12.0,-36.0,7.0,-63.0,-19.7,22.619999999999997,-88.23,-58.97,-20.91,-35.9,-24.26,26.3,28.69,-54.489999999999995,-28.68,-44.08
2025-08-08T19:59:08.027859,-29.0,176.0,-42.0,21.0,0.0,-8.0,13.0,-49.0,-52.0,-14.0,12.0,-58.0,-15.7,137.62,-23.23,43.03,-17.91,26.1,12.74,-54.7,-35.31,-32.489999999999995,-23.68,-39.08
2025-08-08T19:59:08.035314,-50.0,71.0,-7.0,-72.0,11.0,-47.0,48.0,-18.0,-62.0,63.0,47.0,-36.0,-36.7,32.62,11.77,-49.97,-6.91,-12.899999999999999,47.74,-23.7,-45.31,44.510000000000005,11.32,-17.08
2025-08-08T19:59:08.039803,-48.0,144.0,-38.0,-63.0,8.0,-34.0,52.0,12.0,-109.0,-28.0,-24.0,-83.0,-34.7,105.62,-19.23,-40.97,-9.91,0.10000000000000142,51.74,6.3,-92.31,-46.489999999999995,-59.68,-64.08
2025-08-08T19:59:08.047875,-11.0,2.0,-22.0,5.0,5.0,-63.0,18.0,7.0,-10.0,35.0,19.0,-10.0,2.3000000000000007,-36.38,-3.2300000000000004,27.03,-12.91,-28.9,17.74,1.2999999999999998,6.690000000000001,16.51,-16.68,8.920000000000002
2025-08-08T19:59:08.052157,38.0,50.0,-50.0,-20.0,-29.0,-34.0,-56.0,-3.0,-10.0,17.0,50.0,-45.0,51.3,11.619999999999997,-31.23,2.030000000000001,-46.91,0.10000000000000142,-56.26,-8.7,6.690000000000001,-1.4899999999999984,14.32,-26.08
2025-08-08T19:59:08.059971,11.0,13.0,-5.0,33.0,21.0,-65.0,-16.0,-22.0,-26.0,50.0,-37.0,-53.0,24.3,-25.380000000000003,13.77,55.03,3.09,-30.9,-16.26,-27.7,-9.309999999999999,31.51,-72.68,-34.08
2025-08-08T19:59:08.064393,-27.0,17.0,14.0,-61.0,38.0,-46.0,-16.0,-20.0,-22.0,34.0,41.0,-23.0,-13.7,-21.380000000000003,32.769999999999996,-38.97,20.09,-11.899999999999999,-16.26,-25.7,-5.309999999999999,15.510000000000002,5.32,-4.079999999999998
2025-08-08T19:59:08.072347,-16.0,20.0,-19.0,16.0,4.0,-6.0,2.0,-28.0,-54.0,-90.0,54.0,-31.0,-2.6999999999999993,-18.380000000000003,-0.23000000000000043,38.03,-13.91,28.1,1.74,-33.7,-37.31,-108.49,18.32,-12.079999999999998
2025-08-08T19:59:08.076717,-44.0,35.0,-53.0,31.0,53.0,-97.0,-2.0,-28.0,-26.0,-5.0,-12.0,1.0,-30.7,-3.3800000000000026,-34.230000000000004,53.03,35.09,-62.9,-2.26,-33.7,-9.309999999999999,-23.49,-47.68,19.92
2025-08-08T19:59:08.084566,-38.0,47.0,18.0,-16.0,81.0,-62.0,-46.0,42.0,-19.0,-29.0,-4.0,-37.0,-24.7,8.619999999999997,36.769999999999996,6.030000000000001,63.09,-27.9,-46.26,36.3,-2.3099999999999987,-47.489999999999995,-39.68,-18.08
2025-08-08T19:59:08.089433,-43.0,68.0,-54.0,-34.0,10.0,-40.0,-4.0,-19.0,-11.0,-37.0,57.0,-44.0,-29.7,29.619999999999997,-35.230000000000004,-11.969999999999999,-7.91,-5.899999999999999,-4.26,-24.7,5.690000000000001,-55.489999999999995,21.32,-25.08
2025-08-08T19:59:08.096975,-28.0,73.0,10.0,-39.0,16.0,-57.0,14.0,52.0,-11.0,2.0,37.0,-72.0,-14.7,34.62,28.77,-16.97,-1.9100000000000001,-22.9,13.74,46.3,5.690000000000001,-16.49,1.3200000000000003,-53.08
2025-08-08T19:59:08.101447,-46.0,120.0,-66.0,15.0,-56.0,-95.0,42.0,-18.0,-104.0,7.0,105.0,-43.0,-32.7,81.62,-47.230000000000004,37.03,-73.91,-60.9,41.74,-23.7,-87.31,-11.489999999999998,69.32,-24.08
2025-08-08T19:59:08.109256,-17.0,119.0,6.0,0.0,-6.0,-51.0,40.0,32.0,-66.0,14.0,2.0,-54.0,-3.6999999999999993,80.62,24.77,22.03,-23.91,-16.9,39.74,26.3,-49.31,-4.489999999999998,-33.68,-35.08
2025-08-08T19:59:08.113644,-10.0,78.0,13.0,-3.0,52.0,-42.0,13.0,46.0,-44.0,62.0,19.0,-31.0,3.3000000000000007,39.62,31.77,19.03,34.09,-7.899999999999999,12.74,40.3,-27.31,43.510000000000005,-16.68,-12.079999999999998
2025-08-08T19:59:08.121505,27.0,59.0,-67.0,-48.0,91.0,-40.0,14.0,-28.0,-27.0,-18.0,8.0,-4.0,40.3,20.619999999999997,-48.230000000000004,-25.97,73.09,-5.899999999999999,13.74,-33.7,-10.309999999999999,-36.489999999999995,-27.68,14.920000000000002
2025-08-08T19:59:08.126091,58.0,163.0,-9.0,-19.0,63.0,55.0,-5.0,40.0,-29.0,32.0,-9.0,-61.0,71.3,124.62,9.77,3.030000000000001,45.09,89.1,-5.26,34.3,-12.309999999999999,13.510000000000002,-44.68,-42.08
2025-08-08T19:59:08.133495,-46.0,59.0,-65.0,-50.0,26.0,-58.0,5.0,-32.0,13.0,10.0,17.0,-46.0,-32.7,20.619999999999997,-46.230000000000004,-27.97,8.09,-23.9,4.74,-37.7,29.69,-8.489999999999998,-18.68,-27.08
2025-08-08T19:59:08.138210,63.0,0.0,-72.0,-47.0,-34.0,15.0,-14.0,19.0,-30.0,58.0,21.0,23.0,76.3,-38.38,-53.230000000000004,-24.97,-51.91,49.1,-14.26,13.3,-13.309999999999999,39.510000000000005,-14.68,41.92
2025-08-08T19:59:08.147482,24.0,35.0,-85.0,-10.0,44.0,-57.0,29.0,-28.0,-66.0,63.0,58.0,-14.0,37.3,-3.3800000000000026,-66.23,12.030000000000001,26.09,-22.9,28.74,-33.7,-49.31,44.510000000000005,22.32,4.920000000000002
2025-08-08T19:59:08.152706,13.0,46.0,-28.0,-83.0,77.0,-29.0,5.0,34.0,10.0,-9.0,12.0,-42.0,26.3,7.619999999999997,-9.23,-60.97,59.09,5.100000000000001,4.74,28.3,26.69,-27.49,-23.68,-23.08
2025-08-08T19:59:08.158035,75.0,15.0,-15.0,-30.0,-11.0,-20.0,-18.0,4.0,29.0,9.0,108.0,-37.0,88.3,-23.380000000000003,3.7699999999999996,-7.969999999999999,-28.91,14.100000000000001,-18.26,-1.7000000000000002,45.69,-9.489999999999998,72.32,-18.08
2025-08-08T19:59:08.162496,-2.0,-1.0,-30.0,-20.0,-21.0,-23.0,22.0,-22.0,11.0,-74.0,88.0,-100.0,11.3,-39.38,-11.23,2.030000000000001,-38.91,11.100000000000001,21.74,-27.7,27.69,-92.49,52.32,-81.08
2025-08-08T19:59:08.170347,-66.0,66.0,20.0,3.0,0.0,-24.0,19.0,-7.0,-65.0,52.0,112.0,-15.0,-52.7,27.619999999999997,38.769999999999996,25.03,-17.91,10.100000000000001,18.74,-12.7,-48.31,33.510000000000005,76.32,3.9200000000000017
2025-08-08T19:59:08.174864,-4.0,64.0,-26.0,-23.0,55.0,-105.0,17.0,48.0,-61.0,-6.0,14.0,-55.0,9.3,25.619999999999997,-7.23,-0.9699999999999989,37.09,-70.9,16.74,42.3,-44.31,-24.49,-21.68,-36.08
2025-08-08T19:59:08.182631,7.0,21.0,-19.0,-25.0,-17.0,-29.0,36.0,-57.0,-12.0,30.0,28.0,-50.0,20.3,-17.380000000000003,-0.23000000000000043,-2.969999999999999,-34.91,5.100000000000001,35.74,-62.7,4.690000000000001,11.510000000000002,-7.68,-31.08
2025-08-08T19:59:08.187119,5.0,133.0,-8.0,-33.0,2.0,-33.0,83.0,51.0,-40.0,53.0,32.0,10.0,18.3,94.62,10.77,-10.969999999999999,-15.91,1.1000000000000014,82.74,45.3,-23.31,34.510000000000005,-3.6799999999999997,28.92
2025-08-08T19:59:08.194909,18.0,52.0,36.0,23.0,18.0,-70.0,9.0,59.0,9.0,-10.0,59.0,-31.0,31.3,13.619999999999997,54.769999999999996,45.03,0.08999999999999986,-35.9,8.74,53.3,25.69,-28.49,23.32,-12.079999999999998
2025-08-08T19:59:08.199335,0.0,106.0,59.0,-30.0,13.0,-29.0,-64.0,8.0,-12.0,9.0,17.0,2.0,13.3,67.62,77.77,-7.969999999999999,-4.91,5.100000000000001,-64.26,2.3,4.690000000000001,-9.489999999999998,-18.68,20.92
2025-08-08T19:59:08.203422,14.0,103.0,-7.0,-23.0,54.0,-45.0,-40.0,7.0,6.0,6.0,49.0,-50.0,27.3,64.62,11.77,-0.9699999999999989,36.09,-10.899999999999999,-40.26,1.2999999999999998,22.69,-12.489999999999998,13.32,-31.08
2025-08-08T19:59:08.211744,40.0,62.0,-9.0,-23.0,-1.0,-12.0,-101.0,4.0,11.0,60.0,39.0,8.0,53.3,23.619999999999997,9.77,-0.9699999999999989,-18.91,22.1,-101.26,-1.7000000000000002,27.69,41.510000000000005,3.3200000000000003,26.92
2025-08-08T19:59:08.219495,-54.0,-17.0,-31.0,-60.0,-30.0,-64.0,-29.0,60.0,5.0,24.0,-13.0,-8.0,-40.7,-55.38,-12.23,-37.97,-47.91,-29.9,-29.26,54.3,21.69,5.510000000000002,-48.68,10.920000000000002
2025-08-08T19:59:08.224072,-26.0,59.0,-28.0,-14.0,-4.0,-39.0,15.0,-13.0,-4.0,68.0,-17.0,21.0,-12.7,20.619999999999997,-9.23,8.030000000000001,-21.91,-4.899999999999999,14.74,-18.7,12.690000000000001,49.510000000000005,-52.68,39.92
2025-08-08T19:59:08.227984,-39.0,34.0,6.0,-33.0,21.0,-34.0,-8.0,20.0,32.0,-13.0,-28.0,11.0,-25.7,-4.380000000000003,24.77,-10.969999999999999,3.09,0.10000000000000142,-8.26,14.3,48.69,-31.49,-63.68,29.92
2025-08-08T19:59:08.236235,3.0,12.0,-41.0,-73.0,-28.0,-46.0,-20.0,5.0,-89.0,-28.0,111.0,-42.0,16.3,-26.380000000000003,-22.23,-50.97,-45.91,-11.899999999999999,-20.26,-0.7000000000000002,-72.31,-46.489999999999995,75.32,-23.08
2025-08-08T19:59:08.240335,-70.0,102.0,-17.0,-22.0,8.0,-28.0,20.0,-47.0,-61.0,58.0,63.0,39.0,-56.7,63.62,1.7699999999999996,0.030000000000001137,-9.91,6.100000000000001,19.74,-52.7,-44.31,39.510000000000005,27.32,57.92
2025-08-08T19:59:08.248436,-8.0,76.0,-36.0,-19.0,24.0,-82.0,30.0,-32.0,-69.0,-4.0,71.0,-39.0,5.300000000000001,37.62,-17.23,3.030000000000001,6.09,-47.9,29.74,-37.7,-52.31,-22.49,35.32,-20.08
2025-08-08T19:59:08.252617,16.0,40.0,-21.0,-56.0,66.0,-99.0,-26.0,48.0,-44.0,-49.0,84.0,-38.0,29.3,1.6199999999999974,-2.2300000000000004,-33.97,48.09,-64.9,-26.26,42.3,-27.31,-67.49,48.32,-19.08
2025-08-08T19:59:08.260710,-7.0,70.0,-4.0,-9.0,-9.0,-8.0,-49.0,-27.0,-7.0,31.0,66.0,5.0,6.300000000000001,31.619999999999997,14.77,13.030000000000001,-26.91,26.1,-49.26,-32.7,9.690000000000001,12.510000000000002,30.32,23.92
2025-08-08T19:59:08.265127,-25.0,47.0,-39.0,-59.0,62.0,-6.0,-4.0,-12.0,-33.0,42.0,58.0,-52.0,-11.7,8.619999999999997,-20.23,-36.97,44.09,28.1,-4.26,-17.7,-16.31,23.51,22.32,-33.08
2025-08-08T19:59:08.273106,-30.0,81.0,-57.0,-50.0,38.0,-23.0,16.0,-34.0,-10.0,-18.0,82.0,-54.0,-16.7,42.62,-38.230000000000004,-27.97,20.09,11.100000000000001,15.74,-39.7,6.690000000000001,-36.489999999999995,46.32,-35.08
2025-08-08T19:59:08.277206,17.0,63.0,-44.0,-105.0,30.0,-69.0,52.0,10.0,37.0,77.0,9.0,-50.0,30.3,24.619999999999997,-25.23,-82.97,12.09,-34.9,51.74,4.3,53.69,58.510000000000005,-26.68,-31.08
2025-08-08T19:59:08.285194,-30.0,71.0,3.0,-50.0,69.0,-92.0,32.0,61.0,-27.0,85.0,10.0,21.0,-16.7,32.62,21.77,-27.97,51.09,-57.9,31.74,55.3,-10.309999999999999,66.51,-25.68,39.92
2025-08-08T19:59:08.289709,-29.0,52.0,-9.0,-36.0,40.0,14.0,-41.0,30.0,-15.0,-59.0,27.0,-39.0,-15.7,13.619999999999997,9.77,-13.969999999999999,22.09,48.1,-41.26,24.3,1.6900000000000013,-77.49,-8.68,-20.08
2025-08-08T19:59:08.297495,-27.0,-2.0,-80.0,-43.0,-4.0,-22.0,32.0,7.0,-12.0,-19.0,101.0,-40.0,-13.7,-40.38,-61.230000000000004,-20.97,-21.91,12.100000000000001,31.74,1.2999999999999998,4.690000000000001,-37.489999999999995,65.32,-21.08
2025-08-08T19:59:08.302095,-61.0,-26.0,-5.0,-60.0,71.0,-34.0,26.0,7.0,-27.0,8.0,19.0,-55.0,-47.7,-64.38,13.77,-37.97,53.09,0.10000000000000142,25.74,1.2999999999999998,-10.309999999999999,-10.489999999999998,-16.68,-36.08
2025-08-08T19:59:08.310032,-17.0,69.0,-36.0,-6.0,44.0,-61.0,47.0,47.0,-51.0,32.0,102.0,-46.0,-3.6999999999999993,30.619999999999997,-17.23,16.03,26.09,-26.9,46.74,41.3,-34.31,13.510000000000002,66.32,-27.08
2025-08-08T19:59:08.314610,-12.0,13.0,-21.0,-47.0,-82.0,-53.0,20.0,-20.0,11.0,0.0,37.0,-17.0,1.3000000000000007,-25.380000000000003,-2.2300000000000004,-24.97,-99.91,-18.9,19.74,-25.7,27.69,-18.49,1.3200000000000003,1.9200000000000017
2025-08-08T19:59:08.322415,-41.0,22.0,34.0,-24.0,4.0,-4.0,22.0,-54.0,27.0,30.0,65.0,-80.0,-27.7,-16.380000000000003,52.769999999999996,-1.9699999999999989,-13.91,30.1,21.74,-59.7,43.69,11.510000000000002,29.32,-61.08
2025-08-08T19:59:08.327128,-29.0,20.0,-57.0,-19.0,-15.0,14.0,-13.0,-69.0,0.0,98.0,40.0,-62.0,-15.7,-18.380000000000003,-38.230000000000004,3.030000000000001,-32.91,48.1,-13.26,-74.7,16.69,79.51,4.32,-43.08
2025-08-08T19:59:08.334556,-26.0,60.0,19.0,-49.0,3.0,-66.0,10.0,6.0,36.0,45.0,71.0,-61.0,-12.7,21.619999999999997,37.769999999999996,-26.97,-14.91,-31.9,9.74,0.2999999999999998,52.69,26.51,35.32,-42.08
2025-08-08T19:59:08.339254,9.0,90.0,5.0,-30.0,29.0,-14.0,-13.0,-31.0,-11.0,6.0,81.0,-54.0,22.3,51.62,23.77,-7.969999999999999,11.09,20.1,-13.26,-36.7,5.690000000000001,-12.489999999999998,45.32,-35.08
2025-08-08T19:59:08.349552,-17.0,70.0,-45.0,-17.0,98.0,-24.0,36.0,-28.0,2.0,4.0,48.0,-49.0,-3.6999999999999993,31.619999999999997,-26.23,5.030000000000001,80.09,10.100000000000001,35.74,-33.7,18.69,-14.489999999999998,12.32,-30.08
2025-08-08T19:59:08.355242,-7.0,31.0,9.0,43.0,44.0,26.0,-34.0,-19.0,1.0,65.0,-16.0,23.0,6.300000000000001,-7.380000000000003,27.77,65.03,26.09,60.1,-34.26,-24.7,17.69,46.510000000000005,-51.68,41.92
2025-08-08T19:59:08.358624,-36.0,10.0,-20.0,11.0,27.0,-36.0,36.0,48.0,9.0,-1.0,35.0,-8.0,-22.7,-28.380000000000003,-1.2300000000000004,33.03,9.09,-1.8999999999999986,35.74,42.3,25.69,-19.49,-0.6799999999999997,10.920000000000002
2025-08-08T19:59:08.363249,-43.0,-36.0,2.0,68.0,73.0,0.0,59.0,59.0,14.0,61.0,52.0,5.0,-29.7,-74.38,20.77,90.03,55.09,34.1,58.74,53.3,30.69,42.510000000000005,16.32,23.92
2025-08-08T19:59:08.368123,-45.0,7.0,-46.0,-65.0,0.0,-2.0,6.0,70.0,18.0,7.0,16.0,8.0,-31.7,-31.380000000000003,-27.23,-42.97,-17.91,32.1,5.74,64.3,34.69,-11.489999999999998,-19.68,26.92
2025-08-08T19:59:08.375446,-24.0,90.0,-18.0,-6.0,-23.0,-11.0,-5.0,27.0,63.0,71.0,66.0,18.0,-10.7,51.62,0.7699999999999996,16.03,-40.91,23.1,-5.26,21.3,79.69,52.510000000000005,30.32,36.92
2025-08-08T19:59:08.383321,-21.0,63.0,10.0,-20.0,27.0,-54.0,-25.0,-3.0,-56.0,64.0,38.0,-21.0,-7.699999999999999,24.619999999999997,28.77,2.030000000000001,9.09,-19.9,-25.26,-8.7,-39.31,45.510000000000005,2.3200000000000003,-2.0799999999999983
2025-08-08T19:59:08.387706,-5.0,141.0,-81.0,-51.0,77.0,-60.0,-21.0,-21.0,-59.0,33.0,88.0,2.0,8.3,102.62,-62.230000000000004,-28.97,59.09,-25.9,-21.26,-26.7,-42.31,14.510000000000002,52.32,20.92
2025-08-08T19:59:08.395600,-31.0,102.0,-14.0,-53.0,39.0,35.0,-3.0,30.0,-39.0,22.0,61.0,-4.0,-17.7,63.62,4.77,-30.97,21.09,69.1,-3.26,24.3,-22.31,3.5100000000000016,25.32,14.920000000000002
2025-08-08T19:59:08.399882,16.0,37.0,-32.0,32.0,6.0,-41.0,63.0,-19.0,-18.0,-1.0,69.0,-34.0,29.3,-1.3800000000000026,-13.23,54.03,-11.91,-6.899999999999999,62.74,-24.7,-1.3099999999999987,-19.49,33.32,-15.079999999999998
2025-08-08T19:59:08.404165,15.0,77.0,-81.0,51.0,-42.0,-39.0,32.0,28.0,-16.0,-4.0,80.0,8.0,28.3,38.62,-62.230000000000004,73.03,-59.91,-4.899999999999999,31.74,22.3,0.6900000000000013,-22.49,44.32,26.92
2025-08-08T19:59:08.412234,-9.0,15.0,3.0,-65.0,5.0,10.0,26.0,-79.0,-11.0,2.0,108.0,-60.0,4.300000000000001,-23.380000000000003,21.77,-42.97,-12.91,44.1,25.74,-84.7,5.690000000000001,-16.49,72.32,-41.08
2025-08-08T19:59:08.420081,23.0,90.0,-20.0,-29.0,20.0,-24.0,-24.0,29.0,-32.0,-10.0,8.0,-13.0,36.3,51.62,-1.2300000000000004,-6.969999999999999,2.09,10.100000000000001,-24.26,23.3,-15.309999999999999,-28.49,-27.68,5.920000000000002
2025-08-08T19:59:08.424497,11.0,50.0,-5.0,59.0,33.0,-57.0,56.0,-39.0,-157.0,35.0,98.0,-18.0,24.3,11.619999999999997,13.77,81.03,15.09,-22.9,55.74,-44.7,-140.31,16.51,62.32,0.9200000000000017
2025-08-08T19:59:08.428579,-31.0,26.0,17.0,41.0,64.0,-55.0,28.0,1.0,24.0,93.0,67.0,-20.0,-17.7,-12.380000000000003,35.769999999999996,63.03,46.09,-20.9,27.74,-4.7,40.69,74.51,31.32,-1.0799999999999983
2025-08-08T19:59:08.436736,3.0,47.0,0.0,-116.0,11.0,-64.0,3.0,43.0,28.0,-10.0,69.0,-9.0,16.3,8.619999999999997,18.77,-93.97,-6.91,-29.9,2.74,37.3,44.69,-28.49,33.32,9.920000000000002
2025-08-08T19:59:08.440885,-19.0,-63.0,0.0,-3.0,6.0,-5.0,-16.0,49.0,12.0,28.0,-18.0,-15.0,-5.699999999999999,-101.38,18.77,19.03,-11.91,29.1,-16.26,43.3,28.69,9.510000000000002,-53.68,3.9200000000000017
2025-08-08T19:59:08.449118,83.0,15.0,-20.0,-57.0,43.0,-76.0,52.0,27.0,-37.0,5.0,12.0,-15.0,96.3,-23.380000000000003,-1.2300000000000004,-34.97,25.09,-41.9,51.74,21.3,-20.31,-13.489999999999998,-23.68,3.9200000000000017
2025-08-08T19:59:08.453405,10.0,14.0,5.0,-41.0,-8.0,23.0,-65.0,-91.0,-17.0,37.0,89.0,-2.0,23.3,-24.380000000000003,23.77,-18.97,-25.91,57.1,-65.26,-96.7,-0.3099999999999987,18.51,53.32,16.92
2025-08-08T19:59:08.461270,-83.0,47.0,-10.0,-68.0,11.0,-46.0,-2.0,35.0,-62.0,2.0,0.0,12.0,-69.7,8.619999999999997,8.77,-45.97,-6.91,-11.899999999999999,-2.26,29.3,-45.31,-16.49,-35.68,30.92
2025-08-08T19:59:08.465595,-33.0,35.0,73.0,-28.0,21.0,-5.0,-74.0,-50.0,-24.0,50.0,13.0,-37.0,-19.7,-3.3800000000000026,91.77,-5.969999999999999,3.09,29.1,-74.26,-55.7,-7.309999999999999,31.51,-22.68,-18.08
2025-08-08T19:59:08.473521,-40.0,22.0,-27.0,4.0,-57.0,-60.0,-79.0,-15.0,-86.0,40.0,-26.0,-4.0,-26.7,-16.380000000000003,-8.23,26.03,-74.91,-25.9,-79.26,-20.7,-69.31,21.51,-61.68,14.920000000000002
2025-08-08T19:59:08.477917,-65.0,-8.0,-69.0,-18.0,40.0,38.0,-62.0,29.0,-30.0,15.0,0.0,18.0,-51.7,-46.38,-50.230000000000004,4.030000000000001,22.09,72.1,-62.26,23.3,-13.309999999999999,-3.4899999999999984,-35.68,36.92
2025-08-08T19:59:08.485781,-56.0,53.0,-3.0,-47.0,42.0,-78.0,-5.0,-21.0,2.0,-74.0,21.0,-43.0,-42.7,14.619999999999997,15.77,-24.97,24.09,-43.9,-5.26,-26.7,18.69,-92.49,-14.68,-24.08
2025-08-08T19:59:08.490308,-41.0,35.0,51.0,47.0,44.0,-6.0,-30.0,23.0,-62.0,-4.0,14.0,35.0,-27.7,-3.3800000000000026,69.77,69.03,26.09,28.1,-30.26,17.3,-45.31,-22.49,-21.68,53.92
2025-08-08T19:59:08.498183,20.0,15.0,-20.0,-6.0,-33.0,-15.0,-37.0,13.0,-35.0,6.0,62.0,-16.0,33.3,-23.380000000000003,-1.2300000000000004,16.03,-50.91,19.1,-37.26,7.3,-18.31,-12.489999999999998,26.32,2.9200000000000017
2025-08-08T19:59:08.502520,-27.0,25.0,55.0,-78.0,72.0,1.0,35.0,15.0,-12.0,-70.0,49.0,-85.0,-13.7,-13.380000000000003,73.77,-55.97,54.09,35.1,34.74,9.3,4.690000000000001,-88.49,13.32,-66.08
2025-08-08T19:59:08.510467,-58.0,86.0,7.0,4.0,54.0,-27.0,-47.0,48.0,-47.0,-4.0,52.0,-63.0,-44.7,47.62,25.77,26.03,36.09,7.100000000000001,-47.26,42.3,-30.31,-22.49,16.32,-44.08
2025-08-08T19:59:08.514865,-51.0,43.0,-36.0,-44.0,57.0,-20.0,10.0,53.0,-30.0,6.0,82.0,-10.0,-37.7,4.619999999999997,-17.23,-21.97,39.09,14.100000000000001,9.74,47.3,-13.309999999999999,-12.489999999999998,46.32,8.920000000000002
2025-08-08T19:59:08.522730,-34.0,74.0,38.0,-2.0,-10.0,-66.0,-32.0,10.0,-20.0,-16.0,15.0,-39.0,-20.7,35.62,56.769999999999996,20.03,-27.91,-31.9,-32.26,4.3,-3.3099999999999987,-34.489999999999995,-20.68,-20.08
2025-08-08T19:59:08.527196,-39.0,24.0,-133.0,35.0,2.0,-70.0,-17.0,-54.0,-36.0,4.0,4.0,0.0,-25.7,-14.380000000000003,-114.23,57.03,-15.91,-35.9,-17.26,-59.7,-19.31,-14.489999999999998,-31.68,18.92
2025-08-08T19:59:08.534863,-48.0,41.0,-1.0,-22.0,34.0,-68.0,-9.0,-3.0,30.0,19.0,64.0,-39.0,-34.7,2.6199999999999974,17.77,0.030000000000001137,16.09,-33.9,-9.26,-8.7,46.69,0.5100000000000016,28.32,-20.08
2025-08-08T19:59:08.539301,-10.0,24.0,3.0,-62.0,-36.0,-13.0,40.0,-50.0,-64.0,12.0,126.0,-62.0,3.3000000000000007,-14.380000000000003,21.77,-39.97,-53.91,21.1,39.74,-55.7,-47.31,-6.489999999999998,90.32,-43.08
2025-08-08T19:59:08.547220,-80.0,15.0,-22.0,-11.0,-7.0,-86.0,-44.0,2.0,52.0,-15.0,50.0,5.0,-66.7,-23.380000000000003,-3.2300000000000004,11.030000000000001,-24.91,-51.9,-44.26,-3.7,68.69,-33.489999999999995,14.32,23.92
2025-08-08T19:59:08.551590,5.0,71.0,-28.0,29.0,61.0,-34.0,-54.0,25.0,12.0,46.0,-13.0,-27.0,18.3,32.62,-9.23,51.03,43.09,0.10000000000000142,-54.26,19.3,28.69,27.51,-48.68,-8.079999999999998
2025-08-08T19:59:08.555923,34.0,62.0,54.0,27.0,36.0,-7.0,-12.0,37.0,4.0,18.0,21.0,-21.0,47.3,23.619999999999997,72.77,49.03,18.09,27.1,-12.26,31.3,20.69,-0.48999999999999844,-14.68,-2.0799999999999983
2025-08-08T19:59:08.563969,28.0,73.0,7.0,-35.0,-30.0,-18.0,-35.0,19.0,-37.0,5.0,5.0,-47.0,41.3,34.62,25.77,-12.969999999999999,-47.91,16.1,-35.26,13.3,-20.31,-13.489999999999998,-30.68,-28.08
2025-08-08T19:59:08.567864,-22.0,51.0,-84.0,-8.0,48.0,-8.0,-25.0,26.0,-48.0,17.0,15.0,-20.0,-8.7,12.619999999999997,-65.23,14.030000000000001,30.09,26.1,-25.26,20.3,-31.31,-1.4899999999999984,-20.68,-1.0799999999999983
2025-08-08T19:59:08.576007,44.0,80.0,-38.0,-8.0,52.0,6.0,0.0,49.0,-70.0,17.0,83.0,-18.0,57.3,41.62,-19.23,14.030000000000001,34.09,40.1,-0.26,43.3,-53.31,-1.4899999999999984,47.32,0.9200000000000017
2025-08-08T19:59:08.580144,23.0,95.0,-57.0,-27.0,50.0,-58.0,7.0,-38.0,-6.0,52.0,69.0,-20.0,36.3,56.62,-38.230000000000004,-4.969999999999999,32.09,-23.9,6.74,-43.7,10.690000000000001,33.510000000000005,33.32,-1.0799999999999983
2025-08-08T19:59:08.588388,29.0,11.0,-58.0,-19.0,12.0,22.0,43.0,34.0,-49.0,41.0,60.0,-66.0,42.3,-27.380000000000003,-39.230000000000004,3.030000000000001,-5.91,56.1,42.74,28.3,-32.31,22.51,24.32,-47.08
2025-08-08T19:59:08.592500,-7.0,38.0,-37.0,29.0,-3.0,-24.0,-13.0,-34.0,-18.0,-62.0,55.0,-45.0,6.300000000000001,-0.38000000000000256,-18.23,51.03,-20.91,10.100000000000001,-13.26,-39.7,-1.3099999999999987,-80.49,19.32,-26.08
2025-08-08T19:59:08.600649,0.0,21.0,38.0,98.0,40.0,-41.0,67.0,77.0,-37.0,-38.0,4.0,1.0,13.3,-17.380000000000003,56.769999999999996,120.03,22.09,-6.899999999999999,66.74,71.3,-20.31,-56.489999999999995,-31.68,19.92
2025-08-08T19:59:08.604907,-62.0,37.0,-11.0,-9.0,19.0,-51.0,-16.0,-33.0,-45.0,23.0,135.0,28.0,-48.7,-1.3800000000000026,7.77,13.030000000000001,1.0899999999999999,-16.9,-16.26,-38.7,-28.31,4.510000000000002,99.32,46.92
2025-08-08T19:59:08.613030,-72.0,-36.0,-23.0,-46.0,52.0,-63.0,-6.0,16.0,46.0,44.0,61.0,-46.0,-58.7,-74.38,-4.23,-23.97,34.09,-28.9,-6.26,10.3,62.69,25.51,25.32,-27.08
2025-08-08T19:59:08.618173,5.0,-12.0,-5.0,-20.0,-6.0,-37.0,-56.0,-17.0,20.0,-45.0,40.0,-42.0,18.3,-50.38,13.77,2.030000000000001,-23.91,-2.8999999999999986,-56.26,-22.7,36.69,-63.489999999999995,4.32,-23.08
2025-08-08T19:59:08.625248,-49.0,46.0,-1.0,-15.0,-1.0,-23.0,5.0,92.0,14.0,23.0,52.0,-30.0,-35.7,7.619999999999997,17.77,7.030000000000001,-18.91,11.100000000000001,4.74,86.3,30.69,4.510000000000002,16.32,-11.079999999999998
2025-08-08T19:59:08.629554,-64.0,23.0,-31.0,-29.0,57.0,-51.0,36.0,55.0,-99.0,84.0,70.0,-30.0,-50.7,-15.380000000000003,-12.23,-6.969999999999999,39.09,-16.9,35.74,49.3,-82.31,65.51,34.32,-11.079999999999998
2025-08-08T19:59:08.637450,7.0,78.0,23.0,-25.0,27.0,23.0,18.0,-17.0,2.0,76.0,-4.0,-16.0,20.3,39.62,41.769999999999996,-2.969999999999999,9.09,57.1,17.74,-22.7,18.69,57.510000000000005,-39.68,2.9200000000000017
2025-08-08T19:59:08.642178,-18.0,56.0,19.0,-7.0,-33.0,-19.0,49.0,-17.0,-11.0,65.0,51.0,-12.0,-4.699999999999999,17.619999999999997,37.769999999999996,15.030000000000001,-50.91,15.100000000000001,48.74,-22.7,5.690000000000001,46.510000000000005,15.32,6.920000000000002
2025-08-08T19:59:08.650445,-12.0,98.0,-32.0,-11.0,17.0,-6.0,47.0,37.0,27.0,19.0,10.0,-13.0,1.3000000000000007,59.62,-13.23,11.030000000000001,-0.9100000000000001,28.1,46.74,31.3,43.69,0.5100000000000016,-25.68,5.920000000000002
2025-08-08T19:59:08.654459,-48.0,95.0,-46.0,-59.0,38.0,-30.0,64.0,17.0,16.0,-50.0,-25.0,15.0,-34.7,56.62,-27.23,-36.97,20.09,4.100000000000001,63.74,11.3,32.69,-68.49,-60.68,33.92
2025-08-08T19:59:08.662509,17.0,59.0,-73.0,-27.0,1.0,-18.0,-45.0,-53.0,15.0,11.0,75.0,-66.0,30.3,20.619999999999997,-54.230000000000004,-4.969999999999999,-16.91,16.1,-45.26,-58.7,31.69,-7.489999999999998,39.32,-47.08
2025-08-08T19:59:08.666867,-46.0,18.0,-87.0,-8.0,38.0,-1.0,-31.0,-20.0,-38.0,20.0,41.0,11.0,-32.7,-20.380000000000003,-68.23,14.030000000000001,20.09,33.1,-31.26,-25.7,-21.31,1.5100000000000016,5.32,29.92
2025-08-08T19:59:08.674442,-16.0,47.0,-50.0,-4.0,28.0,18.0,-31.0,14.0,-19.0,-61.0,49.0,-11.0,-2.6999999999999993,8.619999999999997,-31.23,18.03,10.09,52.1,-31.26,8.3,-2.3099999999999987,-79.49,13.32,7.920000000000002
2025-08-08T19:59:08.679151,0.0,-30.0,3.0,14.0,35.0,-30.0,7.0,68.0,-30.0,63.0,65.0,43.0,13.3,-68.38,21.77,36.03,17.09,4.100000000000001,6.74,62.3,-13.309999999999999,44.510000000000005,29.32,61.92
2025-08-08T19:59:08.686613,23.0,44.0,-34.0,-14.0,38.0,-88.0,-76.0,2.0,-10.0,-22.0,5.0,-14.0,36.3,5.619999999999997,-15.23,8.030000000000001,20.09,-53.9,-76.26,-3.7,6.690000000000001,-40.489999999999995,-30.68,4.920000000000002
2025-08-08T19:59:08.691396,-7.0,95.0,-33.0,-10.0,43.0,-59.0,-41.0,57.0,-6.0,9.0,63.0,-20.0,6.300000000000001,56.62,-14.23,12.030000000000001,25.09,-24.9,-41.26,51.3,10.690000000000001,-9.489999999999998,27.32,-1.0799999999999983
2025-08-08T19:59:08.699497,-6.0,26.0,39.0,-17.0,14.0,-14.0,15.0,-5.0,-7.0,42.0,99.0,-52.0,7.300000000000001,-12.380000000000003,57.769999999999996,5.030000000000001,-3.91,20.1,14.74,-10.7,9.690000000000001,23.51,63.32,-33.08
2025-08-08T19:59:08.704076,10.0,71.0,71.0,-18.0,54.0,-41.0,-10.0,30.0,-43.0,11.0,18.0,-23.0,23.3,32.62,89.77,4.030000000000001,36.09,-6.899999999999999,-10.26,24.3,-26.31,-7.489999999999998,-17.68,-4.079999999999998
2025-08-08T19:59:08.711178,57.0,16.0,-7.0,-13.0,2.0,-42.0,-33.0,66.0,-65.0,44.0,-7.0,-48.0,70.3,-22.380000000000003,11.77,9.030000000000001,-15.91,-7.899999999999999,-33.26,60.3,-48.31,25.51,-42.68,-29.08
2025-08-08T19:59:08.715730,-15.0,32.0,-10.0,10.0,-11.0,-21.0,47.0,-34.0,-54.0,6.0,45.0,-1.0,-1.6999999999999993,-6.380000000000003,8.77,32.03,-28.91,13.100000000000001,46.74,-39.7,-37.31,-12.489999999999998,9.32,17.92
2025-08-08T19:59:08.723338,-58.0,86.0,-7.0,-94.0,47.0,-18.0,43.0,-1.0,-38.0,78.0,-32.0,-82.0,-44.7,47.62,11.77,-71.97,29.09,16.1,42.74,-6.7,-21.31,59.510000000000005,-67.68,-63.08
2025-08-08T19:59:08.727760,-36.0,54.0,28.0,44.0,12.0,-104.0,-13.0,4.0,-30.0,47.0,-2.0,-58.0,-22.7,15.619999999999997,46.769999999999996,66.03,-5.91,-69.9,-13.26,-1.7000000000000002,-13.309999999999999,28.51,-37.68,-39.08
2025-08-08T19:59:08.735700,18.0,61.0,-32.0,-23.0,14.0,-16.0,-22.0,7.0,-3.0,84.0,24.0,-86.0,31.3,22.619999999999997,-13.23,-0.9699999999999989,-3.91,18.1,-22.26,1.2999999999999998,13.690000000000001,65.51,-11.68,-67.08
2025-08-08T19:59:08.739860,23.0,32.0,-12.0,-27.0,15.0,-35.0,21.0,9.0,-9.0,58.0,18.0,-44.0,36.3,-6.380000000000003,6.77,-4.969999999999999,-2.91,-0.8999999999999986,20.74,3.3,7.690000000000001,39.510000000000005,-17.68,-25.08
2025-08-08T19:59:08.747958,-74.0,29.0,0.0,-18.0,-19.0,-24.0,-27.0,-36.0,-44.0,19.0,-27.0,10.0,-60.7,-9.380000000000003,18.77,4.030000000000001,-36.91,10.100000000000001,-27.26,-41.7,-27.31,0.5100000000000016,-62.68,28.92
2025-08-08T19:59:08.752385,5.0,81.0,-53.0,-56.0,-24.0,-39.0,-19.0,-11.0,12.0,-22.0,23.0,-4.0,18.3,42.62,-34.230000000000004,-33.97,-41.91,-4.899999999999999,-19.26,-16.7,28.69,-40.489999999999995,-12.68,14.920000000000002
2025-08-08T19:59:08.760272,1.0,65.0,-15.0,-19.0,-5.0,-2.0,-51.0,32.0,11.0,62.0,32.0,-20.0,14.3,26.619999999999997,3.7699999999999996,3.030000000000001,-22.91,32.1,-51.26,26.3,27.69,43.510000000000005,-3.6799999999999997,-1.0799999999999983
2025-08-08T19:59:08.764431,64.0,41.0,-59.0,-42.0,82.0,-30.0,-6.0,76.0,1.0,15.0,38.0,-63.0,77.3,2.6199999999999974,-40.230000000000004,-19.97,64.09,4.100000000000001,-6.26,70.3,17.69,-3.4899999999999984,2.3200000000000003,-44.08
2025-08-08T19:59:08.772537,-36.0,142.0,-71.0,4.0,68.0,-76.0,-38.0,-4.0,19.0,45.0,87.0,45.0,-22.7,103.62,-52.230000000000004,26.03,50.09,-41.9,-38.26,-9.7,35.69,26.51,51.32,63.92
2025-08-08T19:59:08.776849,-33.0,30.0,-43.0,-63.0,9.0,11.0,-55.0,-27.0,25.0,-5.0,126.0,-55.0,-19.7,-8.380000000000003,-24.23,-40.97,-8.91,45.1,-55.26,-32.7,41.69,-23.49,90.32,-36.08
2025-08-08T19:59:08.784886,122.0,108.0,-27.0,-29.0,5.0,-68.0,33.0,1.0,-10.0,42.0,14.0,-25.0,135.3,69.62,-8.23,-6.969999999999999,-12.91,-33.9,32.74,-4.7,6.690000000000001,23.51,-21.68,-6.079999999999998
2025-08-08T19:59:08.789348,13.0,28.0,-73.0,-68.0,-40.0,-7.0,-1.0,-27.0,-6.0,9.0,83.0,-84.0,26.3,-10.380000000000003,-54.230000000000004,-45.97,-57.91,27.1,-1.26,-32.7,10.690000000000001,-9.489999999999998,47.32,-65.08
2025-08-08T19:59:08.793496,53.0,47.0,-7.0,5.0,-16.0,-91.0,-6.0,84.0,-80.0,-22.0,45.0,-66.0,66.3,8.619999999999997,11.77,27.03,-33.91,-56.9,-6.26,78.3,-63.31,-40.489999999999995,9.32,-47.08
2025-08-08T19:59:08.801734,49.0,43.0,-20.0,2.0,89.0,-7.0,-30.0,33.0,-13.0,-49.0,46.0,-28.0,62.3,4.619999999999997,-1.2300000000000004,24.03,71.09,27.1,-30.26,27.3,3.6900000000000013,-67.49,10.32,-9.079999999999998
2025-08-08T19:59:08.805772,9.0,45.0,-9.0,-18.0,30.0,-14.0,24.0,37.0,13.0,88.0,41.0,-41.0,22.3,6.619999999999997,9.77,4.030000000000001,12.09,20.1,23.74,31.3,29.69,69.51,5.32,-22.08
2025-08-08T19:59:08.813830,52.0,47.0,-8.0,-28.0,40.0,-82.0,55.0,-67.0,-9.0,19.0,100.0,-20.0,65.3,8.619999999999997,10.77,-5.969999999999999,22.09,-47.9,54.74,-72.7,7.690000000000001,0.5100000000000016,64.32,-1.0799999999999983
2025-08-08T19:59:08.820367,-32.0,2.0,99.0,9.0,19.0,-33.0,-60.0,21.0,12.0,28.0,21.0,-21.0,-18.7,-36.38,117.77,31.03,1.0899999999999999,1.1000000000000014,-60.26,15.3,28.69,9.510000000000002,-14.68,-2.0799999999999983
2025-08-08T19:59:08.826075,28.0,-51.0,-50.0,-39.0,-34.0,-42.0,-22.0,-4.0,61.0,129.0,-25.0,-138.0,41.3,-89.38,-31.23,-16.97,-51.91,-7.899999999999999,-22.26,-9.7,77.69,110.51,-60.68,-119.08
2025-08-08T19:59:08.830423,22.0,-53.0,-28.0,-25.0,-15.0,-16.0,40.0,-26.0,35.0,32.0,4.0,36.0,35.3,-91.38,-9.23,-2.969999999999999,-32.91,18.1,39.74,-31.7,51.69,13.510000000000002,-31.68,54.92
2025-08-08T19:59:08.838501,-19.0,29.0,55.0,-20.0,-21.0,11.0,29.0,16.0,-41.0,-9.0,54.0,17.0,-5.699999999999999,-9.380000000000003,73.77,2.030000000000001,-38.91,45.1,28.74,10.3,-24.31,-27.49,18.32,35.92
2025-08-08T19:59:08.842774,-72.0,78.0,5.0,-27.0,45.0,-34.0,-4.0,81.0,5.0,-24.0,-31.0,13.0,-58.7,39.62,23.77,-4.969999999999999,27.09,0.10000000000000142,-4.26,75.3,21.69,-42.489999999999995,-66.68,31.92
2025-08-08T19:59:08.850592,22.0,6.0,80.0,5.0,75.0,-53.0,74.0,51.0,-25.0,-4.0,19.0,12.0,35.3,-32.38,98.77,27.03,57.09,-18.9,73.74,45.3,-8.309999999999999,-22.49,-16.68,30.92
2025-08-08T19:59:08.855335,10.0,101.0,-12.0,-78.0,21.0,-95.0,-44.0,-3.0,46.0,-22.0,73.0,-17.0,23.3,62.62,6.77,-55.97,3.09,-60.9,-44.26,-8.7,62.69,-40.489999999999995,37.32,1.9200000000000017
2025-08-08T19:59:08.862987,49.0,100.0,37.0,22.0,61.0,-65.0,-31.0,46.0,-15.0,-75.0,23.0,-31.0,62.3,61.62,55.769999999999996,44.03,43.09,-30.9,-31.26,40.3,1.6900000000000013,-93.49,-12.68,-12.079999999999998
2025-08-08T19:59:08.871036,39.0,13.0,-26.0,-44.0,43.0,43.0,34.0,-59.0,20.0,-7.0,-3.0,2.0,52.3,-25.380000000000003,-7.23,-21.97,25.09,77.1,33.74,-64.7,36.69,-25.49,-38.68,20.92
2025-08-08T19:59:08.877305,11.0,76.0,-31.0,40.0,11.0,-22.0,46.0,34.0,32.0,15.0,10.0,-57.0,24.3,37.62,-12.23,62.03,-6.91,12.100000000000001,45.74,28.3,48.69,-3.4899999999999984,-25.68,-38.08
2025-08-08T19:59:08.880100,28.0,82.0,-22.0,-2.0,28.0,-16.0,68.0,-17.0,-59.0,5.0,4.0,-1.0,41.3,43.62,-3.2300000000000004,20.03,10.09,18.1,67.74,-22.7,-42.31,-13.489999999999998,-31.68,17.92
2025-08-08T19:59:08.887495,49.0,55.0,9.0,1.0,-30.0,-47.0,-22.0,20.0,10.0,17.0,-9.0,-4.0,62.3,16.619999999999997,27.77,23.03,-47.91,-12.899999999999999,-22.26,14.3,26.69,-1.4899999999999984,-44.68,14.920000000000002
2025-08-08T19:59:08.891954,4.0,77.0,-60.0,60.0,19.0,-59.0,16.0,25.0,36.0,23.0,48.0,-54.0,17.3,38.62,-41.230000000000004,82.03,1.0899999999999999,-24.9,15.74,19.3,52.69,4.510000000000002,12.32,-35.08
2025-08-08T19:59:08.899691,-21.0,82.0,1.0,1.0,27.0,8.0,-12.0,7.0,-30.0,79.0,-20.0,-21.0,-7.699999999999999,43.62,19.77,23.03,9.09,42.1,-12.26,1.2999999999999998,-13.309999999999999,60.510000000000005,-55.68,-2.0799999999999983
2025-08-08T19:59:08.904389,-23.0,53.0,-33.0,-46.0,15.0,-40.0,-3.0,21.0,81.0,100.0,99.0,-15.0,-9.7,14.619999999999997,-14.23,-23.97,-2.91,-5.899999999999999,-3.26,15.3,97.69,81.51,63.32,3.9200000000000017
2025-08-08T19:59:08.912202,19.0,18.0,31.0,26.0,18.0,-52.0,-43.0,-35.0,-25.0,-49.0,29.0,12.0,32.3,-20.380000000000003,49.769999999999996,48.03,0.08999999999999986,-17.9,-43.26,-40.7,-8.309999999999999,-67.49,-6.68,30.92
2025-08-08T19:59:08.916567,-24.0,27.0,23.0,20.0,5.0,-14.0,3.0,19.0,22.0,60.0,88.0,16.0,-10.7,-11.380000000000003,41.769999999999996,42.03,-12.91,20.1,2.74,13.3,38.69,41.510000000000005,52.32,34.92
2025-08-08T19:59:08.924144,-40.0,21.0,-20.0,-69.0,82.0,-90.0,52.0,-28.0,6.0,-24.0,47.0,-2.0,-26.7,-17.380000000000003,-1.2300000000000004,-46.97,64.09,-55.9,51.74,-33.7,22.69,-42.489999999999995,11.32,16.92
2025-08-08T19:59:08.928815,-19.0,-32.0,20.0,-76.0,-6.0,-68.0,3.0,-2.0,-29.0,5.0,37.0,50.0,-5.699999999999999,-70.38,38.769999999999996,-53.97,-23.91,-33.9,2.74,-7.7,-12.309999999999999,-13.489999999999998,1.3200000000000003,68.92
2025-08-08T19:59:08.936511,-47.0,48.0,17.0,-29.0,12.0,-57.0,13.0,-19.0,-59.0,4.0,-10.0,-35.0,-33.7,9.619999999999997,35.769999999999996,-6.969999999999999,-5.91,-22.9,12.74,-24.7,-42.31,-14.489999999999998,-45.68,-16.08
2025-08-08T19:59:08.941236,-39.0,75.0,36.0,-29.0,3.0,-5.0,6.0,-56.0,-26.0,13.0,43.0,-30.0,-25.7,36.62,54.769999999999996,-6.969999999999999,-14.91,29.1,5.74,-61.7,-9.309999999999999,-5.489999999999998,7.32,-11.079999999999998
2025-08-08T19:59:08.948765,2.0,90.0,31.0,21.0,1.0,-18.0,2.0,35.0,-15.0,45.0,88.0,-6.0,15.3,51.62,49.769999999999996,43.03,-16.91,16.1,1.74,29.3,1.6900000000000013,26.51,52.32,12.920000000000002
2025-08-08T19:59:08.953405,-64.0,52.0,-18.0,22.0,26.0,-36.0,52.0,97.0,-21.0,3.0,39.0,-21.0,-50.7,13.619999999999997,0.7699999999999996,44.03,8.09,-1.8999999999999986,51.74,91.3,-4.309999999999999,-15.489999999999998,3.3200000000000003,-2.0799999999999983
2025-08-08T19:59:08.961021,9.0,78.0,-49.0,-8.0,-19.0,18.0,-50.0,-32.0,35.0,4.0,58.0,15.0,22.3,39.62,-30.23,14.030000000000001,-36.91,52.1,-50.26,-37.7,51.69,-14.489999999999998,22.32,33.92
2025-08-08T19:59:08.965595,-31.0,125.0,-26.0,-106.0,-12.0,-3.0,-14.0,53.0,5.0,27.0,48.0,-58.0,-17.7,86.62,-7.23,-83.97,-29.91,31.1,-14.26,47.3,21.69,8.510000000000002,12.32,-39.08
2025-08-08T19:59:08.974367,47.0,102.0,-66.0,-58.0,42.0,69.0,12.0,-23.0,-12.0,77.0,25.0,-20.0,60.3,63.62,-47.230000000000004,-35.97,24.09,103.1,11.74,-28.7,4.690000000000001,58.510000000000005,-10.68,-1.0799999999999983
2025-08-08T19:59:08.979948,-27.0,51.0,-9.0,-58.0,-26.0,-44.0,14.0,2.0,-52.0,29.0,21.0,6.0,-13.7,12.619999999999997,9.77,-35.97,-43.91,-9.899999999999999,13.74,-3.7,-35.31,10.510000000000002,-14.68,24.92
2025-08-08T19:59:08.985264,-8.0,77.0,-50.0,-56.0,15.0,-10.0,-19.0,49.0,7.0,58.0,31.0,74.0,5.300000000000001,38.62,-31.23,-33.97,-2.91,24.1,-19.26,43.3,23.69,39.510000000000005,-4.68,92.92
2025-08-08T19:59:08.989928,2.0,103.0,12.0,22.0,20.0,-45.0,31.0,51.0,-75.0,-34.0,13.0,-55.0,15.3,64.62,30.77,44.03,2.09,-10.899999999999999,30.74,45.3,-58.31,-52.489999999999995,-22.68,-36.08
2025-08-08T19:59:08.997579,42.0,85.0,14.0,-55.0,68.0,-44.0,20.0,-65.0,-25.0,49.0,21.0,5.0,55.3,46.62,32.769999999999996,-32.97,50.09,-9.899999999999999,19.74,-70.7,-8.309999999999999,30.51,-14.68,23.92
2025-08-08T19:59:09.002394,5.0,-5.0,21.0,-70.0,49.0,-1.0,-56.0,2.0,-48.0,-8.0,81.0,-104.0,18.3,-43.38,39.769999999999996,-47.97,31.09,33.1,-56.26,-3.7,-31.31,-26.49,45.32,-85.08
2025-08-08T19:59:09.007791,47.0,9.0,11.0,21.0,-2.0,-9.0,16.0,-42.0,26.0,-5.0,108.0,-1.0,60.3,-29.380000000000003,29.77,43.03,-19.91,25.1,15.74,-47.7,42.69,-23.49,72.32,17.92
2025-08-08T19:59:09.014653,-29.0,13.0,1.0,-20.0,84.0,-32.0,76.0,-12.0,-25.0,-18.0,6.0,-29.0,-15.7,-25.380000000000003,19.77,2.030000000000001,66.09,2.1000000000000014,75.74,-17.7,-8.309999999999999,-36.489999999999995,-29.68,-10.079999999999998
2025-08-08T19:59:09.020767,14.0,56.0,-20.0,-43.0,49.0,-46.0,27.0,32.0,36.0,-47.0,63.0,-34.0,27.3,17.619999999999997,-1.2300000000000004,-20.97,31.09,-11.899999999999999,26.74,26.3,52.69,-65.49,27.32,-15.079999999999998
2025-08-08T19:59:09.026921,57.0,82.0,-4.0,23.0,8.0,-22.0,-1.0,39.0,22.0,12.0,31.0,-22.0,70.3,43.62,14.77,45.03,-9.91,12.100000000000001,-1.26,33.3,38.69,-6.489999999999998,-4.68,-3.0799999999999983
2025-08-08T19:59:09.032440,0.0,34.0,28.0,-16.0,35.0,20.0,-32.0,22.0,21.0,7.0,71.0,-67.0,13.3,-4.380000000000003,46.769999999999996,6.030000000000001,17.09,54.1,-32.26,16.3,37.69,-11.489999999999998,35.32,-48.08
2025-08-08T19:59:09.039104,-32.0,24.0,-45.0,31.0,-1.0,-80.0,-36.0,-21.0,-24.0,45.0,13.0,-53.0,-18.7,-14.380000000000003,-26.23,53.03,-18.91,-45.9,-36.26,-26.7,-7.309999999999999,26.51,-22.68,-34.08
2025-08-08T19:59:09.043383,-32.0,21.0,0.0,-24.0,12.0,-14.0,-43.0,2.0,-14.0,72.0,35.0,-29.0,-18.7,-17.380000000000003,18.77,-1.9699999999999989,-5.91,20.1,-43.26,-3.7,2.6900000000000013,53.510000000000005,-0.6799999999999997,-10.079999999999998
2025-08-08T19:59:09.051487,-38.0,11.0,17.0,15.0,-7.0,-44.0,-42.0,12.0,-27.0,49.0,89.0,-72.0,-24.7,-27.380000000000003,35.769999999999996,37.03,-24.91,-9.899999999999999,-42.26,6.3,-10.309999999999999,30.51,53.32,-53.08
2025-08-08T19:59:09.055785,-18.0,62.0,28.0,-48.0,-23.0,-62.0,-2.0,50.0,1.0,-3.0,2.0,-52.0,-4.699999999999999,23.619999999999997,46.769999999999996,-25.97,-40.91,-27.9,-2.26,44.3,17.69,-21.49,-33.68,-33.08
2025-08-08T19:59:09.065654,-21.0,88.0,-36.0,-57.0,2.0,-55.0,-77.0,0.0,25.0,45.0,16.0,-11.0,-7.699999999999999,49.62,-17.23,-34.97,-15.91,-20.9,-77.26,-5.7,41.69,26.51,-19.68,7.920000000000002
