---------------------------------------------------------------------- OOD: Tex
X_train: (2520, 5760) | X_test: (1500, 5760) | n_classes=6

=== Flattened SVM (Combined labels) — Test Metrics ===
Accuracy        : 0.9080
Precision (macro): 0.9103
Recall (macro)   : 0.9080
F1 (macro)       : 0.9068
F1 (micro)       : 0.9080

Confusion Matrix:
[[249   0   0   1   0   0]
 [  0 219   0  31   0   0]
 [  0   0 228   0   1  21]
 [  4   8   0 237   0   1]
 [  0   0   0   0 244   6]
 [  0   0  17   0  48 185]]

Classification Report:
              precision    recall  f1-score   support

       tex=0       0.98      1.00      0.99       250
       tex=1       0.96      0.88      0.92       250
       tex=2       0.93      0.91      0.92       250
       tex=3       0.88      0.95      0.91       250
       tex=4       0.83      0.98      0.90       250
       tex=5       0.87      0.74      0.80       250

    accuracy                           0.91      1500
   macro avg       0.91      0.91      0.91      1500
weighted avg       0.91      0.91      0.91      1500

---------------------------------------------------------------------- OOD: Mat
X_train: (2520, 5760) | X_test: (1500, 5760) | n_classes=5

=== Flattened SVM (Combined labels) — Test Metrics ===
Accuracy        : 0.6940
Precision (macro): 0.7105
Recall (macro)   : 0.6940
F1 (macro)       : 0.6978
F1 (micro)       : 0.6940

Confusion Matrix:
[[170 128   0   0   2]
 [127 173   0   0   0]
 [  0   0 228  63   9]
 [  0   0  26 255  19]
 [ 33   3   1  48 215]]

Classification Report:
              precision    recall  f1-score   support

       mat=0       0.52      0.57      0.54       300
       mat=1       0.57      0.58      0.57       300
       mat=2       0.89      0.76      0.82       300
       mat=3       0.70      0.85      0.77       300
       mat=4       0.88      0.72      0.79       300

    accuracy                           0.69      1500
   macro avg       0.71      0.69      0.70      1500
weighted avg       0.71      0.69      0.70      1500

---------------------------------------------------------------------- OOD: Dual
X_train: (2520, 168) | X_test: (1500, 168) | n_classes: 30

=== Combined (mat,tex) SVM — Test Metrics ===
Accuracy        : 0.5420
Precision (macro): 0.5848
Recall (macro)   : 0.5420
F1 (macro)       : 0.5356
F1 (micro)       : 0.5420

Confusion Matrix (rows=true, cols=pred):
[[13  0  0  0  0  0 32  0  0  0  0  0  0  0  0  0  0  0  0  0  0  0  0  0
   5  0  0  0  0  0]
 [ 0 23  0  6  0  0  0 17  0  4  0  0  0  0  0  0  0  0  0  0  0  0  0  0
   0  0  0  0  0  0]
 [ 0  0 31  0  0  3  0  0 16  0  0  0  0  0  0  0  0  0  0  0  0  0  0  0
   0  0  0  0  0  0]
 [ 0  0  0 11  0  0  0  0  0 39  0  0  0  0  0  0  0  0  0  0  0  0  0  0
   0  0  0  0  0  0]
 [ 0  0  0  0 21  0  0  0  0  0 29  0  0  0  0  0  0  0  0  0  0  0  0  0
   0  0  0  0  0  0]
 [ 0  0  1  0  0 32  0  0  8  0  0  9  0  0  0  0  0  0  0  0  0  0  0  0
   0  0  0  0  0  0]
 [21  0  0  0  0  0 19  0  0  0  0  0  0  0  0  0  0  0  0  0  0  0  0  0
  10  0  0  0  0  0]
 [ 0 21  0  8  0  0  0 20  0  1  0  0  0  0  0  0  0  0  0  0  0  0  0  0
   0  0  0  0  0  0]
 [ 0  0  7  0  0  6  0  0 37  0  0  0  0  0  0  0  0  0  0  0  0  0  0  0
   0  0  0  0  0  0]
 [ 0  0  0  4  0  0  0  0  0 46  0  0  0  0  0  0  0  0  0  0  0  0  0  0
   0  0  0  0  0  0]
 [ 0  0  0  0 39  0  0  0  0  0 11  0  0  0  0  0  0  0  0  0  0  0  0  0
   0  0  0  0  0  0]
 [ 0  0  0  0  5 22  0  0  2  0 10 11  0  0  0  0  0  0  0  0  0  0  0  0
   0  0  0  0  0  0]
 [ 0  0  0  0  0  0  0  0  0  0  0  0 35  0  0  0  0  0 15  0  0  0  0  0
   0  0  0  0  0  0]
 [ 0  0  0  0  0  0  0  0  0  0  0  0  0 38  0  0  0  0  0 12  0  0  0  0
   0  0  0  0  0  0]
 [ 0  0  0  0  0  0  0  0  0  0  0  0  0  0 21  0 10  1  0  0 14  0  1  3
   0  0  0  0  0  0]
 [ 0  0  0  0  0  0  0  0  0  0  0  0  0  0  0 37  0  0  0  1  0 10  0  0
   0  2  0  0  0  0]
 [ 0  0  0  0  0  0  0  0  0  0  0  0  0  0  0  0 42  1  0  0  0  0  7  0
   0  0  0  0  0  0]
 [ 0  0  0  0  0  0  0  0  0  0  0  0  0  0  5  0 19 15  0  0  1  0  4  6
   0  0  0  0  0  0]
 [ 0  0  0  0  0  0  0  0  0  0  0  0  9  0  0  0  0  0 35  0  0  0  0  0
   6  0  0  0  0  0]
 [ 0  0  0  0  0  0  0  0  0  0  0  0  0  0  0 10  0  0  0 25  0  0  0  0
   0 15  0  0  0  0]
 [ 0  0  0  0  0  0  0  0  0  0  0  0  0  0  2  0  0  4  0  0 39  0  2  3
   0  0  0  0  0  0]
 [ 0  0  0  0  0  0  0  0  0  0  0  0  0  0  0 12  0  0  0  2  0 35  0  0
   0  1  0  0  0  0]
 [ 0  0  0  0  0  0  0  0  0  0  0  0  0  0  0  0  9  5  0  0  0  0 36  0
   0  0  0  0  0  0]
 [ 0  0  0  0  0  0  0  0  0  0  0  0  0  0  0  0 19  3  0  0  1  0  9 18
   0  0  0  0  0  0]
 [ 1  0  0  0  0  0 12  0  0  0  0  0  0  0  0  0  0  0  5  0  0  0  0  0
  32  0  0  0  0  0]
 [ 0 10  0  0  0  0  0  0  0  0  0  0  0  0  0 14  0  0  0  0  0  0  0  0
   0 26  0  0  0  0]
 [ 0  0  0  0  0  0  0  0  0  0  0  0  0  0  0  0  0  0  0  1  3  0  1 38
   0  0  4  0  0  3]
 [ 0  0  0  4  0  0  0  0  0  0  0  0  1  0  0  0  0  0  0  0  0 16  0  0
   0  0  0 29  0  0]
 [ 0  0  0  0  0  0  0  0  0  0  0  0  0  0  0  0  2  1  0  0  0  0 10  4
   0  0  1  0 32  0]
 [ 0  0  1  0  0  0  0  0  0  0  0  0  0  0  0  0  0  0  0  0  0  0  1  9
   0  0  0  0  0 39]]

Classification Report (per combined class):
              precision    recall  f1-score   support

 mat=0|tex=0       0.37      0.26      0.31        50
 mat=0|tex=1       0.43      0.46      0.44        50
 mat=0|tex=2       0.78      0.62      0.69        50
 mat=0|tex=3       0.33      0.22      0.27        50
 mat=0|tex=4       0.32      0.42      0.37        50
 mat=0|tex=5       0.51      0.64      0.57        50
 mat=1|tex=0       0.30      0.38      0.34        50
 mat=1|tex=1       0.54      0.40      0.46        50
 mat=1|tex=2       0.59      0.74      0.65        50
 mat=1|tex=3       0.51      0.92      0.66        50
 mat=1|tex=4       0.22      0.22      0.22        50
 mat=1|tex=5       0.55      0.22      0.31        50
 mat=2|tex=0       0.78      0.70      0.74        50
 mat=2|tex=1       1.00      0.76      0.86        50
 mat=2|tex=2       0.75      0.42      0.54        50
 mat=2|tex=3       0.51      0.74      0.60        50
 mat=2|tex=4       0.42      0.84      0.56        50
 mat=2|tex=5       0.50      0.30      0.38        50
 mat=3|tex=0       0.64      0.70      0.67        50
 mat=3|tex=1       0.61      0.50      0.55        50
 mat=3|tex=2       0.67      0.78      0.72        50
 mat=3|tex=3       0.57      0.70      0.63        50
 mat=3|tex=4       0.51      0.72      0.60        50
 mat=3|tex=5       0.22      0.36      0.27        50
 mat=4|tex=0       0.60      0.64      0.62        50
 mat=4|tex=1       0.59      0.52      0.55        50
 mat=4|tex=2       0.80      0.08      0.15        50
 mat=4|tex=3       1.00      0.58      0.73        50
 mat=4|tex=4       1.00      0.64      0.78        50
 mat=4|tex=5       0.93      0.78      0.85        50

    accuracy                           0.54      1500
   macro avg       0.58      0.54      0.54      1500
weighted avg       0.58      0.54      0.54      1500

