---------------------------------------------------------------------- ID: Tex
X_train: (2520, 5760) | X_test: (1500, 5760) | n_classes=6

=== Flattened SVM (Combined labels) — Test Metrics ===
Accuracy        : 0.9480
Precision (macro): 0.9477
Recall (macro)   : 0.9482
F1 (macro)       : 0.9478
F1 (micro)       : 0.9480

Confusion Matrix:
[[247   0   0   0   0   0]
 [  0 249   0   1   0   0]
 [  0   0 216   0   0  22]
 [  0   0   0 258   0   0]
 [  0   0   1   0 236  11]
 [  0   2  31   0  10 216]]

Classification Report:
              precision    recall  f1-score   support

       tex=0       1.00      1.00      1.00       247
       tex=1       0.99      1.00      0.99       250
       tex=2       0.87      0.91      0.89       238
       tex=3       1.00      1.00      1.00       258
       tex=4       0.96      0.95      0.96       248
       tex=5       0.87      0.83      0.85       259

    accuracy                           0.95      1500
   macro avg       0.95      0.95      0.95      1500
weighted avg       0.95      0.95      0.95      1500

---------------------------------------------------------------------- ID: Mat
X_train: (2520, 5760) | X_test: (1500, 5760) | n_classes=5

=== Flattened SVM (Combined labels) — Test Metrics ===
Accuracy        : 0.7980
Precision (macro): 0.8025
Recall (macro)   : 0.7984
F1 (macro)       : 0.7992
F1 (micro)       : 0.7980

Confusion Matrix:
[[212  80   0   0   2]
 [ 72 242   0   0   1]
 [  0   0 257  38   1]
 [  0   0  38 238  12]
 [ 21   2   7  29 248]]

Classification Report:
              precision    recall  f1-score   support

       mat=0       0.70      0.72      0.71       294
       mat=1       0.75      0.77      0.76       315
       mat=2       0.85      0.87      0.86       296
       mat=3       0.78      0.83      0.80       288
       mat=4       0.94      0.81      0.87       307

    accuracy                           0.80      1500
   macro avg       0.80      0.80      0.80      1500
weighted avg       0.80      0.80      0.80      1500

---------------------------------------------------------------------- ID: Dual

X_train: (2520, 168) | X_test: (1500, 168) | n_classes: 30

=== Combined (mat,tex) SVM — Test Metrics ===
Accuracy        : 0.8093
Precision (macro): 0.8110
Recall (macro)   : 0.8102
F1 (macro)       : 0.8059
F1 (micro)       : 0.8093

Confusion Matrix (rows=true, cols=pred):
[[47  0  0  0  0  0  6  0  0  0  0  0  0  0  0  0  0  0  0  0  0  0  0  0
   0  0  0  0  0  0]
 [ 0 46  0  1  0  0  0  9  0  0  0  0  0  0  0  0  0  0  0  0  0  0  0  0
   0  0  0  0  0  0]
 [ 0  0 44  0  0  0  0  0  8  0  0  0  0  0  0  0  0  0  0  0  0  0  0  0
   0  0  1  0  0  0]
 [ 0  0  0 36  0  0  0  0  0 12  0  0  0  0  0  0  0  0  0  0  0  0  0  0
   0  0  0  0  0  0]
 [ 0  0  0  0 41  0  0  0  0  0  5  0  0  0  0  0  0  0  0  0  0  0  0  0
   0  0  0  0  0  0]
 [ 0  0  0  0  0 57  0  0  3  0  0  1  0  0  0  0  0  0  0  0  0  0  0  0
   0  0  0  0  0  0]
 [19  0  0  0  0  0 29  0  0  0  0  0  0  0  0  0  0  0  0  0  0  0  0  0
   3  0  0  0  0  0]
 [ 0  9  0  0  0  0  0 34  0  0  0  0  0  0  0  0  0  0  0  0  0  0  0  0
   0  0  0  0  0  0]
 [ 0  0  2  0  0  2  0  0 41  0  0  1  0  0  0  0  0  0  0  0  0  0  0  0
   0  0  0  0  0  0]
 [ 0  0  0 15  0  0  0  0  0 37  0  0  0  0  0  0  0  0  0  0  0  0  0  0
   0  0  0  1  0  0]
 [ 0  0  0  0 14  0  0  0  0  0 40  0  0  0  0  0  0  0  0  0  0  0  0  0
   0  0  0  0  0  0]
 [ 0  0  0  0  0  1  0  0  1  0  0 50  0  0  0  0  0  0  0  0  0  0  0  0
   0  0  0  0  0  0]
 [ 0  0  0  0  0  0  0  0  0  0  0  0 32  0  0  0  0  0 16  0  0  0  0  0
   0  0  0  0  0  0]
 [ 0  0  0  0  0  0  0  0  0  0  0  0  0 41  0  0  0  0  0  4  0  0  0  0
   0  0  0  0  0  0]
 [ 0  0  0  0  0  0  0  0  0  0  0  0  0  0 37  0  1  4  0  0  3  0  0  0
   0  0  1  0  0  0]
 [ 0  0  0  0  0  0  0  0  0  0  0  0  0  0  0 55  0  0  0  0  0  6  0  0
   0  0  0  0  0  0]
 [ 0  0  0  0  0  0  0  0  0  0  0  0  0  0  1  0 39  2  0  0  0  0  3  2
   0  0  0  0  0  0]
 [ 0  0  0  0  0  0  0  0  0  0  0  0  0  0  8  0  1 29  0  0  1  0  1  2
   0  0  0  0  0  0]
 [ 0  0  0  0  0  0  0  0  0  0  0  0  3  0  0  0  0  0 45  0  0  0  0  0
   0  0  0  0  0  0]
 [ 0  0  0  0  0  0  0  0  0  0  0  0  0  9  0  0  0  0  0 35  0  0  0  0
   0  6  0  0  0  0]
 [ 0  0  0  0  0  0  0  0  0  0  0  0  0  0  6  0  0  3  0  0 40  0  0  6
   0  0  3  0  0  1]
 [ 0  0  0  0  0  0  0  0  0  0  0  0  0  0  0 14  0  0  0  0  0 33  0  0
   0  0  0  6  0  0]
 [ 0  0  0  0  0  0  0  0  0  0  0  0  0  0  0  0  1  1  0  0  1  0 30  5
   0  0  0  0  0  0]
 [ 0  0  0  0  0  0  0  0  0  0  0  0  0  0  1  0  2  3  0  0  7  0  7 28
   0  0  2  0  0  2]
 [ 0  0  0  0  0  0  2  0  0  0  0  0  0  0  0  0  0  0  0  0  0  0  0  0
  49  0  0  0  0  0]
 [ 0  0  0  0  0  0  0  0  0  0  0  0  0  0  0  0  0  0  0  0  0  0  0  0
   0 49  0  0  0  0]
 [ 0  0  0  0  0  0  0  0  0  0  0  0  0  0  0  0  0  0  0  0  1  0  4  4
   0  0 35  0  0  6]
 [ 0  0  0  0  0  0  0  0  0  0  0  0  0  0  0  0  0  0  0  0  0  5  0  0
   0  0  0 50  0  0]
 [ 0  0  0  0  0  0  0  0  0  0  0  0  0  0  0  0  1  0  0  0  0  0  2  1
   0  0  1  0 46  0]
 [ 0  0  0  0  0  0  0  0  0  0  0  0  0  0  0  0  0  0  0  0  0  0  0  0
   0  0  0  0  0 39]]

Classification Report (per combined class):
              precision    recall  f1-score   support

 mat=0|tex=0       0.71      0.89      0.79        53
 mat=0|tex=1       0.84      0.82      0.83        56
 mat=0|tex=2       0.96      0.83      0.89        53
 mat=0|tex=3       0.69      0.75      0.72        48
 mat=0|tex=4       0.75      0.89      0.81        46
 mat=0|tex=5       0.95      0.93      0.94        61
 mat=1|tex=0       0.78      0.57      0.66        51
 mat=1|tex=1       0.79      0.79      0.79        43
 mat=1|tex=2       0.77      0.89      0.83        46
 mat=1|tex=3       0.76      0.70      0.73        53
 mat=1|tex=4       0.89      0.74      0.81        54
 mat=1|tex=5       0.96      0.96      0.96        52
 mat=2|tex=0       0.91      0.67      0.77        48
 mat=2|tex=1       0.82      0.91      0.86        45
 mat=2|tex=2       0.70      0.80      0.75        46
 mat=2|tex=3       0.80      0.90      0.85        61
 mat=2|tex=4       0.87      0.83      0.85        47
 mat=2|tex=5       0.69      0.69      0.69        42
 mat=3|tex=0       0.74      0.94      0.83        48
 mat=3|tex=1       0.90      0.70      0.79        50
 mat=3|tex=2       0.75      0.68      0.71        59
 mat=3|tex=3       0.75      0.62      0.68        53
 mat=3|tex=4       0.64      0.79      0.71        38
 mat=3|tex=5       0.58      0.54      0.56        52
 mat=4|tex=0       0.94      0.96      0.95        51
 mat=4|tex=1       0.89      1.00      0.94        49
 mat=4|tex=2       0.81      0.70      0.75        50
 mat=4|tex=3       0.88      0.91      0.89        55
 mat=4|tex=4       1.00      0.90      0.95        51
 mat=4|tex=5       0.81      1.00      0.90        39

    accuracy                           0.81      1500
   macro avg       0.81      0.81      0.81      1500
weighted avg       0.81      0.81      0.81      1500