---------------------------------------------------------------------- OOD: Tex
X_train: (2520, 5760) | X_test: (1500, 5760) | n_classes=6

=== Flattened SVM (Combined labels) — Test Metrics ===
Accuracy        : 0.9133
Precision (macro): 0.9147
Recall (macro)   : 0.9133
F1 (macro)       : 0.9123
F1 (micro)       : 0.9133

Confusion Matrix:
[[249   0   0   1   0   0]
 [  0 221   0  29   0   0]
 [  0   0 231   0   0  19]
 [  2  10   0 237   0   1]
 [  0   0   1   0 242   7]
 [  0   0  18   0  42 190]]

Classification Report:
              precision    recall  f1-score   support

       tex=0       0.99      1.00      0.99       250
       tex=1       0.96      0.88      0.92       250
       tex=2       0.92      0.92      0.92       250
       tex=3       0.89      0.95      0.92       250
       tex=4       0.85      0.97      0.91       250
       tex=5       0.88      0.76      0.81       250

    accuracy                           0.91      1500
   macro avg       0.91      0.91      0.91      1500
weighted avg       0.91      0.91      0.91      1500

---------------------------------------------------------------------- OOD: Mat
X_train: (2520, 5760) | X_test: (1500, 5760) | n_classes=5

=== Flattened SVM (Combined labels) — Test Metrics ===
Accuracy        : 0.6953
Precision (macro): 0.7097
Recall (macro)   : 0.6953
F1 (macro)       : 0.6994
F1 (micro)       : 0.6953

Confusion Matrix:
[[169 129   0   0   2]
 [115 185   0   0   0]
 [  0   0 226  67   7]
 [  0   0  36 244  20]
 [ 43   1   2  35 219]]

Classification Report:
              precision    recall  f1-score   support

       mat=0       0.52      0.56      0.54       300
       mat=1       0.59      0.62      0.60       300
       mat=2       0.86      0.75      0.80       300
       mat=3       0.71      0.81      0.76       300
       mat=4       0.88      0.73      0.80       300

    accuracy                           0.70      1500
   macro avg       0.71      0.70      0.70      1500
weighted avg       0.71      0.70      0.70      1500

---------------------------------------------------------------------- OOD: Dual
X_train: (2520, 5760) | X_test: (1500, 5760) | n_classes=30

=== Flattened SVM (Combined labels) — Test Metrics ===
Accuracy        : 0.5760
Precision (macro): 0.6126
Recall (macro)   : 0.5760
F1 (macro)       : 0.5583
F1 (micro)       : 0.5760

Confusion Matrix:
[[44  0  0  0  0  0  1  0  0  0  0  0  0  0  0  0  0  0  0  0  0  0  0  0
   5  0  0  0  0  0]
 [ 0 26  0  5  0  0  0 14  0  5  0  0  0  0  0  0  0  0  0  0  0  0  0  0
   0  0  0  0  0  0]
 [ 0  0 17  0  0  2  0  0 31  0  0  0  0  0  0  0  0  0  0  0  0  0  0  0
   0  0  0  0  0  0]
 [ 0  0  0  7  0  0  0  0  0 43  0  0  0  0  0  0  0  0  0  0  0  0  0  0
   0  0  0  0  0  0]
 [ 0  0  0  0 21  0  0  0  0  0 29  0  0  0  0  0  0  0  0  0  0  0  0  0
   0  0  0  0  0  0]
 [ 0  0  0  0  0 33  0  0  4  0  0 13  0  0  0  0  0  0  0  0  0  0  0  0
   0  0  0  0  0  0]
 [33  0  0  0  0  0  8  0  0  0  0  0  0  0  0  0  0  0  0  0  0  0  0  0
   9  0  0  0  0  0]
 [ 0 31  0  1  0  0  0 12  0  6  0  0  0  0  0  0  0  0  0  0  0  0  0  0
   0  0  0  0  0  0]
 [ 0  0  4  0  0  1  0  0 45  0  0  0  0  0  0  0  0  0  0  0  0  0  0  0
   0  0  0  0  0  0]
 [ 0  0  0  0  0  0  0  0  0 49  0  0  0  0  0  0  0  0  0  0  0  0  0  0
   1  0  0  0  0  0]
 [ 0  0  0  0 43  0  0  0  0  0  7  0  0  0  0  0  0  0  0  0  0  0  0  0
   0  0  0  0  0  0]
 [ 0  0  0  0  0 26  0  0  2  0 12 10  0  0  0  0  0  0  0  0  0  0  0  0
   0  0  0  0  0  0]
 [ 0  0  0  0  0  0  0  0  0  0  0  0 35  0  0  0  0  0 15  0  0  0  0  0
   0  0  0  0  0  0]
 [ 0  0  0  0  0  0  0  0  0  0  0  0  0 22  0  0  0  0  0 28  0  0  0  0
   0  0  0  0  0  0]
 [ 0  0  0  0  0  0  0  0  0  0  0  0  0  0 31  0  4  2  0  0  8  0  1  4
   0  0  0  0  0  0]
 [ 0  0  0  0  0  0  0  0  0  0  0  0  0  0  0 42  0  0  0  4  0  3  0  0
   0  1  0  0  0  0]
 [ 0  0  0  0  0  0  0  0  0  0  0  0  0  0  0  0 45  0  0  0  0  0  5  0
   0  0  0  0  0  0]
 [ 0  0  0  0  0  0  0  0  0  0  0  0  0  1  7  0 15 13  0  0  3  0  1 10
   0  0  0  0  0  0]
 [ 0  0  0  0  0  0  0  0  0  0  0  0 12  0  0  0  0  0 36  0  0  0  0  0
   2  0  0  0  0  0]
 [ 0  0  0  0  0  0  0  0  0  0  0  0  0  0  0 10  0  0  0 30  0  0  0  1
   0  8  0  0  0  1]
 [ 0  0  0  0  0  0  0  0  0  0  0  0  0  0  4  0  0  1  0  0 42  0  0  2
   0  0  0  0  0  1]
 [ 0  0  0  0  0  0  0  0  0  0  0  0  0  0  0 16  0  0  0  2  0 31  0  0
   0  1  0  0  0  0]
 [ 0  0  0  0  0  0  0  0  0  0  0  0  0  0  0  0  3  3  0  0  0  0 44  0
   0  0  0  0  0  0]
 [ 0  0  0  0  0  0  0  0  0  0  0  0  0  0  0  0 13  2  0  0  1  0  8 20
   0  0  1  0  0  5]
 [10  0  0  0  0  0  0  0  0  0  0  0  0  0  0  0  0  0  9  0  0  0  0  0
  31  0  0  0  0  0]
 [ 0 10  0  2  0  0  0  0  0  0  0  0  0  0  0  9  0  0  0  0  0  0  0  0
   0 29  0  0  0  0]
 [ 0  0  0  0  0  0  0  0  0  0  0  0  0  0  0  0  0  0  0  0  2  0  0 14
   0  0 26  0  0  8]
 [ 0  0  0  4  0  0  0  0  0  1  0  0  0  0  0  1  0  0  0  0  0 17  0  0
   0  0  0 27  0  0]
 [ 0  0  0  0  0  0  0  0  0  0  0  0  0  0  0  0  2  1  0  0  0  0  3  4
   0  0  3  0 37  0]
 [ 0  0  0  0  0  0  0  0  0  0  0  0  0  0  0  0  0  0  0  0  0  0  1  1
   0  0  3  0  1 44]]

Classification Report:
              precision    recall  f1-score   support

 mat=0|tex=0       0.51      0.88      0.64        50
 mat=0|tex=1       0.39      0.52      0.44        50
 mat=0|tex=2       0.81      0.34      0.48        50
 mat=0|tex=3       0.37      0.14      0.20        50
 mat=0|tex=4       0.33      0.42      0.37        50
 mat=0|tex=5       0.53      0.66      0.59        50
 mat=1|tex=0       0.89      0.16      0.27        50
 mat=1|tex=1       0.46      0.24      0.32        50
 mat=1|tex=2       0.55      0.90      0.68        50
 mat=1|tex=3       0.47      0.98      0.64        50
 mat=1|tex=4       0.15      0.14      0.14        50
 mat=1|tex=5       0.43      0.20      0.27        50
 mat=2|tex=0       0.74      0.70      0.72        50
 mat=2|tex=1       0.96      0.44      0.60        50
 mat=2|tex=2       0.74      0.62      0.67        50
 mat=2|tex=3       0.54      0.84      0.66        50
 mat=2|tex=4       0.55      0.90      0.68        50
 mat=2|tex=5       0.59      0.26      0.36        50
 mat=3|tex=0       0.60      0.72      0.65        50
 mat=3|tex=1       0.47      0.60      0.53        50
 mat=3|tex=2       0.75      0.84      0.79        50
 mat=3|tex=3       0.61      0.62      0.61        50
 mat=3|tex=4       0.70      0.88      0.78        50
 mat=3|tex=5       0.36      0.40      0.38        50
 mat=4|tex=0       0.65      0.62      0.63        50
 mat=4|tex=1       0.74      0.58      0.65        50
 mat=4|tex=2       0.79      0.52      0.63        50
 mat=4|tex=3       1.00      0.54      0.70        50
 mat=4|tex=4       0.97      0.74      0.84        50
 mat=4|tex=5       0.75      0.88      0.81        50

    accuracy                           0.58      1500
   macro avg       0.61      0.58      0.56      1500
weighted avg       0.61      0.58      0.56      1500