---------------------------------------------------------------------- ID: Tex
X_train: (2520, 5760) | X_test: (1500, 5760) | n_classes=6

=== Flattened SVM (Combined labels) — Test Metrics ===
Accuracy        : 0.9487
Precision (macro): 0.9499
Recall (macro)   : 0.9510
F1 (macro)       : 0.9497
F1 (micro)       : 0.9487

Confusion Matrix:
[[255   0   0   0   0   0]
 [  0 240   0   0   0   3]
 [  0   0 225   0   0  10]
 [  0   0   0 235   0   0]
 [  0   0   2   0 248  13]
 [  0   0  35   0  14 220]]

Classification Report:
              precision    recall  f1-score   support

       tex=0       1.00      1.00      1.00       255
       tex=1       1.00      0.99      0.99       243
       tex=2       0.86      0.96      0.91       235
       tex=3       1.00      1.00      1.00       235
       tex=4       0.95      0.94      0.94       263
       tex=5       0.89      0.82      0.85       269

    accuracy                           0.95      1500
   macro avg       0.95      0.95      0.95      1500
weighted avg       0.95      0.95      0.95      1500

---------------------------------------------------------------------- ID: Mat
X_train: (2520, 5760) | X_test: (1500, 5760) | n_classes=5

=== Flattened SVM (Combined labels) — Test Metrics ===
Accuracy        : 0.8113
Precision (macro): 0.8140
Recall (macro)   : 0.8122
F1 (macro)       : 0.8125
F1 (micro)       : 0.8113

Confusion Matrix:
[[229  65   0   0   6]
 [ 79 227   0   0   5]
 [  0   0 261  41   3]
 [  0   0  21 265  22]
 [ 10   1   8  22 235]]

Classification Report:
              precision    recall  f1-score   support

       mat=0       0.72      0.76      0.74       300
       mat=1       0.77      0.73      0.75       311
       mat=2       0.90      0.86      0.88       305
       mat=3       0.81      0.86      0.83       308
       mat=4       0.87      0.85      0.86       276

    accuracy                           0.81      1500
   macro avg       0.81      0.81      0.81      1500
weighted avg       0.81      0.81      0.81      1500

---------------------------------------------------------------------- ID: Dual
X_train: (2520, 5760) | X_test: (1500, 5760) | n_classes=30

=== Flattened SVM (Combined labels) — Test Metrics ===
Accuracy        : 0.7573
Precision (macro): 0.7674
Recall (macro)   : 0.7634
F1 (macro)       : 0.7565
F1 (micro)       : 0.7573

Confusion Matrix:
[[31  0  0  0  0  0 16  0  0  0  0  0  0  0  0  0  0  0  0  0  0  0  0  0
   4  0  0  0  0  0]
 [ 0 38  0  1  0  0  0  6  0  2  0  0  0  0  0  0  0  0  0  0  0  0  0  0
   0  0  0  0  0  0]
 [ 0  0 38  0  0  0  0  0 16  0  0  0  0  0  0  0  0  0  0  0  0  0  0  0
   0  0  0  0  0  0]
 [ 0  0  0 26  0  0  0  0  0 20  0  0  0  0  0  0  0  0  0  0  0  0  0  0
   0  0  0  0  0  0]
 [ 0  0  0  0 39  0  0  0  0  0  8  0  0  0  0  0  0  0  0  0  0  0  0  0
   0  0  0  0  0  0]
 [ 0  0  0  0  0 46  0  0  6  0  0  4  0  0  0  0  0  0  0  0  0  0  0  0
   0  0  0  0  0  0]
 [18  0  0  0  0  0 19  0  0  0  0  0  0  0  0  0  0  0  0  0  0  0  0  0
   4  0  0  0  0  0]
 [ 0  7  0  0  0  0  0 36  0  0  0  0  0  0  0  0  0  0  0  0  0  0  0  0
   0  0  0  0  0  0]
 [ 0  0  5  0  0  0  0  0 43  0  0  0  0  0  0  0  0  0  0  0  0  0  0  0
   0  0  0  0  0  0]
 [ 0  0  0  3  0  0  0  0  0 39  0  0  0  0  0  0  0  0  0  0  0  0  0  0
   0  0  0  0  0  0]
 [ 0  0  0  0  7  0  0  0  0  0 38  0  0  0  0  0  0  0  0  0  0  0  0  0
   0  0  0  0  0  0]
 [ 0  0  0  0  0  0  0  0  0  0  0 51  0  0  0  0  0  0  0  0  0  0  0  0
   0  0  0  0  0  0]
 [ 0  0  0  0  0  0  0  0  0  0  0  0 44  0  0  0  0  0 15  0  0  0  0  0
   0  0  0  0  0  0]
 [ 0  0  0  0  0  0  0  0  0  0  0  0  0 39  0  0  1  1  0  8  0  0  0  4
   0  0  0  0  0  0]
 [ 0  0  0  0  0  0  0  0  0  0  0  0  0  9 29  1  0  8  0  0 16  0  0  4
   0  0  0  0  0  0]
 [ 0  0  0  0  0  0  0  0  0  0  0  0  0  0  0 43  0  0  0  0  0  7  0  0
   0  0  0  0  0  0]
 [ 0  0  0  0  0  0  0  0  0  0  0  0  0  0  0  0 35  2  0  0  0  0  3  3
   0  0  0  0  0  0]
 [ 0  0  0  0  0  0  0  0  0  0  0  0  0  1  2  0  1 24  0  0 13  0  4  1
   0  0  0  0  0  0]
 [ 0  0  0  0  0  0  0  0  0  0  0  0 13  0  0  0  0  0 38  0  0  0  0  0
   0  0  0  0  0  0]
 [ 0  0  0  0  0  0  0  0  0  0  0  0  0  4  0  1  0  1  0 37  0  0  0  1
   0  3  0  0  0  1]
 [ 0  0  0  0  0  0  0  0  0  0  0  0  0  0  0  0  0  1  0  0 39  0  4  3
   0  0  1  0  0  3]
 [ 0  0  0  0  0  0  0  0  0  0  0  0  0  0  0 10  0  0  0  1  0 35  0  0
   0  0  0  6  0  0]
 [ 0  0  0  0  0  0  0  0  0  0  0  0  0  0  0  0  5  1  0  0  0  0 43  3
   0  0  0  0  1  0]
 [ 0  0  0  0  0  0  0  0  0  0  0  0  0  0  0  0  5  4  0  0  7  0 14 21
   0  0  0  0  0  8]
 [ 3  0  0  0  0  0  1  0  0  0  0  0  0  0  0  0  0  0  3  0  0  0  0  0
  44  0  0  0  0  0]
 [ 0  0  0  0  0  0  0  0  0  0  0  0  0  0  0  0  0  0  0  1  0  0  0  0
   0 48  0  0  0  0]
 [ 0  0  0  0  0  0  0  0  0  0  0  0  0  0  0  0  0  0  0  0  3  0  4  1
   0  0 41  0  0  0]
 [ 0  0  0  5  0  0  0  0  0  0  0  0  0  0  0  0  0  0  0  0  0  2  0  0
   0  0  0 53  0  0]
 [ 0  0  0  0  0  0  0  0  0  0  0  0  0  0  0  0  0  1  0  0  0  0  0  0
   0  0  1  0 40  5]
 [ 0  0  0  0  0  0  0  0  0  0  0  0  0  0  0  0  0  0  0  0  0  0  0  0
   0  0  2  0  0 39]]

Classification Report:
              precision    recall  f1-score   support

 mat=0|tex=0       0.60      0.61      0.60        51
 mat=0|tex=1       0.84      0.81      0.83        47
 mat=0|tex=2       0.88      0.70      0.78        54
 mat=0|tex=3       0.74      0.57      0.64        46
 mat=0|tex=4       0.85      0.83      0.84        47
 mat=0|tex=5       1.00      0.82      0.90        56
 mat=1|tex=0       0.53      0.46      0.49        41
 mat=1|tex=1       0.86      0.84      0.85        43
 mat=1|tex=2       0.66      0.90      0.76        48
 mat=1|tex=3       0.64      0.93      0.76        42
 mat=1|tex=4       0.83      0.84      0.84        45
 mat=1|tex=5       0.93      1.00      0.96        51
 mat=2|tex=0       0.77      0.75      0.76        59
 mat=2|tex=1       0.74      0.74      0.74        53
 mat=2|tex=2       0.94      0.43      0.59        67
 mat=2|tex=3       0.78      0.86      0.82        50
 mat=2|tex=4       0.74      0.81      0.78        43
 mat=2|tex=5       0.56      0.52      0.54        46
 mat=3|tex=0       0.68      0.75      0.71        51
 mat=3|tex=1       0.79      0.77      0.78        48
 mat=3|tex=2       0.50      0.76      0.60        51
 mat=3|tex=3       0.80      0.67      0.73        52
 mat=3|tex=4       0.60      0.81      0.69        53
 mat=3|tex=5       0.51      0.36      0.42        59
 mat=4|tex=0       0.85      0.86      0.85        51
 mat=4|tex=1       0.94      0.98      0.96        49
 mat=4|tex=2       0.91      0.84      0.87        49
 mat=4|tex=3       0.90      0.88      0.89        60
 mat=4|tex=4       0.98      0.85      0.91        47
 mat=4|tex=5       0.70      0.95      0.80        41

    accuracy                           0.76      1500
   macro avg       0.77      0.76      0.76      1500
weighted avg       0.77      0.76      0.75      1500
