timestamp,x1,y1,z1,x2,y2,z2,x3,y3,z3,x4,y4,z4,x1_calib,y1_calib,z1_calib,x2_calib,y2_calib,z2_calib,x3_calib,y3_calib,z3_calib,x4_calib,y4_calib,z4_calib
2025-08-12T18:41:20.517848,2.0,33.0,65.0,51.0,16.0,-7.0,-5.0,40.0,-52.0,-1.0,0.0,-28.0,-13.55,5.91,100.13,22.05,11.75,-0.75,-3.4,25.71,-37.82,-9.47,-40.71,-14.74
2025-08-12T18:41:20.522077,-15.0,13.0,67.0,-6.0,-5.0,9.0,-60.0,37.0,-47.0,-34.0,99.0,-115.0,-30.55,-14.09,102.13,-34.95,-9.25,15.25,-58.4,22.71,-32.82,-42.47,58.29,-101.74
2025-08-12T18:41:20.530282,1.0,43.0,-26.0,-28.0,6.0,-61.0,-3.0,65.0,-30.0,-32.0,25.0,-47.0,-14.55,15.91,9.130000000000003,-56.95,1.75,-54.75,-1.4,50.71,-15.82,-40.47,-15.71,-33.74
2025-08-12T18:41:20.534391,14.0,59.0,-31.0,-25.0,1.0,-32.0,43.0,30.0,4.0,-44.0,22.0,-22.0,-1.5500000000000007,31.91,4.130000000000003,-53.95,-3.25,-25.75,44.6,15.71,18.18,-52.47,-18.71,-8.74
2025-08-12T18:41:20.538821,16.0,84.0,19.0,3.0,16.0,37.0,-7.0,11.0,-51.0,13.0,121.0,-85.0,0.4499999999999993,56.91,54.13,-25.95,11.75,43.25,-5.4,-3.289999999999999,-36.82,4.529999999999999,80.28999999999999,-71.74
2025-08-12T18:41:20.546842,-81.0,66.0,29.0,23.0,33.0,-31.0,23.0,73.0,46.0,73.0,42.0,-24.0,-96.55,38.91,64.13,-5.949999999999999,28.75,-24.75,24.6,58.71,60.18,64.53,1.2899999999999991,-10.74
2025-08-12T18:41:20.551151,-7.0,82.0,-3.0,30.0,58.0,29.0,-19.0,12.0,-68.0,-13.0,56.0,3.0,-22.55,54.91,32.13,1.0500000000000007,53.75,35.25,-17.4,-2.289999999999999,-53.82,-21.47,15.29,16.259999999999998
2025-08-12T18:41:20.559035,-31.0,70.0,-68.0,109.0,45.0,-33.0,10.0,34.0,49.0,-6.0,10.0,19.0,-46.55,42.91,-32.87,80.05,40.75,-26.75,11.6,19.71,63.18,-14.47,-30.71,32.26
2025-08-12T18:41:20.563465,-9.0,69.0,-56.0,9.0,-22.0,26.0,-6.0,37.0,-43.0,-28.0,26.0,33.0,-24.55,41.91,-20.869999999999997,-19.95,-26.25,32.25,-4.4,22.71,-28.82,-36.47,-14.71,46.26
2025-08-12T18:41:20.571192,23.0,95.0,-16.0,-4.0,-24.0,4.0,40.0,13.0,22.0,82.0,36.0,-6.0,7.449999999999999,67.91,19.130000000000003,-32.95,-28.25,10.25,41.6,-1.2899999999999991,36.18,73.53,-4.710000000000001,7.26
2025-08-12T18:41:20.575693,1.0,54.0,5.0,16.0,-86.0,-20.0,46.0,-40.0,11.0,28.0,-6.0,17.0,-14.55,26.91,40.13,-12.95,-90.25,-13.75,47.6,-54.29,25.18,19.53,-46.71,30.259999999999998
2025-08-12T18:41:20.583418,6.0,67.0,1.0,62.0,53.0,6.0,-2.0,-53.0,8.0,8.0,50.0,-4.0,-9.55,39.91,36.13,33.05,48.75,12.25,-0.3999999999999999,-67.28999999999999,22.18,-0.47000000000000064,9.29,9.26
2025-08-12T18:41:20.587748,-43.0,20.0,-93.0,4.0,47.0,-56.0,17.0,13.0,-18.0,-13.0,46.0,-41.0,-58.55,-7.09,-57.87,-24.95,42.75,-49.75,18.6,-1.2899999999999991,-3.8200000000000003,-21.47,5.289999999999999,-27.740000000000002
2025-08-12T18:41:20.595778,12.0,31.0,-62.0,45.0,38.0,-10.0,-30.0,-15.0,-52.0,59.0,34.0,7.0,-3.5500000000000007,3.91,-26.869999999999997,16.05,33.75,-3.75,-28.4,-29.29,-37.82,50.53,-6.710000000000001,20.259999999999998
2025-08-12T18:41:20.600032,55.0,68.0,-65.0,95.0,24.0,-29.0,25.0,70.0,67.0,-7.0,62.0,-68.0,39.45,40.91,-29.869999999999997,66.05,19.75,-22.75,26.6,55.71,81.18,-15.47,21.29,-54.74
2025-08-12T18:41:20.608142,26.0,42.0,50.0,49.0,14.0,-56.0,46.0,-60.0,11.0,-8.0,66.0,14.0,10.45,14.91,85.13,20.05,9.75,-49.75,47.6,-74.28999999999999,25.18,-16.47,25.29,27.259999999999998
2025-08-12T18:41:20.612392,52.0,36.0,-49.0,13.0,-2.0,67.0,-4.0,20.0,-8.0,18.0,52.0,1.0,36.45,8.91,-13.869999999999997,-15.95,-6.25,73.25,-2.4,5.710000000000001,6.18,9.53,11.29,14.26
2025-08-12T18:41:20.620262,8.0,-17.0,-17.0,25.0,13.0,4.0,48.0,3.0,10.0,-44.0,23.0,61.0,-7.550000000000001,-44.09,18.130000000000003,-3.9499999999999993,8.75,10.25,49.6,-11.29,24.18,-52.47,-17.71,74.26
2025-08-12T18:41:20.624603,4.0,27.0,-72.0,-7.0,-66.0,19.0,2.0,48.0,68.0,3.0,46.0,7.0,-11.55,-0.08999999999999986,-36.87,-35.95,-70.25,25.25,3.6,33.71,82.18,-5.470000000000001,5.289999999999999,20.259999999999998
2025-08-12T18:41:20.632698,1.0,57.0,-59.0,21.0,-64.0,-17.0,-38.0,8.0,58.0,1.0,45.0,-45.0,-14.55,29.91,-23.869999999999997,-7.949999999999999,-68.25,-10.75,-36.4,-6.289999999999999,72.18,-7.470000000000001,4.289999999999999,-31.740000000000002
2025-08-12T18:41:20.636851,13.0,45.0,-89.0,68.0,-48.0,-35.0,-32.0,20.0,-21.0,-21.0,-17.0,-26.0,-2.5500000000000007,17.91,-53.87,39.05,-52.25,-28.75,-30.4,5.710000000000001,-6.82,-29.47,-57.71,-12.74
2025-08-12T18:41:20.644826,25.0,58.0,14.0,-5.0,-22.0,35.0,-24.0,108.0,23.0,10.0,83.0,51.0,9.45,30.91,49.13,-33.95,-26.25,41.25,-22.4,93.71000000000001,37.18,1.5299999999999994,42.29,64.26
2025-08-12T18:41:20.649214,54.0,-38.0,-61.0,24.0,15.0,-16.0,-28.0,54.0,-34.0,-48.0,77.0,-49.0,38.45,-65.09,-25.869999999999997,-4.949999999999999,10.75,-9.75,-26.4,39.71,-19.82,-56.47,36.29,-35.74
2025-08-12T18:41:20.657273,71.0,36.0,19.0,40.0,62.0,-24.0,61.0,38.0,-17.0,1.0,34.0,-5.0,55.45,8.91,54.13,11.05,57.75,-17.75,62.6,23.71,-2.8200000000000003,-7.470000000000001,-6.710000000000001,8.26
2025-08-12T18:41:20.661718,68.0,17.0,-52.0,-59.0,-52.0,85.0,5.0,-42.0,-11.0,57.0,61.0,-74.0,52.45,-10.09,-16.869999999999997,-87.95,-56.25,91.25,6.6,-56.29,3.1799999999999997,48.53,20.29,-60.74
2025-08-12T18:41:20.669402,33.0,70.0,-3.0,58.0,-39.0,-5.0,28.0,34.0,-1.0,18.0,22.0,-51.0,17.45,42.91,32.13,29.05,-43.25,1.25,29.6,19.71,13.18,9.53,-18.71,-37.74
2025-08-12T18:41:20.673743,29.0,-27.0,-23.0,-2.0,-1.0,2.0,54.0,-3.0,-23.0,60.0,49.0,-33.0,13.45,-54.09,12.130000000000003,-30.95,-5.25,8.25,55.6,-17.29,-8.82,51.53,8.29,-19.740000000000002
2025-08-12T18:41:20.681669,87.0,35.0,-109.0,11.0,-10.0,36.0,39.0,26.0,-37.0,29.0,31.0,-26.0,71.45,7.91,-73.87,-17.95,-14.25,42.25,40.6,11.71,-22.82,20.53,-9.71,-12.74
2025-08-12T18:41:20.685891,-22.0,-61.0,-28.0,-34.0,19.0,34.0,-10.0,19.0,-52.0,21.0,32.0,-23.0,-37.55,-88.09,7.130000000000003,-62.95,14.75,40.25,-8.4,4.710000000000001,-37.82,12.53,-8.71,-9.74
2025-08-12T18:41:20.693926,29.0,1.0,-3.0,68.0,13.0,60.0,-44.0,20.0,-20.0,-18.0,11.0,-48.0,13.45,-26.09,32.13,39.05,8.75,66.25,-42.4,5.710000000000001,-5.82,-26.47,-29.71,-34.74
2025-08-12T18:41:20.698201,49.0,104.0,-18.0,2.0,-44.0,-6.0,-3.0,20.0,-20.0,-33.0,87.0,-3.0,33.45,76.91,17.130000000000003,-26.95,-48.25,0.25,-1.4,5.710000000000001,-5.82,-41.47,46.29,10.26
2025-08-12T18:41:20.702558,-51.0,101.0,18.0,26.0,11.0,5.0,39.0,-26.0,44.0,-16.0,73.0,-10.0,-66.55,73.91,53.13,-2.9499999999999993,6.75,11.25,40.6,-40.29,58.18,-24.47,32.29,3.26
2025-08-12T18:41:20.710671,-50.0,25.0,-61.0,56.0,-22.0,-26.0,35.0,29.0,-46.0,-19.0,57.0,-16.0,-65.55,-2.09,-25.869999999999997,27.05,-26.25,-19.75,36.6,14.71,-31.82,-27.47,16.29,-2.74
2025-08-12T18:41:20.718675,24.0,112.0,-40.0,10.0,-17.0,-4.0,-43.0,18.0,-57.0,60.0,11.0,-13.0,8.45,84.91,-4.869999999999997,-18.95,-21.25,2.25,-41.4,3.710000000000001,-42.82,51.53,-29.71,0.2599999999999998
2025-08-12T18:41:20.722842,-2.0,-9.0,-32.0,52.0,-30.0,37.0,-71.0,-44.0,-40.0,18.0,25.0,-21.0,-17.55,-36.09,3.1300000000000026,23.05,-34.25,43.25,-69.4,-58.29,-25.82,9.53,-15.71,-7.74
2025-08-12T18:41:20.726992,56.0,-15.0,2.0,-37.0,-43.0,-57.0,14.0,0.0,-36.0,1.0,0.0,-35.0,40.45,-42.09,37.13,-65.95,-47.25,-50.75,15.6,-14.29,-21.82,-7.470000000000001,-40.71,-21.740000000000002
2025-08-12T18:41:20.734955,-21.0,9.0,-59.0,9.0,46.0,-40.0,28.0,-26.0,-10.0,7.0,-43.0,-17.0,-36.55,-18.09,-23.869999999999997,-19.95,41.75,-33.75,29.6,-40.29,4.18,-1.4700000000000006,-83.71000000000001,-3.74
2025-08-12T18:41:20.739148,3.0,73.0,-46.0,68.0,-2.0,-43.0,-56.0,47.0,-9.0,46.0,39.0,1.0,-12.55,45.91,-10.869999999999997,39.05,-6.25,-36.75,-54.4,32.71,5.18,37.53,-1.7100000000000009,14.26
2025-08-12T18:41:20.747388,-48.0,29.0,-48.0,53.0,-10.0,15.0,-27.0,-27.0,10.0,14.0,55.0,16.0,-63.55,1.9100000000000001,-12.869999999999997,24.05,-14.25,21.25,-25.4,-41.29,24.18,5.529999999999999,14.29,29.259999999999998
2025-08-12T18:41:20.751411,34.0,-20.0,-2.0,28.0,-11.0,-66.0,-6.0,-40.0,-41.0,-32.0,1.0,-63.0,18.45,-47.09,33.13,-0.9499999999999993,-15.25,-59.75,-4.4,-54.29,-26.82,-40.47,-39.71,-49.74
2025-08-12T18:41:20.759765,123.0,5.0,-29.0,50.0,1.0,22.0,-32.0,0.0,-40.0,31.0,28.0,-15.0,107.45,-22.09,6.130000000000003,21.05,-3.25,28.25,-30.4,-14.29,-25.82,22.53,-12.71,-1.7400000000000002
2025-08-12T18:41:20.763762,91.0,13.0,-30.0,49.0,-17.0,-13.0,-72.0,49.0,29.0,-59.0,39.0,30.0,75.45,-14.09,5.130000000000003,20.05,-21.25,-6.75,-70.4,34.71,43.18,-67.47,-1.7100000000000009,43.26
2025-08-12T18:41:20.771958,52.0,30.0,-91.0,25.0,-21.0,15.0,-32.0,-10.0,-59.0,-6.0,64.0,40.0,36.45,2.91,-55.87,-3.9499999999999993,-25.25,21.25,-30.4,-24.29,-44.82,-14.47,23.29,53.26
2025-08-12T18:41:20.776059,-8.0,15.0,-5.0,-5.0,-1.0,51.0,51.0,-13.0,5.0,-75.0,45.0,-35.0,-23.55,-12.09,30.130000000000003,-33.95,-5.25,57.25,52.6,-27.29,19.18,-83.47,4.289999999999999,-21.740000000000002
2025-08-12T18:41:20.784077,5.0,-63.0,-31.0,40.0,21.0,-16.0,11.0,50.0,-1.0,-15.0,29.0,1.0,-10.55,-90.09,4.130000000000003,11.05,16.75,-9.75,12.6,35.71,13.18,-23.47,-11.71,14.26
2025-08-12T18:41:20.788298,50.0,-38.0,17.0,26.0,3.0,3.0,0.0,77.0,20.0,31.0,48.0,-10.0,34.45,-65.09,52.13,-2.9499999999999993,-1.25,9.25,1.6,62.71,34.18,22.53,7.289999999999999,3.26
2025-08-12T18:41:20.796485,-34.0,7.0,-9.0,17.0,-19.0,37.0,14.0,58.0,-57.0,-21.0,44.0,-14.0,-49.55,-20.09,26.130000000000003,-11.95,-23.25,43.25,15.6,43.71,-42.82,-29.47,3.289999999999999,-0.7400000000000002
2025-08-12T18:41:20.800714,-1.0,20.0,-49.0,5.0,36.0,27.0,87.0,23.0,-41.0,5.0,50.0,27.0,-16.55,-7.09,-13.869999999999997,-23.95,31.75,33.25,88.6,8.71,-26.82,-3.4700000000000006,9.29,40.26
2025-08-12T18:41:20.808843,0.0,-11.0,5.0,-14.0,-51.0,26.0,23.0,-22.0,-43.0,17.0,64.0,-2.0,-15.55,-38.09,40.13,-42.95,-55.25,32.25,24.6,-36.29,-28.82,8.53,23.29,11.26
2025-08-12T18:41:20.812981,37.0,-17.0,6.0,6.0,-13.0,39.0,66.0,-1.0,6.0,-29.0,60.0,46.0,21.45,-44.09,41.13,-22.95,-17.25,45.25,67.6,-15.29,20.18,-37.47,19.29,59.26
2025-08-12T18:41:20.821017,-38.0,97.0,40.0,33.0,-25.0,14.0,-23.0,82.0,29.0,1.0,24.0,-65.0,-53.55,69.91,75.13,4.050000000000001,-29.25,20.25,-21.4,67.71000000000001,43.18,-7.470000000000001,-16.71,-51.74
2025-08-12T18:41:20.825269,-50.0,32.0,35.0,81.0,-19.0,18.0,48.0,70.0,-2.0,-22.0,120.0,8.0,-65.55,4.91,70.13,52.05,-23.25,24.25,49.6,55.71,12.18,-30.47,79.28999999999999,21.259999999999998
2025-08-12T18:41:20.833448,-7.0,144.0,-11.0,-11.0,27.0,-25.0,-27.0,-48.0,-26.0,-4.0,70.0,-17.0,-22.55,116.91,24.130000000000003,-39.95,22.75,-18.75,-25.4,-62.29,-11.82,-12.47,29.29,-3.74
2025-08-12T18:41:20.837676,-33.0,13.0,29.0,-25.0,59.0,14.0,8.0,-55.0,21.0,-48.0,21.0,-34.0,-48.55,-14.09,64.13,-53.95,54.75,20.25,9.6,-69.28999999999999,35.18,-56.47,-19.71,-20.740000000000002
2025-08-12T18:41:20.845708,20.0,-31.0,-34.0,-1.0,-52.0,52.0,-44.0,-11.0,44.0,73.0,5.0,-23.0,4.449999999999999,-58.09,1.1300000000000026,-29.95,-56.25,58.25,-42.4,-25.29,58.18,64.53,-35.71,-9.74
2025-08-12T18:41:20.849843,18.0,90.0,-53.0,78.0,49.0,-7.0,-42.0,71.0,1.0,-1.0,42.0,-62.0,2.4499999999999993,62.91,-17.869999999999997,49.05,44.75,-0.75,-40.4,56.71,15.18,-9.47,1.2899999999999991,-48.74
2025-08-12T18:41:20.857741,-11.0,39.0,-24.0,43.0,3.0,-25.0,-51.0,46.0,5.0,70.0,46.0,19.0,-26.55,11.91,11.130000000000003,14.05,-1.25,-18.75,-49.4,31.71,19.18,61.53,5.289999999999999,32.26
2025-08-12T18:41:20.862218,45.0,56.0,-52.0,11.0,1.0,-4.0,-18.0,71.0,-66.0,-10.0,32.0,-20.0,29.45,28.91,-16.869999999999997,-17.95,-3.25,2.25,-16.4,56.71,-51.82,-18.47,-8.71,-6.74
2025-08-12T18:41:20.870073,57.0,28.0,7.0,54.0,42.0,2.0,-38.0,27.0,-33.0,-22.0,132.0,34.0,41.45,0.9100000000000001,42.13,25.05,37.75,8.25,-36.4,12.71,-18.82,-30.47,91.28999999999999,47.26
2025-08-12T18:41:20.874363,26.0,-15.0,-77.0,-18.0,66.0,-13.0,8.0,32.0,-102.0,-50.0,85.0,-57.0,10.45,-42.09,-41.87,-46.95,61.75,-6.75,9.6,17.71,-87.82,-58.47,44.29,-43.74
2025-08-12T18:41:20.882361,5.0,-12.0,-8.0,80.0,6.0,64.0,11.0,5.0,-46.0,-4.0,75.0,-14.0,-10.55,-39.09,27.130000000000003,51.05,1.75,70.25,12.6,-9.29,-31.82,-12.47,34.29,-0.7400000000000002
2025-08-12T18:41:20.886779,60.0,-35.0,-57.0,-10.0,16.0,-21.0,24.0,6.0,-39.0,-20.0,53.0,-4.0,44.45,-62.09,-21.869999999999997,-38.95,11.75,-14.75,25.6,-8.29,-24.82,-28.47,12.29,9.26
2025-08-12T18:41:20.895017,44.0,-57.0,-14.0,25.0,53.0,18.0,14.0,-32.0,28.0,35.0,67.0,-36.0,28.45,-84.09,21.130000000000003,-3.9499999999999993,48.75,24.25,15.6,-46.29,42.18,26.53,26.29,-22.740000000000002
2025-08-12T18:41:20.899066,15.0,61.0,27.0,88.0,-5.0,-9.0,-53.0,-20.0,-28.0,28.0,44.0,-106.0,-0.5500000000000007,33.91,62.13,59.05,-9.25,-2.75,-51.4,-34.29,-13.82,19.53,3.289999999999999,-92.74
2025-08-12T18:41:20.903272,-39.0,30.0,7.0,-56.0,-19.0,8.0,64.0,48.0,48.0,76.0,60.0,-66.0,-54.55,2.91,42.13,-84.95,-23.25,14.25,65.6,33.71,62.18,67.53,19.29,-52.74
2025-08-12T18:41:20.911355,-54.0,14.0,-20.0,16.0,-34.0,11.0,45.0,81.0,-11.0,47.0,-12.0,-24.0,-69.55,-13.09,15.130000000000003,-12.95,-38.25,17.25,46.6,66.71000000000001,3.1799999999999997,38.53,-52.71,-10.74
2025-08-12T18:41:20.919173,8.0,19.0,-47.0,58.0,31.0,28.0,-19.0,-14.0,-48.0,32.0,83.0,23.0,-7.550000000000001,-8.09,-11.869999999999997,29.05,26.75,34.25,-17.4,-28.29,-33.82,23.53,42.29,36.26
2025-08-12T18:41:20.923465,86.0,118.0,-31.0,46.0,-25.0,33.0,-44.0,23.0,6.0,36.0,7.0,30.0,70.45,90.91,4.130000000000003,17.05,-29.25,39.25,-42.4,8.71,20.18,27.53,-33.71,43.26
2025-08-12T18:41:20.927516,24.0,20.0,-98.0,13.0,31.0,18.0,-61.0,-8.0,-51.0,19.0,34.0,23.0,8.45,-7.09,-62.87,-15.95,26.75,24.25,-59.4,-22.29,-36.82,10.53,-6.710000000000001,36.26
2025-08-12T18:41:20.935784,-4.0,13.0,-84.0,74.0,-9.0,60.0,52.0,3.0,37.0,34.0,36.0,6.0,-19.55,-14.09,-48.87,45.05,-13.25,66.25,53.6,-11.29,51.18,25.53,-4.710000000000001,19.259999999999998
2025-08-12T18:41:20.939852,71.0,7.0,-88.0,-17.0,44.0,-90.0,5.0,-14.0,0.0,58.0,19.0,-4.0,55.45,-20.09,-52.87,-45.95,39.75,-83.75,6.6,-28.29,14.18,49.53,-21.71,9.26
2025-08-12T18:41:20.948061,31.0,73.0,-4.0,55.0,-1.0,45.0,7.0,-24.0,-45.0,49.0,72.0,-53.0,15.45,45.91,31.130000000000003,26.05,-5.25,51.25,8.6,-38.29,-30.82,40.53,31.29,-39.74
2025-08-12T18:41:20.952125,29.0,-33.0,-15.0,18.0,49.0,-21.0,73.0,-36.0,-56.0,-9.0,113.0,15.0,13.45,-60.09,20.130000000000003,-10.95,44.75,-14.75,74.6,-50.29,-41.82,-17.47,72.28999999999999,28.259999999999998
2025-08-12T18:41:20.960365,76.0,79.0,12.0,-27.0,-12.0,-14.0,60.0,-10.0,8.0,17.0,74.0,-22.0,60.45,51.91,47.13,-55.95,-16.25,-7.75,61.6,-24.29,22.18,8.53,33.29,-8.74
2025-08-12T18:41:20.964567,15.0,10.0,-51.0,10.0,9.0,-29.0,62.0,51.0,-18.0,-19.0,54.0,14.0,-0.5500000000000007,-17.09,-15.869999999999997,-18.95,4.75,-22.75,63.6,36.71,-3.8200000000000003,-27.47,13.29,27.259999999999998
2025-08-12T18:41:20.972592,-3.0,20.0,-41.0,22.0,14.0,-8.0,-44.0,12.0,8.0,10.0,29.0,-40.0,-18.55,-7.09,-5.869999999999997,-6.949999999999999,9.75,-1.75,-42.4,-2.289999999999999,22.18,1.5299999999999994,-11.71,-26.740000000000002
2025-08-12T18:41:20.976759,-12.0,49.0,-27.0,-5.0,3.0,-2.0,-22.0,-8.0,18.0,-5.0,-26.0,0.0,-27.55,21.91,8.130000000000003,-33.95,-1.25,4.25,-20.4,-22.29,32.18,-13.47,-66.71000000000001,13.26
2025-08-12T18:41:20.984834,8.0,-3.0,-13.0,-46.0,-2.0,77.0,-24.0,89.0,-12.0,30.0,4.0,-28.0,-7.550000000000001,-30.09,22.130000000000003,-74.95,-6.25,83.25,-22.4,74.71000000000001,2.1799999999999997,21.53,-36.71,-14.74
2025-08-12T18:41:20.989224,7.0,38.0,-32.0,20.0,44.0,-39.0,36.0,3.0,-27.0,37.0,48.0,17.0,-8.55,10.91,3.1300000000000026,-8.95,39.75,-32.75,37.6,-11.29,-12.82,28.53,7.289999999999999,30.259999999999998
2025-08-12T18:41:20.997150,14.0,63.0,1.0,25.0,59.0,-21.0,-4.0,18.0,23.0,26.0,67.0,-71.0,-1.5500000000000007,35.91,36.13,-3.9499999999999993,54.75,-14.75,-2.4,3.710000000000001,37.18,17.53,26.29,-57.74
2025-08-12T18:41:21.001499,48.0,19.0,-41.0,-9.0,-8.0,-5.0,-53.0,-13.0,3.0,42.0,59.0,-3.0,32.45,-8.09,-5.869999999999997,-37.95,-12.25,1.25,-51.4,-27.29,17.18,33.53,18.29,10.26
2025-08-12T18:41:21.009582,17.0,10.0,-19.0,-24.0,-23.0,25.0,-2.0,103.0,5.0,-9.0,72.0,21.0,1.4499999999999993,-17.09,16.130000000000003,-52.95,-27.25,31.25,-0.3999999999999999,88.71000000000001,19.18,-17.47,31.29,34.26
2025-08-12T18:41:21.013742,-63.0,140.0,-18.0,-12.0,23.0,2.0,34.0,35.0,-13.0,34.0,92.0,36.0,-78.55,112.91,17.130000000000003,-40.95,18.75,8.25,35.6,20.71,1.1799999999999997,25.53,51.29,49.26
2025-08-12T18:41:21.021710,68.0,72.0,-110.0,7.0,7.0,23.0,-27.0,46.0,-48.0,-24.0,13.0,24.0,52.45,44.91,-74.87,-21.95,2.75,29.25,-25.4,31.71,-33.82,-32.47,-27.71,37.26
2025-08-12T18:41:21.025983,12.0,-38.0,-38.0,58.0,26.0,-20.0,18.0,90.0,-11.0,-44.0,-8.0,-6.0,-3.5500000000000007,-65.09,-2.8699999999999974,29.05,21.75,-13.75,19.6,75.71000000000001,3.1799999999999997,-52.47,-48.71,7.26
2025-08-12T18:41:21.033946,38.0,18.0,-67.0,15.0,-26.0,33.0,-2.0,32.0,-4.0,-6.0,130.0,-9.0,22.45,-9.09,-31.869999999999997,-13.95,-30.25,39.25,-0.3999999999999999,17.71,10.18,-14.47,89.28999999999999,4.26
2025-08-12T18:41:21.038383,-6.0,39.0,-50.0,-13.0,17.0,24.0,0.0,-16.0,-14.0,-7.0,71.0,-12.0,-21.55,11.91,-14.869999999999997,-41.95,12.75,30.25,1.6,-30.29,0.17999999999999972,-15.47,30.29,1.2599999999999998
2025-08-12T18:41:21.046273,20.0,54.0,-47.0,63.0,-17.0,52.0,31.0,21.0,-52.0,-12.0,18.0,24.0,4.449999999999999,26.91,-11.869999999999997,34.05,-21.25,58.25,32.6,6.710000000000001,-37.82,-20.47,-22.71,37.26
2025-08-12T18:41:21.050640,19.0,29.0,-80.0,50.0,36.0,50.0,-31.0,8.0,-73.0,-59.0,43.0,-90.0,3.4499999999999993,1.9100000000000001,-44.87,21.05,31.75,56.25,-29.4,-6.289999999999999,-58.82,-67.47,2.289999999999999,-76.74
2025-08-12T18:41:21.058634,53.0,7.0,-41.0,-30.0,9.0,58.0,80.0,-3.0,43.0,26.0,51.0,39.0,37.45,-20.09,-5.869999999999997,-58.95,4.75,64.25,81.6,-17.29,57.18,17.53,10.29,52.26
2025-08-12T18:41:21.062838,22.0,-5.0,-16.0,-7.0,-14.0,-25.0,-14.0,-28.0,30.0,-19.0,16.0,27.0,6.449999999999999,-32.09,19.130000000000003,-35.95,-18.25,-18.75,-12.4,-42.29,44.18,-27.47,-24.71,40.26
2025-08-12T18:41:21.070701,27.0,-16.0,-4.0,9.0,3.0,-2.0,-22.0,-24.0,34.0,60.0,61.0,-69.0,11.45,-43.09,31.130000000000003,-19.95,-1.25,4.25,-20.4,-38.29,48.18,51.53,20.29,-55.74
2025-08-12T18:41:21.074996,39.0,-46.0,47.0,18.0,20.0,9.0,-56.0,-6.0,28.0,51.0,55.0,-4.0,23.45,-73.09,82.13,-10.95,15.75,15.25,-54.4,-20.29,42.18,42.53,14.29,9.26
2025-08-12T18:41:21.079026,51.0,13.0,-9.0,34.0,5.0,-19.0,24.0,6.0,46.0,-1.0,47.0,-30.0,35.45,-14.09,26.130000000000003,5.050000000000001,0.75,-12.75,25.6,-8.29,60.18,-9.47,6.289999999999999,-16.740000000000002
2025-08-12T18:41:21.087445,-25.0,-8.0,-137.0,-32.0,32.0,14.0,76.0,85.0,-30.0,-7.0,108.0,2.0,-40.55,-35.09,-101.87,-60.95,27.75,20.25,77.6,70.71000000000001,-15.82,-15.47,67.28999999999999,15.26
2025-08-12T18:41:21.091355,100.0,26.0,-60.0,56.0,3.0,-68.0,30.0,-16.0,-32.0,56.0,117.0,-39.0,84.45,-1.0899999999999999,-24.869999999999997,27.05,-1.25,-61.75,31.6,-30.29,-17.82,47.53,76.28999999999999,-25.740000000000002
2025-08-12T18:41:21.099739,8.0,46.0,-32.0,-46.0,44.0,5.0,-9.0,68.0,-14.0,52.0,48.0,-58.0,-7.550000000000001,18.91,3.1300000000000026,-74.95,39.75,11.25,-7.4,53.71,0.17999999999999972,43.53,7.289999999999999,-44.74
2025-08-12T18:41:21.103701,64.0,3.0,31.0,-8.0,-47.0,-16.0,23.0,14.0,-18.0,1.0,50.0,19.0,48.45,-24.09,66.13,-36.95,-51.25,-9.75,24.6,-0.28999999999999915,-3.8200000000000003,-7.470000000000001,9.29,32.26
2025-08-12T18:41:21.111913,7.0,-46.0,2.0,13.0,-48.0,24.0,-40.0,106.0,-61.0,22.0,54.0,-20.0,-8.55,-73.09,37.13,-15.95,-52.25,30.25,-38.4,91.71000000000001,-46.82,13.53,13.29,-6.74
2025-08-12T18:41:21.115957,51.0,44.0,21.0,13.0,12.0,-27.0,-8.0,75.0,-37.0,-51.0,5.0,-99.0,35.45,16.91,56.13,-15.95,7.75,-20.75,-6.4,60.71,-22.82,-59.47,-35.71,-85.74
2025-08-12T18:41:21.124115,21.0,14.0,-28.0,77.0,43.0,5.0,-1.0,16.0,56.0,58.0,6.0,-64.0,5.449999999999999,-13.09,7.130000000000003,48.05,38.75,11.25,0.6000000000000001,1.7100000000000009,70.18,49.53,-34.71,-50.74
2025-08-12T18:41:21.128492,33.0,-10.0,-41.0,-11.0,66.0,-19.0,-56.0,20.0,-5.0,-27.0,110.0,-12.0,17.45,-37.09,-5.869999999999997,-39.95,61.75,-12.75,-54.4,5.710000000000001,9.18,-35.47,69.28999999999999,1.2599999999999998
2025-08-12T18:41:21.136507,-20.0,96.0,-67.0,0.0,46.0,23.0,-39.0,35.0,5.0,50.0,34.0,-51.0,-35.55,68.91,-31.869999999999997,-28.95,41.75,29.25,-37.4,20.71,19.18,41.53,-6.710000000000001,-37.74
2025-08-12T18:41:21.140740,-49.0,83.0,-6.0,37.0,-25.0,-27.0,20.0,58.0,-57.0,49.0,-34.0,19.0,-64.55,55.91,29.130000000000003,8.05,-29.25,-20.75,21.6,43.71,-42.82,40.53,-74.71000000000001,32.26
2025-08-12T18:41:21.148737,-2.0,78.0,2.0,-7.0,-15.0,18.0,-9.0,-18.0,-38.0,-16.0,10.0,-2.0,-17.55,50.91,37.13,-35.95,-19.25,24.25,-7.4,-32.29,-23.82,-24.47,-30.71,11.26
2025-08-12T18:41:21.152947,-37.0,37.0,-10.0,58.0,12.0,-4.0,26.0,77.0,-32.0,-45.0,50.0,39.0,-52.55,9.91,25.130000000000003,29.05,7.75,2.25,27.6,62.71,-17.82,-53.47,9.29,52.26
2025-08-12T18:41:21.161079,10.0,43.0,-8.0,-3.0,39.0,37.0,9.0,-42.0,-58.0,-7.0,58.0,-41.0,-5.550000000000001,15.91,27.130000000000003,-31.95,34.75,43.25,10.6,-56.29,-43.82,-15.47,17.29,-27.740000000000002
2025-08-12T18:41:21.165358,-29.0,35.0,-45.0,-19.0,58.0,22.0,-20.0,38.0,-91.0,-10.0,51.0,-19.0,-44.55,7.91,-9.869999999999997,-47.95,53.75,28.25,-18.4,23.71,-76.82,-18.47,10.29,-5.74
2025-08-12T18:41:21.173408,41.0,6.0,-70.0,13.0,-22.0,-56.0,2.0,18.0,-16.0,3.0,148.0,-61.0,25.45,-21.09,-34.87,-15.95,-26.25,-49.75,3.6,3.710000000000001,-1.8200000000000003,-5.470000000000001,107.28999999999999,-47.74
2025-08-12T18:41:21.177582,59.0,26.0,-65.0,-8.0,37.0,-32.0,7.0,-10.0,23.0,-3.0,92.0,-14.0,43.45,-1.0899999999999999,-29.869999999999997,-36.95,32.75,-25.75,8.6,-24.29,37.18,-11.47,51.29,-0.7400000000000002
2025-08-12T18:41:21.185593,-44.0,3.0,-50.0,27.0,38.0,15.0,39.0,24.0,-12.0,7.0,144.0,-43.0,-59.55,-24.09,-14.869999999999997,-1.9499999999999993,33.75,21.25,40.6,9.71,2.1799999999999997,-1.4700000000000006,103.28999999999999,-29.740000000000002
2025-08-12T18:41:21.189954,28.0,2.0,-22.0,29.0,-57.0,19.0,-18.0,65.0,-31.0,1.0,107.0,24.0,12.45,-25.09,13.130000000000003,0.05000000000000071,-61.25,25.25,-16.4,50.71,-16.82,-7.470000000000001,66.28999999999999,37.26
2025-08-12T18:41:21.197653,43.0,42.0,-24.0,7.0,1.0,48.0,21.0,35.0,32.0,38.0,48.0,-95.0,27.45,14.91,11.130000000000003,-21.95,-3.25,54.25,22.6,20.71,46.18,29.53,7.289999999999999,-81.74
2025-08-12T18:41:21.201939,35.0,-100.0,-59.0,9.0,-7.0,6.0,-6.0,33.0,-66.0,14.0,12.0,1.0,19.45,-127.09,-23.869999999999997,-19.95,-11.25,12.25,-4.4,18.71,-51.82,5.529999999999999,-28.71,14.26
2025-08-12T18:41:21.210199,54.0,9.0,45.0,27.0,-45.0,-10.0,28.0,5.0,-13.0,2.0,114.0,-51.0,38.45,-18.09,80.13,-1.9499999999999993,-49.25,-3.75,29.6,-9.29,1.1799999999999997,-6.470000000000001,73.28999999999999,-37.74
2025-08-12T18:41:21.214495,2.0,22.0,-45.0,-29.0,-18.0,2.0,-50.0,25.0,-22.0,27.0,92.0,-30.0,-13.55,-5.09,-9.869999999999997,-57.95,-22.25,8.25,-48.4,10.71,-7.82,18.53,51.29,-16.740000000000002
2025-08-12T18:41:21.222469,29.0,21.0,24.0,-12.0,-8.0,-14.0,26.0,18.0,-86.0,9.0,65.0,-23.0,13.45,-6.09,59.13,-40.95,-12.25,-7.75,27.6,3.710000000000001,-71.82,0.5299999999999994,24.29,-9.74
2025-08-12T18:41:21.226621,-13.0,40.0,29.0,25.0,5.0,-46.0,34.0,46.0,-25.0,-13.0,73.0,-41.0,-28.55,12.91,64.13,-3.9499999999999993,0.75,-39.75,35.6,31.71,-10.82,-21.47,32.29,-27.740000000000002
2025-08-12T18:41:21.230875,-13.0,43.0,13.0,88.0,20.0,-29.0,9.0,38.0,-7.0,0.0,38.0,-34.0,-28.55,15.91,48.13,59.05,15.75,-22.75,10.6,23.71,7.18,-8.47,-2.710000000000001,-20.740000000000002
2025-08-12T18:41:21.238925,1.0,69.0,10.0,47.0,-33.0,-3.0,74.0,-26.0,-75.0,-56.0,55.0,-36.0,-14.55,41.91,45.13,18.05,-37.25,3.25,75.6,-40.29,-60.82,-64.47,14.29,-22.740000000000002
2025-08-12T18:41:21.247134,-8.0,-44.0,-53.0,38.0,-12.0,2.0,-19.0,2.0,-22.0,-38.0,30.0,-33.0,-23.55,-71.09,-17.869999999999997,9.05,-16.25,8.25,-17.4,-12.29,-7.82,-46.47,-10.71,-19.740000000000002
2025-08-12T18:41:21.251216,10.0,-17.0,-42.0,2.0,-2.0,-72.0,49.0,-44.0,65.0,-102.0,58.0,3.0,-5.550000000000001,-44.09,-6.869999999999997,-26.95,-6.25,-65.75,50.6,-58.29,79.18,-110.47,17.29,16.259999999999998
2025-08-12T18:41:21.259273,20.0,52.0,-31.0,35.0,-17.0,-57.0,-23.0,49.0,-13.0,-21.0,23.0,-51.0,4.449999999999999,24.91,4.130000000000003,6.050000000000001,-21.25,-50.75,-21.4,34.71,1.1799999999999997,-29.47,-17.71,-37.74
2025-08-12T18:41:21.263600,-29.0,15.0,20.0,53.0,18.0,-34.0,4.0,9.0,-3.0,12.0,77.0,-62.0,-44.55,-12.09,55.13,24.05,13.75,-27.75,5.6,-5.289999999999999,11.18,3.5299999999999994,36.29,-48.74
2025-08-12T18:41:21.267512,2.0,25.0,13.0,58.0,-12.0,-9.0,-15.0,7.0,-29.0,-17.0,94.0,-43.0,-13.55,-2.09,48.13,29.05,-16.25,-2.75,-13.4,-7.289999999999999,-14.82,-25.47,53.29,-29.740000000000002
2025-08-12T18:41:21.275739,-24.0,-37.0,-16.0,17.0,-2.0,-2.0,-5.0,16.0,-37.0,2.0,78.0,19.0,-39.55,-64.09,19.130000000000003,-11.95,-6.25,4.25,-3.4,1.7100000000000009,-22.82,-6.470000000000001,37.29,32.26
2025-08-12T18:41:21.279810,30.0,51.0,-31.0,3.0,-34.0,-69.0,15.0,-30.0,5.0,40.0,97.0,-11.0,14.45,23.91,4.130000000000003,-25.95,-38.25,-62.75,16.6,-44.29,19.18,31.53,56.29,2.26
2025-08-12T18:41:21.288188,-25.0,34.0,-22.0,-4.0,62.0,12.0,-47.0,-17.0,-37.0,-113.0,91.0,-17.0,-40.55,6.91,13.130000000000003,-32.95,57.75,18.25,-45.4,-31.29,-22.82,-121.47,50.29,-3.74
2025-08-12T18:41:21.292157,-13.0,45.0,-38.0,44.0,23.0,14.0,-45.0,42.0,-26.0,-8.0,50.0,5.0,-28.55,17.91,-2.8699999999999974,15.05,18.75,20.25,-43.4,27.71,-11.82,-16.47,9.29,18.259999999999998
2025-08-12T18:41:21.300370,-6.0,38.0,-33.0,98.0,18.0,-48.0,12.0,6.0,-35.0,41.0,10.0,-60.0,-21.55,10.91,2.1300000000000026,69.05,13.75,-41.75,13.6,-8.29,-20.82,32.53,-30.71,-46.74
2025-08-12T18:41:21.304358,29.0,43.0,-33.0,-47.0,22.0,-1.0,36.0,40.0,-8.0,19.0,53.0,-25.0,13.45,15.91,2.1300000000000026,-75.95,17.75,5.25,37.6,25.71,6.18,10.53,12.29,-11.74
2025-08-12T18:41:21.312531,31.0,104.0,-107.0,76.0,33.0,12.0,22.0,27.0,9.0,-8.0,68.0,7.0,15.45,76.91,-71.87,47.05,28.75,18.25,23.6,12.71,23.18,-16.47,27.29,20.259999999999998
2025-08-12T18:41:21.316849,28.0,88.0,33.0,19.0,-9.0,1.0,21.0,2.0,-64.0,32.0,89.0,12.0,12.45,60.91,68.13,-9.95,-13.25,7.25,22.6,-12.29,-49.82,23.53,48.29,25.259999999999998
2025-08-12T18:41:21.324749,74.0,7.0,-75.0,-22.0,-17.0,13.0,33.0,44.0,-20.0,-24.0,17.0,-27.0,58.45,-20.09,-39.87,-50.95,-21.25,19.25,34.6,29.71,-5.82,-32.47,-23.71,-13.74
2025-08-12T18:41:21.329127,24.0,169.0,-117.0,6.0,-34.0,-53.0,0.0,-30.0,-16.0,-37.0,-28.0,-11.0,8.45,141.91,-81.87,-22.95,-38.25,-46.75,1.6,-44.29,-1.8200000000000003,-45.47,-68.71000000000001,2.26
2025-08-12T18:41:21.337050,63.0,87.0,-50.0,60.0,28.0,-2.0,-10.0,-61.0,23.0,-35.0,3.0,-71.0,47.45,59.91,-14.869999999999997,31.05,23.75,4.25,-8.4,-75.28999999999999,37.18,-43.47,-37.71,-57.74
2025-08-12T18:41:21.341425,-11.0,35.0,-44.0,48.0,-6.0,-35.0,-9.0,-15.0,47.0,-57.0,29.0,-44.0,-26.55,7.91,-8.869999999999997,19.05,-10.25,-28.75,-7.4,-29.29,61.18,-65.47,-11.71,-30.740000000000002
2025-08-12T18:41:21.349314,82.0,9.0,-12.0,122.0,26.0,42.0,-4.0,11.0,-28.0,-8.0,124.0,-19.0,66.45,-18.09,23.130000000000003,93.05,21.75,48.25,-2.4,-3.289999999999999,-13.82,-16.47,83.28999999999999,-5.74
2025-08-12T18:41:21.353725,-16.0,-70.0,-37.0,47.0,21.0,-76.0,-48.0,-1.0,0.0,19.0,19.0,2.0,-31.55,-97.09,-1.8699999999999974,18.05,16.75,-69.75,-46.4,-15.29,14.18,10.53,-21.71,15.26
2025-08-12T18:41:21.361615,-51.0,89.0,-54.0,-36.0,-42.0,-29.0,-30.0,41.0,-11.0,-8.0,96.0,4.0,-66.55,61.91,-18.869999999999997,-64.95,-46.25,-22.75,-28.4,26.71,3.1799999999999997,-16.47,55.29,17.259999999999998
2025-08-12T18:41:21.365853,9.0,67.0,-9.0,43.0,18.0,22.0,26.0,-41.0,-16.0,-4.0,61.0,-9.0,-6.550000000000001,39.91,26.130000000000003,14.05,13.75,28.25,27.6,-55.29,-1.8200000000000003,-12.47,20.29,4.26
2025-08-12T18:41:21.373880,15.0,5.0,-12.0,6.0,37.0,-28.0,-89.0,-16.0,-15.0,-22.0,61.0,-21.0,-0.5500000000000007,-22.09,23.130000000000003,-22.95,32.75,-21.75,-87.4,-30.29,-0.8200000000000003,-30.47,20.29,-7.74
2025-08-12T18:41:21.378302,-54.0,-46.0,31.0,59.0,74.0,-31.0,25.0,18.0,-35.0,-17.0,87.0,13.0,-69.55,-73.09,66.13,30.05,69.75,-24.75,26.6,3.710000000000001,-20.82,-25.47,46.29,26.259999999999998
2025-08-12T18:41:21.386227,-33.0,83.0,-58.0,-27.0,-33.0,-59.0,-71.0,24.0,38.0,-15.0,84.0,-31.0,-48.55,55.91,-22.869999999999997,-55.95,-37.25,-52.75,-69.4,9.71,52.18,-23.47,43.29,-17.740000000000002
2025-08-12T18:41:21.390532,-12.0,38.0,2.0,43.0,18.0,-53.0,-18.0,-60.0,-51.0,-11.0,-1.0,19.0,-27.55,10.91,37.13,14.05,13.75,-46.75,-16.4,-74.28999999999999,-36.82,-19.47,-41.71,32.26
2025-08-12T18:41:21.398567,-69.0,84.0,-109.0,44.0,-4.0,-35.0,51.0,28.0,43.0,36.0,62.0,-50.0,-84.55,56.91,-73.87,15.05,-8.25,-28.75,52.6,13.71,57.18,27.53,21.29,-36.74
2025-08-12T18:41:21.402875,30.0,71.0,-109.0,-9.0,-67.0,-3.0,1.0,69.0,-1.0,2.0,95.0,-55.0,14.45,43.91,-73.87,-37.95,-71.25,3.25,2.6,54.71,13.18,-6.470000000000001,54.29,-41.74
2025-08-12T18:41:21.410927,-8.0,42.0,-36.0,44.0,15.0,-24.0,-28.0,19.0,-37.0,34.0,85.0,-15.0,-23.55,14.91,-0.8699999999999974,15.05,10.75,-17.75,-26.4,4.710000000000001,-22.82,25.53,44.29,-1.7400000000000002
2025-08-12T18:41:21.415175,-3.0,51.0,-98.0,50.0,-41.0,-30.0,-86.0,35.0,-74.0,-5.0,25.0,-85.0,-18.55,23.91,-62.87,21.05,-45.25,-23.75,-84.4,20.71,-59.82,-13.47,-15.71,-71.74
2025-08-12T18:41:21.423201,38.0,16.0,-62.0,26.0,-63.0,-41.0,-45.0,66.0,-11.0,56.0,89.0,-69.0,22.45,-11.09,-26.869999999999997,-2.9499999999999993,-67.25,-34.75,-43.4,51.71,3.1799999999999997,47.53,48.29,-55.74
2025-08-12T18:41:21.427458,50.0,75.0,-81.0,27.0,-25.0,-73.0,41.0,104.0,-19.0,-49.0,49.0,-70.0,34.45,47.91,-45.87,-1.9499999999999993,-29.25,-66.75,42.6,89.71000000000001,-4.82,-57.47,8.29,-56.74
2025-08-12T18:41:21.435373,65.0,74.0,-9.0,35.0,25.0,-56.0,14.0,79.0,-10.0,54.0,21.0,15.0,49.45,46.91,26.130000000000003,6.050000000000001,20.75,-49.75,15.6,64.71000000000001,4.18,45.53,-19.71,28.259999999999998
2025-08-12T18:41:21.439625,4.0,-3.0,21.0,-5.0,-38.0,35.0,43.0,29.0,14.0,-65.0,47.0,-15.0,-11.55,-30.09,56.13,-33.95,-42.25,41.25,44.6,14.71,28.18,-73.47,6.289999999999999,-1.7400000000000002
2025-08-12T18:41:21.447625,-31.0,-46.0,-30.0,47.0,-16.0,-3.0,3.0,13.0,17.0,-12.0,29.0,-54.0,-46.55,-73.09,5.130000000000003,18.05,-20.25,3.25,4.6,-1.2899999999999991,31.18,-20.47,-11.71,-40.74
2025-08-12T18:41:21.451866,-37.0,19.0,-40.0,65.0,-23.0,-14.0,22.0,-51.0,-31.0,-48.0,77.0,-9.0,-52.55,-8.09,-4.869999999999997,36.05,-27.25,-7.75,23.6,-65.28999999999999,-16.82,-56.47,36.29,4.26
2025-08-12T18:41:21.459878,-10.0,6.0,-71.0,20.0,9.0,-9.0,-26.0,46.0,11.0,25.0,80.0,-19.0,-25.55,-21.09,-35.87,-8.95,4.75,-2.75,-24.4,31.71,25.18,16.53,39.29,-5.74
2025-08-12T18:41:21.464226,82.0,-58.0,36.0,53.0,-46.0,8.0,20.0,-12.0,14.0,25.0,50.0,-68.0,66.45,-85.09,71.13,24.05,-50.25,14.25,21.6,-26.29,28.18,16.53,9.29,-54.74
2025-08-12T18:41:21.472280,31.0,65.0,-11.0,43.0,45.0,-91.0,-35.0,-37.0,-12.0,-7.0,18.0,-47.0,15.45,37.91,24.130000000000003,14.05,40.75,-84.75,-33.4,-51.29,2.1799999999999997,-15.47,-22.71,-33.74
2025-08-12T18:41:21.476610,-39.0,62.0,8.0,-9.0,52.0,-23.0,-102.0,69.0,-107.0,-48.0,73.0,-44.0,-54.55,34.91,43.13,-37.95,47.75,-16.75,-100.4,54.71,-92.82,-56.47,32.29,-30.740000000000002
2025-08-12T18:41:21.484591,24.0,-5.0,-99.0,-14.0,0.0,-83.0,-44.0,23.0,-38.0,47.0,36.0,-57.0,8.45,-32.09,-63.87,-42.95,-4.25,-76.75,-42.4,8.71,-23.82,38.53,-4.710000000000001,-43.74
2025-08-12T18:41:21.488784,-38.0,54.0,-86.0,4.0,30.0,-23.0,-14.0,34.0,-75.0,-28.0,70.0,-25.0,-53.55,26.91,-50.87,-24.95,25.75,-16.75,-12.4,19.71,-60.82,-36.47,29.29,-11.74
2025-08-12T18:41:21.492763,14.0,42.0,-94.0,60.0,27.0,-29.0,-47.0,-9.0,-74.0,24.0,43.0,36.0,-1.5500000000000007,14.91,-58.87,31.05,22.75,-22.75,-45.4,-23.29,-59.82,15.53,2.289999999999999,49.26
2025-08-12T18:41:21.501134,5.0,31.0,-45.0,91.0,-32.0,-6.0,36.0,-58.0,-9.0,-33.0,58.0,-34.0,-10.55,3.91,-9.869999999999997,62.05,-36.25,0.25,37.6,-72.28999999999999,5.18,-41.47,17.29,-20.740000000000002
2025-08-12T18:41:21.505068,94.0,62.0,-62.0,-19.0,51.0,-30.0,53.0,-33.0,-67.0,22.0,56.0,-78.0,78.45,34.91,-26.869999999999997,-47.95,46.75,-23.75,54.6,-47.29,-52.82,13.53,15.29,-64.74
2025-08-12T18:41:21.513309,32.0,88.0,-85.0,41.0,-26.0,-57.0,77.0,93.0,-65.0,31.0,62.0,-23.0,16.45,60.91,-49.87,12.05,-30.25,-50.75,78.6,78.71000000000001,-50.82,22.53,21.29,-9.74
2025-08-12T18:41:21.517349,25.0,88.0,27.0,59.0,50.0,-47.0,-5.0,25.0,-10.0,-10.0,92.0,7.0,9.45,60.91,62.13,30.05,45.75,-40.75,-3.4,10.71,4.18,-18.47,51.29,20.259999999999998
2025-08-12T18:41:21.525591,-5.0,48.0,-55.0,64.0,36.0,-50.0,-36.0,22.0,-21.0,-65.0,1.0,7.0,-20.55,20.91,-19.869999999999997,35.05,31.75,-43.75,-34.4,7.710000000000001,-6.82,-73.47,-39.71,20.259999999999998
2025-08-12T18:41:21.529685,87.0,119.0,-128.0,86.0,28.0,-36.0,-73.0,-5.0,-53.0,24.0,68.0,-17.0,71.45,91.91,-92.87,57.05,23.75,-29.75,-71.4,-19.29,-38.82,15.53,27.29,-3.74
2025-08-12T18:41:21.537771,79.0,18.0,-50.0,-6.0,35.0,-32.0,-107.0,-8.0,-44.0,58.0,61.0,-62.0,63.45,-9.09,-14.869999999999997,-34.95,30.75,-25.75,-105.4,-22.29,-29.82,49.53,20.29,-48.74
2025-08-12T18:41:21.541927,38.0,-10.0,-116.0,36.0,-24.0,-62.0,4.0,51.0,-67.0,39.0,34.0,-23.0,22.45,-37.09,-80.87,7.050000000000001,-28.25,-55.75,5.6,36.71,-52.82,30.53,-6.710000000000001,-9.74
2025-08-12T18:41:21.550268,-6.0,24.0,-51.0,36.0,23.0,35.0,-40.0,-10.0,-85.0,-20.0,45.0,-6.0,-21.55,-3.09,-15.869999999999997,7.050000000000001,18.75,41.25,-38.4,-24.29,-70.82,-28.47,4.289999999999999,7.26
2025-08-12T18:41:21.554231,15.0,50.0,-82.0,4.0,15.0,-2.0,57.0,-24.0,-81.0,34.0,72.0,22.0,-0.5500000000000007,22.91,-46.87,-24.95,10.75,4.25,58.6,-38.29,-66.82,25.53,31.29,35.26
2025-08-12T18:41:21.562469,19.0,13.0,-94.0,73.0,-7.0,3.0,-48.0,-10.0,-48.0,22.0,36.0,-14.0,3.4499999999999993,-14.09,-58.87,44.05,-11.25,9.25,-46.4,-24.29,-33.82,13.53,-4.710000000000001,-0.7400000000000002
2025-08-12T18:41:21.566682,45.0,-19.0,-119.0,54.0,42.0,-18.0,-4.0,29.0,-21.0,-33.0,80.0,-65.0,29.45,-46.09,-83.87,25.05,37.75,-11.75,-2.4,14.71,-6.82,-41.47,39.29,-51.74
2025-08-12T18:41:21.574626,-46.0,17.0,-83.0,47.0,-41.0,6.0,12.0,23.0,-8.0,-40.0,-1.0,-45.0,-61.55,-10.09,-47.87,18.05,-45.25,12.25,13.6,8.71,6.18,-48.47,-41.71,-31.740000000000002
2025-08-12T18:41:21.578968,13.0,-28.0,-35.0,60.0,62.0,2.0,16.0,-28.0,38.0,14.0,37.0,-28.0,-2.5500000000000007,-55.09,0.13000000000000256,31.05,57.75,8.25,17.6,-42.29,52.18,5.529999999999999,-3.710000000000001,-14.74
2025-08-12T18:41:21.586912,-26.0,110.0,-35.0,-7.0,-8.0,-34.0,-60.0,27.0,-47.0,19.0,41.0,-11.0,-41.55,82.91,0.13000000000000256,-35.95,-12.25,-27.75,-58.4,12.71,-32.82,10.53,0.28999999999999915,2.26
2025-08-12T18:41:21.591344,88.0,44.0,-51.0,-9.0,-1.0,1.0,-34.0,126.0,-50.0,0.0,28.0,-39.0,72.45,16.91,-15.869999999999997,-37.95,-5.25,7.25,-32.4,111.71000000000001,-35.82,-8.47,-12.71,-25.740000000000002
2025-08-12T18:41:21.599396,39.0,103.0,-92.0,51.0,22.0,7.0,-24.0,26.0,-44.0,-10.0,66.0,-58.0,23.45,75.91,-56.87,22.05,17.75,13.25,-22.4,11.71,-29.82,-18.47,25.29,-44.74
2025-08-12T18:41:21.603625,9.0,-5.0,-84.0,45.0,-20.0,-67.0,-18.0,76.0,-32.0,-86.0,104.0,-102.0,-6.550000000000001,-32.09,-48.87,16.05,-24.25,-60.75,-16.4,61.71,-17.82,-94.47,63.29,-88.74
2025-08-12T18:41:21.611400,24.0,-1.0,-52.0,-15.0,4.0,8.0,15.0,51.0,-75.0,26.0,60.0,-57.0,8.45,-28.09,-16.869999999999997,-43.95,-0.25,14.25,16.6,36.71,-60.82,17.53,19.29,-43.74
2025-08-12T18:41:21.615809,66.0,58.0,-74.0,6.0,42.0,19.0,13.0,10.0,-28.0,-31.0,31.0,-104.0,50.45,30.91,-38.87,-22.95,37.75,25.25,14.6,-4.289999999999999,-13.82,-39.47,-9.71,-90.74
2025-08-12T18:41:21.623777,-33.0,10.0,-28.0,2.0,-41.0,-40.0,-44.0,2.0,-30.0,-4.0,4.0,-51.0,-48.55,-17.09,7.130000000000003,-26.95,-45.25,-33.75,-42.4,-12.29,-15.82,-12.47,-36.71,-37.74
2025-08-12T18:41:21.628209,11.0,7.0,-87.0,23.0,64.0,-10.0,-36.0,37.0,-65.0,-19.0,46.0,-7.0,-4.550000000000001,-20.09,-51.87,-5.949999999999999,59.75,-3.75,-34.4,22.71,-50.82,-27.47,5.289999999999999,6.26
2025-08-12T18:41:21.636231,19.0,-12.0,-63.0,-11.0,74.0,-52.0,-16.0,32.0,-74.0,50.0,46.0,-83.0,3.4499999999999993,-39.09,-27.869999999999997,-39.95,69.75,-45.75,-14.4,17.71,-59.82,41.53,5.289999999999999,-69.74
2025-08-12T18:41:21.640479,37.0,52.0,-78.0,45.0,-24.0,-10.0,-11.0,-8.0,-55.0,-20.0,-43.0,-93.0,21.45,24.91,-42.87,16.05,-28.25,-3.75,-9.4,-22.29,-40.82,-28.47,-83.71000000000001,-79.74
2025-08-12T18:41:21.648481,52.0,-7.0,-20.0,28.0,40.0,-47.0,27.0,36.0,-93.0,-46.0,86.0,-5.0,36.45,-34.09,15.130000000000003,-0.9499999999999993,35.75,-40.75,28.6,21.71,-78.82,-54.47,45.29,8.26
2025-08-12T18:41:21.652744,-25.0,42.0,-8.0,7.0,46.0,-46.0,-13.0,9.0,-47.0,-54.0,-15.0,-57.0,-40.55,14.91,27.130000000000003,-21.95,41.75,-39.75,-11.4,-5.289999999999999,-32.82,-62.47,-55.71,-43.74
2025-08-12T18:41:21.660662,53.0,-1.0,-97.0,108.0,12.0,-5.0,-54.0,-28.0,-83.0,-56.0,72.0,-14.0,37.45,-28.09,-61.87,79.05,7.75,1.25,-52.4,-42.29,-68.82,-64.47,31.29,-0.7400000000000002
2025-08-12T18:41:21.664846,13.0,14.0,-91.0,-15.0,-7.0,-24.0,-31.0,12.0,-40.0,-19.0,88.0,-77.0,-2.5500000000000007,-13.09,-55.87,-43.95,-11.25,-17.75,-29.4,-2.289999999999999,-25.82,-27.47,47.29,-63.74
2025-08-12T18:41:21.672925,-7.0,2.0,-89.0,40.0,-34.0,-29.0,-29.0,-1.0,-36.0,-39.0,103.0,-92.0,-22.55,-25.09,-53.87,11.05,-38.25,-22.75,-27.4,-15.29,-21.82,-47.47,62.29,-78.74
2025-08-12T18:41:21.677284,65.0,30.0,-32.0,65.0,-44.0,-46.0,6.0,48.0,-67.0,-81.0,75.0,-65.0,49.45,2.91,3.1300000000000026,36.05,-48.25,-39.75,7.6,33.71,-52.82,-89.47,34.29,-51.74
2025-08-12T18:41:21.685332,27.0,17.0,-103.0,7.0,-16.0,-15.0,-57.0,55.0,-45.0,-27.0,63.0,-108.0,11.45,-10.09,-67.87,-21.95,-20.25,-8.75,-55.4,40.71,-30.82,-35.47,22.29,-94.74
2025-08-12T18:41:21.689511,12.0,42.0,-31.0,68.0,63.0,-50.0,28.0,36.0,-101.0,-15.0,18.0,-139.0,-3.5500000000000007,14.91,4.130000000000003,39.05,58.75,-43.75,29.6,21.71,-86.82,-23.47,-22.71,-125.74
2025-08-12T18:41:21.697490,20.0,75.0,-66.0,28.0,-22.0,-49.0,-22.0,55.0,-68.0,46.0,19.0,-88.0,4.449999999999999,47.91,-30.869999999999997,-0.9499999999999993,-26.25,-42.75,-20.4,40.71,-53.82,37.53,-21.71,-74.74
2025-08-12T18:41:21.701765,16.0,103.0,6.0,49.0,27.0,-22.0,47.0,-34.0,-56.0,20.0,49.0,-91.0,0.4499999999999993,75.91,41.13,20.05,22.75,-15.75,48.6,-48.29,-41.82,11.53,8.29,-77.74
2025-08-12T18:41:21.709745,-9.0,63.0,-97.0,-18.0,-28.0,-44.0,-32.0,15.0,-87.0,-52.0,19.0,-4.0,-24.55,35.91,-61.87,-46.95,-32.25,-37.75,-30.4,0.7100000000000009,-72.82,-60.47,-21.71,9.26
2025-08-12T18:41:21.714044,38.0,48.0,-130.0,-36.0,-34.0,8.0,-86.0,20.0,-69.0,-72.0,32.0,-112.0,22.45,20.91,-94.87,-64.95,-38.25,14.25,-84.4,5.710000000000001,-54.82,-80.47,-8.71,-98.74
2025-08-12T18:41:21.722230,83.0,91.0,-95.0,23.0,15.0,-96.0,-4.0,59.0,-76.0,-12.0,92.0,-51.0,67.45,63.91,-59.87,-5.949999999999999,10.75,-89.75,-2.4,44.71,-61.82,-20.47,51.29,-37.74
2025-08-12T18:41:21.726460,121.0,29.0,-80.0,40.0,-28.0,-21.0,23.0,-19.0,-61.0,1.0,45.0,-122.0,105.45,1.9100000000000001,-44.87,11.05,-32.25,-14.75,24.6,-33.29,-46.82,-7.470000000000001,4.289999999999999,-108.74
2025-08-12T18:41:21.734487,67.0,53.0,-102.0,50.0,26.0,4.0,-104.0,27.0,-49.0,-36.0,103.0,-55.0,51.45,25.91,-66.87,21.05,21.75,10.25,-102.4,12.71,-34.82,-44.47,62.29,-41.74
2025-08-12T18:41:21.738771,77.0,67.0,-114.0,60.0,-30.0,-14.0,39.0,-14.0,-86.0,43.0,96.0,-78.0,61.45,39.91,-78.87,31.05,-34.25,-7.75,40.6,-28.29,-71.82,34.53,55.29,-64.74
2025-08-12T18:41:21.746766,21.0,45.0,-71.0,11.0,32.0,-38.0,49.0,5.0,-113.0,19.0,54.0,-58.0,5.449999999999999,17.91,-35.87,-17.95,27.75,-31.75,50.6,-9.29,-98.82,10.53,13.29,-44.74
2025-08-12T18:41:21.751008,19.0,48.0,-20.0,105.0,-10.0,-19.0,-47.0,65.0,2.0,-74.0,55.0,-80.0,3.4499999999999993,20.91,15.130000000000003,76.05,-14.25,-12.75,-45.4,50.71,16.18,-82.47,14.29,-66.74
2025-08-12T18:41:21.758932,-25.0,97.0,-67.0,71.0,9.0,-75.0,15.0,88.0,-94.0,21.0,113.0,-56.0,-40.55,69.91,-31.869999999999997,42.05,4.75,-68.75,16.6,73.71000000000001,-79.82,12.53,72.28999999999999,-42.74
2025-08-12T18:41:21.763677,3.0,49.0,-107.0,-9.0,12.0,-66.0,28.0,14.0,-34.0,24.0,21.0,-29.0,-12.55,21.91,-71.87,-37.95,7.75,-59.75,29.6,-0.28999999999999915,-19.82,15.53,-19.71,-15.74
2025-08-12T18:41:21.771337,-8.0,40.0,-34.0,64.0,-8.0,-80.0,5.0,24.0,-119.0,10.0,76.0,-100.0,-23.55,12.91,1.1300000000000026,35.05,-12.25,-73.75,6.6,9.71,-104.82,1.5299999999999994,35.29,-86.74
2025-08-12T18:41:21.775521,-16.0,57.0,-52.0,69.0,24.0,-84.0,-65.0,17.0,-99.0,-15.0,54.0,-81.0,-31.55,29.91,-16.869999999999997,40.05,19.75,-77.75,-63.4,2.710000000000001,-84.82,-23.47,13.29,-67.74
2025-08-12T18:41:21.783575,125.0,11.0,-110.0,10.0,5.0,-23.0,49.0,20.0,-71.0,-30.0,71.0,-113.0,109.45,-16.09,-74.87,-18.95,0.75,-16.75,50.6,5.710000000000001,-56.82,-38.47,30.29,-99.74
2025-08-12T18:41:21.787712,52.0,26.0,-120.0,76.0,59.0,-79.0,49.0,54.0,-52.0,0.0,43.0,-88.0,36.45,-1.0899999999999999,-84.87,47.05,54.75,-72.75,50.6,39.71,-37.82,-8.47,2.289999999999999,-74.74
2025-08-12T18:41:21.795883,105.0,81.0,-54.0,64.0,-53.0,-48.0,-47.0,-8.0,-65.0,25.0,58.0,-119.0,89.45,53.91,-18.869999999999997,35.05,-57.25,-41.75,-45.4,-22.29,-50.82,16.53,17.29,-105.74
2025-08-12T18:41:21.800036,-3.0,29.0,-10.0,27.0,-16.0,-40.0,-78.0,20.0,-55.0,-95.0,93.0,-78.0,-18.55,1.9100000000000001,25.130000000000003,-1.9499999999999993,-20.25,-33.75,-76.4,5.710000000000001,-40.82,-103.47,52.29,-64.74
2025-08-12T18:41:21.808111,14.0,5.0,-98.0,29.0,24.0,-107.0,-15.0,56.0,-93.0,-20.0,29.0,-52.0,-1.5500000000000007,-22.09,-62.87,0.05000000000000071,19.75,-100.75,-13.4,41.71,-78.82,-28.47,-11.71,-38.74
2025-08-12T18:41:21.812318,32.0,106.0,-27.0,90.0,27.0,-72.0,-68.0,97.0,-97.0,-62.0,113.0,-33.0,16.45,78.91,8.130000000000003,61.05,22.75,-65.75,-66.4,82.71000000000001,-82.82,-70.47,72.28999999999999,-19.740000000000002
2025-08-12T18:41:21.820513,36.0,75.0,-125.0,38.0,-26.0,-64.0,-19.0,49.0,-111.0,-95.0,96.0,-31.0,20.45,47.91,-89.87,9.05,-30.25,-57.75,-17.4,34.71,-96.82,-103.47,55.29,-17.740000000000002
2025-08-12T18:41:21.824638,48.0,78.0,-145.0,65.0,9.0,-86.0,-45.0,-73.0,-43.0,-4.0,45.0,-91.0,32.45,50.91,-109.87,36.05,4.75,-79.75,-43.4,-87.28999999999999,-28.82,-12.47,4.289999999999999,-77.74
2025-08-12T18:41:21.832800,91.0,98.0,-132.0,44.0,2.0,-110.0,-91.0,-2.0,-55.0,-50.0,97.0,-113.0,75.45,70.91,-96.87,15.05,-2.25,-103.75,-89.4,-16.29,-40.82,-58.47,56.29,-99.74
2025-08-12T18:41:21.836907,62.0,4.0,-82.0,-8.0,-20.0,-46.0,-25.0,98.0,-28.0,35.0,-3.0,-101.0,46.45,-23.09,-46.87,-36.95,-24.25,-39.75,-23.4,83.71000000000001,-13.82,26.53,-43.71,-87.74
2025-08-12T18:41:21.844905,6.0,36.0,-50.0,58.0,96.0,-39.0,-39.0,-33.0,-23.0,-33.0,42.0,-82.0,-9.55,8.91,-14.869999999999997,29.05,91.75,-32.75,-37.4,-47.29,-8.82,-41.47,1.2899999999999991,-68.74
2025-08-12T18:41:21.849185,41.0,98.0,-129.0,74.0,3.0,-60.0,-86.0,50.0,-144.0,33.0,12.0,-133.0,25.45,70.91,-93.87,45.05,-1.25,-53.75,-84.4,35.71,-129.82,24.53,-28.71,-119.74
2025-08-12T18:41:21.857293,66.0,19.0,-40.0,50.0,58.0,-77.0,-66.0,-20.0,-109.0,-69.0,-26.0,-88.0,50.45,-8.09,-4.869999999999997,21.05,53.75,-70.75,-64.4,-34.29,-94.82,-77.47,-66.71000000000001,-74.74
2025-08-12T18:41:21.861531,73.0,55.0,-74.0,129.0,42.0,-82.0,-38.0,-22.0,-91.0,-48.0,67.0,-64.0,57.45,27.91,-38.87,100.05,37.75,-75.75,-36.4,-36.29,-76.82,-56.47,26.29,-50.74
2025-08-12T18:41:21.869712,11.0,58.0,-86.0,25.0,-22.0,-79.0,-56.0,85.0,-87.0,-28.0,114.0,-85.0,-4.550000000000001,30.91,-50.87,-3.9499999999999993,-26.25,-72.75,-54.4,70.71000000000001,-72.82,-36.47,73.28999999999999,-71.74
2025-08-12T18:41:21.873923,72.0,112.0,-94.0,-11.0,29.0,-77.0,-102.0,-47.0,-116.0,-39.0,133.0,-95.0,56.45,84.91,-58.87,-39.95,24.75,-70.75,-100.4,-61.29,-101.82,-47.47,92.28999999999999,-81.74
2025-08-12T18:41:21.881790,77.0,84.0,-156.0,73.0,-14.0,-49.0,-47.0,-52.0,-73.0,-2.0,58.0,-137.0,61.45,56.91,-120.87,44.05,-18.25,-42.75,-45.4,-66.28999999999999,-58.82,-10.47,17.29,-123.74
2025-08-12T18:41:21.886258,56.0,33.0,-100.0,-3.0,-11.0,-85.0,-82.0,6.0,-96.0,-20.0,143.0,-122.0,40.45,5.91,-64.87,-31.95,-15.25,-78.75,-80.4,-8.29,-81.82,-28.47,102.28999999999999,-108.74
2025-08-12T18:41:21.894227,64.0,19.0,-127.0,105.0,-74.0,-110.0,-27.0,51.0,-95.0,-21.0,128.0,-146.0,48.45,-8.09,-91.87,76.05,-78.25,-103.75,-25.4,36.71,-80.82,-29.47,87.28999999999999,-132.74
2025-08-12T18:41:21.898551,0.0,-30.0,-98.0,15.0,-62.0,-109.0,38.0,-17.0,-75.0,-24.0,117.0,-18.0,-15.55,-57.09,-62.87,-13.95,-66.25,-102.75,39.6,-31.29,-60.82,-32.47,76.28999999999999,-4.74
2025-08-12T18:41:21.906489,93.0,42.0,-159.0,23.0,-19.0,-144.0,3.0,20.0,-113.0,-29.0,52.0,-115.0,77.45,14.91,-123.87,-5.949999999999999,-23.25,-137.75,4.6,5.710000000000001,-98.82,-37.47,11.29,-101.74
2025-08-12T18:41:21.910832,35.0,107.0,-157.0,44.0,40.0,-123.0,-14.0,2.0,-105.0,20.0,165.0,-122.0,19.45,79.91,-121.87,15.05,35.75,-116.75,-12.4,-12.29,-90.82,11.53,124.28999999999999,-108.74
2025-08-12T18:41:21.918785,21.0,92.0,-115.0,97.0,-13.0,-95.0,-10.0,-24.0,-99.0,-63.0,46.0,-72.0,5.449999999999999,64.91,-79.87,68.05,-17.25,-88.75,-8.4,-38.29,-84.82,-71.47,5.289999999999999,-58.74
2025-08-12T18:41:21.922988,-3.0,33.0,-111.0,28.0,39.0,-85.0,0.0,58.0,-133.0,-53.0,46.0,-127.0,-18.55,5.91,-75.87,-0.9499999999999993,34.75,-78.75,1.6,43.71,-118.82,-61.47,5.289999999999999,-113.74
2025-08-12T18:41:21.931136,65.0,24.0,-127.0,44.0,-28.0,-75.0,34.0,-45.0,-112.0,-69.0,136.0,-100.0,49.45,-3.09,-91.87,15.05,-32.25,-68.75,35.6,-59.29,-97.82,-77.47,95.28999999999999,-86.74
2025-08-12T18:41:21.935124,53.0,35.0,-102.0,53.0,21.0,-102.0,87.0,4.0,-74.0,-64.0,136.0,-114.0,37.45,7.91,-66.87,24.05,16.75,-95.75,88.6,-10.29,-59.82,-72.47,95.28999999999999,-100.74
2025-08-12T18:41:21.943492,47.0,42.0,-199.0,0.0,-20.0,-109.0,-43.0,-23.0,-59.0,-42.0,94.0,-109.0,31.45,14.91,-163.87,-28.95,-24.25,-102.75,-41.4,-37.29,-44.82,-50.47,53.29,-95.74
2025-08-12T18:41:21.951488,48.0,115.0,-122.0,-26.0,-62.0,-114.0,-17.0,-72.0,-136.0,-22.0,76.0,-145.0,32.45,87.91,-86.87,-54.95,-66.25,-107.75,-15.4,-86.28999999999999,-121.82,-30.47,35.29,-131.74
2025-08-12T18:41:21.955711,107.0,11.0,-114.0,45.0,11.0,-100.0,-22.0,-2.0,-121.0,-6.0,-4.0,-64.0,91.45,-16.09,-78.87,16.05,6.75,-93.75,-20.4,-16.29,-106.82,-14.47,-44.71,-50.74
2025-08-12T18:41:21.963769,31.0,86.0,-132.0,70.0,19.0,-81.0,-43.0,-34.0,-100.0,-41.0,26.0,-189.0,15.45,58.91,-96.87,41.05,14.75,-74.75,-41.4,-48.29,-85.82,-49.47,-14.71,-175.74
2025-08-12T18:41:21.967996,31.0,132.0,-111.0,67.0,-20.0,-71.0,-15.0,-17.0,-150.0,-24.0,101.0,-51.0,15.45,104.91,-75.87,38.05,-24.25,-64.75,-13.4,-31.29,-135.82,-32.47,60.29,-37.74
2025-08-12T18:41:21.976159,6.0,37.0,-105.0,53.0,-26.0,-123.0,-4.0,-4.0,-111.0,-28.0,122.0,-158.0,-9.55,9.91,-69.87,24.05,-30.25,-116.75,-2.4,-18.29,-96.82,-36.47,81.28999999999999,-144.74
2025-08-12T18:41:21.980410,92.0,76.0,-142.0,108.0,-83.0,-136.0,-40.0,11.0,-115.0,-24.0,50.0,-112.0,76.45,48.91,-106.87,79.05,-87.25,-129.75,-38.4,-3.289999999999999,-100.82,-32.47,9.29,-98.74
2025-08-12T18:41:21.988567,65.0,55.0,-155.0,52.0,-22.0,-126.0,-23.0,28.0,-147.0,-25.0,94.0,-94.0,49.45,27.91,-119.87,23.05,-26.25,-119.75,-21.4,13.71,-132.82,-33.47,53.29,-80.74
2025-08-12T18:41:21.992734,84.0,36.0,-98.0,40.0,4.0,-132.0,-65.0,0.0,-168.0,-49.0,53.0,-89.0,68.45,8.91,-62.87,11.05,-0.25,-125.75,-63.4,-14.29,-153.82,-57.47,12.29,-75.74
2025-08-12T18:41:22.000734,90.0,-6.0,-120.0,70.0,-32.0,-169.0,-39.0,-60.0,-74.0,-10.0,105.0,-112.0,74.45,-33.09,-84.87,41.05,-36.25,-162.75,-37.4,-74.28999999999999,-59.82,-18.47,64.28999999999999,-98.74
2025-08-12T18:41:22.004836,58.0,51.0,-117.0,81.0,2.0,-189.0,33.0,-37.0,-90.0,-76.0,88.0,-114.0,42.45,23.91,-81.87,52.05,-2.25,-182.75,34.6,-51.29,-75.82,-84.47,47.29,-100.74
2025-08-12T18:41:22.012891,-27.0,116.0,-172.0,53.0,-45.0,-123.0,1.0,-36.0,-116.0,2.0,89.0,-118.0,-42.55,88.91,-136.87,24.05,-49.25,-116.75,2.6,-50.29,-101.82,-6.470000000000001,48.29,-104.74
2025-08-12T18:41:22.017362,63.0,131.0,-200.0,12.0,-26.0,-121.0,-27.0,-29.0,-104.0,39.0,32.0,-226.0,47.45,103.91,-164.87,-16.95,-30.25,-114.75,-25.4,-43.29,-89.82,30.53,-8.71,-212.74
2025-08-12T18:41:22.025203,59.0,-9.0,-108.0,135.0,17.0,-141.0,-158.0,28.0,-160.0,25.0,109.0,-141.0,43.45,-36.09,-72.87,106.05,12.75,-134.75,-156.4,13.71,-145.82,16.53,68.28999999999999,-127.74
2025-08-12T18:41:22.033325,-19.0,114.0,-125.0,10.0,-23.0,-50.0,-39.0,-27.0,-161.0,-95.0,135.0,-63.0,-34.55,86.91,-89.87,-18.95,-27.25,-43.75,-37.4,-41.29,-146.82,-103.47,94.28999999999999,-49.74
2025-08-12T18:41:22.037637,26.0,60.0,-243.0,52.0,9.0,-147.0,-12.0,-14.0,-113.0,-149.0,75.0,-115.0,10.45,32.91,-207.87,23.05,4.75,-140.75,-10.4,-28.29,-98.82,-157.47,34.29,-101.74
2025-08-12T18:41:22.045772,104.0,51.0,-158.0,95.0,-16.0,-99.0,-71.0,37.0,-92.0,8.0,9.0,-165.0,88.45,23.91,-122.87,66.05,-20.25,-92.75,-69.4,22.71,-77.82,-0.47000000000000064,-31.71,-151.74
2025-08-12T18:41:22.049860,59.0,6.0,-165.0,60.0,-3.0,-98.0,20.0,-1.0,-138.0,-67.0,76.0,-204.0,43.45,-21.09,-129.87,31.05,-7.25,-91.75,21.6,-15.29,-123.82,-75.47,35.29,-190.74
2025-08-12T18:41:22.058069,85.0,107.0,-113.0,12.0,-77.0,-132.0,-38.0,-13.0,-104.0,-102.0,14.0,-198.0,69.45,79.91,-77.87,-16.95,-81.25,-125.75,-36.4,-27.29,-89.82,-110.47,-26.71,-184.74
2025-08-12T18:41:22.062216,36.0,9.0,-171.0,32.0,-8.0,-135.0,37.0,10.0,-139.0,-59.0,69.0,-149.0,20.45,-18.09,-135.87,3.0500000000000007,-12.25,-128.75,38.6,-4.289999999999999,-124.82,-67.47,28.29,-135.74
2025-08-12T18:41:22.070438,17.0,44.0,-187.0,1.0,-47.0,-64.0,-81.0,-49.0,-100.0,-64.0,15.0,-122.0,1.4499999999999993,16.91,-151.87,-27.95,-51.25,-57.75,-79.4,-63.29,-85.82,-72.47,-25.71,-108.74
2025-08-12T18:41:22.074644,-11.0,127.0,-164.0,-2.0,-21.0,-155.0,-52.0,-32.0,-112.0,-33.0,130.0,-152.0,-26.55,99.91,-128.87,-30.95,-25.25,-148.75,-50.4,-46.29,-97.82,-41.47,89.28999999999999,-138.74
2025-08-12T18:41:22.082618,55.0,15.0,-102.0,42.0,42.0,-139.0,-57.0,32.0,-143.0,-35.0,93.0,-142.0,39.45,-12.09,-66.87,13.05,37.75,-132.75,-55.4,17.71,-128.82,-43.47,52.29,-128.74
2025-08-12T18:41:22.086868,31.0,44.0,-122.0,97.0,-28.0,-87.0,-25.0,1.0,-118.0,-80.0,54.0,-164.0,15.45,16.91,-86.87,68.05,-32.25,-80.75,-23.4,-13.29,-103.82,-88.47,13.29,-150.74
2025-08-12T18:41:22.094910,89.0,90.0,-112.0,29.0,-18.0,-111.0,-16.0,10.0,-72.0,-61.0,86.0,-161.0,73.45,62.91,-76.87,0.05000000000000071,-22.25,-104.75,-14.4,-4.289999999999999,-57.82,-69.47,45.29,-147.74
2025-08-12T18:41:22.099144,47.0,78.0,-145.0,64.0,-15.0,-157.0,-31.0,-62.0,-78.0,-60.0,57.0,-90.0,31.45,50.91,-109.87,35.05,-19.25,-150.75,-29.4,-76.28999999999999,-63.82,-68.47,16.29,-76.74
2025-08-12T18:41:22.107319,50.0,84.0,-153.0,39.0,2.0,-132.0,-109.0,8.0,-105.0,-59.0,175.0,-116.0,34.45,56.91,-117.87,10.05,-2.25,-125.75,-107.4,-6.289999999999999,-90.82,-67.47,134.29,-102.74
2025-08-12T18:41:22.115405,86.0,12.0,-180.0,38.0,-9.0,-139.0,-68.0,17.0,-113.0,-35.0,103.0,-139.0,70.45,-15.09,-144.87,9.05,-13.25,-132.75,-66.4,2.710000000000001,-98.82,-43.47,62.29,-125.74
2025-08-12T18:41:22.119642,117.0,3.0,-148.0,59.0,-7.0,-113.0,-36.0,21.0,-122.0,-89.0,5.0,-129.0,101.45,-24.09,-112.87,30.05,-11.25,-106.75,-34.4,6.710000000000001,-107.82,-97.47,-35.71,-115.74
2025-08-12T18:41:22.127694,22.0,54.0,-148.0,39.0,-113.0,-104.0,-21.0,30.0,-130.0,-118.0,92.0,-189.0,6.449999999999999,26.91,-112.87,10.05,-117.25,-97.75,-19.4,15.71,-115.82,-126.47,51.29,-175.74
2025-08-12T18:41:22.131816,-17.0,32.0,-207.0,23.0,-8.0,-170.0,-28.0,-20.0,-179.0,-30.0,132.0,-181.0,-32.55,4.91,-171.87,-5.949999999999999,-12.25,-163.75,-26.4,-34.29,-164.82,-38.47,91.28999999999999,-167.74
2025-08-12T18:41:22.139879,38.0,45.0,-154.0,104.0,-39.0,-79.0,-71.0,-31.0,-79.0,-30.0,93.0,-68.0,22.45,17.91,-118.87,75.05,-43.25,-72.75,-69.4,-45.29,-64.82,-38.47,52.29,-54.74
2025-08-12T18:41:22.144255,76.0,38.0,-143.0,104.0,-4.0,-109.0,-119.0,48.0,-143.0,-18.0,99.0,-228.0,60.45,10.91,-107.87,75.05,-8.25,-102.75,-117.4,33.71,-128.82,-26.47,58.29,-214.74
2025-08-12T18:41:22.152314,74.0,35.0,-74.0,94.0,-36.0,-176.0,-33.0,-70.0,-150.0,-26.0,9.0,-144.0,58.45,7.91,-38.87,65.05,-40.25,-169.75,-31.4,-84.28999999999999,-135.82,-34.47,-31.71,-130.74
2025-08-12T18:41:22.156480,73.0,68.0,-134.0,111.0,-69.0,-105.0,-5.0,-39.0,-79.0,-4.0,41.0,-156.0,57.45,40.91,-98.87,82.05,-73.25,-98.75,-3.4,-53.29,-64.82,-12.47,0.28999999999999915,-142.74
2025-08-12T18:41:22.164609,58.0,49.0,-141.0,116.0,-17.0,-113.0,-24.0,-64.0,-108.0,-1.0,73.0,-52.0,42.45,21.91,-105.87,87.05,-21.25,-106.75,-22.4,-78.28999999999999,-93.82,-9.47,32.29,-38.74
2025-08-12T18:41:22.168777,95.0,86.0,-163.0,117.0,-92.0,-104.0,-37.0,-43.0,-71.0,-93.0,82.0,-195.0,79.45,58.91,-127.87,88.05,-96.25,-97.75,-35.4,-57.29,-56.82,-101.47,41.29,-181.74
2025-08-12T18:41:22.176763,52.0,81.0,-169.0,75.0,-47.0,-54.0,-31.0,-1.0,-113.0,-4.0,86.0,-161.0,36.45,53.91,-133.87,46.05,-51.25,-47.75,-29.4,-15.29,-98.82,-12.47,45.29,-147.74
2025-08-12T18:41:22.180972,71.0,101.0,-173.0,81.0,-84.0,-58.0,27.0,25.0,-164.0,-85.0,6.0,-82.0,55.45,73.91,-137.87,52.05,-88.25,-51.75,28.6,10.71,-149.82,-93.47,-34.71,-68.74
2025-08-12T18:41:22.189234,43.0,37.0,-137.0,35.0,-63.0,-91.0,-40.0,-51.0,-136.0,-24.0,74.0,-76.0,27.45,9.91,-101.87,6.050000000000001,-67.25,-84.75,-38.4,-65.28999999999999,-121.82,-32.47,33.29,-62.74
2025-08-12T18:41:22.193212,59.0,39.0,-89.0,23.0,-8.0,-207.0,-36.0,-8.0,-105.0,-80.0,45.0,-87.0,43.45,11.91,-53.87,-5.949999999999999,-12.25,-200.75,-34.4,-22.29,-90.82,-88.47,4.289999999999999,-73.74
2025-08-12T18:41:22.201494,28.0,116.0,-157.0,14.0,-30.0,-153.0,-67.0,-90.0,-101.0,-23.0,58.0,-178.0,12.45,88.91,-121.87,-14.95,-34.25,-146.75,-65.4,-104.28999999999999,-86.82,-31.47,17.29,-164.74
2025-08-12T18:41:22.209451,27.0,26.0,-162.0,88.0,13.0,-177.0,-21.0,-36.0,-153.0,-52.0,35.0,-133.0,11.45,-1.0899999999999999,-126.87,59.05,8.75,-170.75,-19.4,-50.29,-138.82,-60.47,-5.710000000000001,-119.74
2025-08-12T18:41:22.213722,99.0,111.0,-168.0,91.0,55.0,-124.0,-24.0,-31.0,-70.0,-28.0,85.0,-123.0,83.45,83.91,-132.87,62.05,50.75,-117.75,-22.4,-45.29,-55.82,-36.47,44.29,-109.74
2025-08-12T18:41:22.221744,57.0,39.0,-186.0,7.0,9.0,-190.0,-66.0,-46.0,-153.0,-122.0,21.0,-100.0,41.45,11.91,-150.87,-21.95,4.75,-183.75,-64.4,-60.29,-138.82,-130.47,-19.71,-86.74
2025-08-12T18:41:22.226014,81.0,57.0,-99.0,12.0,73.0,-173.0,-30.0,-45.0,-123.0,-11.0,62.0,-127.0,65.45,29.91,-63.87,-16.95,68.75,-166.75,-28.4,-59.29,-108.82,-19.47,21.29,-113.74
2025-08-12T18:41:22.234082,26.0,85.0,-164.0,123.0,-7.0,-96.0,-47.0,-40.0,-82.0,-35.0,90.0,-90.0,10.45,57.91,-128.87,94.05,-11.25,-89.75,-45.4,-54.29,-67.82,-43.47,49.29,-76.74
2025-08-12T18:41:22.238394,-6.0,16.0,-117.0,62.0,-4.0,-63.0,-2.0,-34.0,-89.0,-59.0,120.0,-125.0,-21.55,-11.09,-81.87,33.05,-8.25,-56.75,-0.3999999999999999,-48.29,-74.82,-67.47,79.28999999999999,-111.74
2025-08-12T18:41:22.246405,-54.0,37.0,-159.0,-11.0,15.0,-103.0,0.0,47.0,-185.0,17.0,71.0,-143.0,-69.55,9.91,-123.87,-39.95,10.75,-96.75,1.6,32.71,-170.82,8.53,30.29,-129.74
2025-08-12T18:41:22.250601,46.0,91.0,-159.0,15.0,7.0,-151.0,-46.0,6.0,-62.0,15.0,17.0,-137.0,30.45,63.91,-123.87,-13.95,2.75,-144.75,-44.4,-8.29,-47.82,6.529999999999999,-23.71,-123.74
2025-08-12T18:41:22.258772,64.0,60.0,-136.0,108.0,4.0,-159.0,-52.0,-52.0,-119.0,-69.0,104.0,-101.0,48.45,32.91,-100.87,79.05,-0.25,-152.75,-50.4,-66.28999999999999,-104.82,-77.47,63.29,-87.74
2025-08-12T18:41:22.262883,76.0,10.0,-124.0,76.0,8.0,-100.0,-11.0,0.0,-142.0,-2.0,84.0,-176.0,60.45,-17.09,-88.87,47.05,3.75,-93.75,-9.4,-14.29,-127.82,-10.47,43.29,-162.74
2025-08-12T18:41:22.270962,39.0,31.0,-139.0,15.0,-13.0,-108.0,-49.0,-39.0,-102.0,-22.0,60.0,-128.0,23.45,3.91,-103.87,-13.95,-17.25,-101.75,-47.4,-53.29,-87.82,-30.47,19.29,-114.74
2025-08-12T18:41:22.275222,2.0,74.0,-160.0,4.0,-24.0,-175.0,-1.0,-10.0,-98.0,-65.0,84.0,-149.0,-13.55,46.91,-124.87,-24.95,-28.25,-168.75,0.6000000000000001,-24.29,-83.82,-73.47,43.29,-135.74
2025-08-12T18:41:22.283308,24.0,93.0,-168.0,19.0,-35.0,-112.0,-4.0,8.0,-125.0,-3.0,146.0,-40.0,8.45,65.91,-132.87,-9.95,-39.25,-105.75,-2.4,-6.289999999999999,-110.82,-11.47,105.28999999999999,-26.740000000000002
2025-08-12T18:41:22.287720,49.0,73.0,-219.0,116.0,-29.0,-150.0,4.0,-65.0,-199.0,-14.0,25.0,-120.0,33.45,45.91,-183.87,87.05,-33.25,-143.75,5.6,-79.28999999999999,-184.82,-22.47,-15.71,-106.74
2025-08-12T18:41:22.295689,29.0,45.0,-219.0,55.0,-62.0,-118.0,-32.0,-25.0,-149.0,-77.0,93.0,-64.0,13.45,17.91,-183.87,26.05,-66.25,-111.75,-30.4,-39.29,-134.82,-85.47,52.29,-50.74
2025-08-12T18:41:22.299876,82.0,6.0,-113.0,37.0,-20.0,-168.0,-38.0,-20.0,-61.0,-44.0,148.0,-174.0,66.45,-21.09,-77.87,8.05,-24.25,-161.75,-36.4,-34.29,-46.82,-52.47,107.28999999999999,-160.74
2025-08-12T18:41:22.307870,8.0,-41.0,-121.0,82.0,17.0,-119.0,-88.0,-44.0,-80.0,-44.0,107.0,-161.0,-7.550000000000001,-68.09,-85.87,53.05,12.75,-112.75,-86.4,-58.29,-65.82,-52.47,66.28999999999999,-147.74
2025-08-12T18:41:22.311970,7.0,35.0,-135.0,22.0,25.0,-186.0,1.0,18.0,-177.0,-65.0,26.0,-156.0,-8.55,7.91,-99.87,-6.949999999999999,20.75,-179.75,2.6,3.710000000000001,-162.82,-73.47,-14.71,-142.74
2025-08-12T18:41:22.320320,42.0,2.0,-199.0,150.0,-22.0,-62.0,-55.0,10.0,-201.0,-70.0,87.0,-105.0,26.45,-25.09,-163.87,121.05,-26.25,-55.75,-53.4,-4.289999999999999,-186.82,-78.47,46.29,-91.74
2025-08-12T18:41:22.328431,66.0,19.0,-192.0,2.0,-15.0,-167.0,-21.0,-22.0,-172.0,-67.0,54.0,-94.0,50.45,-8.09,-156.87,-26.95,-19.25,-160.75,-19.4,-36.29,-157.82,-75.47,13.29,-80.74
2025-08-12T18:41:22.332496,23.0,56.0,-223.0,90.0,20.0,-86.0,0.0,-49.0,-89.0,-45.0,12.0,-137.0,7.449999999999999,28.91,-187.87,61.05,15.75,-79.75,1.6,-63.29,-74.82,-53.47,-28.71,-123.74
2025-08-12T18:41:22.340652,-14.0,43.0,-102.0,95.0,-25.0,-114.0,-42.0,-80.0,-101.0,-14.0,88.0,-189.0,-29.55,15.91,-66.87,66.05,-29.25,-107.75,-40.4,-94.28999999999999,-86.82,-22.47,47.29,-175.74
2025-08-12T18:41:22.344931,3.0,47.0,-131.0,77.0,20.0,-112.0,-22.0,42.0,-46.0,-42.0,53.0,-102.0,-12.55,19.91,-95.87,48.05,15.75,-105.75,-20.4,27.71,-31.82,-50.47,12.29,-88.74
2025-08-12T18:41:22.352770,21.0,114.0,-82.0,-6.0,-19.0,-121.0,-40.0,27.0,-57.0,1.0,104.0,-143.0,5.449999999999999,86.91,-46.87,-34.95,-23.25,-114.75,-38.4,12.71,-42.82,-7.470000000000001,63.29,-129.74
2025-08-12T18:41:22.357283,26.0,52.0,-215.0,51.0,35.0,-96.0,-63.0,6.0,-109.0,-57.0,70.0,-94.0,10.45,24.91,-179.87,22.05,30.75,-89.75,-61.4,-8.29,-94.82,-65.47,29.29,-80.74
2025-08-12T18:41:22.365126,71.0,167.0,-174.0,40.0,-95.0,-67.0,-5.0,-24.0,-152.0,-61.0,49.0,-118.0,55.45,139.91,-138.87,11.05,-99.25,-60.75,-3.4,-38.29,-137.82,-69.47,8.29,-104.74
2025-08-12T18:41:22.369406,52.0,104.0,-242.0,-11.0,22.0,-105.0,0.0,43.0,-106.0,-85.0,84.0,-162.0,36.45,76.91,-206.87,-39.95,17.75,-98.75,1.6,28.71,-91.82,-93.47,43.29,-148.74
2025-08-12T18:41:22.377427,70.0,30.0,-162.0,123.0,54.0,-109.0,-84.0,-31.0,-134.0,-67.0,26.0,-239.0,54.45,2.91,-126.87,94.05,49.75,-102.75,-82.4,-45.29,-119.82,-75.47,-14.71,-225.74
2025-08-12T18:41:22.381787,-13.0,-20.0,-181.0,78.0,-46.0,-143.0,-7.0,71.0,-109.0,12.0,19.0,-132.0,-28.55,-47.09,-145.87,49.05,-50.25,-136.75,-5.4,56.71,-94.82,3.5299999999999994,-21.71,-118.74
2025-08-12T18:41:22.389946,35.0,31.0,-130.0,130.0,-9.0,-155.0,-20.0,32.0,-156.0,-66.0,81.0,-103.0,19.45,3.91,-94.87,101.05,-13.25,-148.75,-18.4,17.71,-141.82,-74.47,40.29,-89.74
2025-08-12T18:41:22.393991,64.0,78.0,-136.0,50.0,-16.0,-129.0,10.0,-82.0,-102.0,-63.0,122.0,-147.0,48.45,50.91,-100.87,21.05,-20.25,-122.75,11.6,-96.28999999999999,-87.82,-71.47,81.28999999999999,-133.74
2025-08-12T18:41:22.402194,69.0,-31.0,-184.0,57.0,-6.0,-40.0,-11.0,0.0,-114.0,0.0,103.0,-149.0,53.45,-58.09,-148.87,28.05,-10.25,-33.75,-9.4,-14.29,-99.82,-8.47,62.29,-135.74
2025-08-12T18:41:22.406596,50.0,-2.0,-158.0,97.0,19.0,-83.0,-15.0,17.0,-127.0,40.0,102.0,-157.0,34.45,-29.09,-122.87,68.05,14.75,-76.75,-13.4,2.710000000000001,-112.82,31.53,61.29,-143.74
2025-08-12T18:41:22.414228,-3.0,21.0,-124.0,57.0,26.0,-121.0,-39.0,4.0,-117.0,-43.0,16.0,-110.0,-18.55,-6.09,-88.87,28.05,21.75,-114.75,-37.4,-10.29,-102.82,-51.47,-24.71,-96.74
2025-08-12T18:41:22.422425,72.0,3.0,-99.0,70.0,0.0,-184.0,-4.0,-46.0,-220.0,-12.0,29.0,-105.0,56.45,-24.09,-63.87,41.05,-4.25,-177.75,-2.4,-60.29,-205.82,-20.47,-11.71,-91.74
2025-08-12T18:41:22.426688,13.0,34.0,-130.0,94.0,13.0,-98.0,-26.0,57.0,-87.0,-77.0,45.0,-161.0,-2.5500000000000007,6.91,-94.87,65.05,8.75,-91.75,-24.4,42.71,-72.82,-85.47,4.289999999999999,-147.74
2025-08-12T18:41:22.434870,38.0,102.0,-270.0,125.0,-41.0,-155.0,-28.0,-59.0,-91.0,-92.0,106.0,-177.0,22.45,74.91,-234.87,96.05,-45.25,-148.75,-26.4,-73.28999999999999,-76.82,-100.47,65.28999999999999,-163.74
2025-08-12T18:41:22.439051,79.0,7.0,-215.0,65.0,22.0,-138.0,-59.0,-19.0,-106.0,-94.0,28.0,-113.0,63.45,-20.09,-179.87,36.05,17.75,-131.75,-57.4,-33.29,-91.82,-102.47,-12.71,-99.74
2025-08-12T18:41:22.447255,-52.0,-4.0,-126.0,62.0,-44.0,-90.0,-62.0,29.0,-142.0,-57.0,45.0,-130.0,-67.55,-31.09,-90.87,33.05,-48.25,-83.75,-60.4,14.71,-127.82,-65.47,4.289999999999999,-116.74
2025-08-12T18:41:22.451401,33.0,98.0,-97.0,88.0,2.0,-132.0,25.0,-9.0,-113.0,-35.0,43.0,-186.0,17.45,70.91,-61.87,59.05,-2.25,-125.75,26.6,-23.29,-98.82,-43.47,2.289999999999999,-172.74
2025-08-12T18:41:22.459558,-23.0,46.0,-220.0,53.0,-24.0,-132.0,-93.0,-22.0,-148.0,-30.0,18.0,-123.0,-38.55,18.91,-184.87,24.05,-28.25,-125.75,-91.4,-36.29,-133.82,-38.47,-22.71,-109.74
2025-08-12T18:41:22.463755,19.0,5.0,-172.0,15.0,-50.0,-55.0,-31.0,14.0,-157.0,-31.0,157.0,-143.0,3.4499999999999993,-22.09,-136.87,-13.95,-54.25,-48.75,-29.4,-0.28999999999999915,-142.82,-39.47,116.28999999999999,-129.74
2025-08-12T18:41:22.471813,57.0,-34.0,-110.0,61.0,23.0,-93.0,-116.0,-22.0,-183.0,3.0,102.0,-134.0,41.45,-61.09,-74.87,32.05,18.75,-86.75,-114.4,-36.29,-168.82,-5.470000000000001,61.29,-120.74
2025-08-12T18:41:22.475945,-7.0,36.0,-78.0,90.0,0.0,-167.0,-14.0,-23.0,-132.0,-19.0,148.0,-134.0,-22.55,8.91,-42.87,61.05,-4.25,-160.75,-12.4,-37.29,-117.82,-27.47,107.28999999999999,-120.74
2025-08-12T18:41:22.484166,43.0,54.0,-111.0,111.0,-63.0,-200.0,-50.0,-38.0,-124.0,13.0,30.0,-166.0,27.45,26.91,-75.87,82.05,-67.25,-193.75,-48.4,-52.29,-109.82,4.529999999999999,-10.71,-152.74
2025-08-12T18:41:22.488309,56.0,84.0,-180.0,92.0,-68.0,-77.0,-10.0,-42.0,-101.0,-21.0,38.0,-118.0,40.45,56.91,-144.87,63.05,-72.25,-70.75,-8.4,-56.29,-86.82,-29.47,-2.710000000000001,-104.74
2025-08-12T18:41:22.496384,76.0,34.0,-217.0,80.0,-11.0,-132.0,-15.0,-4.0,-94.0,-52.0,33.0,-84.0,60.45,6.91,-181.87,51.05,-15.25,-125.75,-13.4,-18.29,-79.82,-60.47,-7.710000000000001,-70.74
2025-08-12T18:41:22.501030,44.0,26.0,-123.0,31.0,8.0,-137.0,-47.0,-42.0,-88.0,-45.0,56.0,-50.0,28.45,-1.0899999999999999,-87.87,2.0500000000000007,3.75,-130.75,-45.4,-56.29,-73.82,-53.47,15.29,-36.74
2025-08-12T18:41:22.508714,39.0,58.0,-118.0,38.0,-1.0,-126.0,-1.0,51.0,-124.0,-40.0,43.0,-127.0,23.45,30.91,-82.87,9.05,-5.25,-119.75,0.6000000000000001,36.71,-109.82,-48.47,2.289999999999999,-113.74
2025-08-12T18:41:22.516625,74.0,26.0,-65.0,12.0,-73.0,-119.0,-57.0,-39.0,-132.0,-102.0,17.0,-154.0,58.45,-1.0899999999999999,-29.869999999999997,-16.95,-77.25,-112.75,-55.4,-53.29,-117.82,-110.47,-23.71,-140.74
2025-08-12T18:41:22.520951,-5.0,32.0,-143.0,43.0,-31.0,-129.0,-35.0,24.0,-110.0,-39.0,-1.0,-132.0,-20.55,4.91,-107.87,14.05,-35.25,-122.75,-33.4,9.71,-95.82,-47.47,-41.71,-118.74
2025-08-12T18:41:22.529085,23.0,92.0,-218.0,29.0,-59.0,-144.0,-65.0,-11.0,-135.0,-43.0,39.0,-156.0,7.449999999999999,64.91,-182.87,0.05000000000000071,-63.25,-137.75,-63.4,-25.29,-120.82,-51.47,-1.7100000000000009,-142.74
2025-08-12T18:41:22.533360,126.0,95.0,-243.0,57.0,-12.0,-97.0,-10.0,9.0,-127.0,-90.0,61.0,-115.0,110.45,67.91,-207.87,28.05,-16.25,-90.75,-8.4,-5.289999999999999,-112.82,-98.47,20.29,-101.74
2025-08-12T18:41:22.541421,32.0,69.0,-128.0,31.0,-22.0,-129.0,-77.0,21.0,-171.0,-58.0,34.0,-99.0,16.45,41.91,-92.87,2.0500000000000007,-26.25,-122.75,-75.4,6.710000000000001,-156.82,-66.47,-6.710000000000001,-85.74
2025-08-12T18:41:22.545583,35.0,42.0,-98.0,57.0,16.0,-157.0,22.0,37.0,-121.0,-35.0,101.0,-64.0,19.45,14.91,-62.87,28.05,11.75,-150.75,23.6,22.71,-106.82,-43.47,60.29,-50.74
2025-08-12T18:41:22.553714,-17.0,61.0,-154.0,18.0,5.0,-135.0,-15.0,19.0,-105.0,-20.0,80.0,-93.0,-32.55,33.91,-118.87,-10.95,0.75,-128.75,-13.4,4.710000000000001,-90.82,-28.47,39.29,-79.74
2025-08-12T18:41:22.557908,29.0,39.0,-117.0,63.0,-43.0,-170.0,-63.0,-36.0,-98.0,-26.0,99.0,-107.0,13.45,11.91,-81.87,34.05,-47.25,-163.75,-61.4,-50.29,-83.82,-34.47,58.29,-93.74
2025-08-12T18:41:22.565822,37.0,54.0,-172.0,78.0,-5.0,-135.0,-27.0,-21.0,-122.0,-40.0,21.0,-97.0,21.45,26.91,-136.87,49.05,-9.25,-128.75,-25.4,-35.29,-107.82,-48.47,-19.71,-83.74
2025-08-12T18:41:22.570119,102.0,-5.0,-178.0,70.0,-12.0,-108.0,-31.0,-44.0,-191.0,10.0,83.0,-143.0,86.45,-32.09,-142.87,41.05,-16.25,-101.75,-29.4,-58.29,-176.82,1.5299999999999994,42.29,-129.74
2025-08-12T18:41:22.578547,53.0,5.0,-156.0,48.0,25.0,-124.0,-37.0,21.0,-63.0,-50.0,116.0,-118.0,37.45,-22.09,-120.87,19.05,20.75,-117.75,-35.4,6.710000000000001,-48.82,-58.47,75.28999999999999,-104.74
2025-08-12T18:41:22.586174,119.0,30.0,-131.0,62.0,-10.0,-153.0,-37.0,-62.0,-135.0,-19.0,65.0,-195.0,103.45,2.91,-95.87,33.05,-14.25,-146.75,-35.4,-76.28999999999999,-120.82,-27.47,24.29,-181.74
2025-08-12T18:41:22.590449,37.0,74.0,-170.0,35.0,-61.0,-103.0,-91.0,15.0,-57.0,-35.0,89.0,-170.0,21.45,46.91,-134.87,6.050000000000001,-65.25,-96.75,-89.4,0.7100000000000009,-42.82,-43.47,48.29,-156.74
2025-08-12T18:41:22.598506,75.0,103.0,-137.0,31.0,-126.0,-96.0,-72.0,-20.0,-179.0,-56.0,84.0,-47.0,59.45,75.91,-101.87,2.0500000000000007,-130.25,-89.75,-70.4,-34.29,-164.82,-64.47,43.29,-33.74
2025-08-12T18:41:22.602759,92.0,38.0,-202.0,66.0,-26.0,-134.0,-71.0,26.0,-147.0,-69.0,50.0,-147.0,76.45,10.91,-166.87,37.05,-30.25,-127.75,-69.4,11.71,-132.82,-77.47,9.29,-133.74
2025-08-12T18:41:22.610869,67.0,53.0,-209.0,29.0,-79.0,-64.0,53.0,-32.0,-112.0,-15.0,62.0,-129.0,51.45,25.91,-173.87,0.05000000000000071,-83.25,-57.75,54.6,-46.29,-97.82,-23.47,21.29,-115.74
2025-08-12T18:41:22.615306,94.0,93.0,-96.0,99.0,-10.0,-125.0,-28.0,42.0,-120.0,-8.0,26.0,-121.0,78.45,65.91,-60.87,70.05,-14.25,-118.75,-26.4,27.71,-105.82,-16.47,-14.71,-107.74
2025-08-12T18:41:22.623260,-49.0,13.0,-98.0,-13.0,4.0,-67.0,-22.0,-43.0,-82.0,-20.0,120.0,-152.0,-64.55,-14.09,-62.87,-41.95,-0.25,-60.75,-20.4,-57.29,-67.82,-28.47,79.28999999999999,-138.74
2025-08-12T18:41:22.627608,7.0,102.0,-135.0,43.0,49.0,-61.0,-53.0,-48.0,-78.0,-30.0,82.0,-144.0,-8.55,74.91,-99.87,14.05,44.75,-54.75,-51.4,-62.29,-63.82,-38.47,41.29,-130.74
2025-08-12T18:41:22.635528,-38.0,19.0,-153.0,85.0,-63.0,-71.0,-88.0,-5.0,-115.0,-20.0,73.0,-125.0,-53.55,-8.09,-117.87,56.05,-67.25,-64.75,-86.4,-19.29,-100.82,-28.47,32.29,-111.74
2025-08-12T18:41:22.639905,102.0,49.0,-157.0,105.0,3.0,-155.0,-26.0,-52.0,-158.0,-37.0,72.0,-138.0,86.45,21.91,-121.87,76.05,-1.25,-148.75,-24.4,-66.28999999999999,-143.82,-45.47,31.29,-124.74
2025-08-12T18:41:22.647862,73.0,73.0,-193.0,-43.0,3.0,-115.0,-16.0,37.0,-132.0,-19.0,107.0,-146.0,57.45,45.91,-157.87,-71.95,-1.25,-108.75,-14.4,22.71,-117.82,-27.47,66.28999999999999,-132.74
2025-08-12T18:41:22.651955,22.0,12.0,-146.0,57.0,-11.0,-49.0,-58.0,0.0,-72.0,-21.0,16.0,-177.0,6.449999999999999,-15.09,-110.87,28.05,-15.25,-42.75,-56.4,-14.29,-57.82,-29.47,-24.71,-163.74
2025-08-12T18:41:22.660242,-15.0,57.0,-72.0,34.0,-28.0,-101.0,-76.0,-57.0,-38.0,-42.0,60.0,-216.0,-30.55,29.91,-36.87,5.050000000000001,-32.25,-94.75,-74.4,-71.28999999999999,-23.82,-50.47,19.29,-202.74
2025-08-12T18:41:22.664398,16.0,19.0,-129.0,81.0,-57.0,-130.0,-90.0,28.0,-84.0,21.0,103.0,-146.0,0.4499999999999993,-8.09,-93.87,52.05,-61.25,-123.75,-88.4,13.71,-69.82,12.53,62.29,-132.74
2025-08-12T18:41:22.672442,2.0,33.0,-224.0,59.0,-30.0,-117.0,-30.0,52.0,-151.0,-19.0,91.0,-178.0,-13.55,5.91,-188.87,30.05,-34.25,-110.75,-28.4,37.71,-136.82,-27.47,50.29,-164.74
2025-08-12T18:41:22.676730,91.0,81.0,-162.0,5.0,-27.0,-92.0,-90.0,-41.0,-191.0,-77.0,101.0,-175.0,75.45,53.91,-126.87,-23.95,-31.25,-85.75,-88.4,-55.29,-176.82,-85.47,60.29,-161.74
2025-08-12T18:41:22.684785,26.0,85.0,-177.0,87.0,-38.0,-121.0,-34.0,-63.0,-115.0,-78.0,99.0,-217.0,10.45,57.91,-141.87,58.05,-42.25,-114.75,-32.4,-77.28999999999999,-100.82,-86.47,58.29,-203.74
2025-08-12T18:41:22.692634,75.0,74.0,-168.0,85.0,6.0,-146.0,-39.0,-47.0,-98.0,-37.0,72.0,-188.0,59.45,46.91,-132.87,56.05,1.75,-139.75,-37.4,-61.29,-83.82,-45.47,31.29,-174.74
2025-08-12T18:41:22.696910,97.0,80.0,-153.0,69.0,4.0,-151.0,-28.0,-71.0,-117.0,-65.0,107.0,-181.0,81.45,52.91,-117.87,40.05,-0.25,-144.75,-26.4,-85.28999999999999,-102.82,-73.47,66.28999999999999,-167.74
2025-08-12T18:41:22.705183,77.0,101.0,-164.0,44.0,24.0,-88.0,-61.0,-14.0,-199.0,-8.0,69.0,-149.0,61.45,73.91,-128.87,15.05,19.75,-81.75,-59.4,-28.29,-184.82,-16.47,28.29,-135.74
2025-08-12T18:41:22.709453,43.0,78.0,-177.0,75.0,-89.0,-144.0,-86.0,-25.0,-120.0,49.0,28.0,-188.0,27.45,50.91,-141.87,46.05,-93.25,-137.75,-84.4,-39.29,-105.82,40.53,-12.71,-174.74
2025-08-12T18:41:22.717604,83.0,136.0,-186.0,63.0,28.0,-116.0,-16.0,24.0,-137.0,-74.0,104.0,-189.0,67.45,108.91,-150.87,34.05,23.75,-109.75,-14.4,9.71,-122.82,-82.47,63.29,-175.74
2025-08-12T18:41:22.721841,152.0,123.0,-173.0,86.0,-25.0,-113.0,-65.0,-23.0,-144.0,-78.0,74.0,-210.0,136.45,95.91,-137.87,57.05,-29.25,-106.75,-63.4,-37.29,-129.82,-86.47,33.29,-196.74
2025-08-12T18:41:22.729807,39.0,101.0,-196.0,91.0,-17.0,-102.0,-75.0,21.0,-153.0,-72.0,86.0,-238.0,23.45,73.91,-160.87,62.05,-21.25,-95.75,-73.4,6.710000000000001,-138.82,-80.47,45.29,-224.74
2025-08-12T18:41:22.733877,54.0,83.0,-202.0,31.0,7.0,-107.0,-139.0,50.0,-191.0,10.0,46.0,-150.0,38.45,55.91,-166.87,2.0500000000000007,2.75,-100.75,-137.4,35.71,-176.82,1.5299999999999994,5.289999999999999,-136.74
2025-08-12T18:41:22.742269,189.0,99.0,-150.0,109.0,-44.0,-173.0,-66.0,-60.0,-161.0,-36.0,106.0,-240.0,173.45,71.91,-114.87,80.05,-48.25,-166.75,-64.4,-74.28999999999999,-146.82,-44.47,65.28999999999999,-226.74
2025-08-12T18:41:22.746437,139.0,137.0,-201.0,49.0,5.0,-154.0,18.0,23.0,-90.0,-39.0,44.0,-229.0,123.45,109.91,-165.87,20.05,0.75,-147.75,19.6,8.71,-75.82,-47.47,3.289999999999999,-215.74
2025-08-12T18:41:22.754509,98.0,44.0,-143.0,88.0,-56.0,-184.0,-65.0,-62.0,-179.0,-30.0,61.0,-224.0,82.45,16.91,-107.87,59.05,-60.25,-177.75,-63.4,-76.28999999999999,-164.82,-38.47,20.29,-210.74
2025-08-12T18:41:22.762377,110.0,99.0,-156.0,83.0,5.0,-153.0,-50.0,-15.0,-158.0,-36.0,86.0,-241.0,94.45,71.91,-120.87,54.05,0.75,-146.75,-48.4,-29.29,-143.82,-44.47,45.29,-227.74
2025-08-12T18:41:22.766680,79.0,66.0,-297.0,117.0,-60.0,-110.0,44.0,-54.0,-222.0,14.0,95.0,-236.0,63.45,38.91,-261.87,88.05,-64.25,-103.75,45.6,-68.28999999999999,-207.82,5.529999999999999,54.29,-222.74
2025-08-12T18:41:22.774918,179.0,21.0,-270.0,162.0,-35.0,-205.0,-94.0,-38.0,-193.0,-74.0,168.0,-193.0,163.45,-6.09,-234.87,133.05,-39.25,-198.75,-92.4,-52.29,-178.82,-82.47,127.28999999999999,-179.74
2025-08-12T18:41:22.779019,241.0,30.0,-201.0,225.0,-53.0,-194.0,-67.0,-70.0,-228.0,-62.0,54.0,-297.0,225.45,2.91,-165.87,196.05,-57.25,-187.75,-65.4,-84.28999999999999,-213.82,-70.47,13.29,-283.74
2025-08-12T18:41:22.787196,149.0,171.0,-214.0,138.0,17.0,-204.0,13.0,-64.0,-273.0,-33.0,81.0,-200.0,133.45,143.91,-178.87,109.05,12.75,-197.75,14.6,-78.28999999999999,-258.82,-41.47,40.29,-186.74
2025-08-12T18:41:22.795222,176.0,110.0,-253.0,132.0,-94.0,-163.0,-45.0,-59.0,-199.0,-60.0,146.0,-212.0,160.45,82.91,-217.87,103.05,-98.25,-156.75,-43.4,-73.28999999999999,-184.82,-68.47,105.28999999999999,-198.74
2025-08-12T18:41:22.799504,193.0,30.0,-188.0,135.0,-32.0,-171.0,1.0,-64.0,-196.0,-7.0,128.0,-231.0,177.45,2.91,-152.87,106.05,-36.25,-164.75,2.6,-78.28999999999999,-181.82,-15.47,87.28999999999999,-217.74
2025-08-12T18:41:22.807629,206.0,66.0,-185.0,168.0,-66.0,-125.0,-53.0,-41.0,-135.0,-12.0,114.0,-253.0,190.45,38.91,-149.87,139.05,-70.25,-118.75,-51.4,-55.29,-120.82,-20.47,73.28999999999999,-239.74
2025-08-12T18:41:22.811925,143.0,72.0,-223.0,174.0,-6.0,-161.0,-4.0,-69.0,-250.0,-37.0,212.0,-308.0,127.45,44.91,-187.87,145.05,-10.25,-154.75,-2.4,-83.28999999999999,-235.82,-45.47,171.29,-294.74
2025-08-12T18:41:22.819826,135.0,103.0,-202.0,170.0,3.0,-190.0,-66.0,-43.0,-209.0,-16.0,69.0,-272.0,119.45,75.91,-166.87,141.05,-1.25,-183.75,-64.4,-57.29,-194.82,-24.47,28.29,-258.74
2025-08-12T18:41:22.824294,234.0,55.0,-236.0,180.0,-112.0,-164.0,-35.0,-101.0,-206.0,-6.0,203.0,-295.0,218.45,27.91,-200.87,151.05,-116.25,-157.75,-33.4,-115.28999999999999,-191.82,-14.47,162.29,-281.74
2025-08-12T18:41:22.832294,145.0,34.0,-242.0,204.0,-83.0,-206.0,-4.0,-30.0,-267.0,-46.0,98.0,-280.0,129.45,6.91,-206.87,175.05,-87.25,-199.75,-2.4,-44.29,-252.82,-54.47,57.29,-266.74
2025-08-12T18:41:22.840074,135.0,98.0,-210.0,203.0,-62.0,-233.0,40.0,-94.0,-203.0,-96.0,102.0,-264.0,119.45,70.91,-174.87,174.05,-66.25,-226.75,41.6,-108.28999999999999,-188.82,-104.47,61.29,-250.74
2025-08-12T18:41:22.844566,192.0,72.0,-290.0,140.0,-105.0,-236.0,-35.0,-38.0,-249.0,-43.0,112.0,-191.0,176.45,44.91,-254.87,111.05,-109.25,-229.75,-33.4,-52.29,-234.82,-51.47,71.28999999999999,-177.74
2025-08-12T18:41:22.852636,156.0,9.0,-192.0,212.0,-41.0,-139.0,-7.0,-39.0,-243.0,-45.0,122.0,-234.0,140.45,-18.09,-156.87,183.05,-45.25,-132.75,-5.4,-53.29,-228.82,-53.47,81.28999999999999,-220.74
2025-08-12T18:41:22.856800,107.0,98.0,-316.0,174.0,-58.0,-181.0,-3.0,-76.0,-163.0,-31.0,78.0,-270.0,91.45,70.91,-280.87,145.05,-62.25,-174.75,-1.4,-90.28999999999999,-148.82,-39.47,37.29,-256.74
2025-08-12T18:41:22.864836,132.0,78.0,-287.0,169.0,-61.0,-182.0,-47.0,-55.0,-177.0,-65.0,105.0,-292.0,116.45,50.91,-251.87,140.05,-65.25,-175.75,-45.4,-69.28999999999999,-162.82,-73.47,64.28999999999999,-278.74
2025-08-12T18:41:22.869261,189.0,58.0,-215.0,130.0,-56.0,-209.0,13.0,-28.0,-252.0,-49.0,115.0,-251.0,173.45,30.91,-179.87,101.05,-60.25,-202.75,14.6,-42.29,-237.82,-57.47,74.28999999999999,-237.74
2025-08-12T18:41:22.877354,165.0,116.0,-210.0,239.0,-37.0,-212.0,-59.0,-90.0,-234.0,-69.0,138.0,-310.0,149.45,88.91,-174.87,210.05,-41.25,-205.75,-57.4,-104.28999999999999,-219.82,-77.47,97.28999999999999,-296.74
2025-08-12T18:41:22.885384,223.0,45.0,-292.0,200.0,-79.0,-151.0,-17.0,-102.0,-176.0,-45.0,108.0,-309.0,207.45,17.91,-256.87,171.05,-83.25,-144.75,-15.4,-116.28999999999999,-161.82,-53.47,67.28999999999999,-295.74
2025-08-12T18:41:22.889727,199.0,27.0,-195.0,159.0,-66.0,-212.0,40.0,1.0,-269.0,-49.0,60.0,-220.0,183.45,-0.08999999999999986,-159.87,130.05,-70.25,-205.75,41.6,-13.29,-254.82,-57.47,19.29,-206.74
2025-08-12T18:41:22.897782,120.0,112.0,-265.0,207.0,-98.0,-149.0,11.0,-61.0,-165.0,-13.0,94.0,-316.0,104.45,84.91,-229.87,178.05,-102.25,-142.75,12.6,-75.28999999999999,-150.82,-21.47,53.29,-302.74
2025-08-12T18:41:22.901946,173.0,135.0,-271.0,181.0,-52.0,-223.0,-102.0,-67.0,-179.0,-39.0,154.0,-313.0,157.45,107.91,-235.87,152.05,-56.25,-216.75,-100.4,-81.28999999999999,-164.82,-47.47,113.28999999999999,-299.74
2025-08-12T18:41:22.910144,228.0,26.0,-250.0,174.0,-31.0,-209.0,8.0,-67.0,-196.0,-76.0,113.0,-256.0,212.45,-1.0899999999999999,-214.87,145.05,-35.25,-202.75,9.6,-81.28999999999999,-181.82,-84.47,72.28999999999999,-242.74
2025-08-12T18:41:22.918277,196.0,55.0,-216.0,232.0,-68.0,-160.0,-17.0,-100.0,-137.0,-39.0,112.0,-228.0,180.45,27.91,-180.87,203.05,-72.25,-153.75,-15.4,-114.28999999999999,-122.82,-47.47,71.28999999999999,-214.74
2025-08-12T18:41:22.922401,196.0,68.0,-232.0,190.0,-17.0,-194.0,-45.0,-50.0,-139.0,-98.0,138.0,-328.0,180.45,40.91,-196.87,161.05,-21.25,-187.75,-43.4,-64.28999999999999,-124.82,-106.47,97.28999999999999,-314.74
2025-08-12T18:41:22.930461,217.0,88.0,-236.0,138.0,-20.0,-197.0,21.0,-74.0,-158.0,-3.0,155.0,-258.0,201.45,60.91,-200.87,109.05,-24.25,-190.75,22.6,-88.28999999999999,-143.82,-11.47,114.28999999999999,-244.74
2025-08-12T18:41:22.934708,172.0,47.0,-271.0,158.0,-57.0,-225.0,27.0,-35.0,-229.0,10.0,128.0,-254.0,156.45,19.91,-235.87,129.05,-61.25,-218.75,28.6,-49.29,-214.82,1.5299999999999994,87.28999999999999,-240.74
2025-08-12T18:41:22.942750,108.0,56.0,-233.0,219.0,-71.0,-181.0,-17.0,-106.0,-240.0,-35.0,87.0,-304.0,92.45,28.91,-197.87,190.05,-75.25,-174.75,-15.4,-120.28999999999999,-225.82,-43.47,46.29,-290.74
2025-08-12T18:41:22.946903,181.0,51.0,-319.0,137.0,-69.0,-195.0,-35.0,-57.0,-261.0,-66.0,57.0,-294.0,165.45,23.91,-283.87,108.05,-73.25,-188.75,-33.4,-71.28999999999999,-246.82,-74.47,16.29,-280.74
2025-08-12T18:41:22.955077,173.0,120.0,-195.0,178.0,-68.0,-188.0,-19.0,-27.0,-160.0,-30.0,95.0,-314.0,157.45,92.91,-159.87,149.05,-72.25,-181.75,-17.4,-41.29,-145.82,-38.47,54.29,-300.74
2025-08-12T18:41:22.963225,211.0,89.0,-214.0,198.0,-149.0,-130.0,5.0,-92.0,-253.0,47.0,103.0,-322.0,195.45,61.91,-178.87,169.05,-153.25,-123.75,6.6,-106.28999999999999,-238.82,38.53,62.29,-308.74
2025-08-12T18:41:22.967501,141.0,82.0,-276.0,135.0,-105.0,-187.0,-18.0,-44.0,-276.0,-79.0,122.0,-265.0,125.45,54.91,-240.87,106.05,-109.25,-180.75,-16.4,-58.29,-261.82,-87.47,81.28999999999999,-251.74
2025-08-12T18:41:22.975580,189.0,19.0,-259.0,182.0,-44.0,-204.0,32.0,-40.0,-203.0,-22.0,115.0,-273.0,173.45,-8.09,-223.87,153.05,-48.25,-197.75,33.6,-54.29,-188.82,-30.47,74.28999999999999,-259.74
2025-08-12T18:41:22.979819,121.0,73.0,-182.0,158.0,-31.0,-214.0,-67.0,-128.0,-198.0,-88.0,68.0,-334.0,105.45,45.91,-146.87,129.05,-35.25,-207.75,-65.4,-142.29,-183.82,-96.47,27.29,-320.74
2025-08-12T18:41:22.987772,161.0,96.0,-326.0,200.0,-62.0,-186.0,-28.0,-37.0,-258.0,-16.0,167.0,-243.0,145.45,68.91,-290.87,171.05,-66.25,-179.75,-26.4,-51.29,-243.82,-24.47,126.28999999999999,-229.74
2025-08-12T18:41:22.991931,134.0,80.0,-292.0,215.0,-56.0,-115.0,33.0,-16.0,-258.0,-40.0,146.0,-339.0,118.45,52.91,-256.87,186.05,-60.25,-108.75,34.6,-30.29,-243.82,-48.47,105.28999999999999,-325.74
2025-08-12T18:41:23.000211,198.0,79.0,-206.0,200.0,-39.0,-159.0,-44.0,-35.0,-197.0,-102.0,63.0,-302.0,182.45,51.91,-170.87,171.05,-43.25,-152.75,-42.4,-49.29,-182.82,-110.47,22.29,-288.74
2025-08-12T18:41:23.008286,163.0,56.0,-242.0,173.0,-82.0,-190.0,-58.0,10.0,-293.0,-119.0,92.0,-281.0,147.45,28.91,-206.87,144.05,-86.25,-183.75,-56.4,-4.289999999999999,-278.82,-127.47,51.29,-267.74
2025-08-12T18:41:23.012601,154.0,106.0,-296.0,127.0,-20.0,-182.0,-13.0,-91.0,-262.0,-91.0,141.0,-243.0,138.45,78.91,-260.87,98.05,-24.25,-175.75,-11.4,-105.28999999999999,-247.82,-99.47,100.28999999999999,-229.74
2025-08-12T18:41:23.020593,172.0,-24.0,-239.0,229.0,-101.0,-151.0,10.0,2.0,-249.0,-5.0,77.0,-299.0,156.45,-51.09,-203.87,200.05,-105.25,-144.75,11.6,-12.29,-234.82,-13.47,36.29,-285.74
2025-08-12T18:41:23.024804,200.0,107.0,-188.0,94.0,-83.0,-165.0,14.0,-11.0,-278.0,-23.0,113.0,-171.0,184.45,79.91,-152.87,65.05,-87.25,-158.75,15.6,-25.29,-263.82,-31.47,72.28999999999999,-157.74
2025-08-12T18:41:23.032892,155.0,110.0,-244.0,154.0,-34.0,-165.0,-46.0,-97.0,-271.0,-65.0,129.0,-304.0,139.45,82.91,-208.87,125.05,-38.25,-158.75,-44.4,-111.28999999999999,-256.82,-73.47,88.28999999999999,-290.74
2025-08-12T18:41:23.041103,160.0,25.0,-201.0,164.0,-81.0,-173.0,3.0,-86.0,-194.0,-30.0,104.0,-280.0,144.45,-2.09,-165.87,135.05,-85.25,-166.75,4.6,-100.28999999999999,-179.82,-38.47,63.29,-266.74
2025-08-12T18:41:23.045281,208.0,151.0,-199.0,219.0,-79.0,-157.0,-54.0,-11.0,-170.0,-13.0,122.0,-264.0,192.45,123.91,-163.87,190.05,-83.25,-150.75,-52.4,-25.29,-155.82,-21.47,81.28999999999999,-250.74
2025-08-12T18:41:23.053443,162.0,95.0,-225.0,153.0,-22.0,-166.0,-9.0,-35.0,-190.0,-27.0,195.0,-274.0,146.45,67.91,-189.87,124.05,-26.25,-159.75,-7.4,-49.29,-175.82,-35.47,154.29,-260.74
2025-08-12T18:41:23.057601,203.0,59.0,-182.0,191.0,-50.0,-155.0,-27.0,-104.0,-235.0,14.0,137.0,-289.0,187.45,31.91,-146.87,162.05,-54.25,-148.75,-25.4,-118.28999999999999,-220.82,5.529999999999999,96.28999999999999,-275.74
2025-08-12T18:41:23.065654,182.0,131.0,-141.0,145.0,-47.0,-232.0,-45.0,-39.0,-202.0,-33.0,120.0,-271.0,166.45,103.91,-105.87,116.05,-51.25,-225.75,-43.4,-53.29,-187.82,-41.47,79.28999999999999,-257.74
2025-08-12T18:41:23.069922,143.0,110.0,-292.0,202.0,-24.0,-166.0,-1.0,-37.0,-221.0,-46.0,85.0,-216.0,127.45,82.91,-256.87,173.05,-28.25,-159.75,0.6000000000000001,-51.29,-206.82,-54.47,44.29,-202.74
2025-08-12T18:41:23.077926,124.0,37.0,-262.0,132.0,-67.0,-204.0,-31.0,-53.0,-210.0,-22.0,154.0,-269.0,108.45,9.91,-226.87,103.05,-71.25,-197.75,-29.4,-67.28999999999999,-195.82,-30.47,113.28999999999999,-255.74
2025-08-12T18:41:23.086161,169.0,136.0,-151.0,140.0,-99.0,-187.0,7.0,-15.0,-243.0,1.0,90.0,-281.0,153.45,108.91,-115.87,111.05,-103.25,-180.75,8.6,-29.29,-228.82,-7.470000000000001,49.29,-267.74
2025-08-12T18:41:23.090322,111.0,154.0,-241.0,139.0,-35.0,-144.0,-70.0,-55.0,-221.0,1.0,102.0,-261.0,95.45,126.91,-205.87,110.05,-39.25,-137.75,-68.4,-69.28999999999999,-206.82,-7.470000000000001,61.29,-247.74
2025-08-12T18:41:23.098347,260.0,-1.0,-223.0,170.0,-54.0,-119.0,-19.0,-30.0,-252.0,-73.0,81.0,-196.0,244.45,-28.09,-187.87,141.05,-58.25,-112.75,-17.4,-44.29,-237.82,-81.47,40.29,-182.74
2025-08-12T18:41:23.102689,269.0,53.0,-172.0,215.0,-29.0,-204.0,16.0,-70.0,-251.0,1.0,164.0,-202.0,253.45,25.91,-136.87,186.05,-33.25,-197.75,17.6,-84.28999999999999,-236.82,-7.470000000000001,123.28999999999999,-188.74
2025-08-12T18:41:23.110657,135.0,113.0,-187.0,221.0,-61.0,-168.0,2.0,-50.0,-242.0,-31.0,166.0,-281.0,119.45,85.91,-151.87,192.05,-65.25,-161.75,3.6,-64.28999999999999,-227.82,-39.47,125.28999999999999,-267.74
2025-08-12T18:41:23.114953,192.0,106.0,-229.0,180.0,-9.0,-180.0,-2.0,-53.0,-238.0,-47.0,129.0,-237.0,176.45,78.91,-193.87,151.05,-13.25,-173.75,-0.3999999999999999,-67.28999999999999,-223.82,-55.47,88.28999999999999,-223.74
2025-08-12T18:41:23.123072,231.0,23.0,-214.0,143.0,-113.0,-180.0,-28.0,-101.0,-222.0,-57.0,132.0,-280.0,215.45,-4.09,-178.87,114.05,-117.25,-173.75,-26.4,-115.28999999999999,-207.82,-65.47,91.28999999999999,-266.74
2025-08-12T18:41:23.131033,11.0,65.0,-215.0,205.0,-87.0,-159.0,-31.0,-30.0,-240.0,24.0,75.0,-265.0,-4.550000000000001,37.91,-179.87,176.05,-91.25,-152.75,-29.4,-44.29,-225.82,15.53,34.29,-251.74
2025-08-12T18:41:23.135470,203.0,50.0,-197.0,168.0,-73.0,-148.0,8.0,-43.0,-272.0,-6.0,50.0,-237.0,187.45,22.91,-161.87,139.05,-77.25,-141.75,9.6,-57.29,-257.82,-14.47,9.29,-223.74
2025-08-12T18:41:23.143531,142.0,131.0,-208.0,173.0,-62.0,-177.0,-34.0,-30.0,-230.0,2.0,131.0,-225.0,126.45,103.91,-172.87,144.05,-66.25,-170.75,-32.4,-44.29,-215.82,-6.470000000000001,90.28999999999999,-211.74
2025-08-12T18:41:23.147787,198.0,-20.0,-263.0,173.0,-56.0,-201.0,-25.0,-21.0,-236.0,40.0,80.0,-332.0,182.45,-47.09,-227.87,144.05,-60.25,-194.75,-23.4,-35.29,-221.82,31.53,39.29,-318.74
2025-08-12T18:41:23.155913,210.0,65.0,-186.0,243.0,-125.0,-151.0,-63.0,-55.0,-250.0,-60.0,135.0,-246.0,194.45,37.91,-150.87,214.05,-129.25,-144.75,-61.4,-69.28999999999999,-235.82,-68.47,94.28999999999999,-232.74
2025-08-12T18:41:23.163916,145.0,59.0,-235.0,225.0,-71.0,-184.0,-43.0,-97.0,-229.0,-38.0,166.0,-248.0,129.45,31.91,-199.87,196.05,-75.25,-177.75,-41.4,-111.28999999999999,-214.82,-46.47,125.28999999999999,-234.74
2025-08-12T18:41:23.168240,213.0,71.0,-189.0,165.0,-90.0,-181.0,-32.0,-115.0,-218.0,-16.0,96.0,-247.0,197.45,43.91,-153.87,136.05,-94.25,-174.75,-30.4,-129.29,-203.82,-24.47,55.29,-233.74
2025-08-12T18:41:23.176280,166.0,50.0,-215.0,189.0,19.0,-204.0,-53.0,-83.0,-277.0,-41.0,38.0,-305.0,150.45,22.91,-179.87,160.05,14.75,-197.75,-51.4,-97.28999999999999,-262.82,-49.47,-2.710000000000001,-291.74
2025-08-12T18:41:23.180572,130.0,65.0,-220.0,232.0,-89.0,-168.0,-61.0,-85.0,-255.0,-43.0,107.0,-274.0,114.45,37.91,-184.87,203.05,-93.25,-161.75,-59.4,-99.28999999999999,-240.82,-51.47,66.28999999999999,-260.74
2025-08-12T18:41:23.188669,123.0,85.0,-256.0,152.0,-74.0,-208.0,-51.0,-135.0,-256.0,-30.0,149.0,-282.0,107.45,57.91,-220.87,123.05,-78.25,-201.75,-49.4,-149.29,-241.82,-38.47,108.28999999999999,-268.74
2025-08-12T18:41:23.192738,192.0,40.0,-208.0,137.0,-72.0,-136.0,2.0,-67.0,-247.0,12.0,115.0,-235.0,176.45,12.91,-172.87,108.05,-76.25,-129.75,3.6,-81.28999999999999,-232.82,3.5299999999999994,74.28999999999999,-221.74
2025-08-12T18:41:23.200766,72.0,91.0,-294.0,216.0,-30.0,-204.0,-2.0,-73.0,-202.0,-52.0,151.0,-268.0,56.45,63.91,-258.87,187.05,-34.25,-197.75,-0.3999999999999999,-87.28999999999999,-187.82,-60.47,110.28999999999999,-254.74
2025-08-12T18:41:23.208768,190.0,84.0,-223.0,173.0,-20.0,-182.0,13.0,-87.0,-293.0,-72.0,148.0,-243.0,174.45,56.91,-187.87,144.05,-24.25,-175.75,14.6,-101.28999999999999,-278.82,-80.47,107.28999999999999,-229.74
2025-08-12T18:41:23.213121,192.0,10.0,-214.0,178.0,-133.0,-281.0,-57.0,-90.0,-238.0,-54.0,114.0,-285.0,176.45,-17.09,-178.87,149.05,-137.25,-274.75,-55.4,-104.28999999999999,-223.82,-62.47,73.28999999999999,-271.74
2025-08-12T18:41:23.221322,148.0,164.0,-258.0,200.0,-73.0,-172.0,53.0,-108.0,-242.0,-96.0,144.0,-217.0,132.45,136.91,-222.87,171.05,-77.25,-165.75,54.6,-122.28999999999999,-227.82,-104.47,103.28999999999999,-203.74
2025-08-12T18:41:23.225461,226.0,55.0,-209.0,198.0,-42.0,-123.0,-45.0,-76.0,-169.0,-70.0,101.0,-340.0,210.45,27.91,-173.87,169.05,-46.25,-116.75,-43.4,-90.28999999999999,-154.82,-78.47,60.29,-326.74
2025-08-12T18:41:23.233591,203.0,119.0,-210.0,226.0,-41.0,-159.0,-52.0,-78.0,-194.0,-48.0,78.0,-282.0,187.45,91.91,-174.87,197.05,-45.25,-152.75,-50.4,-92.28999999999999,-179.82,-56.47,37.29,-268.74
2025-08-12T18:41:23.241711,136.0,123.0,-258.0,217.0,26.0,-213.0,51.0,-134.0,-207.0,-29.0,126.0,-262.0,120.45,95.91,-222.87,188.05,21.75,-206.75,52.6,-148.29,-192.82,-37.47,85.28999999999999,-248.74
2025-08-12T18:41:23.246009,208.0,43.0,-225.0,192.0,-31.0,-130.0,-58.0,-64.0,-188.0,-33.0,89.0,-263.0,192.45,15.91,-189.87,163.05,-35.25,-123.75,-56.4,-78.28999999999999,-173.82,-41.47,48.29,-249.74
2025-08-12T18:41:23.254103,203.0,6.0,-262.0,154.0,-89.0,-143.0,-5.0,-31.0,-225.0,-3.0,124.0,-345.0,187.45,-21.09,-226.87,125.05,-93.25,-136.75,-3.4,-45.29,-210.82,-11.47,83.28999999999999,-331.74
2025-08-12T18:41:23.258338,77.0,2.0,-197.0,177.0,-30.0,-119.0,-18.0,-91.0,-260.0,-2.0,213.0,-295.0,61.45,-25.09,-161.87,148.05,-34.25,-112.75,-16.4,-105.28999999999999,-245.82,-10.47,172.29,-281.74
2025-08-12T18:41:23.266458,177.0,79.0,-147.0,119.0,-30.0,-100.0,5.0,-113.0,-270.0,-119.0,112.0,-224.0,161.45,51.91,-111.87,90.05,-34.25,-93.75,6.6,-127.28999999999999,-255.82,-127.47,71.28999999999999,-210.74
2025-08-12T18:41:23.271068,128.0,83.0,-237.0,157.0,-8.0,-163.0,41.0,-46.0,-254.0,-16.0,112.0,-287.0,112.45,55.91,-201.87,128.05,-12.25,-156.75,42.6,-60.29,-239.82,-24.47,71.28999999999999,-273.74
2025-08-12T18:41:23.278720,213.0,-35.0,-218.0,136.0,-21.0,-182.0,-33.0,-34.0,-244.0,-43.0,141.0,-252.0,197.45,-62.09,-182.87,107.05,-25.25,-175.75,-31.4,-48.29,-229.82,-51.47,100.28999999999999,-238.74
2025-08-12T18:41:23.286794,118.0,94.0,-241.0,110.0,-12.0,-125.0,-8.0,-67.0,-248.0,-46.0,100.0,-284.0,102.45,66.91,-205.87,81.05,-16.25,-118.75,-6.4,-81.28999999999999,-233.82,-54.47,59.29,-270.74
2025-08-12T18:41:23.290900,174.0,79.0,-270.0,113.0,-88.0,-183.0,-23.0,12.0,-210.0,-66.0,115.0,-279.0,158.45,51.91,-234.87,84.05,-92.25,-176.75,-21.4,-2.289999999999999,-195.82,-74.47,74.28999999999999,-265.74
2025-08-12T18:41:23.299084,167.0,97.0,-228.0,131.0,-91.0,-150.0,-33.0,-44.0,-233.0,-35.0,117.0,-335.0,151.45,69.91,-192.87,102.05,-95.25,-143.75,-31.4,-58.29,-218.82,-43.47,76.28999999999999,-321.74
2025-08-12T18:41:23.303384,162.0,119.0,-207.0,213.0,-69.0,-126.0,2.0,-115.0,-292.0,-58.0,116.0,-265.0,146.45,91.91,-171.87,184.05,-73.25,-119.75,3.6,-129.29,-277.82,-66.47,75.28999999999999,-251.74
2025-08-12T18:41:23.311559,181.0,106.0,-277.0,173.0,-63.0,-133.0,-32.0,-95.0,-247.0,-40.0,207.0,-284.0,165.45,78.91,-241.87,144.05,-67.25,-126.75,-30.4,-109.28999999999999,-232.82,-48.47,166.29,-270.74
2025-08-12T18:41:23.315682,193.0,87.0,-243.0,193.0,24.0,-198.0,44.0,13.0,-222.0,-32.0,136.0,-257.0,177.45,59.91,-207.87,164.05,19.75,-191.75,45.6,-1.2899999999999991,-207.82,-40.47,95.28999999999999,-243.74
2025-08-12T18:41:23.323733,241.0,81.0,-243.0,191.0,30.0,-131.0,-10.0,-87.0,-233.0,-48.0,119.0,-327.0,225.45,53.91,-207.87,162.05,25.75,-124.75,-8.4,-101.28999999999999,-218.82,-56.47,78.28999999999999,-313.74
2025-08-12T18:41:23.331758,202.0,101.0,-230.0,162.0,-55.0,-162.0,-34.0,-95.0,-211.0,-21.0,128.0,-355.0,186.45,73.91,-194.87,133.05,-59.25,-155.75,-32.4,-109.28999999999999,-196.82,-29.47,87.28999999999999,-341.74
2025-08-12T18:41:23.336077,190.0,62.0,-233.0,167.0,-36.0,-146.0,50.0,-28.0,-195.0,-8.0,103.0,-249.0,174.45,34.91,-197.87,138.05,-40.25,-139.75,51.6,-42.29,-180.82,-16.47,62.29,-235.74
2025-08-12T18:41:23.344099,219.0,44.0,-162.0,169.0,-59.0,-131.0,37.0,-69.0,-270.0,-51.0,116.0,-237.0,203.45,16.91,-126.87,140.05,-63.25,-124.75,38.6,-83.28999999999999,-255.82,-59.47,75.28999999999999,-223.74
2025-08-12T18:41:23.348483,178.0,115.0,-186.0,220.0,21.0,-196.0,39.0,-33.0,-215.0,-50.0,134.0,-230.0,162.45,87.91,-150.87,191.05,16.75,-189.75,40.6,-47.29,-200.82,-58.47,93.28999999999999,-216.74
2025-08-12T18:41:23.356568,221.0,105.0,-199.0,185.0,-92.0,-168.0,-55.0,-110.0,-249.0,-25.0,148.0,-291.0,205.45,77.91,-163.87,156.05,-96.25,-161.75,-53.4,-124.28999999999999,-234.82,-33.47,107.28999999999999,-277.74
2025-08-12T18:41:23.364525,232.0,21.0,-192.0,165.0,-80.0,-141.0,-11.0,-99.0,-236.0,-18.0,95.0,-262.0,216.45,-6.09,-156.87,136.05,-84.25,-134.75,-9.4,-113.28999999999999,-221.82,-26.47,54.29,-248.74
2025-08-12T18:41:23.368817,104.0,69.0,-176.0,112.0,-52.0,-150.0,-52.0,-113.0,-254.0,-75.0,73.0,-263.0,88.45,41.91,-140.87,83.05,-56.25,-143.75,-50.4,-127.28999999999999,-239.82,-83.47,32.29,-249.74
2025-08-12T18:41:23.376792,291.0,114.0,-235.0,171.0,-85.0,-171.0,-13.0,-58.0,-252.0,22.0,114.0,-286.0,275.45,86.91,-199.87,142.05,-89.25,-164.75,-11.4,-72.28999999999999,-237.82,13.53,73.28999999999999,-272.74
2025-08-12T18:41:23.381049,240.0,8.0,-205.0,212.0,-81.0,-117.0,41.0,-78.0,-259.0,17.0,75.0,-238.0,224.45,-19.09,-169.87,183.05,-85.25,-110.75,42.6,-92.28999999999999,-244.82,8.53,34.29,-224.74
2025-08-12T18:41:23.389263,208.0,19.0,-208.0,183.0,-52.0,-131.0,18.0,-58.0,-246.0,-82.0,159.0,-281.0,192.45,-8.09,-172.87,154.05,-56.25,-124.75,19.6,-72.28999999999999,-231.82,-90.47,118.28999999999999,-267.74
2025-08-12T18:41:23.393472,228.0,99.0,-205.0,157.0,-106.0,-145.0,-74.0,-72.0,-138.0,-16.0,145.0,-287.0,212.45,71.91,-169.87,128.05,-110.25,-138.75,-72.4,-86.28999999999999,-123.82,-24.47,104.28999999999999,-273.74
2025-08-12T18:41:23.401477,221.0,115.0,-207.0,167.0,-58.0,-143.0,-67.0,-29.0,-267.0,-26.0,79.0,-316.0,205.45,87.91,-171.87,138.05,-62.25,-136.75,-65.4,-43.29,-252.82,-34.47,38.29,-302.74
2025-08-12T18:41:23.409699,221.0,66.0,-144.0,234.0,-69.0,-207.0,-12.0,-97.0,-220.0,-68.0,111.0,-280.0,205.45,38.91,-108.87,205.05,-73.25,-200.75,-10.4,-111.28999999999999,-205.82,-76.47,70.28999999999999,-266.74
2025-08-12T18:41:23.413906,110.0,154.0,-184.0,170.0,-71.0,-123.0,-17.0,-104.0,-335.0,57.0,77.0,-309.0,94.45,126.91,-148.87,141.05,-75.25,-116.75,-15.4,-118.28999999999999,-320.82,48.53,36.29,-295.74
2025-08-12T18:41:23.421820,206.0,132.0,-295.0,171.0,-125.0,-182.0,15.0,-90.0,-280.0,6.0,76.0,-222.0,190.45,104.91,-259.87,142.05,-129.25,-175.75,16.6,-104.28999999999999,-265.82,-2.4700000000000006,35.29,-208.74
2025-08-12T18:41:23.426128,223.0,1.0,-196.0,208.0,-62.0,-143.0,16.0,-133.0,-196.0,-64.0,142.0,-271.0,207.45,-26.09,-160.87,179.05,-66.25,-136.75,17.6,-147.29,-181.82,-72.47,101.28999999999999,-257.74
2025-08-12T18:41:23.434150,129.0,68.0,-240.0,124.0,-50.0,-173.0,-10.0,-28.0,-146.0,-2.0,140.0,-255.0,113.45,40.91,-204.87,95.05,-54.25,-166.75,-8.4,-42.29,-131.82,-10.47,99.28999999999999,-241.74
2025-08-12T18:41:23.442261,174.0,96.0,-221.0,173.0,-30.0,-167.0,-48.0,-70.0,-259.0,-7.0,117.0,-243.0,158.45,68.91,-185.87,144.05,-34.25,-160.75,-46.4,-84.28999999999999,-244.82,-15.47,76.28999999999999,-229.74
2025-08-12T18:41:23.446611,202.0,4.0,-225.0,217.0,-95.0,-104.0,-52.0,-60.0,-222.0,-57.0,68.0,-253.0,186.45,-23.09,-189.87,188.05,-99.25,-97.75,-50.4,-74.28999999999999,-207.82,-65.47,27.29,-239.74
2025-08-12T18:41:23.454649,125.0,87.0,-233.0,171.0,-11.0,-183.0,1.0,-144.0,-240.0,-29.0,133.0,-336.0,109.45,59.91,-197.87,142.05,-15.25,-176.75,2.6,-158.29,-225.82,-37.47,92.28999999999999,-322.74
2025-08-12T18:41:23.458909,161.0,118.0,-194.0,180.0,-34.0,-201.0,-53.0,-70.0,-199.0,-53.0,70.0,-287.0,145.45,90.91,-158.87,151.05,-38.25,-194.75,-51.4,-84.28999999999999,-184.82,-61.47,29.29,-273.74
2025-08-12T18:41:23.466945,92.0,64.0,-242.0,190.0,-84.0,-172.0,-13.0,-30.0,-199.0,-66.0,76.0,-272.0,76.45,36.91,-206.87,161.05,-88.25,-165.75,-11.4,-44.29,-184.82,-74.47,35.29,-258.74
2025-08-12T18:41:23.471259,158.0,72.0,-218.0,112.0,-46.0,-206.0,42.0,-52.0,-273.0,-19.0,164.0,-303.0,142.45,44.91,-182.87,83.05,-50.25,-199.75,43.6,-66.28999999999999,-258.82,-27.47,123.28999999999999,-289.74
2025-08-12T18:41:23.479341,160.0,116.0,-191.0,155.0,-22.0,-137.0,11.0,-89.0,-268.0,-46.0,76.0,-290.0,144.45,88.91,-155.87,126.05,-26.25,-130.75,12.6,-103.28999999999999,-253.82,-54.47,35.29,-276.74
2025-08-12T18:41:23.487424,116.0,51.0,-218.0,200.0,-33.0,-137.0,45.0,-39.0,-213.0,-74.0,121.0,-262.0,100.45,23.91,-182.87,171.05,-37.25,-130.75,46.6,-53.29,-198.82,-82.47,80.28999999999999,-248.74
2025-08-12T18:41:23.491723,149.0,8.0,-293.0,105.0,-37.0,-171.0,-48.0,-19.0,-226.0,-83.0,126.0,-267.0,133.45,-19.09,-257.87,76.05,-41.25,-164.75,-46.4,-33.29,-211.82,-91.47,85.28999999999999,-253.74
2025-08-12T18:41:23.499738,138.0,65.0,-198.0,97.0,-62.0,-126.0,-83.0,-84.0,-253.0,-7.0,45.0,-214.0,122.45,37.91,-162.87,68.05,-66.25,-119.75,-81.4,-98.28999999999999,-238.82,-15.47,4.289999999999999,-200.74
2025-08-12T18:41:23.503903,158.0,68.0,-210.0,128.0,26.0,-136.0,17.0,-57.0,-204.0,17.0,104.0,-196.0,142.45,40.91,-174.87,99.05,21.75,-129.75,18.6,-71.28999999999999,-189.82,8.53,63.29,-182.74
2025-08-12T18:41:23.512004,173.0,38.0,-236.0,92.0,-38.0,-135.0,41.0,-51.0,-199.0,-49.0,154.0,-231.0,157.45,10.91,-200.87,63.05,-42.25,-128.75,42.6,-65.28999999999999,-184.82,-57.47,113.28999999999999,-217.74
2025-08-12T18:41:23.516392,105.0,0.0,-236.0,191.0,-89.0,-141.0,33.0,18.0,-185.0,-30.0,162.0,-304.0,89.45,-27.09,-200.87,162.05,-93.25,-134.75,34.6,3.710000000000001,-170.82,-38.47,121.28999999999999,-290.74
2025-08-12T18:41:23.524427,178.0,76.0,-121.0,205.0,-58.0,-154.0,-22.0,-4.0,-195.0,0.0,117.0,-255.0,162.45,48.91,-85.87,176.05,-62.25,-147.75,-20.4,-18.29,-180.82,-8.47,76.28999999999999,-241.74
2025-08-12T18:41:23.528658,82.0,68.0,-190.0,126.0,26.0,-150.0,-6.0,-43.0,-220.0,-26.0,118.0,-233.0,66.45,40.91,-154.87,97.05,21.75,-143.75,-4.4,-57.29,-205.82,-34.47,77.28999999999999,-219.74
2025-08-12T18:41:23.536948,105.0,120.0,-236.0,68.0,-130.0,-149.0,-40.0,-32.0,-185.0,-54.0,86.0,-134.0,89.45,92.91,-200.87,39.05,-134.25,-142.75,-38.4,-46.29,-170.82,-62.47,45.29,-120.74
2025-08-12T18:41:23.544801,142.0,-4.0,-266.0,130.0,-27.0,-123.0,-26.0,-48.0,-186.0,-55.0,129.0,-283.0,126.45,-31.09,-230.87,101.05,-31.25,-116.75,-24.4,-62.29,-171.82,-63.47,88.28999999999999,-269.74
2025-08-12T18:41:23.549180,96.0,66.0,-177.0,131.0,-55.0,-169.0,-106.0,-60.0,-266.0,9.0,94.0,-244.0,80.45,38.91,-141.87,102.05,-59.25,-162.75,-104.4,-74.28999999999999,-251.82,0.5299999999999994,53.29,-230.74
2025-08-12T18:41:23.557173,52.0,90.0,-175.0,68.0,44.0,-155.0,-3.0,-119.0,-226.0,-43.0,130.0,-264.0,36.45,62.91,-139.87,39.05,39.75,-148.75,-1.4,-133.29,-211.82,-51.47,89.28999999999999,-250.74
2025-08-12T18:41:23.561311,41.0,24.0,-187.0,79.0,-72.0,-155.0,-26.0,-94.0,-129.0,-31.0,37.0,-235.0,25.45,-3.09,-151.87,50.05,-76.25,-148.75,-24.4,-108.28999999999999,-114.82,-39.47,-3.710000000000001,-221.74
2025-08-12T18:41:23.569333,148.0,111.0,-206.0,86.0,9.0,-202.0,-50.0,-81.0,-165.0,-18.0,75.0,-199.0,132.45,83.91,-170.87,57.05,4.75,-195.75,-48.4,-95.28999999999999,-150.82,-26.47,34.29,-185.74
2025-08-12T18:41:23.573577,106.0,5.0,-159.0,151.0,-29.0,-116.0,-59.0,-19.0,-138.0,-121.0,71.0,-197.0,90.45,-22.09,-123.87,122.05,-33.25,-109.75,-57.4,-33.29,-123.82,-129.47,30.29,-183.74
2025-08-12T18:41:23.581712,87.0,30.0,-218.0,82.0,-49.0,-161.0,-63.0,-137.0,-167.0,-43.0,106.0,-254.0,71.45,2.91,-182.87,53.05,-53.25,-154.75,-61.4,-151.29,-152.82,-51.47,65.28999999999999,-240.74
2025-08-12T18:41:23.589625,95.0,126.0,-174.0,58.0,7.0,-107.0,-110.0,-42.0,-115.0,0.0,76.0,-240.0,79.45,98.91,-138.87,29.05,2.75,-100.75,-108.4,-56.29,-100.82,-8.47,35.29,-226.74
2025-08-12T18:41:23.593975,84.0,39.0,-180.0,52.0,-9.0,-147.0,-37.0,-60.0,-112.0,-79.0,76.0,-242.0,68.45,11.91,-144.87,23.05,-13.25,-140.75,-35.4,-74.28999999999999,-97.82,-87.47,35.29,-228.74
2025-08-12T18:41:23.601963,77.0,87.0,-166.0,42.0,-69.0,-126.0,-54.0,15.0,-122.0,-34.0,44.0,-140.0,61.45,59.91,-130.87,13.05,-73.25,-119.75,-52.4,0.7100000000000009,-107.82,-42.47,3.289999999999999,-126.74
2025-08-12T18:41:23.606292,124.0,50.0,-101.0,75.0,-59.0,-128.0,-106.0,50.0,-97.0,-63.0,135.0,-156.0,108.45,22.91,-65.87,46.05,-63.25,-121.75,-104.4,35.71,-82.82,-71.47,94.28999999999999,-142.74
2025-08-12T18:41:23.614407,89.0,-1.0,-202.0,63.0,-36.0,-185.0,-13.0,-27.0,-160.0,-42.0,54.0,-170.0,73.45,-28.09,-166.87,34.05,-40.25,-178.75,-11.4,-41.29,-145.82,-50.47,13.29,-156.74
2025-08-12T18:41:23.618644,-19.0,32.0,-226.0,41.0,-7.0,-26.0,-42.0,-51.0,-116.0,-37.0,118.0,-144.0,-34.55,4.91,-190.87,12.05,-11.25,-19.75,-40.4,-65.28999999999999,-101.82,-45.47,77.28999999999999,-130.74
2025-08-12T18:41:23.626712,82.0,74.0,-242.0,58.0,-13.0,-162.0,-61.0,-96.0,-88.0,-80.0,54.0,-184.0,66.45,46.91,-206.87,29.05,-17.25,-155.75,-59.4,-110.28999999999999,-73.82,-88.47,13.29,-170.74
2025-08-12T18:41:23.630903,42.0,30.0,-201.0,63.0,-48.0,-138.0,-60.0,13.0,-162.0,35.0,77.0,-84.0,26.45,2.91,-165.87,34.05,-52.25,-131.75,-58.4,-1.2899999999999991,-147.82,26.53,36.29,-70.74
2025-08-12T18:41:23.639005,52.0,42.0,-74.0,98.0,-48.0,-69.0,-90.0,-19.0,-108.0,-25.0,164.0,-99.0,36.45,14.91,-38.87,69.05,-52.25,-62.75,-88.4,-33.29,-93.82,-33.47,123.28999999999999,-85.74
2025-08-12T18:41:23.643207,68.0,26.0,-155.0,120.0,-6.0,-135.0,-66.0,-29.0,-220.0,-20.0,66.0,-142.0,52.45,-1.0899999999999999,-119.87,91.05,-10.25,-128.75,-64.4,-43.29,-205.82,-28.47,25.29,-128.74
2025-08-12T18:41:23.651640,70.0,51.0,-115.0,70.0,-23.0,-105.0,-9.0,-19.0,-121.0,-2.0,152.0,-87.0,54.45,23.91,-79.87,41.05,-27.25,-98.75,-7.4,-33.29,-106.82,-10.47,111.28999999999999,-73.74
2025-08-12T18:41:23.659360,-15.0,142.0,-153.0,73.0,91.0,-166.0,-13.0,-35.0,-115.0,-71.0,113.0,-162.0,-30.55,114.91,-117.87,44.05,86.75,-159.75,-11.4,-49.29,-100.82,-79.47,72.28999999999999,-148.74
2025-08-12T18:41:23.663715,73.0,-16.0,-153.0,27.0,39.0,-71.0,-8.0,19.0,-91.0,-31.0,72.0,-170.0,57.45,-43.09,-117.87,-1.9499999999999993,34.75,-64.75,-6.4,4.710000000000001,-76.82,-39.47,31.29,-156.74
2025-08-12T18:41:23.671530,39.0,37.0,-63.0,18.0,-53.0,-85.0,-78.0,24.0,-151.0,-66.0,69.0,-109.0,23.45,9.91,-27.869999999999997,-10.95,-57.25,-78.75,-76.4,9.71,-136.82,-74.47,28.29,-95.74
2025-08-12T18:41:23.675927,70.0,7.0,-134.0,96.0,30.0,-141.0,-37.0,-28.0,-162.0,20.0,45.0,-115.0,54.45,-20.09,-98.87,67.05,25.75,-134.75,-35.4,-42.29,-147.82,11.53,4.289999999999999,-101.74
2025-08-12T18:41:23.684011,1.0,55.0,-184.0,37.0,10.0,-195.0,-33.0,-85.0,-107.0,-15.0,60.0,-175.0,-14.55,27.91,-148.87,8.05,5.75,-188.75,-31.4,-99.28999999999999,-92.82,-23.47,19.29,-161.74
2025-08-12T18:41:23.688352,19.0,53.0,-207.0,81.0,1.0,-193.0,-95.0,13.0,-91.0,-7.0,55.0,-135.0,3.4499999999999993,25.91,-171.87,52.05,-3.25,-186.75,-93.4,-1.2899999999999991,-76.82,-15.47,14.29,-121.74
2025-08-12T18:41:23.696158,98.0,140.0,-153.0,-15.0,-2.0,-99.0,-85.0,-40.0,-91.0,19.0,68.0,-191.0,82.45,112.91,-117.87,-43.95,-6.25,-92.75,-83.4,-54.29,-76.82,10.53,27.29,-177.74
2025-08-12T18:41:23.700619,41.0,4.0,-197.0,136.0,-25.0,-108.0,-87.0,2.0,-78.0,-24.0,89.0,-114.0,25.45,-23.09,-161.87,107.05,-29.25,-101.75,-85.4,-12.29,-63.82,-32.47,48.29,-100.74
2025-08-12T18:41:23.708622,42.0,49.0,-94.0,81.0,7.0,-139.0,-35.0,-3.0,-108.0,-29.0,87.0,-112.0,26.45,21.91,-58.87,52.05,2.75,-132.75,-33.4,-17.29,-93.82,-37.47,46.29,-98.74
2025-08-12T18:41:23.712806,21.0,-21.0,-178.0,107.0,-71.0,-130.0,-10.0,-75.0,-151.0,-23.0,23.0,-114.0,5.449999999999999,-48.09,-142.87,78.05,-75.25,-123.75,-8.4,-89.28999999999999,-136.82,-31.47,-17.71,-100.74
2025-08-12T18:41:23.720954,37.0,38.0,-163.0,76.0,-44.0,-25.0,-15.0,7.0,-87.0,5.0,77.0,-156.0,21.45,10.91,-127.87,47.05,-48.25,-18.75,-13.4,-7.289999999999999,-72.82,-3.4700000000000006,36.29,-142.74
2025-08-12T18:41:23.725130,54.0,73.0,-107.0,29.0,-56.0,-98.0,-32.0,43.0,-164.0,-8.0,64.0,-133.0,38.45,45.91,-71.87,0.05000000000000071,-60.25,-91.75,-30.4,28.71,-149.82,-16.47,23.29,-119.74
2025-08-12T18:41:23.733123,119.0,61.0,-169.0,74.0,41.0,-105.0,-44.0,-5.0,-79.0,-70.0,56.0,-201.0,103.45,33.91,-133.87,45.05,36.75,-98.75,-42.4,-19.29,-64.82,-78.47,15.29,-187.74
2025-08-12T18:41:23.737588,141.0,47.0,-83.0,91.0,-70.0,-104.0,-42.0,28.0,-100.0,-58.0,30.0,-156.0,125.45,19.91,-47.87,62.05,-74.25,-97.75,-40.4,13.71,-85.82,-66.47,-10.71,-142.74
2025-08-12T18:41:23.745470,42.0,51.0,-115.0,105.0,-16.0,-120.0,-86.0,2.0,-129.0,-65.0,90.0,-108.0,26.45,23.91,-79.87,76.05,-20.25,-113.75,-84.4,-12.29,-114.82,-73.47,49.29,-94.74
2025-08-12T18:41:23.749764,61.0,76.0,-124.0,29.0,5.0,-84.0,-33.0,-38.0,-154.0,-52.0,63.0,-141.0,45.45,48.91,-88.87,0.05000000000000071,0.75,-77.75,-31.4,-52.29,-139.82,-60.47,22.29,-127.74
2025-08-12T18:41:23.757836,-18.0,-12.0,-170.0,74.0,-12.0,-118.0,-96.0,-7.0,-93.0,-75.0,135.0,-208.0,-33.55,-39.09,-134.87,45.05,-16.25,-111.75,-94.4,-21.29,-78.82,-83.47,94.28999999999999,-194.74
2025-08-12T18:41:23.766012,67.0,109.0,-174.0,105.0,10.0,-103.0,-16.0,-87.0,-142.0,-43.0,88.0,-142.0,51.45,81.91,-138.87,76.05,5.75,-96.75,-14.4,-101.28999999999999,-127.82,-51.47,47.29,-128.74
2025-08-12T18:41:23.770290,42.0,45.0,-148.0,-11.0,-17.0,-89.0,-134.0,-15.0,-105.0,11.0,18.0,-145.0,26.45,17.91,-112.87,-39.95,-21.25,-82.75,-132.4,-29.29,-90.82,2.5299999999999994,-22.71,-131.74
2025-08-12T18:41:23.778364,44.0,34.0,-123.0,108.0,19.0,-103.0,-66.0,-42.0,-174.0,-38.0,33.0,-182.0,28.45,6.91,-87.87,79.05,14.75,-96.75,-64.4,-56.29,-159.82,-46.47,-7.710000000000001,-168.74
2025-08-12T18:41:23.782489,4.0,33.0,-133.0,123.0,6.0,-108.0,-79.0,-120.0,-150.0,14.0,72.0,-142.0,-11.55,5.91,-97.87,94.05,1.75,-101.75,-77.4,-134.29,-135.82,5.529999999999999,31.29,-128.74
2025-08-12T18:41:23.790603,75.0,-9.0,-199.0,115.0,-19.0,-106.0,-56.0,57.0,-114.0,-77.0,28.0,-164.0,59.45,-36.09,-163.87,86.05,-23.25,-99.75,-54.4,42.71,-99.82,-85.47,-12.71,-150.74
2025-08-12T18:41:23.795068,10.0,40.0,-119.0,87.0,-4.0,-195.0,-31.0,-14.0,-131.0,2.0,50.0,-156.0,-5.550000000000001,12.91,-83.87,58.05,-8.25,-188.75,-29.4,-28.29,-116.82,-6.470000000000001,9.29,-142.74
2025-08-12T18:41:23.802841,66.0,16.0,-171.0,78.0,-22.0,-169.0,-48.0,-19.0,-89.0,-6.0,99.0,-131.0,50.45,-11.09,-135.87,49.05,-26.25,-162.75,-46.4,-33.29,-74.82,-14.47,58.29,-117.74
2025-08-12T18:41:23.807164,59.0,73.0,-94.0,63.0,-54.0,-187.0,-71.0,-79.0,-87.0,-75.0,91.0,-97.0,43.45,45.91,-58.87,34.05,-58.25,-180.75,-69.4,-93.28999999999999,-72.82,-83.47,50.29,-83.74
2025-08-12T18:41:23.815171,3.0,59.0,-160.0,27.0,-31.0,-153.0,-24.0,43.0,-32.0,23.0,75.0,-119.0,-12.55,31.91,-124.87,-1.9499999999999993,-35.25,-146.75,-22.4,28.71,-17.82,14.53,34.29,-105.74
2025-08-12T18:41:23.819465,120.0,114.0,-112.0,30.0,3.0,-111.0,28.0,23.0,-163.0,34.0,96.0,-140.0,104.45,86.91,-76.87,1.0500000000000007,-1.25,-104.75,29.6,8.71,-148.82,25.53,55.29,-126.74
2025-08-12T18:41:23.827574,6.0,39.0,-205.0,133.0,-65.0,-145.0,-49.0,-23.0,-157.0,-44.0,73.0,-184.0,-9.55,11.91,-169.87,104.05,-69.25,-138.75,-47.4,-37.29,-142.82,-52.47,32.29,-170.74
2025-08-12T18:41:23.831511,86.0,64.0,-139.0,67.0,9.0,-117.0,-77.0,71.0,-130.0,-63.0,8.0,-175.0,70.45,36.91,-103.87,38.05,4.75,-110.75,-75.4,56.71,-115.82,-71.47,-32.71,-161.74
2025-08-12T18:41:23.839848,10.0,-34.0,-182.0,62.0,46.0,-91.0,-29.0,-51.0,-79.0,-18.0,59.0,-140.0,-5.550000000000001,-61.09,-146.87,33.05,41.75,-84.75,-27.4,-65.28999999999999,-64.82,-26.47,18.29,-126.74
2025-08-12T18:41:23.843877,6.0,52.0,-101.0,87.0,1.0,-142.0,-22.0,-76.0,-142.0,-54.0,64.0,-77.0,-9.55,24.91,-65.87,58.05,-3.25,-135.75,-20.4,-90.28999999999999,-127.82,-62.47,23.29,-63.74
2025-08-12T18:41:23.852168,-22.0,22.0,-156.0,95.0,-41.0,-99.0,-81.0,-38.0,-103.0,-69.0,107.0,-193.0,-37.55,-5.09,-120.87,66.05,-45.25,-92.75,-79.4,-52.29,-88.82,-77.47,66.28999999999999,-179.74
2025-08-12T18:41:23.859945,39.0,106.0,-158.0,104.0,-57.0,-126.0,30.0,20.0,-147.0,-69.0,28.0,-119.0,23.45,78.91,-122.87,75.05,-61.25,-119.75,31.6,5.710000000000001,-132.82,-77.47,-12.71,-105.74
2025-08-12T18:41:23.864569,26.0,99.0,-182.0,71.0,-86.0,-111.0,7.0,21.0,-131.0,-54.0,55.0,-187.0,10.45,71.91,-146.87,42.05,-90.25,-104.75,8.6,6.710000000000001,-116.82,-62.47,14.29,-173.74
2025-08-12T18:41:23.872507,79.0,11.0,-144.0,71.0,-13.0,-156.0,-15.0,-32.0,-89.0,-24.0,56.0,-118.0,63.45,-16.09,-108.87,42.05,-17.25,-149.75,-13.4,-46.29,-74.82,-32.47,15.29,-104.74
2025-08-12T18:41:23.876882,47.0,6.0,-194.0,47.0,-56.0,-109.0,-101.0,-38.0,-128.0,-23.0,55.0,-86.0,31.45,-21.09,-158.87,18.05,-60.25,-102.75,-99.4,-52.29,-113.82,-31.47,14.29,-72.74
2025-08-12T18:41:23.884690,78.0,26.0,-167.0,95.0,12.0,-151.0,-74.0,43.0,-72.0,5.0,63.0,-124.0,62.45,-1.0899999999999999,-131.87,66.05,7.75,-144.75,-72.4,28.71,-57.82,-3.4700000000000006,22.29,-110.74
2025-08-12T18:41:23.888917,24.0,53.0,-105.0,84.0,-3.0,-92.0,-1.0,0.0,-114.0,-50.0,51.0,-188.0,8.45,25.91,-69.87,55.05,-7.25,-85.75,0.6000000000000001,-14.29,-99.82,-58.47,10.29,-174.74
2025-08-12T18:41:23.897084,-16.0,87.0,-145.0,31.0,-29.0,-108.0,-45.0,18.0,-131.0,27.0,111.0,-173.0,-31.55,59.91,-109.87,2.0500000000000007,-33.25,-101.75,-43.4,3.710000000000001,-116.82,18.53,70.28999999999999,-159.74
2025-08-12T18:41:23.901404,16.0,46.0,-188.0,50.0,-66.0,-29.0,14.0,-16.0,-109.0,-62.0,67.0,-98.0,0.4499999999999993,18.91,-152.87,21.05,-70.25,-22.75,15.6,-30.29,-94.82,-70.47,26.29,-84.74
2025-08-12T18:41:23.909485,106.0,67.0,-232.0,46.0,-26.0,-102.0,11.0,-39.0,-80.0,-135.0,37.0,-93.0,90.45,39.91,-196.87,17.05,-30.25,-95.75,12.6,-53.29,-65.82,-143.47,-3.710000000000001,-79.74
2025-08-12T18:41:23.913588,85.0,31.0,-117.0,106.0,-46.0,-38.0,-73.0,-18.0,-137.0,-71.0,122.0,-118.0,69.45,3.91,-81.87,77.05,-50.25,-31.75,-71.4,-32.29,-122.82,-79.47,81.28999999999999,-104.74
2025-08-12T18:41:23.921749,54.0,89.0,-148.0,94.0,-38.0,-131.0,-100.0,-22.0,-184.0,-85.0,60.0,-99.0,38.45,61.91,-112.87,65.05,-42.25,-124.75,-98.4,-36.29,-169.82,-93.47,19.29,-85.74
2025-08-12T18:41:23.925917,45.0,52.0,-119.0,50.0,-14.0,-132.0,-37.0,72.0,-115.0,-10.0,109.0,-82.0,29.45,24.91,-83.87,21.05,-18.25,-125.75,-35.4,57.71,-100.82,-18.47,68.28999999999999,-68.74
2025-08-12T18:41:23.933874,36.0,84.0,-168.0,98.0,14.0,-167.0,-65.0,-7.0,-106.0,15.0,58.0,-173.0,20.45,56.91,-132.87,69.05,9.75,-160.75,-63.4,-21.29,-91.82,6.529999999999999,17.29,-159.74
2025-08-12T18:41:23.942073,-16.0,60.0,-224.0,62.0,-62.0,-133.0,-61.0,-61.0,-159.0,-9.0,64.0,-142.0,-31.55,32.91,-188.87,33.05,-66.25,-126.75,-59.4,-75.28999999999999,-144.82,-17.47,23.29,-128.74
2025-08-12T18:41:23.946188,32.0,76.0,-213.0,75.0,-36.0,-133.0,-50.0,-17.0,-107.0,-66.0,105.0,-160.0,16.45,48.91,-177.87,46.05,-40.25,-126.75,-48.4,-31.29,-92.82,-74.47,64.28999999999999,-146.74
2025-08-12T18:41:23.954407,99.0,21.0,-149.0,-46.0,-9.0,-124.0,-27.0,-61.0,-109.0,-77.0,115.0,-148.0,83.45,-6.09,-113.87,-74.95,-13.25,-117.75,-25.4,-75.28999999999999,-94.82,-85.47,74.28999999999999,-134.74
2025-08-12T18:41:23.958713,54.0,16.0,-139.0,14.0,-33.0,-125.0,-31.0,-4.0,-166.0,-32.0,78.0,-168.0,38.45,-11.09,-103.87,-14.95,-37.25,-118.75,-29.4,-18.29,-151.82,-40.47,37.29,-154.74
2025-08-12T18:41:23.966803,90.0,82.0,-148.0,69.0,-8.0,-120.0,-43.0,-31.0,-122.0,1.0,4.0,-107.0,74.45,54.91,-112.87,40.05,-12.25,-113.75,-41.4,-45.29,-107.82,-7.470000000000001,-36.71,-93.74
2025-08-12T18:41:23.970913,-38.0,54.0,-150.0,98.0,69.0,-103.0,-53.0,-39.0,-110.0,-44.0,30.0,-207.0,-53.55,26.91,-114.87,69.05,64.75,-96.75,-51.4,-53.29,-95.82,-52.47,-10.71,-193.74
2025-08-12T18:41:23.979081,91.0,58.0,-87.0,107.0,-71.0,-144.0,-60.0,-9.0,-161.0,-71.0,113.0,-122.0,75.45,30.91,-51.87,78.05,-75.25,-137.75,-58.4,-23.29,-146.82,-79.47,72.28999999999999,-108.74
2025-08-12T18:41:23.983339,65.0,49.0,-166.0,91.0,-40.0,-102.0,-28.0,-5.0,-144.0,-64.0,82.0,-129.0,49.45,21.91,-130.87,62.05,-44.25,-95.75,-26.4,-19.29,-129.82,-72.47,41.29,-115.74
2025-08-12T18:41:23.991291,36.0,24.0,-112.0,37.0,21.0,-108.0,-23.0,-53.0,-133.0,0.0,114.0,-125.0,20.45,-3.09,-76.87,8.05,16.75,-101.75,-21.4,-67.28999999999999,-118.82,-8.47,73.28999999999999,-111.74
2025-08-12T18:41:23.995427,-15.0,48.0,-120.0,67.0,17.0,-147.0,5.0,-30.0,-75.0,11.0,36.0,-154.0,-30.55,20.91,-84.87,38.05,12.75,-140.75,6.6,-44.29,-60.82,2.5299999999999994,-4.710000000000001,-140.74
2025-08-12T18:41:24.003579,-3.0,34.0,-135.0,28.0,-35.0,-98.0,-46.0,-77.0,-115.0,-77.0,87.0,-111.0,-18.55,6.91,-99.87,-0.9499999999999993,-39.25,-91.75,-44.4,-91.28999999999999,-100.82,-85.47,46.29,-97.74
2025-08-12T18:41:24.007785,43.0,98.0,-149.0,25.0,-5.0,-132.0,-2.0,-16.0,-79.0,-47.0,47.0,-131.0,27.45,70.91,-113.87,-3.9499999999999993,-9.25,-125.75,-0.3999999999999999,-30.29,-64.82,-55.47,6.289999999999999,-117.74
2025-08-12T18:41:24.015779,113.0,80.0,-175.0,7.0,16.0,-167.0,-131.0,5.0,-29.0,-55.0,114.0,-42.0,97.45,52.91,-139.87,-21.95,11.75,-160.75,-129.4,-9.29,-14.82,-63.47,73.28999999999999,-28.740000000000002
2025-08-12T18:41:24.019908,76.0,64.0,-180.0,51.0,-48.0,-109.0,-50.0,8.0,-169.0,-72.0,44.0,-124.0,60.45,36.91,-144.87,22.05,-52.25,-102.75,-48.4,-6.289999999999999,-154.82,-80.47,3.289999999999999,-110.74
2025-08-12T18:41:24.028222,54.0,6.0,-98.0,47.0,-42.0,-148.0,-80.0,-57.0,-122.0,-28.0,113.0,-91.0,38.45,-21.09,-62.87,18.05,-46.25,-141.75,-78.4,-71.28999999999999,-107.82,-36.47,72.28999999999999,-77.74
2025-08-12T18:41:24.036321,57.0,8.0,-140.0,89.0,-89.0,-103.0,43.0,-25.0,-146.0,-24.0,81.0,-131.0,41.45,-19.09,-104.87,60.05,-93.25,-96.75,44.6,-39.29,-131.82,-32.47,40.29,-117.74
2025-08-12T18:41:24.041148,-11.0,125.0,-180.0,115.0,-39.0,-162.0,-45.0,-21.0,-70.0,-29.0,48.0,-118.0,-26.55,97.91,-144.87,86.05,-43.25,-155.75,-43.4,-35.29,-55.82,-37.47,7.289999999999999,-104.74
2025-08-12T18:41:24.048543,13.0,68.0,-135.0,33.0,-61.0,-121.0,-15.0,-9.0,-131.0,-17.0,61.0,-122.0,-2.5500000000000007,40.91,-99.87,4.050000000000001,-65.25,-114.75,-13.4,-23.29,-116.82,-25.47,20.29,-108.74
2025-08-12T18:41:24.052885,131.0,51.0,-228.0,123.0,-8.0,-88.0,-41.0,-41.0,-133.0,19.0,104.0,-156.0,115.45,23.91,-192.87,94.05,-12.25,-81.75,-39.4,-55.29,-118.82,10.53,63.29,-142.74
2025-08-12T18:41:24.060776,113.0,73.0,-104.0,94.0,48.0,-146.0,33.0,-54.0,-146.0,-24.0,34.0,-127.0,97.45,45.91,-68.87,65.05,43.75,-139.75,34.6,-68.28999999999999,-131.82,-32.47,-6.710000000000001,-113.74
2025-08-12T18:41:24.065225,1.0,46.0,-160.0,27.0,-41.0,-158.0,-40.0,-59.0,-103.0,-3.0,77.0,-89.0,-14.55,18.91,-124.87,-1.9499999999999993,-45.25,-151.75,-38.4,-73.28999999999999,-88.82,-11.47,36.29,-75.74
2025-08-12T18:41:24.073196,21.0,56.0,-148.0,91.0,-30.0,-123.0,-90.0,-79.0,-120.0,-81.0,86.0,-123.0,5.449999999999999,28.91,-112.87,62.05,-34.25,-116.75,-88.4,-93.28999999999999,-105.82,-89.47,45.29,-109.74
2025-08-12T18:41:24.077522,21.0,84.0,-186.0,56.0,-19.0,-110.0,25.0,9.0,-171.0,-42.0,140.0,-167.0,5.449999999999999,56.91,-150.87,27.05,-23.25,-103.75,26.6,-5.289999999999999,-156.82,-50.47,99.28999999999999,-153.74
2025-08-12T18:41:24.085646,71.0,42.0,-200.0,13.0,-24.0,-134.0,13.0,-24.0,-130.0,-28.0,95.0,-97.0,55.45,14.91,-164.87,-15.95,-28.25,-127.75,14.6,-38.29,-115.82,-36.47,54.29,-83.74
2025-08-12T18:41:24.089679,87.0,49.0,-117.0,65.0,-36.0,-66.0,-3.0,-6.0,-65.0,-15.0,131.0,-147.0,71.45,21.91,-81.87,36.05,-40.25,-59.75,-1.4,-20.29,-50.82,-23.47,90.28999999999999,-133.74
2025-08-12T18:41:24.097737,-24.0,39.0,-144.0,-15.0,-39.0,-73.0,-75.0,4.0,-149.0,-28.0,128.0,-155.0,-39.55,11.91,-108.87,-43.95,-43.25,-66.75,-73.4,-10.29,-134.82,-36.47,87.28999999999999,-141.74
2025-08-12T18:41:24.105761,56.0,83.0,-198.0,111.0,-52.0,-80.0,-56.0,-20.0,-173.0,-24.0,-26.0,-162.0,40.45,55.91,-162.87,82.05,-56.25,-73.75,-54.4,-34.29,-158.82,-32.47,-66.71000000000001,-148.74
2025-08-12T18:41:24.110176,-12.0,20.0,-150.0,98.0,-59.0,-188.0,-7.0,-36.0,-92.0,-42.0,112.0,-92.0,-27.55,-7.09,-114.87,69.05,-63.25,-181.75,-5.4,-50.29,-77.82,-50.47,71.28999999999999,-78.74
2025-08-12T18:41:24.118150,95.0,66.0,-154.0,78.0,-27.0,-153.0,4.0,-65.0,-126.0,-31.0,84.0,-150.0,79.45,38.91,-118.87,49.05,-31.25,-146.75,5.6,-79.28999999999999,-111.82,-39.47,43.29,-136.74
2025-08-12T18:41:24.122339,41.0,98.0,-197.0,83.0,1.0,-106.0,-64.0,-10.0,-109.0,2.0,90.0,-182.0,25.45,70.91,-161.87,54.05,-3.25,-99.75,-62.4,-24.29,-94.82,-6.470000000000001,49.29,-168.74
2025-08-12T18:41:24.130461,95.0,18.0,-182.0,68.0,-6.0,-116.0,-26.0,28.0,-95.0,-31.0,56.0,-170.0,79.45,-9.09,-146.87,39.05,-10.25,-109.75,-24.4,13.71,-80.82,-39.47,15.29,-156.74
2025-08-12T18:41:24.134823,87.0,12.0,-138.0,69.0,25.0,-147.0,-31.0,17.0,-110.0,-52.0,88.0,-139.0,71.45,-15.09,-102.87,40.05,20.75,-140.75,-29.4,2.710000000000001,-95.82,-60.47,47.29,-125.74
2025-08-12T18:41:24.142838,60.0,115.0,-140.0,25.0,-26.0,-162.0,11.0,-25.0,-114.0,-30.0,39.0,-101.0,44.45,87.91,-104.87,-3.9499999999999993,-30.25,-155.75,12.6,-39.29,-99.82,-38.47,-1.7100000000000009,-87.74
2025-08-12T18:41:24.146963,57.0,110.0,-182.0,-20.0,5.0,-118.0,-26.0,36.0,-100.0,-57.0,61.0,-169.0,41.45,82.91,-146.87,-48.95,0.75,-111.75,-24.4,21.71,-85.82,-65.47,20.29,-155.74
2025-08-12T18:41:24.155057,29.0,57.0,-177.0,56.0,-7.0,-52.0,14.0,11.0,-114.0,12.0,118.0,-125.0,13.45,29.91,-141.87,27.05,-11.25,-45.75,15.6,-3.289999999999999,-99.82,3.5299999999999994,77.28999999999999,-111.74
2025-08-12T18:41:24.159401,7.0,91.0,-219.0,92.0,-24.0,-114.0,-20.0,4.0,-114.0,9.0,55.0,-117.0,-8.55,63.91,-183.87,63.05,-28.25,-107.75,-18.4,-10.29,-99.82,0.5299999999999994,14.29,-103.74
2025-08-12T18:41:24.167351,95.0,50.0,-162.0,30.0,-29.0,-147.0,-21.0,26.0,-191.0,-28.0,16.0,-141.0,79.45,22.91,-126.87,1.0500000000000007,-33.25,-140.75,-19.4,11.71,-176.82,-36.47,-24.71,-127.74
2025-08-12T18:41:24.171746,27.0,88.0,-81.0,70.0,-75.0,-128.0,-45.0,-55.0,-112.0,-47.0,38.0,-80.0,11.45,60.91,-45.87,41.05,-79.25,-121.75,-43.4,-69.28999999999999,-97.82,-55.47,-2.710000000000001,-66.74
2025-08-12T18:41:24.179715,66.0,78.0,-114.0,101.0,-69.0,-150.0,-51.0,-22.0,-94.0,-11.0,92.0,-120.0,50.45,50.91,-78.87,72.05,-73.25,-143.75,-49.4,-36.29,-79.82,-19.47,51.29,-106.74
2025-08-12T18:41:24.183809,31.0,135.0,-226.0,106.0,-57.0,-69.0,-4.0,-36.0,-91.0,-2.0,96.0,-84.0,15.45,107.91,-190.87,77.05,-61.25,-62.75,-2.4,-50.29,-76.82,-10.47,55.29,-70.74
2025-08-12T18:41:24.191861,96.0,130.0,-203.0,22.0,-19.0,-127.0,-17.0,35.0,-75.0,-77.0,147.0,-168.0,80.45,102.91,-167.87,-6.949999999999999,-23.25,-120.75,-15.4,20.71,-60.82,-85.47,106.28999999999999,-154.74
2025-08-12T18:41:24.196016,74.0,4.0,-120.0,102.0,-28.0,-68.0,-39.0,46.0,-147.0,44.0,20.0,-74.0,58.45,-23.09,-84.87,73.05,-32.25,-61.75,-37.4,31.71,-132.82,35.53,-20.71,-60.74
2025-08-12T18:41:24.204328,43.0,1.0,-127.0,56.0,-25.0,-79.0,-42.0,23.0,-126.0,-82.0,61.0,-114.0,27.45,-26.09,-91.87,27.05,-29.25,-72.75,-40.4,8.71,-111.82,-90.47,20.29,-100.74
2025-08-12T18:41:24.212414,16.0,102.0,-79.0,28.0,-38.0,-149.0,-99.0,-15.0,-154.0,-63.0,145.0,-81.0,0.4499999999999993,74.91,-43.87,-0.9499999999999993,-42.25,-142.75,-97.4,-29.29,-139.82,-71.47,104.28999999999999,-67.74
2025-08-12T18:41:24.216623,39.0,84.0,-190.0,2.0,-50.0,-116.0,-120.0,-31.0,-57.0,-69.0,113.0,-117.0,23.45,56.91,-154.87,-26.95,-54.25,-109.75,-118.4,-45.29,-42.82,-77.47,72.28999999999999,-103.74
2025-08-12T18:41:24.224669,69.0,21.0,-197.0,13.0,-19.0,-169.0,-74.0,9.0,-93.0,-56.0,90.0,-154.0,53.45,-6.09,-161.87,-15.95,-23.25,-162.75,-72.4,-5.289999999999999,-78.82,-64.47,49.29,-140.74
2025-08-12T18:41:24.229014,36.0,27.0,-152.0,50.0,-66.0,-192.0,-65.0,-24.0,-92.0,-13.0,65.0,-86.0,20.45,-0.08999999999999986,-116.87,21.05,-70.25,-185.75,-63.4,-38.29,-77.82,-21.47,24.29,-72.74
2025-08-12T18:41:24.237050,54.0,62.0,-115.0,-67.0,-36.0,-118.0,-16.0,51.0,-96.0,-74.0,24.0,-93.0,38.45,34.91,-79.87,-95.95,-40.25,-111.75,-14.4,36.71,-81.82,-82.47,-16.71,-79.74
2025-08-12T18:41:24.241419,13.0,-58.0,-125.0,76.0,-1.0,-175.0,-23.0,-24.0,-187.0,-71.0,57.0,-105.0,-2.5500000000000007,-85.09,-89.87,47.05,-5.25,-168.75,-21.4,-38.29,-172.82,-79.47,16.29,-91.74
2025-08-12T18:41:24.249215,48.0,67.0,-138.0,63.0,-47.0,-191.0,-75.0,-3.0,-113.0,-24.0,43.0,-100.0,32.45,39.91,-102.87,34.05,-51.25,-184.75,-73.4,-17.29,-98.82,-32.47,2.289999999999999,-86.74
2025-08-12T18:41:24.253789,59.0,138.0,-133.0,155.0,-40.0,-103.0,-44.0,-1.0,-144.0,-25.0,128.0,-195.0,43.45,110.91,-97.87,126.05,-44.25,-96.75,-42.4,-15.29,-129.82,-33.47,87.28999999999999,-181.74
2025-08-12T18:41:24.261619,55.0,-1.0,-223.0,88.0,-1.0,-142.0,-99.0,42.0,-118.0,-11.0,62.0,-54.0,39.45,-28.09,-187.87,59.05,-5.25,-135.75,-97.4,27.71,-103.82,-19.47,21.29,-40.74
2025-08-12T18:41:24.266158,48.0,35.0,-90.0,69.0,-13.0,-149.0,-48.0,23.0,-179.0,2.0,50.0,-151.0,32.45,7.91,-54.87,40.05,-17.25,-142.75,-46.4,8.71,-164.82,-6.470000000000001,9.29,-137.74
2025-08-12T18:41:24.273850,-49.0,-21.0,-129.0,61.0,-28.0,-81.0,-53.0,9.0,-147.0,-38.0,22.0,-150.0,-64.55,-48.09,-93.87,32.05,-32.25,-74.75,-51.4,-5.289999999999999,-132.82,-46.47,-18.71,-136.74
2025-08-12T18:41:24.277998,4.0,25.0,-161.0,1.0,8.0,-91.0,-42.0,12.0,-64.0,-37.0,96.0,-177.0,-11.55,-2.09,-125.87,-27.95,3.75,-84.75,-40.4,-2.289999999999999,-49.82,-45.47,55.29,-163.74
2025-08-12T18:41:24.286193,43.0,114.0,-127.0,26.0,52.0,-125.0,-7.0,-44.0,-90.0,-81.0,37.0,-124.0,27.45,86.91,-91.87,-2.9499999999999993,47.75,-118.75,-5.4,-58.29,-75.82,-89.47,-3.710000000000001,-110.74
2025-08-12T18:41:24.290480,-18.0,100.0,-161.0,44.0,7.0,-66.0,-14.0,-15.0,-92.0,23.0,71.0,-119.0,-33.55,72.91,-125.87,15.05,2.75,-59.75,-12.4,-29.29,-77.82,14.53,30.29,-105.74
2025-08-12T18:41:24.298437,37.0,32.0,-154.0,8.0,-21.0,-142.0,-63.0,-67.0,-68.0,-72.0,116.0,-111.0,21.45,4.91,-118.87,-20.95,-25.25,-135.75,-61.4,-81.28999999999999,-53.82,-80.47,75.28999999999999,-97.74
2025-08-12T18:41:24.302519,5.0,60.0,-171.0,44.0,-33.0,-116.0,-1.0,-17.0,-91.0,15.0,45.0,-201.0,-10.55,32.91,-135.87,15.05,-37.25,-109.75,0.6000000000000001,-31.29,-76.82,6.529999999999999,4.289999999999999,-187.74
2025-08-12T18:41:24.310850,87.0,37.0,-151.0,47.0,7.0,-184.0,-34.0,28.0,-147.0,2.0,21.0,-140.0,71.45,9.91,-115.87,18.05,2.75,-177.75,-32.4,13.71,-132.82,-6.470000000000001,-19.71,-126.74
2025-08-12T18:41:24.318699,68.0,58.0,-109.0,51.0,-58.0,-136.0,-33.0,48.0,-175.0,-96.0,37.0,-108.0,52.45,30.91,-73.87,22.05,-62.25,-129.75,-31.4,33.71,-160.82,-104.47,-3.710000000000001,-94.74
2025-08-12T18:41:24.323057,61.0,103.0,-137.0,28.0,-18.0,-111.0,-11.0,-26.0,-114.0,-35.0,69.0,-127.0,45.45,75.91,-101.87,-0.9499999999999993,-22.25,-104.75,-9.4,-40.29,-99.82,-43.47,28.29,-113.74
2025-08-12T18:41:24.331246,4.0,97.0,-177.0,67.0,-36.0,-182.0,-27.0,-9.0,-62.0,-44.0,59.0,-123.0,-11.55,69.91,-141.87,38.05,-40.25,-175.75,-25.4,-23.29,-47.82,-52.47,18.29,-109.74
2025-08-12T18:41:24.335405,85.0,142.0,-106.0,25.0,-65.0,-166.0,-42.0,9.0,-70.0,-35.0,106.0,-155.0,69.45,114.91,-70.87,-3.9499999999999993,-69.25,-159.75,-40.4,-5.289999999999999,-55.82,-43.47,65.28999999999999,-141.74
2025-08-12T18:41:24.343355,-20.0,62.0,-170.0,69.0,22.0,-103.0,-18.0,32.0,-68.0,-56.0,4.0,-99.0,-35.55,34.91,-134.87,40.05,17.75,-96.75,-16.4,17.71,-53.82,-64.47,-36.71,-85.74
2025-08-12T18:41:24.347795,74.0,112.0,-115.0,133.0,-33.0,-76.0,-18.0,-9.0,-156.0,13.0,52.0,-105.0,58.45,84.91,-79.87,104.05,-37.25,-69.75,-16.4,-23.29,-141.82,4.529999999999999,11.29,-91.74
2025-08-12T18:41:24.355686,2.0,26.0,-130.0,8.0,-12.0,-193.0,-42.0,-20.0,-119.0,-34.0,25.0,-148.0,-13.55,-1.0899999999999999,-94.87,-20.95,-16.25,-186.75,-40.4,-34.29,-104.82,-42.47,-15.71,-134.74
2025-08-12T18:41:24.359913,4.0,45.0,-118.0,61.0,5.0,-117.0,47.0,-30.0,-123.0,8.0,66.0,-144.0,-11.55,17.91,-82.87,32.05,0.75,-110.75,48.6,-44.29,-108.82,-0.47000000000000064,25.29,-130.74
2025-08-12T18:41:24.368091,14.0,37.0,-121.0,52.0,-22.0,-124.0,-3.0,-4.0,-61.0,-28.0,109.0,-162.0,-1.5500000000000007,9.91,-85.87,23.05,-26.25,-117.75,-1.4,-18.29,-46.82,-36.47,68.28999999999999,-148.74
2025-08-12T18:41:24.372358,70.0,81.0,-168.0,72.0,29.0,-117.0,-61.0,8.0,-59.0,-35.0,35.0,-124.0,54.45,53.91,-132.87,43.05,24.75,-110.75,-59.4,-6.289999999999999,-44.82,-43.47,-5.710000000000001,-110.74
2025-08-12T18:41:24.380300,77.0,75.0,-191.0,61.0,3.0,-107.0,-33.0,-54.0,-69.0,6.0,13.0,-121.0,61.45,47.91,-155.87,32.05,-1.25,-100.75,-31.4,-68.28999999999999,-54.82,-2.4700000000000006,-27.71,-107.74
2025-08-12T18:41:24.384720,2.0,37.0,-154.0,78.0,-9.0,-117.0,-88.0,8.0,-93.0,-3.0,90.0,-64.0,-13.55,9.91,-118.87,49.05,-13.25,-110.75,-86.4,-6.289999999999999,-78.82,-11.47,49.29,-50.74
2025-08-12T18:41:24.392816,34.0,21.0,-113.0,-3.0,16.0,-67.0,-42.0,41.0,-86.0,-45.0,50.0,-70.0,18.45,-6.09,-77.87,-31.95,11.75,-60.75,-40.4,26.71,-71.82,-53.47,9.29,-56.74
2025-08-12T18:41:24.396916,128.0,89.0,-120.0,79.0,-15.0,-73.0,-51.0,-11.0,-147.0,-102.0,68.0,-118.0,112.45,61.91,-84.87,50.05,-19.25,-66.75,-49.4,-25.29,-132.82,-110.47,27.29,-104.74
2025-08-12T18:41:24.404987,99.0,84.0,-123.0,94.0,-20.0,-134.0,62.0,25.0,-83.0,-9.0,143.0,-127.0,83.45,56.91,-87.87,65.05,-24.25,-127.75,63.6,10.71,-68.82,-17.47,102.28999999999999,-113.74
2025-08-12T18:41:24.409114,21.0,90.0,-169.0,35.0,-9.0,-77.0,-36.0,25.0,-110.0,-9.0,34.0,-175.0,5.449999999999999,62.91,-133.87,6.050000000000001,-13.25,-70.75,-34.4,10.71,-95.82,-17.47,-6.710000000000001,-161.74
2025-08-12T18:41:24.417192,68.0,4.0,-101.0,27.0,-13.0,-141.0,45.0,22.0,-33.0,55.0,60.0,-110.0,52.45,-23.09,-65.87,-1.9499999999999993,-17.25,-134.75,46.6,7.710000000000001,-18.82,46.53,19.29,-96.74
2025-08-12T18:41:24.421614,61.0,12.0,-137.0,35.0,-70.0,-75.0,-21.0,-10.0,-128.0,48.0,74.0,-141.0,45.45,-15.09,-101.87,6.050000000000001,-74.25,-68.75,-19.4,-24.29,-113.82,39.53,33.29,-127.74
2025-08-12T18:41:24.429484,45.0,39.0,-108.0,54.0,-24.0,-72.0,-29.0,26.0,-116.0,-3.0,85.0,-108.0,29.45,11.91,-72.87,25.05,-28.25,-65.75,-27.4,11.71,-101.82,-11.47,44.29,-94.74
2025-08-12T18:41:24.433756,1.0,137.0,-62.0,42.0,-53.0,-88.0,30.0,-39.0,-121.0,-47.0,151.0,-107.0,-14.55,109.91,-26.869999999999997,13.05,-57.25,-81.75,31.6,-53.29,-106.82,-55.47,110.28999999999999,-93.74
2025-08-12T18:41:24.441760,-34.0,66.0,-100.0,5.0,-1.0,-83.0,5.0,-20.0,-90.0,-89.0,27.0,-122.0,-49.55,38.91,-64.87,-23.95,-5.25,-76.75,6.6,-34.29,-75.82,-97.47,-13.71,-108.74
2025-08-12T18:41:24.449938,58.0,37.0,-119.0,18.0,-3.0,-71.0,-35.0,-31.0,-106.0,-32.0,109.0,-150.0,42.45,9.91,-83.87,-10.95,-7.25,-64.75,-33.4,-45.29,-91.82,-40.47,68.28999999999999,-136.74
2025-08-12T18:41:24.454195,51.0,25.0,-56.0,55.0,37.0,-48.0,-65.0,64.0,-65.0,-13.0,104.0,-138.0,35.45,-2.09,-20.869999999999997,26.05,32.75,-41.75,-63.4,49.71,-50.82,-21.47,63.29,-124.74
2025-08-12T18:41:24.458103,76.0,7.0,-114.0,91.0,48.0,-71.0,-37.0,20.0,-48.0,-13.0,52.0,-139.0,60.45,-20.09,-78.87,62.05,43.75,-64.75,-35.4,5.710000000000001,-33.82,-21.47,11.29,-125.74
2025-08-12T18:41:24.466442,39.0,8.0,-60.0,84.0,65.0,-61.0,3.0,104.0,-151.0,-35.0,53.0,-98.0,23.45,-19.09,-24.869999999999997,55.05,60.75,-54.75,4.6,89.71000000000001,-136.82,-43.47,12.29,-84.74
2025-08-12T18:41:24.470382,50.0,22.0,-65.0,-5.0,69.0,-84.0,-42.0,36.0,-116.0,-50.0,42.0,-86.0,34.45,-5.09,-29.869999999999997,-33.95,64.75,-77.75,-40.4,21.71,-101.82,-58.47,1.2899999999999991,-72.74
2025-08-12T18:41:24.478809,4.0,41.0,-64.0,21.0,-37.0,-44.0,-12.0,-10.0,-69.0,11.0,-3.0,-63.0,-11.55,13.91,-28.869999999999997,-7.949999999999999,-41.25,-37.75,-10.4,-24.29,-54.82,2.5299999999999994,-43.71,-49.74
2025-08-12T18:41:24.486782,21.0,34.0,-110.0,69.0,-9.0,-101.0,-75.0,-25.0,-58.0,-68.0,71.0,-126.0,5.449999999999999,6.91,-74.87,40.05,-13.25,-94.75,-73.4,-39.29,-43.82,-76.47,30.29,-112.74
2025-08-12T18:41:24.490906,51.0,97.0,-73.0,23.0,-15.0,-49.0,-60.0,28.0,-84.0,6.0,155.0,-138.0,35.45,69.91,-37.87,-5.949999999999999,-19.25,-42.75,-58.4,13.71,-69.82,-2.4700000000000006,114.28999999999999,-124.74
2025-08-12T18:41:24.495440,0.0,73.0,-75.0,26.0,-9.0,-91.0,-18.0,-30.0,-17.0,74.0,58.0,-105.0,-15.55,45.91,-39.87,-2.9499999999999993,-13.25,-84.75,-16.4,-44.29,-2.8200000000000003,65.53,17.29,-91.74
2025-08-12T18:41:24.503269,2.0,91.0,-72.0,89.0,-9.0,-44.0,-56.0,26.0,-79.0,-15.0,11.0,-91.0,-13.55,63.91,-36.87,60.05,-13.25,-37.75,-54.4,11.71,-64.82,-23.47,-29.71,-77.74
2025-08-12T18:41:24.507278,-50.0,76.0,-74.0,71.0,-23.0,4.0,39.0,1.0,-32.0,-19.0,41.0,-69.0,-65.55,48.91,-38.87,42.05,-27.25,10.25,40.6,-13.29,-17.82,-27.47,0.28999999999999915,-55.74
2025-08-12T18:41:24.515629,64.0,86.0,-55.0,-21.0,-33.0,-20.0,-23.0,65.0,-5.0,29.0,50.0,-131.0,48.45,58.91,-19.869999999999997,-49.95,-37.25,-13.75,-21.4,50.71,9.18,20.53,9.29,-117.74
2025-08-12T18:41:24.519678,61.0,93.0,-124.0,34.0,1.0,-108.0,0.0,3.0,-93.0,-17.0,57.0,-50.0,45.45,65.91,-88.87,5.050000000000001,-3.25,-101.75,1.6,-11.29,-78.82,-25.47,16.29,-36.74
2025-08-12T18:41:24.527843,67.0,76.0,-94.0,49.0,5.0,-38.0,-11.0,-7.0,-63.0,11.0,47.0,-45.0,51.45,48.91,-58.87,20.05,0.75,-31.75,-9.4,-21.29,-48.82,2.5299999999999994,6.289999999999999,-31.740000000000002
2025-08-12T18:41:24.531989,77.0,55.0,-111.0,25.0,28.0,-67.0,-65.0,-17.0,-114.0,36.0,66.0,-71.0,61.45,27.91,-75.87,-3.9499999999999993,23.75,-60.75,-63.4,-31.29,-99.82,27.53,25.29,-57.74
2025-08-12T18:41:24.540150,35.0,38.0,-108.0,72.0,-20.0,-75.0,-51.0,21.0,-47.0,-45.0,81.0,-29.0,19.45,10.91,-72.87,43.05,-24.25,-68.75,-49.4,6.710000000000001,-32.82,-53.47,40.29,-15.74
2025-08-12T18:41:24.544206,20.0,-6.0,-55.0,20.0,18.0,-102.0,-9.0,-3.0,-88.0,-14.0,26.0,-65.0,4.449999999999999,-33.09,-19.869999999999997,-8.95,13.75,-95.75,-7.4,-17.29,-73.82,-22.47,-14.71,-51.74
2025-08-12T18:41:24.552422,53.0,69.0,-79.0,48.0,-48.0,-40.0,-36.0,-57.0,-44.0,5.0,-7.0,-61.0,37.45,41.91,-43.87,19.05,-52.25,-33.75,-34.4,-71.28999999999999,-29.82,-3.4700000000000006,-47.71,-47.74
2025-08-12T18:41:24.556752,91.0,-10.0,-54.0,37.0,42.0,-35.0,-7.0,-34.0,-93.0,12.0,90.0,-35.0,75.45,-37.09,-18.869999999999997,8.05,37.75,-28.75,-5.4,-48.29,-78.82,3.5299999999999994,49.29,-21.740000000000002
2025-08-12T18:41:24.564847,52.0,106.0,-37.0,71.0,1.0,-80.0,-65.0,41.0,-34.0,-73.0,71.0,-12.0,36.45,78.91,-1.8699999999999974,42.05,-3.25,-73.75,-63.4,26.71,-19.82,-81.47,30.29,1.2599999999999998
2025-08-12T18:41:24.568977,11.0,19.0,-64.0,48.0,-26.0,-110.0,-60.0,55.0,-65.0,-25.0,88.0,-67.0,-4.550000000000001,-8.09,-28.869999999999997,19.05,-30.25,-103.75,-58.4,40.71,-50.82,-33.47,47.29,-53.74
2025-08-12T18:41:24.576881,55.0,103.0,-67.0,40.0,0.0,-108.0,-72.0,48.0,-64.0,-34.0,-4.0,-119.0,39.45,75.91,-31.869999999999997,11.05,-4.25,-101.75,-70.4,33.71,-49.82,-42.47,-44.71,-105.74
2025-08-12T18:41:24.581386,-26.0,37.0,-70.0,59.0,23.0,11.0,-89.0,17.0,-83.0,55.0,50.0,-78.0,-41.55,9.91,-34.87,30.05,18.75,17.25,-87.4,2.710000000000001,-68.82,46.53,9.29,-64.74
2025-08-12T18:41:24.589321,36.0,68.0,-109.0,54.0,-35.0,-51.0,-26.0,67.0,-36.0,-48.0,17.0,-59.0,20.45,40.91,-73.87,25.05,-39.25,-44.75,-24.4,52.71,-21.82,-56.47,-23.71,-45.74
2025-08-12T18:41:24.593841,109.0,24.0,-119.0,-4.0,-33.0,-56.0,59.0,23.0,-66.0,8.0,19.0,-99.0,93.45,-3.09,-83.87,-32.95,-37.25,-49.75,60.6,8.71,-51.82,-0.47000000000000064,-21.71,-85.74
2025-08-12T18:41:24.601486,6.0,10.0,-46.0,20.0,25.0,7.0,3.0,-80.0,-89.0,30.0,69.0,-63.0,-9.55,-17.09,-10.869999999999997,-8.95,20.75,13.25,4.6,-94.28999999999999,-74.82,21.53,28.29,-49.74
2025-08-12T18:41:24.606043,12.0,-24.0,-144.0,63.0,-6.0,-70.0,-62.0,-25.0,-18.0,16.0,90.0,-14.0,-3.5500000000000007,-51.09,-108.87,34.05,-10.25,-63.75,-60.4,-39.29,-3.8200000000000003,7.529999999999999,49.29,-0.7400000000000002
2025-08-12T18:41:24.613711,57.0,2.0,-56.0,30.0,-31.0,16.0,-39.0,4.0,-14.0,3.0,42.0,-8.0,41.45,-25.09,-20.869999999999997,1.0500000000000007,-35.25,22.25,-37.4,-10.29,0.17999999999999972,-5.470000000000001,1.2899999999999991,5.26
2025-08-12T18:41:24.617973,58.0,31.0,-50.0,65.0,16.0,-23.0,3.0,8.0,-6.0,-25.0,63.0,-135.0,42.45,3.91,-14.869999999999997,36.05,11.75,-16.75,4.6,-6.289999999999999,8.18,-33.47,22.29,-121.74
2025-08-12T18:41:24.625979,27.0,1.0,-79.0,46.0,21.0,-79.0,-63.0,-17.0,-10.0,-35.0,84.0,-122.0,11.45,-26.09,-43.87,17.05,16.75,-72.75,-61.4,-31.29,4.18,-43.47,43.29,-108.74
2025-08-12T18:41:24.630466,-14.0,4.0,-62.0,41.0,-70.0,-23.0,1.0,74.0,18.0,8.0,101.0,-87.0,-29.55,-23.09,-26.869999999999997,12.05,-74.25,-16.75,2.6,59.71,32.18,-0.47000000000000064,60.29,-73.74
2025-08-12T18:41:24.638387,34.0,79.0,-48.0,-8.0,13.0,-28.0,-53.0,33.0,-25.0,-29.0,34.0,-92.0,18.45,51.91,-12.869999999999997,-36.95,8.75,-21.75,-51.4,18.71,-10.82,-37.47,-6.710000000000001,-78.74
2025-08-12T18:41:24.642700,19.0,11.0,-33.0,1.0,-24.0,-74.0,-29.0,70.0,-13.0,-25.0,116.0,-89.0,3.4499999999999993,-16.09,2.1300000000000026,-27.95,-28.25,-67.75,-27.4,55.71,1.1799999999999997,-33.47,75.28999999999999,-75.74
2025-08-12T18:41:24.650713,69.0,83.0,-74.0,14.0,-30.0,-49.0,73.0,-4.0,-92.0,-13.0,22.0,-84.0,53.45,55.91,-38.87,-14.95,-34.25,-42.75,74.6,-18.29,-77.82,-21.47,-18.71,-70.74
2025-08-12T18:41:24.654960,5.0,46.0,-44.0,6.0,13.0,-64.0,-19.0,-9.0,-47.0,-34.0,-16.0,-101.0,-10.55,18.91,-8.869999999999997,-22.95,8.75,-57.75,-17.4,-23.29,-32.82,-42.47,-56.71,-87.74
2025-08-12T18:41:24.662802,-40.0,75.0,-11.0,-5.0,-49.0,-59.0,38.0,30.0,-46.0,16.0,62.0,-71.0,-55.55,47.91,24.130000000000003,-33.95,-53.25,-52.75,39.6,15.71,-31.82,7.529999999999999,21.29,-57.74
2025-08-12T18:41:24.667266,-4.0,58.0,-35.0,45.0,-68.0,4.0,16.0,-69.0,17.0,-67.0,-18.0,7.0,-19.55,30.91,0.13000000000000256,16.05,-72.25,10.25,17.6,-83.28999999999999,31.18,-75.47,-58.71,20.259999999999998
2025-08-12T18:41:24.675288,-35.0,36.0,-67.0,29.0,-16.0,-34.0,37.0,11.0,-22.0,-54.0,36.0,-55.0,-50.55,8.91,-31.869999999999997,0.05000000000000071,-20.25,-27.75,38.6,-3.289999999999999,-7.82,-62.47,-4.710000000000001,-41.74
2025-08-12T18:41:24.679576,-37.0,93.0,-90.0,7.0,-14.0,-55.0,-30.0,4.0,4.0,44.0,37.0,8.0,-52.55,65.91,-54.87,-21.95,-18.25,-48.75,-28.4,-10.29,18.18,35.53,-3.710000000000001,21.259999999999998
2025-08-12T18:41:24.687484,36.0,84.0,-79.0,77.0,9.0,-23.0,-5.0,-19.0,-71.0,-72.0,69.0,-43.0,20.45,56.91,-43.87,48.05,4.75,-16.75,-3.4,-33.29,-56.82,-80.47,28.29,-29.740000000000002
2025-08-12T18:41:24.691809,-26.0,17.0,-59.0,96.0,-23.0,-43.0,18.0,-16.0,-22.0,-23.0,52.0,-72.0,-41.55,-10.09,-23.869999999999997,67.05,-27.25,-36.75,19.6,-30.29,-7.82,-31.47,11.29,-58.74
2025-08-12T18:41:24.699755,32.0,49.0,-65.0,58.0,-80.0,-33.0,-38.0,29.0,-26.0,16.0,43.0,-31.0,16.45,21.91,-29.869999999999997,29.05,-84.25,-26.75,-36.4,14.71,-11.82,7.529999999999999,2.289999999999999,-17.740000000000002
2025-08-12T18:41:24.703901,-16.0,26.0,-64.0,30.0,72.0,54.0,-51.0,60.0,-54.0,-17.0,85.0,-56.0,-31.55,-1.0899999999999999,-28.869999999999997,1.0500000000000007,67.75,60.25,-49.4,45.71,-39.82,-25.47,44.29,-42.74
2025-08-12T18:41:24.711940,84.0,56.0,-124.0,62.0,-15.0,-37.0,-29.0,65.0,-48.0,-34.0,43.0,-19.0,68.45,28.91,-88.87,33.05,-19.25,-30.75,-27.4,50.71,-33.82,-42.47,2.289999999999999,-5.74
2025-08-12T18:41:24.716417,40.0,23.0,-22.0,-3.0,19.0,-60.0,-4.0,43.0,-69.0,37.0,16.0,-88.0,24.45,-4.09,13.130000000000003,-31.95,14.75,-53.75,-2.4,28.71,-54.82,28.53,-24.71,-74.74
2025-08-12T18:41:24.724342,4.0,58.0,-67.0,120.0,-15.0,-9.0,38.0,-12.0,-73.0,-21.0,36.0,-110.0,-11.55,30.91,-31.869999999999997,91.05,-19.25,-2.75,39.6,-26.29,-58.82,-29.47,-4.710000000000001,-96.74
2025-08-12T18:41:24.728636,73.0,49.0,-14.0,26.0,8.0,-79.0,-7.0,56.0,-50.0,-52.0,53.0,-15.0,57.45,21.91,21.130000000000003,-2.9499999999999993,3.75,-72.75,-5.4,41.71,-35.82,-60.47,12.29,-1.7400000000000002
2025-08-12T18:41:24.732994,-21.0,32.0,2.0,62.0,-27.0,-98.0,-22.0,-4.0,4.0,32.0,102.0,-41.0,-36.55,4.91,37.13,33.05,-31.25,-91.75,-20.4,-18.29,18.18,23.53,61.29,-27.740000000000002
2025-08-12T18:41:24.740791,-30.0,-25.0,-86.0,-1.0,-5.0,-54.0,14.0,-13.0,-35.0,23.0,74.0,20.0,-45.55,-52.09,-50.87,-29.95,-9.25,-47.75,15.6,-27.29,-20.82,14.53,33.29,33.26
2025-08-12T18:41:24.745224,-24.0,-32.0,-31.0,-52.0,-46.0,-95.0,-21.0,17.0,-46.0,-13.0,11.0,-23.0,-39.55,-59.09,4.130000000000003,-80.95,-50.25,-88.75,-19.4,2.710000000000001,-31.82,-21.47,-29.71,-9.74
2025-08-12T18:41:24.752972,-25.0,74.0,-55.0,36.0,-2.0,-37.0,-54.0,-4.0,-47.0,-107.0,45.0,-51.0,-40.55,46.91,-19.869999999999997,7.050000000000001,-6.25,-30.75,-52.4,-18.29,-32.82,-115.47,4.289999999999999,-37.74
2025-08-12T18:41:24.757121,-10.0,-10.0,-43.0,48.0,47.0,-11.0,-9.0,44.0,-37.0,-40.0,56.0,18.0,-25.55,-37.09,-7.869999999999997,19.05,42.75,-4.75,-7.4,29.71,-22.82,-48.47,15.29,31.259999999999998
2025-08-12T18:41:24.765446,71.0,109.0,-111.0,15.0,-8.0,-29.0,-34.0,-26.0,-77.0,7.0,70.0,-87.0,55.45,81.91,-75.87,-13.95,-12.25,-22.75,-32.4,-40.29,-62.82,-1.4700000000000006,29.29,-73.74
2025-08-12T18:41:24.769600,46.0,12.0,-40.0,12.0,-13.0,-15.0,21.0,28.0,-29.0,33.0,70.0,-53.0,30.45,-15.09,-4.869999999999997,-16.95,-17.25,-8.75,22.6,13.71,-14.82,24.53,29.29,-39.74
2025-08-12T18:41:24.777785,5.0,23.0,-12.0,32.0,-17.0,-24.0,-22.0,-41.0,-80.0,-13.0,53.0,-37.0,-10.55,-4.09,23.130000000000003,3.0500000000000007,-21.25,-17.75,-20.4,-55.29,-65.82,-21.47,12.29,-23.740000000000002
2025-08-12T18:41:24.782144,49.0,28.0,7.0,22.0,10.0,34.0,23.0,-38.0,-6.0,41.0,64.0,-31.0,33.45,0.9100000000000001,42.13,-6.949999999999999,5.75,40.25,24.6,-52.29,8.18,32.53,23.29,-17.740000000000002
2025-08-12T18:41:24.789926,30.0,21.0,-44.0,-24.0,47.0,-7.0,-74.0,-30.0,4.0,10.0,0.0,-31.0,14.45,-6.09,-8.869999999999997,-52.95,42.75,-0.75,-72.4,-44.29,18.18,1.5299999999999994,-40.71,-17.740000000000002
2025-08-12T18:41:24.794865,75.0,88.0,-31.0,-11.0,19.0,-17.0,-5.0,-21.0,-22.0,72.0,31.0,-74.0,59.45,60.91,4.130000000000003,-39.95,14.75,-10.75,-3.4,-35.29,-7.82,63.53,-9.71,-60.74
2025-08-12T18:41:24.802290,87.0,83.0,-35.0,31.0,34.0,-8.0,-49.0,57.0,-13.0,39.0,82.0,-5.0,71.45,55.91,0.13000000000000256,2.0500000000000007,29.75,-1.75,-47.4,42.71,1.1799999999999997,30.53,41.29,8.26
2025-08-12T18:41:24.806759,8.0,-11.0,-29.0,33.0,-7.0,-49.0,-27.0,19.0,-6.0,40.0,66.0,-67.0,-7.550000000000001,-38.09,6.130000000000003,4.050000000000001,-11.25,-42.75,-25.4,4.710000000000001,8.18,31.53,25.29,-53.74
2025-08-12T18:41:24.814576,8.0,34.0,-10.0,-10.0,-36.0,-30.0,-6.0,64.0,2.0,0.0,32.0,-43.0,-7.550000000000001,6.91,25.130000000000003,-38.95,-40.25,-23.75,-4.4,49.71,16.18,-8.47,-8.71,-29.740000000000002
2025-08-12T18:41:24.818742,-1.0,32.0,-42.0,46.0,-16.0,-42.0,-3.0,-5.0,-73.0,-28.0,44.0,-8.0,-16.55,4.91,-6.869999999999997,17.05,-20.25,-35.75,-1.4,-19.29,-58.82,-36.47,3.289999999999999,5.26
2025-08-12T18:41:24.826773,38.0,-13.0,-17.0,33.0,42.0,-44.0,23.0,1.0,-66.0,111.0,59.0,-22.0,22.45,-40.09,18.130000000000003,4.050000000000001,37.75,-37.75,24.6,-13.29,-51.82,102.53,18.29,-8.74
2025-08-12T18:41:24.830931,6.0,65.0,9.0,-3.0,-40.0,8.0,-69.0,64.0,-26.0,16.0,76.0,-41.0,-9.55,37.91,44.13,-31.95,-44.25,14.25,-67.4,49.71,-11.82,7.529999999999999,35.29,-27.740000000000002
2025-08-12T18:41:24.839002,-47.0,60.0,-41.0,92.0,36.0,-19.0,26.0,89.0,-72.0,-48.0,38.0,-6.0,-62.55,32.91,-5.869999999999997,63.05,31.75,-12.75,27.6,74.71000000000001,-57.82,-56.47,-2.710000000000001,7.26
2025-08-12T18:41:24.843392,-1.0,53.0,-50.0,74.0,56.0,-17.0,45.0,8.0,-108.0,-19.0,90.0,-28.0,-16.55,25.91,-14.869999999999997,45.05,51.75,-10.75,46.6,-6.289999999999999,-93.82,-27.47,49.29,-14.74
2025-08-12T18:41:24.851458,-42.0,38.0,-12.0,20.0,18.0,2.0,-20.0,-32.0,-30.0,-48.0,80.0,-15.0,-57.55,10.91,23.130000000000003,-8.95,13.75,8.25,-18.4,-46.29,-15.82,-56.47,39.29,-1.7400000000000002
2025-08-12T18:41:24.855705,57.0,90.0,-34.0,26.0,-28.0,-9.0,23.0,-60.0,-13.0,24.0,4.0,-23.0,41.45,62.91,1.1300000000000026,-2.9499999999999993,-32.25,-2.75,24.6,-74.28999999999999,1.1799999999999997,15.53,-36.71,-9.74
2025-08-12T18:41:24.863729,27.0,-17.0,-101.0,-70.0,21.0,-47.0,-1.0,-20.0,-19.0,12.0,90.0,-95.0,11.45,-44.09,-65.87,-98.95,16.75,-40.75,0.6000000000000001,-34.29,-4.82,3.5299999999999994,49.29,-81.74
2025-08-12T18:41:24.867932,-14.0,50.0,-31.0,81.0,31.0,-2.0,8.0,-6.0,-27.0,49.0,78.0,-53.0,-29.55,22.91,4.130000000000003,52.05,26.75,4.25,9.6,-20.29,-12.82,40.53,37.29,-39.74
2025-08-12T18:41:24.875820,10.0,63.0,-72.0,51.0,-31.0,-35.0,-8.0,-10.0,-26.0,19.0,72.0,8.0,-5.550000000000001,35.91,-36.87,22.05,-35.25,-28.75,-6.4,-24.29,-11.82,10.53,31.29,21.259999999999998
2025-08-12T18:41:24.880250,-9.0,28.0,-82.0,14.0,-24.0,-18.0,-53.0,40.0,7.0,13.0,96.0,-53.0,-24.55,0.9100000000000001,-46.87,-14.95,-28.25,-11.75,-51.4,25.71,21.18,4.529999999999999,55.29,-39.74
2025-08-12T18:41:24.888257,44.0,25.0,-108.0,-32.0,14.0,-28.0,24.0,104.0,5.0,-44.0,67.0,-21.0,28.45,-2.09,-72.87,-60.95,9.75,-21.75,25.6,89.71000000000001,19.18,-52.47,26.29,-7.74
2025-08-12T18:41:24.892647,104.0,8.0,-99.0,7.0,31.0,-7.0,-31.0,130.0,-29.0,-8.0,54.0,21.0,88.45,-19.09,-63.87,-21.95,26.75,-0.75,-29.4,115.71000000000001,-14.82,-16.47,13.29,34.26
2025-08-12T18:41:24.900527,25.0,-32.0,-104.0,56.0,-7.0,2.0,3.0,27.0,-82.0,18.0,40.0,8.0,9.45,-59.09,-68.87,27.05,-11.25,8.25,4.6,12.71,-67.82,9.53,-0.7100000000000009,21.259999999999998
2025-08-12T18:41:24.904805,1.0,6.0,-59.0,96.0,-18.0,-34.0,-55.0,-13.0,-59.0,-34.0,-70.0,-16.0,-14.55,-21.09,-23.869999999999997,67.05,-22.25,-27.75,-53.4,-27.29,-44.82,-42.47,-110.71000000000001,-2.74
2025-08-12T18:41:24.912702,40.0,53.0,-48.0,23.0,-29.0,4.0,-17.0,53.0,-45.0,-16.0,100.0,11.0,24.45,25.91,-12.869999999999997,-5.949999999999999,-33.25,10.25,-15.4,38.71,-30.82,-24.47,59.29,24.259999999999998
2025-08-12T18:41:24.916874,26.0,44.0,-32.0,56.0,-5.0,-12.0,4.0,0.0,-53.0,-62.0,50.0,-14.0,10.45,16.91,3.1300000000000026,27.05,-9.25,-5.75,5.6,-14.29,-38.82,-70.47,9.29,-0.7400000000000002
2025-08-12T18:41:24.924900,-32.0,15.0,-31.0,55.0,-27.0,-59.0,79.0,-21.0,-22.0,-9.0,46.0,23.0,-47.55,-12.09,4.130000000000003,26.05,-31.25,-52.75,80.6,-35.29,-7.82,-17.47,5.289999999999999,36.26
2025-08-12T18:41:24.929357,-16.0,60.0,6.0,87.0,19.0,-31.0,73.0,17.0,26.0,0.0,102.0,-80.0,-31.55,32.91,41.13,58.05,14.75,-24.75,74.6,2.710000000000001,40.18,-8.47,61.29,-66.74
2025-08-12T18:41:24.937374,-32.0,32.0,-29.0,6.0,-37.0,-57.0,28.0,39.0,-16.0,-97.0,66.0,-22.0,-47.55,4.91,6.130000000000003,-22.95,-41.25,-50.75,29.6,24.71,-1.8200000000000003,-105.47,25.29,-8.74
2025-08-12T18:41:24.941669,-26.0,59.0,-32.0,64.0,-63.0,1.0,-38.0,-14.0,14.0,-11.0,4.0,-24.0,-41.55,31.91,3.1300000000000026,35.05,-67.25,7.25,-36.4,-28.29,28.18,-19.47,-36.71,-10.74
2025-08-12T18:41:24.945947,11.0,27.0,-64.0,39.0,24.0,16.0,39.0,2.0,18.0,69.0,40.0,-60.0,-4.550000000000001,-0.08999999999999986,-28.869999999999997,10.05,19.75,22.25,40.6,-12.29,32.18,60.53,-0.7100000000000009,-46.74
2025-08-12T18:41:24.953877,-64.0,77.0,-61.0,-27.0,-24.0,16.0,6.0,5.0,-76.0,74.0,46.0,-10.0,-79.55,49.91,-25.869999999999997,-55.95,-28.25,22.25,7.6,-9.29,-61.82,65.53,5.289999999999999,3.26
2025-08-12T18:41:24.958232,0.0,4.0,-87.0,25.0,-39.0,5.0,-40.0,-13.0,-62.0,54.0,67.0,-46.0,-15.55,-23.09,-51.87,-3.9499999999999993,-43.25,11.25,-38.4,-27.29,-47.82,45.53,26.29,-32.74
2025-08-12T18:41:24.966026,-2.0,60.0,-126.0,-15.0,29.0,8.0,34.0,47.0,-50.0,-7.0,26.0,-42.0,-17.55,32.91,-90.87,-43.95,24.75,14.25,35.6,32.71,-35.82,-15.47,-14.71,-28.740000000000002
2025-08-12T18:41:24.970455,0.0,21.0,-72.0,9.0,-26.0,-21.0,-61.0,25.0,17.0,-23.0,25.0,1.0,-15.55,-6.09,-36.87,-19.95,-30.25,-14.75,-59.4,10.71,31.18,-31.47,-15.71,14.26
2025-08-12T18:41:24.978417,58.0,35.0,-85.0,6.0,8.0,-54.0,-2.0,-8.0,16.0,15.0,-11.0,-14.0,42.45,7.91,-49.87,-22.95,3.75,-47.75,-0.3999999999999999,-22.29,30.18,6.529999999999999,-51.71,-0.7400000000000002
2025-08-12T18:41:24.982674,49.0,-18.0,-42.0,37.0,-38.0,-27.0,-58.0,31.0,-67.0,-25.0,7.0,-50.0,33.45,-45.09,-6.869999999999997,8.05,-42.25,-20.75,-56.4,16.71,-52.82,-33.47,-33.71,-36.74
2025-08-12T18:41:24.990642,59.0,40.0,-41.0,41.0,17.0,-15.0,17.0,47.0,31.0,-8.0,74.0,-19.0,43.45,12.91,-5.869999999999997,12.05,12.75,-8.75,18.6,32.71,45.18,-16.47,33.29,-5.74
2025-08-12T18:41:24.995098,43.0,99.0,-11.0,80.0,-50.0,42.0,-10.0,53.0,-30.0,10.0,19.0,-69.0,27.45,71.91,24.130000000000003,51.05,-54.25,48.25,-8.4,38.71,-15.82,1.5299999999999994,-21.71,-55.74
2025-08-12T18:41:25.002858,-50.0,-24.0,-70.0,28.0,-67.0,-19.0,48.0,86.0,-43.0,-15.0,17.0,-3.0,-65.55,-51.09,-34.87,-0.9499999999999993,-71.25,-12.75,49.6,71.71000000000001,-28.82,-23.47,-23.71,10.26
2025-08-12T18:41:25.007253,35.0,63.0,-112.0,40.0,-21.0,53.0,-14.0,24.0,51.0,-8.0,122.0,-38.0,19.45,35.91,-76.87,11.05,-25.25,59.25,-12.4,9.71,65.18,-16.47,81.28999999999999,-24.740000000000002
2025-08-12T18:41:25.015206,61.0,22.0,-80.0,-3.0,-39.0,10.0,27.0,-5.0,21.0,-17.0,67.0,-20.0,45.45,-5.09,-44.87,-31.95,-43.25,16.25,28.6,-19.29,35.18,-25.47,26.29,-6.74
2025-08-12T18:41:25.019528,20.0,-14.0,-31.0,21.0,5.0,-19.0,62.0,58.0,30.0,-13.0,-10.0,-42.0,4.449999999999999,-41.09,4.130000000000003,-7.949999999999999,0.75,-12.75,63.6,43.71,44.18,-21.47,-50.71,-28.740000000000002
2025-08-12T18:41:25.027594,-42.0,2.0,-80.0,31.0,24.0,-25.0,-31.0,-15.0,41.0,-16.0,43.0,-60.0,-57.55,-25.09,-44.87,2.0500000000000007,19.75,-18.75,-29.4,-29.29,55.18,-24.47,2.289999999999999,-46.74
2025-08-12T18:41:25.031724,11.0,11.0,28.0,21.0,3.0,-34.0,-22.0,11.0,18.0,51.0,66.0,-58.0,-4.550000000000001,-16.09,63.13,-7.949999999999999,-1.25,-27.75,-20.4,-3.289999999999999,32.18,42.53,25.29,-44.74
2025-08-12T18:41:25.039635,9.0,33.0,-7.0,10.0,-27.0,19.0,-18.0,6.0,-89.0,47.0,47.0,-64.0,-6.550000000000001,5.91,28.130000000000003,-18.95,-31.25,25.25,-16.4,-8.29,-74.82,38.53,6.289999999999999,-50.74
2025-08-12T18:41:25.043926,-8.0,90.0,-26.0,47.0,-5.0,7.0,55.0,-1.0,-43.0,-11.0,57.0,-19.0,-23.55,62.91,9.130000000000003,18.05,-9.25,13.25,56.6,-15.29,-28.82,-19.47,16.29,-5.74
2025-08-12T18:41:25.052143,-50.0,92.0,-51.0,-4.0,-4.0,-39.0,16.0,-1.0,-32.0,47.0,-4.0,-46.0,-65.55,64.91,-15.869999999999997,-32.95,-8.25,-32.75,17.6,-15.29,-17.82,38.53,-44.71,-32.74
2025-08-12T18:41:25.056433,-31.0,48.0,-6.0,-6.0,17.0,19.0,5.0,65.0,-17.0,-28.0,36.0,28.0,-46.55,20.91,29.130000000000003,-34.95,12.75,25.25,6.6,50.71,-2.8200000000000003,-36.47,-4.710000000000001,41.26
2025-08-12T18:41:25.064420,-26.0,60.0,-31.0,88.0,34.0,-26.0,14.0,-54.0,-94.0,28.0,-23.0,-10.0,-41.55,32.91,4.130000000000003,59.05,29.75,-19.75,15.6,-68.28999999999999,-79.82,19.53,-63.71,3.26
2025-08-12T18:41:25.068673,32.0,20.0,-65.0,56.0,-9.0,19.0,-2.0,19.0,-11.0,13.0,58.0,-16.0,16.45,-7.09,-29.869999999999997,27.05,-13.25,25.25,-0.3999999999999999,4.710000000000001,3.1799999999999997,4.529999999999999,17.29,-2.74
2025-08-12T18:41:25.076650,33.0,50.0,-2.0,5.0,-3.0,17.0,6.0,-27.0,-70.0,-19.0,70.0,45.0,17.45,22.91,33.13,-23.95,-7.25,23.25,7.6,-41.29,-55.82,-27.47,29.29,58.26
2025-08-12T18:41:25.080808,-12.0,64.0,-89.0,-9.0,45.0,0.0,25.0,73.0,-64.0,62.0,0.0,-16.0,-27.55,36.91,-53.87,-37.95,40.75,6.25,26.6,58.71,-49.82,53.53,-40.71,-2.74
2025-08-12T18:41:25.084762,-21.0,17.0,-114.0,8.0,27.0,-22.0,-16.0,-21.0,13.0,7.0,62.0,-22.0,-36.55,-10.09,-78.87,-20.95,22.75,-15.75,-14.4,-35.29,27.18,-1.4700000000000006,21.29,-8.74
2025-08-12T18:41:25.093055,-20.0,17.0,-34.0,48.0,6.0,-25.0,81.0,76.0,-38.0,-14.0,59.0,41.0,-35.55,-10.09,1.1300000000000026,19.05,1.75,-18.75,82.6,61.71,-23.82,-22.47,18.29,54.26
2025-08-12T18:41:25.101025,134.0,84.0,-62.0,34.0,-37.0,13.0,51.0,-61.0,-28.0,-36.0,80.0,-14.0,118.45,56.91,-26.869999999999997,5.050000000000001,-41.25,19.25,52.6,-75.28999999999999,-13.82,-44.47,39.29,-0.7400000000000002
2025-08-12T18:41:25.105310,64.0,-21.0,-46.0,24.0,26.0,-84.0,-32.0,25.0,23.0,21.0,83.0,-51.0,48.45,-48.09,-10.869999999999997,-4.949999999999999,21.75,-77.75,-30.4,10.71,37.18,12.53,42.29,-37.74
2025-08-12T18:41:25.109972,73.0,34.0,-64.0,41.0,-20.0,29.0,-22.0,87.0,-26.0,-3.0,50.0,48.0,57.45,6.91,-28.869999999999997,12.05,-24.25,35.25,-20.4,72.71000000000001,-11.82,-11.47,9.29,61.26
2025-08-12T18:41:25.117631,-34.0,-13.0,-70.0,74.0,-1.0,-1.0,5.0,113.0,-17.0,4.0,60.0,-54.0,-49.55,-40.09,-34.87,45.05,-5.25,5.25,6.6,98.71000000000001,-2.8200000000000003,-4.470000000000001,19.29,-40.74
2025-08-12T18:41:25.122235,-17.0,-26.0,-43.0,63.0,30.0,-49.0,-18.0,76.0,21.0,-47.0,86.0,-88.0,-32.55,-53.09,-7.869999999999997,34.05,25.75,-42.75,-16.4,61.71,35.18,-55.47,45.29,-74.74
2025-08-12T18:41:25.129833,41.0,30.0,2.0,0.0,29.0,22.0,-18.0,39.0,-37.0,54.0,71.0,-26.0,25.45,2.91,37.13,-28.95,24.75,28.25,-16.4,24.71,-22.82,45.53,30.29,-12.74
2025-08-12T18:41:25.134540,-7.0,36.0,34.0,23.0,-14.0,-7.0,-27.0,1.0,-32.0,-45.0,39.0,-47.0,-22.55,8.91,69.13,-5.949999999999999,-18.25,-0.75,-25.4,-13.29,-17.82,-53.47,-1.7100000000000009,-33.74
2025-08-12T18:41:25.142127,26.0,78.0,-1.0,11.0,53.0,-10.0,-4.0,52.0,-73.0,47.0,153.0,-47.0,10.45,50.91,34.13,-17.95,48.75,-3.75,-2.4,37.71,-58.82,38.53,112.28999999999999,-33.74
2025-08-12T18:41:25.146712,19.0,66.0,-11.0,39.0,8.0,11.0,-56.0,9.0,-12.0,25.0,21.0,26.0,3.4499999999999993,38.91,24.130000000000003,10.05,3.75,17.25,-54.4,-5.289999999999999,2.1799999999999997,16.53,-19.71,39.26
2025-08-12T18:41:25.154387,-76.0,5.0,-24.0,-16.0,62.0,39.0,6.0,44.0,-18.0,36.0,34.0,-21.0,-91.55,-22.09,11.130000000000003,-44.95,57.75,45.25,7.6,29.71,-3.8200000000000003,27.53,-6.710000000000001,-7.74
2025-08-12T18:41:25.158837,31.0,-4.0,-25.0,-2.0,17.0,-9.0,60.0,7.0,-36.0,11.0,-16.0,-48.0,15.45,-31.09,10.130000000000003,-30.95,12.75,-2.75,61.6,-7.289999999999999,-21.82,2.5299999999999994,-56.71,-34.74
2025-08-12T18:41:25.166626,48.0,14.0,-72.0,17.0,8.0,16.0,-2.0,-2.0,-74.0,-3.0,3.0,-20.0,32.45,-13.09,-36.87,-11.95,3.75,22.25,-0.3999999999999999,-16.29,-59.82,-11.47,-37.71,-6.74
2025-08-12T18:41:25.170921,51.0,33.0,-52.0,-19.0,45.0,11.0,19.0,-22.0,-81.0,-50.0,63.0,-70.0,35.45,5.91,-16.869999999999997,-47.95,40.75,17.25,20.6,-36.29,-66.82,-58.47,22.29,-56.74
2025-08-12T18:41:25.178997,8.0,21.0,18.0,5.0,-29.0,-55.0,-6.0,-34.0,43.0,20.0,-9.0,-41.0,-7.550000000000001,-6.09,53.13,-23.95,-33.25,-48.75,-4.4,-48.29,57.18,11.53,-49.71,-27.740000000000002
2025-08-12T18:41:25.183342,33.0,35.0,-18.0,51.0,15.0,16.0,52.0,55.0,19.0,17.0,-6.0,-28.0,17.45,7.91,17.130000000000003,22.05,10.75,22.25,53.6,40.71,33.18,8.53,-46.71,-14.74
2025-08-12T18:41:25.191305,-39.0,90.0,3.0,-1.0,49.0,40.0,-5.0,-12.0,-16.0,-5.0,56.0,28.0,-54.55,62.91,38.13,-29.95,44.75,46.25,-3.4,-26.29,-1.8200000000000003,-13.47,15.29,41.26
2025-08-12T18:41:25.195732,16.0,72.0,-58.0,53.0,-4.0,54.0,-4.0,12.0,-7.0,-35.0,62.0,-58.0,0.4499999999999993,44.91,-22.869999999999997,24.05,-8.25,60.25,-2.4,-2.289999999999999,7.18,-43.47,21.29,-44.74
2025-08-12T18:41:25.203581,-4.0,30.0,-53.0,38.0,-29.0,-24.0,-37.0,-15.0,-3.0,45.0,76.0,-3.0,-19.55,2.91,-17.869999999999997,9.05,-33.25,-17.75,-35.4,-29.29,11.18,36.53,35.29,10.26
2025-08-12T18:41:25.207900,28.0,-22.0,-5.0,58.0,-40.0,5.0,-56.0,-32.0,20.0,-56.0,62.0,-50.0,12.45,-49.09,30.130000000000003,29.05,-44.25,11.25,-54.4,-46.29,34.18,-64.47,21.29,-36.74
2025-08-12T18:41:25.215755,-41.0,68.0,-6.0,61.0,45.0,-19.0,15.0,2.0,24.0,-1.0,79.0,28.0,-56.55,40.91,29.130000000000003,32.05,40.75,-12.75,16.6,-12.29,38.18,-9.47,38.29,41.26
2025-08-12T18:41:25.220136,42.0,22.0,-17.0,61.0,30.0,-22.0,-25.0,64.0,-34.0,22.0,9.0,23.0,26.45,-5.09,18.130000000000003,32.05,25.75,-15.75,-23.4,49.71,-19.82,13.53,-31.71,36.26
2025-08-12T18:41:25.228188,-25.0,118.0,-9.0,61.0,-20.0,24.0,23.0,62.0,-86.0,12.0,56.0,-52.0,-40.55,90.91,26.130000000000003,32.05,-24.25,30.25,24.6,47.71,-71.82,3.5299999999999994,15.29,-38.74
2025-08-12T18:41:25.232354,108.0,39.0,-33.0,23.0,-42.0,23.0,-23.0,58.0,37.0,74.0,87.0,-63.0,92.45,11.91,2.1300000000000026,-5.949999999999999,-46.25,29.25,-21.4,43.71,51.18,65.53,46.29,-49.74
2025-08-12T18:41:25.240323,82.0,8.0,-9.0,41.0,30.0,37.0,35.0,9.0,11.0,45.0,62.0,-28.0,66.45,-19.09,26.130000000000003,12.05,25.75,43.25,36.6,-5.289999999999999,25.18,36.53,21.29,-14.74
2025-08-12T18:41:25.244668,62.0,14.0,-66.0,-9.0,-24.0,-12.0,-37.0,14.0,29.0,-6.0,61.0,-69.0,46.45,-13.09,-30.869999999999997,-37.95,-28.25,-5.75,-35.4,-0.28999999999999915,43.18,-14.47,20.29,-55.74
2025-08-12T18:41:25.252682,96.0,60.0,-99.0,64.0,41.0,-18.0,89.0,14.0,-12.0,9.0,61.0,-19.0,80.45,32.91,-63.87,35.05,36.75,-11.75,90.6,-0.28999999999999915,2.1799999999999997,0.5299999999999994,20.29,-5.74
2025-08-12T18:41:25.256954,29.0,10.0,-45.0,-8.0,5.0,-2.0,-39.0,30.0,-5.0,0.0,2.0,-68.0,13.45,-17.09,-9.869999999999997,-36.95,0.75,4.25,-37.4,15.71,9.18,-8.47,-38.71,-54.74
2025-08-12T18:41:25.261473,71.0,58.0,-70.0,52.0,15.0,57.0,-24.0,36.0,-54.0,-12.0,42.0,-46.0,55.45,30.91,-34.87,23.05,10.75,63.25,-22.4,21.71,-39.82,-20.47,1.2899999999999991,-32.74
2025-08-12T18:41:25.269141,59.0,-2.0,-23.0,9.0,-48.0,-45.0,42.0,25.0,-5.0,31.0,-24.0,43.0,43.45,-29.09,12.130000000000003,-19.95,-52.25,-38.75,43.6,10.71,9.18,22.53,-64.71000000000001,56.26
2025-08-12T18:41:25.273747,-10.0,12.0,-100.0,36.0,-32.0,13.0,-41.0,-29.0,-22.0,-4.0,2.0,15.0,-25.55,-15.09,-64.87,7.050000000000001,-36.25,19.25,-39.4,-43.29,-7.82,-12.47,-38.71,28.259999999999998
2025-08-12T18:41:25.281448,84.0,34.0,-36.0,-16.0,17.0,-19.0,-85.0,23.0,-26.0,-7.0,98.0,33.0,68.45,6.91,-0.8699999999999974,-44.95,12.75,-12.75,-83.4,8.71,-11.82,-15.47,57.29,46.26
2025-08-12T18:41:25.285969,62.0,-17.0,-19.0,-14.0,62.0,8.0,-11.0,-3.0,-51.0,41.0,2.0,2.0,46.45,-44.09,16.130000000000003,-42.95,57.75,14.25,-9.4,-17.29,-36.82,32.53,-38.71,15.26
2025-08-12T18:41:25.293692,72.0,-33.0,20.0,-6.0,-7.0,12.0,11.0,-16.0,-11.0,-15.0,8.0,-17.0,56.45,-60.09,55.13,-34.95,-11.25,18.25,12.6,-30.29,3.1799999999999997,-23.47,-32.71,-3.74
2025-08-12T18:41:25.297708,9.0,47.0,-2.0,11.0,-7.0,11.0,6.0,-4.0,14.0,3.0,73.0,3.0,-6.550000000000001,19.91,33.13,-17.95,-11.25,17.25,7.6,-18.29,28.18,-5.470000000000001,32.29,16.259999999999998
2025-08-12T18:41:25.305887,35.0,-19.0,62.0,68.0,-28.0,-35.0,18.0,33.0,-16.0,-33.0,-8.0,61.0,19.45,-46.09,97.13,39.05,-32.25,-28.75,19.6,18.71,-1.8200000000000003,-41.47,-48.71,74.26
2025-08-12T18:41:25.310196,47.0,-43.0,3.0,41.0,-2.0,-4.0,13.0,20.0,-9.0,51.0,-4.0,-43.0,31.45,-70.09,38.13,12.05,-6.25,2.25,14.6,5.710000000000001,5.18,42.53,-44.71,-29.740000000000002
2025-08-12T18:41:25.318259,77.0,-46.0,-17.0,32.0,11.0,-66.0,-3.0,12.0,-35.0,-35.0,6.0,-14.0,61.45,-73.09,18.130000000000003,3.0500000000000007,6.75,-59.75,-1.4,-2.289999999999999,-20.82,-43.47,-34.71,-0.7400000000000002
2025-08-12T18:41:25.322484,13.0,5.0,-30.0,47.0,17.0,-32.0,-8.0,-24.0,-50.0,25.0,28.0,5.0,-2.5500000000000007,-22.09,5.130000000000003,18.05,12.75,-25.75,-6.4,-38.29,-35.82,16.53,-12.71,18.259999999999998
2025-08-12T18:41:25.330474,29.0,24.0,-15.0,10.0,28.0,7.0,9.0,29.0,7.0,16.0,-33.0,7.0,13.45,-3.09,20.130000000000003,-18.95,23.75,13.25,10.6,14.71,21.18,7.529999999999999,-73.71000000000001,20.259999999999998
2025-08-12T18:41:25.334867,38.0,8.0,16.0,89.0,31.0,-54.0,29.0,18.0,7.0,27.0,100.0,-40.0,22.45,-19.09,51.13,60.05,26.75,-47.75,30.6,3.710000000000001,21.18,18.53,59.29,-26.740000000000002
2025-08-12T18:41:25.342749,-6.0,-41.0,-36.0,14.0,-7.0,-21.0,-68.0,26.0,24.0,-45.0,44.0,-73.0,-21.55,-68.09,-0.8699999999999974,-14.95,-11.25,-14.75,-66.4,11.71,38.18,-53.47,3.289999999999999,-59.74
2025-08-12T18:41:25.347031,55.0,47.0,-48.0,47.0,10.0,7.0,-44.0,13.0,-6.0,17.0,27.0,-18.0,39.45,19.91,-12.869999999999997,18.05,5.75,13.25,-42.4,-1.2899999999999991,8.18,8.53,-13.71,-4.74
2025-08-12T18:41:25.355066,24.0,-15.0,1.0,37.0,26.0,-4.0,-21.0,49.0,17.0,-16.0,29.0,-15.0,8.45,-42.09,36.13,8.05,21.75,2.25,-19.4,34.71,31.18,-24.47,-11.71,-1.7400000000000002
2025-08-12T18:41:25.359410,18.0,18.0,20.0,22.0,7.0,-27.0,11.0,23.0,-26.0,24.0,42.0,-78.0,2.4499999999999993,-9.09,55.13,-6.949999999999999,2.75,-20.75,12.6,8.71,-11.82,15.53,1.2899999999999991,-64.74
2025-08-12T18:41:25.367441,-31.0,20.0,6.0,24.0,-28.0,-1.0,-4.0,1.0,-79.0,13.0,-4.0,-22.0,-46.55,-7.09,41.13,-4.949999999999999,-32.25,5.25,-2.4,-13.29,-64.82,4.529999999999999,-44.71,-8.74
2025-08-12T18:41:25.371739,0.0,31.0,-47.0,3.0,-6.0,11.0,32.0,45.0,-53.0,-10.0,40.0,-94.0,-15.55,3.91,-11.869999999999997,-25.95,-10.25,17.25,33.6,30.71,-38.82,-18.47,-0.7100000000000009,-80.74
2025-08-12T18:41:25.375479,-14.0,38.0,51.0,-25.0,71.0,10.0,12.0,58.0,33.0,4.0,48.0,26.0,-29.55,10.91,86.13,-53.95,66.75,16.25,13.6,43.71,47.18,-4.470000000000001,7.289999999999999,39.26
2025-08-12T18:41:25.383871,-3.0,54.0,-90.0,24.0,15.0,-8.0,26.0,-15.0,16.0,-32.0,35.0,-33.0,-18.55,26.91,-54.87,-4.949999999999999,10.75,-1.75,27.6,-29.29,30.18,-40.47,-5.710000000000001,-19.740000000000002
2025-08-12T18:41:25.387839,41.0,45.0,0.0,71.0,19.0,3.0,34.0,29.0,-10.0,72.0,26.0,-59.0,25.45,17.91,35.13,42.05,14.75,9.25,35.6,14.71,4.18,63.53,-14.71,-45.74
2025-08-12T18:41:25.396225,12.0,-22.0,-13.0,-5.0,19.0,-56.0,17.0,50.0,-3.0,24.0,82.0,-37.0,-3.5500000000000007,-49.09,22.130000000000003,-33.95,14.75,-49.75,18.6,35.71,11.18,15.53,41.29,-23.740000000000002
2025-08-12T18:41:25.400127,66.0,36.0,33.0,69.0,41.0,-43.0,2.0,-2.0,19.0,19.0,6.0,-34.0,50.45,8.91,68.13,40.05,36.75,-36.75,3.6,-16.29,33.18,10.53,-34.71,-20.740000000000002
2025-08-12T18:41:25.408449,6.0,52.0,25.0,66.0,-3.0,17.0,-33.0,8.0,-28.0,37.0,30.0,-70.0,-9.55,24.91,60.13,37.05,-7.25,23.25,-31.4,-6.289999999999999,-13.82,28.53,-10.71,-56.74
2025-08-12T18:41:25.412443,38.0,80.0,-38.0,-14.0,0.0,27.0,35.0,-14.0,20.0,36.0,81.0,-16.0,22.45,52.91,-2.8699999999999974,-42.95,-4.25,33.25,36.6,-28.29,34.18,27.53,40.29,-2.74
2025-08-12T18:41:25.420627,-49.0,5.0,-47.0,8.0,67.0,25.0,35.0,25.0,-23.0,5.0,10.0,25.0,-64.55,-22.09,-11.869999999999997,-20.95,62.75,31.25,36.6,10.71,-8.82,-3.4700000000000006,-30.71,38.26
2025-08-12T18:41:25.424709,7.0,65.0,-24.0,81.0,22.0,-23.0,45.0,-87.0,12.0,11.0,56.0,-5.0,-8.55,37.91,11.130000000000003,52.05,17.75,-16.75,46.6,-101.28999999999999,26.18,2.5299999999999994,15.29,8.26
2025-08-12T18:41:25.432810,-21.0,91.0,-83.0,49.0,1.0,52.0,-34.0,-36.0,-3.0,52.0,51.0,30.0,-36.55,63.91,-47.87,20.05,-3.25,58.25,-32.4,-50.29,11.18,43.53,10.29,43.26
2025-08-12T18:41:25.437659,45.0,83.0,-46.0,33.0,0.0,11.0,-31.0,29.0,36.0,79.0,46.0,-52.0,29.45,55.91,-10.869999999999997,4.050000000000001,-4.25,17.25,-29.4,14.71,50.18,70.53,5.289999999999999,-38.74
2025-08-12T18:41:25.445165,-12.0,71.0,-91.0,-2.0,15.0,4.0,-27.0,-1.0,6.0,-5.0,59.0,-7.0,-27.55,43.91,-55.87,-30.95,10.75,10.25,-25.4,-15.29,20.18,-13.47,18.29,6.26
2025-08-12T18:41:25.449377,-7.0,-2.0,-80.0,-52.0,31.0,-9.0,-10.0,7.0,68.0,35.0,90.0,81.0,-22.55,-29.09,-44.87,-80.95,26.75,-2.75,-8.4,-7.289999999999999,82.18,26.53,49.29,94.26
2025-08-12T18:41:25.457416,78.0,72.0,-47.0,28.0,45.0,-59.0,11.0,48.0,-15.0,-28.0,16.0,-10.0,62.45,44.91,-11.869999999999997,-0.9499999999999993,40.75,-52.75,12.6,33.71,-0.8200000000000003,-36.47,-24.71,3.26
2025-08-12T18:41:25.461757,30.0,71.0,-89.0,11.0,2.0,-13.0,-4.0,64.0,-67.0,-24.0,2.0,-2.0,14.45,43.91,-53.87,-17.95,-2.25,-6.75,-2.4,49.71,-52.82,-32.47,-38.71,11.26
2025-08-12T18:41:25.469843,68.0,44.0,-48.0,-69.0,22.0,-37.0,37.0,30.0,7.0,28.0,112.0,31.0,52.45,16.91,-12.869999999999997,-97.95,17.75,-30.75,38.6,15.71,21.18,19.53,71.28999999999999,44.26
2025-08-12T18:41:25.474001,58.0,42.0,-85.0,22.0,109.0,-27.0,7.0,73.0,-26.0,-62.0,56.0,24.0,42.45,14.91,-49.87,-6.949999999999999,104.75,-20.75,8.6,58.71,-11.82,-70.47,15.29,37.26
2025-08-12T18:41:25.482087,-35.0,40.0,-9.0,21.0,18.0,17.0,-27.0,60.0,-14.0,14.0,56.0,42.0,-50.55,12.91,26.130000000000003,-7.949999999999999,13.75,23.25,-25.4,45.71,0.17999999999999972,5.529999999999999,15.29,55.26
2025-08-12T18:41:25.486418,30.0,-18.0,-13.0,41.0,-11.0,-25.0,103.0,63.0,33.0,28.0,32.0,-56.0,14.45,-45.09,22.130000000000003,12.05,-15.25,-18.75,104.6,48.71,47.18,19.53,-8.71,-42.74
2025-08-12T18:41:25.494913,-4.0,-33.0,-41.0,54.0,21.0,-18.0,-24.0,17.0,54.0,33.0,78.0,48.0,-19.55,-60.09,-5.869999999999997,25.05,16.75,-11.75,-22.4,2.710000000000001,68.18,24.53,37.29,61.26
2025-08-12T18:41:25.498609,61.0,67.0,18.0,36.0,43.0,65.0,-13.0,26.0,19.0,-19.0,77.0,88.0,45.45,39.91,53.13,7.050000000000001,38.75,71.25,-11.4,11.71,33.18,-27.47,36.29,101.26
2025-08-12T18:41:25.506726,-14.0,43.0,-62.0,61.0,59.0,49.0,-19.0,23.0,1.0,-38.0,54.0,-13.0,-29.55,15.91,-26.869999999999997,32.05,54.75,55.25,-17.4,8.71,15.18,-46.47,13.29,0.2599999999999998
2025-08-12T18:41:25.510866,-2.0,79.0,-29.0,122.0,41.0,53.0,-84.0,-9.0,-3.0,-2.0,19.0,-27.0,-17.55,51.91,6.130000000000003,93.05,36.75,59.25,-82.4,-23.29,11.18,-10.47,-21.71,-13.74
2025-08-12T18:41:25.518860,5.0,16.0,-37.0,-27.0,23.0,15.0,-83.0,-1.0,-87.0,-61.0,69.0,-49.0,-10.55,-11.09,-1.8699999999999974,-55.95,18.75,21.25,-81.4,-15.29,-72.82,-69.47,28.29,-35.74
2025-08-12T18:41:25.523320,20.0,33.0,-51.0,-77.0,-58.0,-13.0,56.0,73.0,-22.0,-14.0,84.0,4.0,4.449999999999999,5.91,-15.869999999999997,-105.95,-62.25,-6.75,57.6,58.71,-7.82,-22.47,43.29,17.259999999999998
2025-08-12T18:41:25.531186,83.0,22.0,14.0,-41.0,33.0,-5.0,-7.0,55.0,-71.0,-50.0,100.0,-28.0,67.45,-5.09,49.13,-69.95,28.75,1.25,-5.4,40.71,-56.82,-58.47,59.29,-14.74
2025-08-12T18:41:25.535547,54.0,48.0,-60.0,-38.0,-54.0,18.0,-1.0,54.0,-7.0,30.0,38.0,-27.0,38.45,20.91,-24.869999999999997,-66.95,-58.25,24.25,0.6000000000000001,39.71,7.18,21.53,-2.710000000000001,-13.74
2025-08-12T18:41:25.543490,69.0,36.0,-43.0,65.0,31.0,15.0,-16.0,-28.0,34.0,36.0,64.0,-81.0,53.45,8.91,-7.869999999999997,36.05,26.75,21.25,-14.4,-42.29,48.18,27.53,23.29,-67.74
2025-08-12T18:41:25.547773,32.0,30.0,22.0,25.0,13.0,-36.0,1.0,-90.0,-34.0,-19.0,59.0,-76.0,16.45,2.91,57.13,-3.9499999999999993,8.75,-29.75,2.6,-104.28999999999999,-19.82,-27.47,18.29,-62.74
2025-08-12T18:41:25.555677,15.0,53.0,-39.0,53.0,-16.0,75.0,-28.0,-28.0,-5.0,-16.0,-46.0,-10.0,-0.5500000000000007,25.91,-3.8699999999999974,24.05,-20.25,81.25,-26.4,-42.29,9.18,-24.47,-86.71000000000001,3.26
2025-08-12T18:41:25.560622,15.0,22.0,-19.0,53.0,-25.0,-19.0,-3.0,54.0,-22.0,66.0,53.0,17.0,-0.5500000000000007,-5.09,16.130000000000003,24.05,-29.25,-12.75,-1.4,39.71,-7.82,57.53,12.29,30.259999999999998
2025-08-12T18:41:25.568006,4.0,12.0,-31.0,28.0,61.0,-16.0,-20.0,26.0,-16.0,21.0,50.0,26.0,-11.55,-15.09,4.130000000000003,-0.9499999999999993,56.75,-9.75,-18.4,11.71,-1.8200000000000003,12.53,9.29,39.26
2025-08-12T18:41:25.572860,-39.0,69.0,-40.0,9.0,-19.0,59.0,-3.0,33.0,-72.0,-5.0,51.0,-59.0,-54.55,41.91,-4.869999999999997,-19.95,-23.25,65.25,-1.4,18.71,-57.82,-13.47,10.29,-45.74
2025-08-12T18:41:25.580283,6.0,85.0,-3.0,-45.0,55.0,9.0,36.0,84.0,-42.0,-55.0,136.0,23.0,-9.55,57.91,32.13,-73.95,50.75,15.25,37.6,69.71000000000001,-27.82,-63.47,95.28999999999999,36.26
2025-08-12T18:41:25.585053,65.0,93.0,-11.0,63.0,2.0,-17.0,-66.0,-56.0,-35.0,1.0,64.0,-9.0,49.45,65.91,24.130000000000003,34.05,-2.25,-10.75,-64.4,-70.28999999999999,-20.82,-7.470000000000001,23.29,4.26
2025-08-12T18:41:25.592455,-8.0,48.0,20.0,-6.0,49.0,-22.0,-16.0,-26.0,40.0,-96.0,65.0,54.0,-23.55,20.91,55.13,-34.95,44.75,-15.75,-14.4,-40.29,54.18,-104.47,24.29,67.26
2025-08-12T18:41:25.597353,15.0,71.0,6.0,60.0,52.0,-29.0,4.0,-48.0,17.0,25.0,104.0,-54.0,-0.5500000000000007,43.91,41.13,31.05,47.75,-22.75,5.6,-62.29,31.18,16.53,63.29,-40.74
2025-08-12T18:41:25.601282,3.0,-5.0,7.0,17.0,-45.0,-17.0,-62.0,-28.0,-9.0,22.0,71.0,-37.0,-12.55,-32.09,42.13,-11.95,-49.25,-10.75,-60.4,-42.29,5.18,13.53,30.29,-23.740000000000002
2025-08-12T18:41:25.609626,30.0,20.0,-42.0,25.0,-23.0,21.0,-82.0,-52.0,7.0,-14.0,51.0,-13.0,14.45,-7.09,-6.869999999999997,-3.9499999999999993,-27.25,27.25,-80.4,-66.28999999999999,21.18,-22.47,10.29,0.2599999999999998
2025-08-12T18:41:25.613282,-26.0,11.0,-74.0,51.0,82.0,-57.0,-40.0,26.0,44.0,-7.0,71.0,-48.0,-41.55,-16.09,-38.87,22.05,77.75,-50.75,-38.4,11.71,58.18,-15.47,30.29,-34.74
2025-08-12T18:41:25.621466,69.0,28.0,-58.0,1.0,96.0,-35.0,1.0,42.0,-25.0,61.0,20.0,-46.0,53.45,0.9100000000000001,-22.869999999999997,-27.95,91.75,-28.75,2.6,27.71,-10.82,52.53,-20.71,-32.74
2025-08-12T18:41:25.625417,30.0,96.0,-19.0,25.0,-1.0,-38.0,42.0,21.0,-20.0,26.0,28.0,5.0,14.45,68.91,16.130000000000003,-3.9499999999999993,-5.25,-31.75,43.6,6.710000000000001,-5.82,17.53,-12.71,18.259999999999998
2025-08-12T18:41:25.633859,56.0,14.0,-42.0,70.0,-15.0,-29.0,-1.0,34.0,-19.0,39.0,16.0,-24.0,40.45,-13.09,-6.869999999999997,41.05,-19.25,-22.75,0.6000000000000001,19.71,-4.82,30.53,-24.71,-10.74
2025-08-12T18:41:25.637705,107.0,-50.0,-81.0,32.0,-11.0,16.0,68.0,0.0,-4.0,-25.0,98.0,-8.0,91.45,-77.09,-45.87,3.0500000000000007,-15.25,22.25,69.6,-14.29,10.18,-33.47,57.29,5.26
2025-08-12T18:41:25.645924,28.0,48.0,12.0,-10.0,32.0,-19.0,-18.0,-18.0,-56.0,-18.0,17.0,38.0,12.45,20.91,47.13,-38.95,27.75,-12.75,-16.4,-32.29,-41.82,-26.47,-23.71,51.26
2025-08-12T18:41:25.650014,86.0,-56.0,-8.0,55.0,12.0,-23.0,-11.0,-73.0,-49.0,4.0,78.0,-68.0,70.45,-83.09,27.130000000000003,26.05,7.75,-16.75,-9.4,-87.28999999999999,-34.82,-4.470000000000001,37.29,-54.74
2025-08-12T18:41:25.658300,11.0,-14.0,-47.0,57.0,-6.0,-14.0,12.0,33.0,-42.0,-50.0,89.0,-31.0,-4.550000000000001,-41.09,-11.869999999999997,28.05,-10.25,-7.75,13.6,18.71,-27.82,-58.47,48.29,-17.740000000000002
2025-08-12T18:41:25.662283,-1.0,29.0,11.0,9.0,23.0,-11.0,16.0,-1.0,-23.0,-12.0,88.0,-38.0,-16.55,1.9100000000000001,46.13,-19.95,18.75,-4.75,17.6,-15.29,-8.82,-20.47,47.29,-24.740000000000002
2025-08-12T18:41:25.670426,21.0,-22.0,45.0,73.0,-40.0,32.0,26.0,-6.0,-17.0,-12.0,95.0,-46.0,5.449999999999999,-49.09,80.13,44.05,-44.25,38.25,27.6,-20.29,-2.8200000000000003,-20.47,54.29,-32.74
2025-08-12T18:41:25.674565,-41.0,49.0,-20.0,37.0,15.0,21.0,-22.0,37.0,-24.0,57.0,17.0,46.0,-56.55,21.91,15.130000000000003,8.05,10.75,27.25,-20.4,22.71,-9.82,48.53,-23.71,59.26
2025-08-12T18:41:25.682790,-63.0,38.0,-40.0,72.0,-28.0,18.0,-28.0,15.0,-66.0,98.0,47.0,45.0,-78.55,10.91,-4.869999999999997,43.05,-32.25,24.25,-26.4,0.7100000000000009,-51.82,89.53,6.289999999999999,58.26
2025-08-12T18:41:25.686840,20.0,37.0,-22.0,30.0,-1.0,23.0,10.0,52.0,-26.0,-42.0,18.0,-30.0,4.449999999999999,9.91,13.130000000000003,1.0500000000000007,-5.25,29.25,11.6,37.71,-11.82,-50.47,-22.71,-16.740000000000002
2025-08-12T18:41:25.695027,11.0,47.0,-63.0,42.0,19.0,40.0,-29.0,26.0,-30.0,9.0,82.0,10.0,-4.550000000000001,19.91,-27.869999999999997,13.05,14.75,46.25,-27.4,11.71,-15.82,0.5299999999999994,41.29,23.259999999999998
2025-08-12T18:41:25.699201,106.0,13.0,-25.0,3.0,-33.0,12.0,58.0,-23.0,-31.0,8.0,58.0,55.0,90.45,-14.09,10.130000000000003,-25.95,-37.25,18.25,59.6,-37.29,-16.82,-0.47000000000000064,17.29,68.26
2025-08-12T18:41:25.707448,20.0,-46.0,-29.0,-22.0,29.0,-12.0,39.0,62.0,-54.0,-68.0,15.0,-64.0,4.449999999999999,-73.09,6.130000000000003,-50.95,24.75,-5.75,40.6,47.71,-39.82,-76.47,-25.71,-50.74
2025-08-12T18:41:25.711466,19.0,-10.0,17.0,-52.0,42.0,0.0,-61.0,21.0,43.0,15.0,36.0,-88.0,3.4499999999999993,-37.09,52.13,-80.95,37.75,6.25,-59.4,6.710000000000001,57.18,6.529999999999999,-4.710000000000001,-74.74
2025-08-12T18:41:25.719675,15.0,22.0,-31.0,-68.0,1.0,-33.0,-9.0,8.0,0.0,38.0,15.0,-26.0,-0.5500000000000007,-5.09,4.130000000000003,-96.95,-3.25,-26.75,-7.4,-6.289999999999999,14.18,29.53,-25.71,-12.74
2025-08-12T18:41:25.723768,-51.0,35.0,-41.0,56.0,-7.0,-34.0,54.0,19.0,-9.0,34.0,89.0,-8.0,-66.55,7.91,-5.869999999999997,27.05,-11.25,-27.75,55.6,4.710000000000001,5.18,25.53,48.29,5.26
2025-08-12T18:41:25.731971,-42.0,-37.0,5.0,101.0,-44.0,-4.0,-19.0,-40.0,28.0,31.0,46.0,-51.0,-57.55,-64.09,40.13,72.05,-48.25,2.25,-17.4,-54.29,42.18,22.53,5.289999999999999,-37.74
2025-08-12T18:41:25.736005,75.0,21.0,-1.0,37.0,-46.0,7.0,-22.0,24.0,9.0,14.0,80.0,-53.0,59.45,-6.09,34.13,8.05,-50.25,13.25,-20.4,9.71,23.18,5.529999999999999,39.29,-39.74
2025-08-12T18:41:25.744200,30.0,16.0,-50.0,44.0,20.0,6.0,-31.0,20.0,-11.0,36.0,86.0,-17.0,14.45,-11.09,-14.869999999999997,15.05,15.75,12.25,-29.4,5.710000000000001,3.1799999999999997,27.53,45.29,-3.74
2025-08-12T18:41:25.748676,-30.0,26.0,-101.0,78.0,6.0,27.0,-30.0,49.0,27.0,21.0,60.0,-21.0,-45.55,-1.0899999999999999,-65.87,49.05,1.75,33.25,-28.4,34.71,41.18,12.53,19.29,-7.74
2025-08-12T18:41:25.756575,-35.0,9.0,-50.0,29.0,-26.0,-26.0,26.0,10.0,-46.0,-9.0,68.0,-35.0,-50.55,-18.09,-14.869999999999997,0.05000000000000071,-30.25,-19.75,27.6,-4.289999999999999,-31.82,-17.47,27.29,-21.740000000000002
2025-08-12T18:41:25.760800,34.0,48.0,-60.0,39.0,-30.0,18.0,20.0,5.0,-19.0,-31.0,69.0,16.0,18.45,20.91,-24.869999999999997,10.05,-34.25,24.25,21.6,-9.29,-4.82,-39.47,28.29,29.259999999999998
2025-08-12T18:41:25.768767,40.0,46.0,-60.0,4.0,19.0,34.0,-2.0,-59.0,50.0,-27.0,77.0,-3.0,24.45,18.91,-24.869999999999997,-24.95,14.75,40.25,-0.3999999999999999,-73.28999999999999,64.18,-35.47,36.29,10.26
2025-08-12T18:41:25.773022,74.0,47.0,-109.0,79.0,20.0,5.0,-11.0,9.0,-53.0,-19.0,74.0,-59.0,58.45,19.91,-73.87,50.05,15.75,11.25,-9.4,-5.289999999999999,-38.82,-27.47,33.29,-45.74
2025-08-12T18:41:25.781050,90.0,50.0,-3.0,75.0,-16.0,-35.0,43.0,-4.0,-71.0,-65.0,-40.0,-42.0,74.45,22.91,32.13,46.05,-20.25,-28.75,44.6,-18.29,-56.82,-73.47,-80.71000000000001,-28.740000000000002
2025-08-12T18:41:25.785353,24.0,-7.0,-80.0,66.0,82.0,23.0,123.0,6.0,-71.0,-10.0,66.0,-78.0,8.45,-34.09,-44.87,37.05,77.75,29.25,124.6,-8.29,-56.82,-18.47,25.29,-64.74
2025-08-12T18:41:25.793411,39.0,-6.0,-23.0,49.0,-37.0,10.0,-2.0,6.0,35.0,-66.0,82.0,-52.0,23.45,-33.09,12.130000000000003,20.05,-41.25,16.25,-0.3999999999999999,-8.29,49.18,-74.47,41.29,-38.74
2025-08-12T18:41:25.797826,33.0,25.0,-28.0,15.0,10.0,4.0,36.0,3.0,-39.0,13.0,48.0,-3.0,17.45,-2.09,7.130000000000003,-13.95,5.75,10.25,37.6,-11.29,-24.82,4.529999999999999,7.289999999999999,10.26
2025-08-12T18:41:25.805591,-27.0,31.0,-60.0,-26.0,-28.0,43.0,26.0,-1.0,22.0,-51.0,88.0,-30.0,-42.55,3.91,-24.869999999999997,-54.95,-32.25,49.25,27.6,-15.29,36.18,-59.47,47.29,-16.740000000000002
2025-08-12T18:41:25.809964,157.0,22.0,23.0,22.0,-36.0,35.0,-31.0,15.0,15.0,22.0,68.0,-24.0,141.45,-5.09,58.13,-6.949999999999999,-40.25,41.25,-29.4,0.7100000000000009,29.18,13.53,27.29,-10.74
2025-08-12T18:41:25.817804,37.0,22.0,21.0,10.0,-5.0,-4.0,-24.0,-20.0,41.0,-64.0,-25.0,-66.0,21.45,-5.09,56.13,-18.95,-9.25,2.25,-22.4,-34.29,55.18,-72.47,-65.71000000000001,-52.74
2025-08-12T18:41:25.822335,-53.0,-18.0,-1.0,-15.0,48.0,-9.0,-22.0,38.0,-23.0,8.0,21.0,-4.0,-68.55,-45.09,34.13,-43.95,43.75,-2.75,-20.4,23.71,-8.82,-0.47000000000000064,-19.71,9.26
2025-08-12T18:41:25.830074,-18.0,27.0,-11.0,50.0,-18.0,-5.0,-27.0,55.0,4.0,6.0,-1.0,11.0,-33.55,-0.08999999999999986,24.130000000000003,21.05,-22.25,1.25,-25.4,40.71,18.18,-2.4700000000000006,-41.71,24.259999999999998
2025-08-12T18:41:25.834540,30.0,30.0,-17.0,36.0,4.0,-9.0,-32.0,64.0,16.0,33.0,2.0,-32.0,14.45,2.91,18.130000000000003,7.050000000000001,-0.25,-2.75,-30.4,49.71,30.18,24.53,-38.71,-18.740000000000002
2025-08-12T18:41:25.842571,21.0,-17.0,-10.0,11.0,-52.0,-53.0,-9.0,-38.0,76.0,-57.0,-36.0,1.0,5.449999999999999,-44.09,25.130000000000003,-17.95,-56.25,-46.75,-7.4,-52.29,90.18,-65.47,-76.71000000000001,14.26
2025-08-12T18:41:25.846902,19.0,9.0,-24.0,-36.0,-55.0,-20.0,-67.0,-33.0,33.0,-47.0,27.0,7.0,3.4499999999999993,-18.09,11.130000000000003,-64.95,-59.25,-13.75,-65.4,-47.29,47.18,-55.47,-13.71,20.259999999999998
2025-08-12T18:41:25.854643,15.0,36.0,-5.0,6.0,24.0,-8.0,-26.0,-25.0,-30.0,14.0,105.0,26.0,-0.5500000000000007,8.91,30.130000000000003,-22.95,19.75,-1.75,-24.4,-39.29,-15.82,5.529999999999999,64.28999999999999,39.26
2025-08-12T18:41:25.859015,-13.0,88.0,4.0,45.0,56.0,-6.0,41.0,-51.0,-43.0,-7.0,-4.0,25.0,-28.55,60.91,39.13,16.05,51.75,0.25,42.6,-65.28999999999999,-28.82,-15.47,-44.71,38.26
2025-08-12T18:41:25.867147,-12.0,55.0,-50.0,-21.0,17.0,-66.0,-1.0,114.0,-47.0,13.0,59.0,81.0,-27.55,27.91,-14.869999999999997,-49.95,12.75,-59.75,0.6000000000000001,99.71000000000001,-32.82,4.529999999999999,18.29,94.26
2025-08-12T18:41:25.871358,11.0,69.0,-82.0,97.0,23.0,17.0,55.0,-10.0,-21.0,-36.0,81.0,-5.0,-4.550000000000001,41.91,-46.87,68.05,18.75,23.25,56.6,-24.29,-6.82,-44.47,40.29,8.26
