timestamp,x1,y1,z1,x2,y2,z2,x3,y3,z3,x4,y4,z4,x1_calib,y1_calib,z1_calib,x2_calib,y2_calib,z2_calib,x3_calib,y3_calib,z3_calib,x4_calib,y4_calib,z4_calib
2025-08-12T18:42:31.326075,38.0,50.0,20.0,16.0,16.0,-6.0,32.0,51.0,-11.0,-23.0,17.0,-33.0,21.43,25.97,54.75,-8.79,-0.75,-3.67,29.09,32.41,-0.3200000000000003,-28.67,-37.44,-13.190000000000001
2025-08-12T18:42:31.330274,-35.0,78.0,-66.0,86.0,-19.0,-24.0,8.0,40.0,22.0,20.0,62.0,22.0,-51.57,53.97,-31.25,61.21,-35.75,-21.67,5.09,21.41,32.68,14.33,7.560000000000002,41.81
2025-08-12T18:42:31.338407,-20.0,3.0,-46.0,30.0,23.0,-60.0,-31.0,-36.0,-28.0,52.0,100.0,9.0,-36.57,-21.03,-11.25,5.210000000000001,6.25,-57.67,-33.91,-54.59,-17.32,46.33,45.56,28.81
2025-08-12T18:42:31.342515,27.0,56.0,-38.0,-1.0,13.0,-15.0,-41.0,3.0,19.0,-48.0,63.0,45.0,10.43,31.97,-3.25,-25.79,-3.75,-12.67,-43.91,-15.59,29.68,-53.67,8.560000000000002,64.81
2025-08-12T18:42:31.350612,-22.0,41.0,-77.0,58.0,-1.0,2.0,-55.0,-18.0,3.0,-25.0,40.0,-43.0,-38.57,16.97,-42.25,33.21,-17.75,4.33,-57.91,-36.59,13.68,-30.67,-14.439999999999998,-23.19
2025-08-12T18:42:31.354719,-13.0,20.0,-102.0,40.0,23.0,-6.0,-34.0,4.0,55.0,13.0,91.0,-75.0,-29.57,-4.030000000000001,-67.25,15.21,6.25,-3.67,-36.91,-14.59,65.68,7.33,36.56,-55.19
2025-08-12T18:42:31.362887,-11.0,33.0,-20.0,55.0,54.0,-67.0,-30.0,83.0,-36.0,27.0,41.0,-29.0,-27.57,8.969999999999999,14.75,30.21,37.25,-64.67,-32.91,64.41,-25.32,21.33,-13.439999999999998,-9.190000000000001
2025-08-12T18:42:31.367181,51.0,59.0,-50.0,74.0,64.0,-17.0,-21.0,18.0,-59.0,28.0,26.0,-28.0,34.43,34.97,-15.25,49.21,47.25,-14.67,-23.91,-0.5899999999999999,-48.32,22.33,-28.439999999999998,-8.190000000000001
2025-08-12T18:42:31.375042,42.0,53.0,-22.0,56.0,-21.0,-38.0,70.0,44.0,42.0,66.0,-22.0,-18.0,25.43,28.97,12.75,31.21,-37.75,-35.67,67.09,25.41,52.68,60.33,-76.44,1.8099999999999987
2025-08-12T18:42:31.379462,18.0,17.0,-95.0,23.0,30.0,-7.0,30.0,21.0,12.0,31.0,57.0,-29.0,1.4299999999999997,-7.030000000000001,-60.25,-1.7899999999999991,13.25,-4.67,27.09,2.41,22.68,25.33,2.5600000000000023,-9.190000000000001
2025-08-12T18:42:31.387506,12.0,-3.0,-53.0,42.0,46.0,28.0,-7.0,-43.0,-35.0,-13.0,25.0,-46.0,-4.57,-27.03,-18.25,17.21,29.25,30.33,-9.91,-61.59,-24.32,-18.67,-29.439999999999998,-26.19
2025-08-12T18:42:31.391596,35.0,23.0,-98.0,43.0,-46.0,66.0,-49.0,4.0,46.0,-4.0,89.0,-31.0,18.43,-1.0300000000000011,-63.25,18.21,-62.75,68.33,-51.91,-14.59,56.68,-9.67,34.56,-11.190000000000001
2025-08-12T18:42:31.395684,50.0,4.0,-41.0,45.0,29.0,-8.0,-43.0,37.0,-18.0,-29.0,54.0,22.0,33.43,-20.03,-6.25,20.21,12.25,-5.67,-45.91,18.41,-7.32,-34.67,-0.4399999999999977,41.81
2025-08-12T18:42:31.403960,50.0,9.0,-51.0,103.0,-23.0,15.0,-15.0,18.0,-5.0,-23.0,1.0,22.0,33.43,-15.030000000000001,-16.25,78.21000000000001,-39.75,17.33,-17.91,-0.5899999999999999,5.68,-28.67,-53.44,41.81
2025-08-12T18:42:31.407942,86.0,-30.0,-26.0,29.0,46.0,-1.0,-18.0,36.0,90.0,22.0,55.0,-65.0,69.43,-54.03,8.75,4.210000000000001,29.25,1.33,-20.91,17.41,100.68,16.33,0.5600000000000023,-45.19
2025-08-12T18:42:31.416248,-49.0,14.0,-87.0,21.0,-40.0,-3.0,-44.0,70.0,-21.0,-14.0,48.0,-45.0,-65.57,-10.030000000000001,-52.25,-3.789999999999999,-56.75,-0.6699999999999999,-46.91,51.41,-10.32,-19.67,-6.439999999999998,-25.19
2025-08-12T18:42:31.420221,23.0,-33.0,-82.0,66.0,-39.0,-57.0,-2.0,49.0,-2.0,11.0,52.0,2.0,6.43,-57.03,-47.25,41.21,-55.75,-54.67,-4.91,30.41,8.68,5.33,-2.4399999999999977,21.81
2025-08-12T18:42:31.428565,15.0,-55.0,-112.0,50.0,-21.0,60.0,-18.0,-53.0,-8.0,63.0,-20.0,-54.0,-1.5700000000000003,-79.03,-77.25,25.21,-37.75,62.33,-20.91,-71.59,2.6799999999999997,57.33,-74.44,-34.19
2025-08-12T18:42:31.432941,-37.0,-11.0,53.0,-14.0,-34.0,-4.0,3.0,-17.0,-17.0,61.0,26.0,-81.0,-53.57,-35.03,87.75,-38.79,-50.75,-1.67,0.08999999999999986,-35.59,-6.32,55.33,-28.439999999999998,-61.19
2025-08-12T18:42:31.440783,39.0,-46.0,-2.0,42.0,67.0,-29.0,16.0,-76.0,-57.0,37.0,77.0,11.0,22.43,-70.03,32.75,17.21,50.25,-26.67,13.09,-94.59,-46.32,31.33,22.560000000000002,30.81
2025-08-12T18:42:31.444843,29.0,28.0,-42.0,66.0,-13.0,-54.0,104.0,-7.0,34.0,65.0,-31.0,7.0,12.43,3.969999999999999,-7.25,41.21,-29.75,-51.67,101.09,-25.59,44.68,59.33,-85.44,26.81
2025-08-12T18:42:31.452956,29.0,103.0,-43.0,29.0,-54.0,22.0,-9.0,-46.0,-35.0,30.0,92.0,45.0,12.43,78.97,-8.25,4.210000000000001,-70.75,24.33,-11.91,-64.59,-24.32,24.33,37.56,64.81
2025-08-12T18:42:31.457115,-27.0,43.0,-120.0,-37.0,-18.0,-11.0,-11.0,39.0,-11.0,6.0,91.0,-4.0,-43.57,18.97,-85.25,-61.79,-34.75,-8.67,-13.91,20.41,-0.3200000000000003,0.33000000000000007,36.56,15.809999999999999
2025-08-12T18:42:31.465259,2.0,54.0,-99.0,-28.0,-27.0,-4.0,-27.0,45.0,-60.0,-2.0,64.0,10.0,-14.57,29.97,-64.25,-52.79,-43.75,-1.67,-29.91,26.41,-49.32,-7.67,9.560000000000002,29.81
2025-08-12T18:42:31.469734,-46.0,12.0,-81.0,-29.0,14.0,-15.0,-11.0,-9.0,-54.0,55.0,41.0,-1.0,-62.57,-12.030000000000001,-46.25,-53.79,-2.75,-12.67,-13.91,-27.59,-43.32,49.33,-13.439999999999998,18.81
2025-08-12T18:42:31.477639,21.0,16.0,-65.0,30.0,-12.0,-39.0,-14.0,-30.0,47.0,6.0,90.0,-42.0,4.43,-8.030000000000001,-30.25,5.210000000000001,-28.75,-36.67,-16.91,-48.59,57.68,0.33000000000000007,35.56,-22.19
2025-08-12T18:42:31.481951,-32.0,118.0,-81.0,61.0,-32.0,-30.0,87.0,20.0,19.0,58.0,16.0,-9.0,-48.57,93.97,-46.25,36.21,-48.75,-27.67,84.09,1.4100000000000001,29.68,52.33,-38.44,10.809999999999999
2025-08-12T18:42:31.489856,70.0,37.0,-102.0,26.0,-11.0,-55.0,-20.0,57.0,-40.0,8.0,35.0,1.0,53.43,12.969999999999999,-67.25,1.2100000000000009,-27.75,-52.67,-22.91,38.41,-29.32,2.33,-19.439999999999998,20.81
2025-08-12T18:42:31.494162,55.0,71.0,-74.0,12.0,-59.0,14.0,-37.0,-5.0,-73.0,-55.0,46.0,-67.0,38.43,46.97,-39.25,-12.79,-75.75,16.33,-39.91,-23.59,-62.32,-60.67,-8.439999999999998,-47.19
2025-08-12T18:42:31.502252,23.0,-12.0,-102.0,26.0,13.0,59.0,-11.0,-13.0,-33.0,12.0,73.0,-31.0,6.43,-36.03,-67.25,1.2100000000000009,-3.75,61.33,-13.91,-31.59,-22.32,6.33,18.560000000000002,-11.190000000000001
2025-08-12T18:42:31.506377,-9.0,59.0,-74.0,23.0,55.0,-13.0,-7.0,-3.0,-8.0,35.0,-22.0,12.0,-25.57,34.97,-39.25,-1.7899999999999991,38.25,-10.67,-9.91,-21.59,2.6799999999999997,29.33,-76.44,31.81
2025-08-12T18:42:31.514395,12.0,0.0,-94.0,24.0,69.0,51.0,-80.0,-10.0,-1.0,-9.0,61.0,41.0,-4.57,-24.03,-59.25,-0.7899999999999991,52.25,53.33,-82.91,-28.59,9.68,-14.67,6.560000000000002,60.81
2025-08-12T18:42:31.518720,58.0,22.0,-30.0,75.0,-9.0,-4.0,-60.0,38.0,48.0,25.0,-6.0,40.0,41.43,-2.030000000000001,4.75,50.21,-25.75,-1.67,-62.91,19.41,58.68,19.33,-60.44,59.81
2025-08-12T18:42:31.526781,15.0,-42.0,-31.0,5.0,41.0,68.0,-45.0,-8.0,-9.0,19.0,76.0,-3.0,-1.5700000000000003,-66.03,3.75,-19.79,24.25,70.33,-47.91,-26.59,1.6799999999999997,13.33,21.560000000000002,16.81
2025-08-12T18:42:31.530988,36.0,-10.0,-61.0,86.0,-53.0,8.0,-23.0,40.0,-7.0,28.0,-1.0,-17.0,19.43,-34.03,-26.25,61.21,-69.75,10.33,-25.91,21.41,3.6799999999999997,22.33,-55.44,2.8099999999999987
2025-08-12T18:42:31.539083,32.0,37.0,-78.0,33.0,36.0,41.0,-29.0,-69.0,-8.0,-11.0,81.0,-24.0,15.43,12.969999999999999,-43.25,8.21,19.25,43.33,-31.91,-87.59,2.6799999999999997,-16.67,26.560000000000002,-4.190000000000001
2025-08-12T18:42:31.543265,12.0,15.0,4.0,58.0,-11.0,-29.0,-58.0,15.0,14.0,-70.0,58.0,62.0,-4.57,-9.030000000000001,38.75,33.21,-27.75,-26.67,-60.91,-3.59,24.68,-75.67,3.5600000000000023,81.81
2025-08-12T18:42:31.551083,25.0,-5.0,-16.0,60.0,39.0,10.0,-36.0,-32.0,-37.0,53.0,40.0,20.0,8.43,-29.03,18.75,35.21,22.25,12.33,-38.91,-50.59,-26.32,47.33,-14.439999999999998,39.81
2025-08-12T18:42:31.555517,56.0,26.0,20.0,30.0,37.0,-16.0,-76.0,62.0,16.0,-19.0,-25.0,10.0,39.43,1.9699999999999989,54.75,5.210000000000001,20.25,-13.67,-78.91,43.41,26.68,-24.67,-79.44,29.81
2025-08-12T18:42:31.563706,-75.0,-58.0,-31.0,15.0,110.0,30.0,-41.0,-26.0,-23.0,7.0,106.0,0.0,-91.57,-82.03,3.75,-9.79,93.25,32.33,-43.91,-44.59,-12.32,1.33,51.56,19.81
2025-08-12T18:42:31.567690,-6.0,-34.0,16.0,45.0,-27.0,20.0,2.0,16.0,15.0,4.0,61.0,-27.0,-22.57,-58.03,50.75,20.21,-43.75,22.33,-0.9100000000000001,-2.59,25.68,-1.67,6.560000000000002,-7.190000000000001
2025-08-12T18:42:31.571684,3.0,-49.0,-5.0,11.0,93.0,-24.0,-29.0,5.0,-43.0,6.0,82.0,8.0,-13.57,-73.03,29.75,-13.79,76.25,-21.67,-31.91,-13.59,-32.32,0.33000000000000007,27.560000000000002,27.81
2025-08-12T18:42:31.580033,-22.0,59.0,-45.0,60.0,-20.0,-68.0,11.0,43.0,-15.0,10.0,41.0,-37.0,-38.57,34.97,-10.25,35.21,-36.75,-65.67,8.09,24.41,-4.32,4.33,-13.439999999999998,-17.19
2025-08-12T18:42:31.588166,-10.0,-5.0,-35.0,6.0,-4.0,-22.0,-21.0,-19.0,-69.0,66.0,81.0,-45.0,-26.57,-29.03,-0.25,-18.79,-20.75,-19.67,-23.91,-37.59,-58.32,60.33,26.560000000000002,-25.19
2025-08-12T18:42:31.592316,33.0,33.0,-41.0,-33.0,-8.0,28.0,-47.0,46.0,-18.0,31.0,-17.0,11.0,16.43,8.969999999999999,-6.25,-57.79,-24.75,30.33,-49.91,27.41,-7.32,25.33,-71.44,30.81
2025-08-12T18:42:31.596511,99.0,32.0,-100.0,6.0,11.0,11.0,25.0,0.0,-6.0,40.0,6.0,-25.0,82.43,7.969999999999999,-65.25,-18.79,-5.75,13.33,22.09,-18.59,4.68,34.33,-48.44,-5.190000000000001
2025-08-12T18:42:31.604662,25.0,91.0,3.0,59.0,-3.0,-83.0,-34.0,6.0,18.0,6.0,44.0,-67.0,8.43,66.97,37.75,34.21,-19.75,-80.67,-36.91,-12.59,28.68,0.33000000000000007,-10.439999999999998,-47.19
2025-08-12T18:42:31.608683,35.0,20.0,-34.0,13.0,34.0,-14.0,8.0,8.0,34.0,-32.0,44.0,-10.0,18.43,-4.030000000000001,0.75,-11.79,17.25,-11.67,5.09,-10.59,44.68,-37.67,-10.439999999999998,9.809999999999999
2025-08-12T18:42:31.616915,28.0,32.0,-30.0,80.0,-18.0,54.0,10.0,-18.0,-9.0,-3.0,90.0,51.0,11.43,7.969999999999999,4.75,55.21,-34.75,56.33,7.09,-36.59,1.6799999999999997,-8.67,35.56,70.81
2025-08-12T18:42:31.621231,-13.0,65.0,-72.0,2.0,-24.0,39.0,16.0,7.0,4.0,-9.0,74.0,25.0,-29.57,40.97,-37.25,-22.79,-40.75,41.33,13.09,-11.59,14.68,-14.67,19.560000000000002,44.81
2025-08-12T18:42:31.629120,75.0,4.0,-68.0,80.0,-16.0,-55.0,18.0,64.0,-17.0,32.0,-29.0,11.0,58.43,-20.03,-33.25,55.21,-32.75,-52.67,15.09,45.41,-6.32,26.33,-83.44,30.81
2025-08-12T18:42:31.633269,57.0,3.0,-92.0,58.0,-38.0,-10.0,-45.0,59.0,18.0,-9.0,11.0,45.0,40.43,-21.03,-57.25,33.21,-54.75,-7.67,-47.91,40.41,28.68,-14.67,-43.44,64.81
2025-08-12T18:42:31.641461,20.0,37.0,-28.0,-14.0,-26.0,-31.0,-70.0,41.0,-61.0,48.0,20.0,-12.0,3.4299999999999997,12.969999999999999,6.75,-38.79,-42.75,-28.67,-72.91,22.41,-50.32,42.33,-34.44,7.809999999999999
2025-08-12T18:42:31.645684,-2.0,-10.0,-79.0,89.0,34.0,6.0,13.0,22.0,42.0,15.0,61.0,39.0,-18.57,-34.03,-44.25,64.21000000000001,17.25,8.33,10.09,3.41,52.68,9.33,6.560000000000002,58.81
2025-08-12T18:42:31.653666,28.0,-4.0,-64.0,-26.0,-73.0,11.0,6.0,73.0,-7.0,-39.0,-37.0,-23.0,11.43,-28.03,-29.25,-50.79,-89.75,13.33,3.09,54.41,3.6799999999999997,-44.67,-91.44,-3.1900000000000013
2025-08-12T18:42:31.657892,75.0,50.0,-58.0,26.0,40.0,4.0,-19.0,57.0,-17.0,33.0,29.0,-64.0,58.43,25.97,-23.25,1.2100000000000009,23.25,6.33,-21.91,38.41,-6.32,27.33,-25.439999999999998,-44.19
2025-08-12T18:42:31.666067,46.0,-28.0,-72.0,21.0,13.0,-43.0,-37.0,-25.0,-20.0,3.0,12.0,-34.0,29.43,-52.03,-37.25,-3.789999999999999,-3.75,-40.67,-39.91,-43.59,-9.32,-2.67,-42.44,-14.190000000000001
2025-08-12T18:42:31.670270,-28.0,-6.0,-29.0,28.0,55.0,-1.0,-58.0,72.0,-84.0,44.0,-35.0,3.0,-44.57,-30.03,5.75,3.210000000000001,38.25,1.33,-60.91,53.41,-73.32,38.33,-89.44,22.81
2025-08-12T18:42:31.678268,88.0,14.0,-35.0,22.0,26.0,-15.0,-4.0,36.0,4.0,23.0,7.0,22.0,71.43,-10.030000000000001,-0.25,-2.789999999999999,9.25,-12.67,-6.91,17.41,14.68,17.33,-47.44,41.81
2025-08-12T18:42:31.682596,71.0,-1.0,-10.0,24.0,-31.0,-18.0,19.0,64.0,26.0,-29.0,24.0,-19.0,54.43,-25.03,24.75,-0.7899999999999991,-47.75,-15.67,16.09,45.41,36.68,-34.67,-30.439999999999998,0.8099999999999987
2025-08-12T18:42:31.690509,19.0,-13.0,-11.0,79.0,6.0,46.0,37.0,31.0,-56.0,-33.0,2.0,-48.0,2.4299999999999997,-37.03,23.75,54.21,-10.75,48.33,34.09,12.41,-45.32,-38.67,-52.44,-28.19
2025-08-12T18:42:31.695158,-13.0,11.0,-51.0,16.0,78.0,-32.0,9.0,3.0,-53.0,13.0,44.0,-56.0,-29.57,-13.030000000000001,-16.25,-8.79,61.25,-29.67,6.09,-15.59,-42.32,7.33,-10.439999999999998,-36.19
2025-08-12T18:42:31.702621,18.0,-14.0,-45.0,36.0,23.0,18.0,19.0,56.0,0.0,27.0,48.0,-41.0,1.4299999999999997,-38.03,-10.25,11.21,6.25,20.33,16.09,37.41,10.68,21.33,-6.439999999999998,-21.19
2025-08-12T18:42:31.706921,-26.0,-39.0,-12.0,-19.0,45.0,-29.0,-35.0,-40.0,-30.0,48.0,22.0,-27.0,-42.57,-63.03,22.75,-43.79,28.25,-26.67,-37.91,-58.59,-19.32,42.33,-32.44,-7.190000000000001
2025-08-12T18:42:31.711221,29.0,45.0,-37.0,19.0,6.0,-19.0,49.0,51.0,-15.0,7.0,54.0,6.0,12.43,20.97,-2.25,-5.789999999999999,-10.75,-16.67,46.09,32.41,-4.32,1.33,-0.4399999999999977,25.81
2025-08-12T18:42:31.719234,-18.0,25.0,-10.0,13.0,55.0,-4.0,-29.0,-36.0,-31.0,-19.0,14.0,-1.0,-34.57,0.9699999999999989,24.75,-11.79,38.25,-1.67,-31.91,-54.59,-20.32,-24.67,-40.44,18.81
2025-08-12T18:42:31.723512,2.0,99.0,33.0,-12.0,3.0,-1.0,-22.0,24.0,-9.0,-33.0,81.0,0.0,-14.57,74.97,67.75,-36.79,-13.75,1.33,-24.91,5.41,1.6799999999999997,-38.67,26.560000000000002,19.81
2025-08-12T18:42:31.731656,87.0,-12.0,-59.0,6.0,30.0,-8.0,-16.0,36.0,-76.0,65.0,63.0,25.0,70.43,-36.03,-24.25,-18.79,13.25,-5.67,-18.91,17.41,-65.32,59.33,8.560000000000002,44.81
2025-08-12T18:42:31.735650,-50.0,80.0,-10.0,24.0,-31.0,1.0,-9.0,30.0,-11.0,21.0,99.0,-9.0,-66.57,55.97,24.75,-0.7899999999999991,-47.75,3.33,-11.91,11.41,-0.3200000000000003,15.33,44.56,10.809999999999999
2025-08-12T18:42:31.743798,25.0,-10.0,-45.0,-3.0,34.0,24.0,-26.0,-27.0,-42.0,-14.0,51.0,48.0,8.43,-34.03,-10.25,-27.79,17.25,26.33,-28.91,-45.59,-31.32,-19.67,-3.4399999999999977,67.81
2025-08-12T18:42:31.747873,-20.0,67.0,-20.0,25.0,-35.0,46.0,21.0,21.0,-57.0,-27.0,81.0,11.0,-36.57,42.97,14.75,0.21000000000000085,-51.75,48.33,18.09,2.41,-46.32,-32.67,26.560000000000002,30.81
2025-08-12T18:42:31.756267,7.0,87.0,-72.0,-9.0,-41.0,-2.0,-107.0,-3.0,-29.0,-19.0,62.0,-59.0,-9.57,62.97,-37.25,-33.79,-57.75,0.33000000000000007,-109.91,-21.59,-18.32,-24.67,7.560000000000002,-39.19
2025-08-12T18:42:31.760210,18.0,48.0,-63.0,47.0,17.0,-34.0,21.0,8.0,-66.0,55.0,73.0,-24.0,1.4299999999999997,23.97,-28.25,22.21,0.25,-31.67,18.09,-10.59,-55.32,49.33,18.560000000000002,-4.190000000000001
2025-08-12T18:42:31.768528,16.0,-6.0,-91.0,-25.0,14.0,34.0,-45.0,27.0,2.0,-33.0,8.0,13.0,-0.5700000000000003,-30.03,-56.25,-49.79,-2.75,36.33,-47.91,8.41,12.68,-38.67,-46.44,32.81
2025-08-12T18:42:31.772723,-29.0,50.0,-58.0,19.0,5.0,-47.0,47.0,-11.0,46.0,16.0,95.0,-74.0,-45.57,25.97,-23.25,-5.789999999999999,-11.75,-44.67,44.09,-29.59,56.68,10.33,40.56,-54.19
2025-08-12T18:42:31.780868,28.0,6.0,33.0,47.0,40.0,-52.0,18.0,13.0,-9.0,-11.0,52.0,-21.0,11.43,-18.03,67.75,22.21,23.25,-49.67,15.09,-5.59,1.6799999999999997,-16.67,-2.4399999999999977,-1.1900000000000013
2025-08-12T18:42:31.784966,-24.0,57.0,-129.0,55.0,30.0,-13.0,-15.0,-22.0,12.0,27.0,83.0,-70.0,-40.57,32.97,-94.25,30.21,13.25,-10.67,-17.91,-40.59,22.68,21.33,28.560000000000002,-50.19
2025-08-12T18:42:31.793039,14.0,11.0,-30.0,30.0,25.0,6.0,22.0,0.0,57.0,6.0,48.0,-33.0,-2.5700000000000003,-13.030000000000001,4.75,5.210000000000001,8.25,8.33,19.09,-18.59,67.68,0.33000000000000007,-6.439999999999998,-13.190000000000001
2025-08-12T18:42:31.797160,58.0,-69.0,-89.0,45.0,57.0,5.0,-15.0,14.0,60.0,-28.0,42.0,-73.0,41.43,-93.03,-54.25,20.21,40.25,7.33,-17.91,-4.59,70.68,-33.67,-12.439999999999998,-53.19
2025-08-12T18:42:31.805303,85.0,16.0,-21.0,40.0,10.0,23.0,-93.0,23.0,-8.0,-31.0,-2.0,-98.0,68.43,-8.030000000000001,13.75,15.21,-6.75,25.33,-95.91,4.41,2.6799999999999997,-36.67,-56.44,-78.19
2025-08-12T18:42:31.809557,11.0,-17.0,-111.0,-12.0,9.0,36.0,-19.0,-25.0,22.0,-1.0,14.0,-80.0,-5.57,-41.03,-76.25,-36.79,-7.75,38.33,-21.91,-43.59,32.68,-6.67,-40.44,-60.19
2025-08-12T18:42:31.817457,84.0,-3.0,-35.0,59.0,16.0,-40.0,31.0,13.0,-18.0,51.0,41.0,-86.0,67.43,-27.03,-0.25,34.21,-0.75,-37.67,28.09,-5.59,-7.32,45.33,-13.439999999999998,-66.19
2025-08-12T18:42:31.821856,-63.0,17.0,-49.0,32.0,-13.0,-37.0,-75.0,27.0,34.0,53.0,5.0,-55.0,-79.57,-7.030000000000001,-14.25,7.210000000000001,-29.75,-34.67,-77.91,8.41,44.68,47.33,-49.44,-35.19
2025-08-12T18:42:31.829742,21.0,-32.0,-29.0,-31.0,24.0,22.0,-7.0,36.0,26.0,-14.0,5.0,-18.0,4.43,-56.03,5.75,-55.79,7.25,24.33,-9.91,17.41,36.68,-19.67,-49.44,1.8099999999999987
2025-08-12T18:42:31.834084,11.0,-8.0,-1.0,1.0,-1.0,13.0,-5.0,70.0,-39.0,43.0,34.0,-3.0,-5.57,-32.03,33.75,-23.79,-17.75,15.33,-7.91,51.41,-28.32,37.33,-20.439999999999998,16.81
2025-08-12T18:42:31.842092,7.0,38.0,-28.0,20.0,-29.0,23.0,1.0,-27.0,-17.0,14.0,0.0,20.0,-9.57,13.969999999999999,6.75,-4.789999999999999,-45.75,25.33,-1.9100000000000001,-45.59,-6.32,8.33,-54.44,39.81
2025-08-12T18:42:31.846297,31.0,-3.0,-15.0,24.0,7.0,26.0,-5.0,72.0,13.0,2.0,25.0,13.0,14.43,-27.03,19.75,-0.7899999999999991,-9.75,28.33,-7.91,53.41,23.68,-3.67,-29.439999999999998,32.81
2025-08-12T18:42:31.854231,2.0,-1.0,-77.0,47.0,22.0,19.0,0.0,36.0,-10.0,52.0,60.0,-48.0,-14.57,-25.03,-42.25,22.21,5.25,21.33,-2.91,17.41,0.6799999999999997,46.33,5.560000000000002,-28.19
2025-08-12T18:42:31.858605,58.0,17.0,-72.0,45.0,5.0,-54.0,6.0,40.0,-44.0,26.0,80.0,-5.0,41.43,-7.030000000000001,-37.25,20.21,-11.75,-51.67,3.09,21.41,-33.32,20.33,25.560000000000002,14.809999999999999
2025-08-12T18:42:31.866477,29.0,-25.0,12.0,70.0,-42.0,10.0,74.0,52.0,-19.0,-65.0,43.0,51.0,12.43,-49.03,46.75,45.21,-58.75,12.33,71.09,33.41,-8.32,-70.67,-11.439999999999998,70.81
2025-08-12T18:42:31.870946,34.0,12.0,-7.0,96.0,-17.0,-4.0,-18.0,32.0,-49.0,-26.0,18.0,50.0,17.43,-12.030000000000001,27.75,71.21000000000001,-33.75,-1.67,-20.91,13.41,-38.32,-31.67,-36.44,69.81
2025-08-12T18:42:31.874905,-6.0,4.0,-15.0,22.0,39.0,-44.0,26.0,-4.0,-3.0,-66.0,60.0,15.0,-22.57,-20.03,19.75,-2.789999999999999,22.25,-41.67,23.09,-22.59,7.68,-71.67,5.560000000000002,34.81
2025-08-12T18:42:31.883169,-31.0,-38.0,-28.0,58.0,46.0,-8.0,32.0,24.0,2.0,25.0,101.0,-9.0,-47.57,-62.03,6.75,33.21,29.25,-5.67,29.09,5.41,12.68,19.33,46.56,10.809999999999999
2025-08-12T18:42:31.887106,-14.0,-4.0,-55.0,0.0,-39.0,-2.0,49.0,24.0,-33.0,-6.0,38.0,-56.0,-30.57,-28.03,-20.25,-24.79,-55.75,0.33000000000000007,46.09,5.41,-22.32,-11.67,-16.439999999999998,-36.19
2025-08-12T18:42:31.895377,48.0,7.0,-15.0,-46.0,-30.0,-25.0,1.0,22.0,5.0,5.0,78.0,-49.0,31.43,-17.03,19.75,-70.78999999999999,-46.75,-22.67,-1.9100000000000001,3.41,15.68,-0.6699999999999999,23.560000000000002,-29.19
2025-08-12T18:42:31.899408,36.0,53.0,61.0,32.0,30.0,-22.0,7.0,11.0,-6.0,-10.0,87.0,36.0,19.43,28.97,95.75,7.210000000000001,13.25,-19.67,4.09,-7.59,4.68,-15.67,32.56,55.81
2025-08-12T18:42:31.907712,-24.0,-70.0,3.0,11.0,-17.0,17.0,9.0,4.0,-68.0,-65.0,65.0,-68.0,-40.57,-94.03,37.75,-13.79,-33.75,19.33,6.09,-14.59,-57.32,-70.67,10.560000000000002,-48.19
2025-08-12T18:42:31.911724,57.0,11.0,-23.0,128.0,91.0,-57.0,-26.0,-20.0,8.0,10.0,47.0,-35.0,40.43,-13.030000000000001,11.75,103.21000000000001,74.25,-54.67,-28.91,-38.59,18.68,4.33,-7.439999999999998,-15.190000000000001
2025-08-12T18:42:31.919840,-44.0,56.0,-41.0,62.0,76.0,-65.0,-10.0,61.0,39.0,28.0,68.0,-93.0,-60.57,31.97,-6.25,37.21,59.25,-62.67,-12.91,42.41,49.68,22.33,13.560000000000002,-73.19
2025-08-12T18:42:31.924007,-48.0,108.0,-21.0,74.0,-23.0,26.0,-30.0,50.0,-13.0,54.0,61.0,1.0,-64.57,83.97,13.75,49.21,-39.75,28.33,-32.91,31.41,-2.3200000000000003,48.33,6.560000000000002,20.81
2025-08-12T18:42:31.932163,-33.0,34.0,-60.0,59.0,35.0,29.0,-1.0,92.0,-48.0,110.0,33.0,-19.0,-49.57,9.969999999999999,-25.25,34.21,18.25,31.33,-3.91,73.41,-37.32,104.33,-21.439999999999998,0.8099999999999987
2025-08-12T18:42:31.936272,5.0,28.0,-39.0,14.0,-19.0,-29.0,-24.0,-14.0,-39.0,22.0,28.0,35.0,-11.57,3.969999999999999,-4.25,-10.79,-35.75,-26.67,-26.91,-32.59,-28.32,16.33,-26.439999999999998,54.81
2025-08-12T18:42:31.944519,124.0,54.0,-35.0,-32.0,11.0,-18.0,18.0,-3.0,22.0,-18.0,31.0,-32.0,107.43,29.97,-0.25,-56.79,-5.75,-15.67,15.09,-21.59,32.68,-23.67,-23.439999999999998,-12.190000000000001
2025-08-12T18:42:31.948669,44.0,25.0,-34.0,79.0,-21.0,2.0,-41.0,26.0,-16.0,12.0,70.0,-47.0,27.43,0.9699999999999989,0.75,54.21,-37.75,4.33,-43.91,7.41,-5.32,6.33,15.560000000000002,-27.19
2025-08-12T18:42:31.956974,8.0,-17.0,-51.0,-19.0,59.0,-56.0,-51.0,35.0,11.0,42.0,43.0,-52.0,-8.57,-41.03,-16.25,-43.79,42.25,-53.67,-53.91,16.41,21.68,36.33,-11.439999999999998,-32.19
2025-08-12T18:42:31.960838,21.0,57.0,-22.0,19.0,26.0,-25.0,4.0,68.0,-77.0,-68.0,71.0,5.0,4.43,32.97,12.75,-5.789999999999999,9.25,-22.67,1.0899999999999999,49.41,-66.32,-73.67,16.560000000000002,24.81
2025-08-12T18:42:31.969170,-57.0,60.0,-24.0,-23.0,121.0,-19.0,-28.0,10.0,10.0,24.0,9.0,-69.0,-73.57,35.97,10.75,-47.79,104.25,-16.67,-30.91,-8.59,20.68,18.33,-45.44,-49.19
2025-08-12T18:42:31.973174,34.0,41.0,-26.0,69.0,-34.0,12.0,-20.0,62.0,7.0,21.0,60.0,-70.0,17.43,16.97,8.75,44.21,-50.75,14.33,-22.91,43.41,17.68,15.33,5.560000000000002,-50.19
2025-08-12T18:42:31.981524,16.0,7.0,-109.0,-8.0,-1.0,-27.0,34.0,-58.0,-30.0,-34.0,62.0,-15.0,-0.5700000000000003,-17.03,-74.25,-32.79,-17.75,-24.67,31.09,-76.59,-19.32,-39.67,7.560000000000002,4.809999999999999
2025-08-12T18:42:31.985626,45.0,22.0,-76.0,-12.0,-9.0,-17.0,101.0,-62.0,-29.0,-88.0,44.0,45.0,28.43,-2.030000000000001,-41.25,-36.79,-25.75,-14.67,98.09,-80.59,-18.32,-93.67,-10.439999999999998,64.81
2025-08-12T18:42:31.993618,-12.0,-53.0,-67.0,13.0,-40.0,10.0,-22.0,50.0,50.0,-42.0,57.0,20.0,-28.57,-77.03,-32.25,-11.79,-56.75,12.33,-24.91,31.41,60.68,-47.67,2.5600000000000023,39.81
2025-08-12T18:42:31.997986,16.0,66.0,-69.0,-20.0,-13.0,-17.0,-4.0,18.0,-42.0,-49.0,62.0,23.0,-0.5700000000000003,41.97,-34.25,-44.79,-29.75,-14.67,-6.91,-0.5899999999999999,-31.32,-54.67,7.560000000000002,42.81
2025-08-12T18:42:32.006022,-3.0,17.0,-7.0,-23.0,-2.0,-45.0,-18.0,4.0,-34.0,-10.0,113.0,-55.0,-19.57,-7.030000000000001,27.75,-47.79,-18.75,-42.67,-20.91,-14.59,-23.32,-15.67,58.56,-35.19
2025-08-12T18:42:32.010198,-3.0,65.0,-63.0,22.0,-53.0,-37.0,2.0,10.0,-74.0,-16.0,19.0,-79.0,-19.57,40.97,-28.25,-2.789999999999999,-69.75,-34.67,-0.9100000000000001,-8.59,-63.32,-21.67,-35.44,-59.19
2025-08-12T18:42:32.018328,93.0,13.0,-69.0,-21.0,59.0,-31.0,-10.0,27.0,19.0,-19.0,76.0,-26.0,76.43,-11.030000000000001,-34.25,-45.79,42.25,-28.67,-12.91,8.41,29.68,-24.67,21.560000000000002,-6.190000000000001
2025-08-12T18:42:32.022466,31.0,6.0,-112.0,92.0,6.0,-27.0,39.0,32.0,-23.0,26.0,1.0,-3.0,14.43,-18.03,-77.25,67.21000000000001,-10.75,-24.67,36.09,13.41,-12.32,20.33,-53.44,16.81
2025-08-12T18:42:32.030395,12.0,42.0,-58.0,10.0,12.0,-29.0,28.0,25.0,-13.0,102.0,18.0,-8.0,-4.57,17.97,-23.25,-14.79,-4.75,-26.67,25.09,6.41,-2.3200000000000003,96.33,-36.44,11.809999999999999
2025-08-12T18:42:32.034812,20.0,17.0,17.0,20.0,54.0,-22.0,10.0,-29.0,-60.0,-23.0,47.0,-49.0,3.4299999999999997,-7.030000000000001,51.75,-4.789999999999999,37.25,-19.67,7.09,-47.59,-49.32,-28.67,-7.439999999999998,-29.19
2025-08-12T18:42:32.042758,-16.0,-3.0,-54.0,64.0,25.0,-20.0,-40.0,76.0,-12.0,57.0,35.0,-19.0,-32.57,-27.03,-19.25,39.21,8.25,-17.67,-42.91,57.41,-1.3200000000000003,51.33,-19.439999999999998,0.8099999999999987
2025-08-12T18:42:32.046889,1.0,72.0,-26.0,37.0,-2.0,36.0,-11.0,-18.0,-5.0,-12.0,40.0,-43.0,-15.57,47.97,8.75,12.21,-18.75,38.33,-13.91,-36.59,5.68,-17.67,-14.439999999999998,-23.19
2025-08-12T18:42:32.055036,4.0,-23.0,-31.0,-3.0,97.0,-78.0,-17.0,-17.0,7.0,-93.0,38.0,-19.0,-12.57,-47.03,3.75,-27.79,80.25,-75.67,-19.91,-35.59,17.68,-98.67,-16.439999999999998,0.8099999999999987
2025-08-12T18:42:32.059329,-6.0,34.0,5.0,-30.0,-33.0,-42.0,-45.0,62.0,2.0,17.0,31.0,-48.0,-22.57,9.969999999999999,39.75,-54.79,-49.75,-39.67,-47.91,43.41,12.68,11.33,-23.439999999999998,-28.19
2025-08-12T18:42:32.067269,-56.0,16.0,-32.0,-9.0,-7.0,-53.0,-20.0,-1.0,-14.0,77.0,112.0,4.0,-72.57,-8.030000000000001,2.75,-33.79,-23.75,-50.67,-22.91,-19.59,-3.3200000000000003,71.33,57.56,23.81
2025-08-12T18:42:32.071579,-18.0,33.0,-72.0,32.0,36.0,-79.0,-66.0,29.0,-7.0,-5.0,49.0,-28.0,-34.57,8.969999999999999,-37.25,7.210000000000001,19.25,-76.67,-68.91,10.41,3.6799999999999997,-10.67,-5.439999999999998,-8.190000000000001
2025-08-12T18:42:32.079532,-6.0,31.0,-13.0,5.0,-15.0,6.0,-9.0,26.0,-15.0,6.0,39.0,-35.0,-22.57,6.969999999999999,21.75,-19.79,-31.75,8.33,-11.91,7.41,-4.32,0.33000000000000007,-15.439999999999998,-15.190000000000001
2025-08-12T18:42:32.084010,-10.0,38.0,-50.0,38.0,-42.0,-70.0,-55.0,-18.0,16.0,-32.0,21.0,16.0,-26.57,13.969999999999999,-15.25,13.21,-58.75,-67.67,-57.91,-36.59,26.68,-37.67,-33.44,35.81
2025-08-12T18:42:32.091791,12.0,49.0,-10.0,0.0,9.0,18.0,-55.0,38.0,-11.0,7.0,21.0,94.0,-4.57,24.97,24.75,-24.79,-7.75,20.33,-57.91,19.41,-0.3200000000000003,1.33,-33.44,113.81
2025-08-12T18:42:32.096052,54.0,114.0,-18.0,4.0,0.0,26.0,-42.0,59.0,-3.0,-38.0,68.0,35.0,37.43,89.97,16.75,-20.79,-16.75,28.33,-44.91,40.41,7.68,-43.67,13.560000000000002,54.81
2025-08-12T18:42:32.104179,34.0,40.0,-35.0,-31.0,6.0,-24.0,-10.0,36.0,-109.0,15.0,39.0,-5.0,17.43,15.969999999999999,-0.25,-55.79,-10.75,-21.67,-12.91,17.41,-98.32,9.33,-15.439999999999998,14.809999999999999
2025-08-12T18:42:32.108553,1.0,108.0,-94.0,-26.0,15.0,-71.0,23.0,9.0,1.0,5.0,67.0,-43.0,-15.57,83.97,-59.25,-50.79,-1.75,-68.67,20.09,-9.59,11.68,-0.6699999999999999,12.560000000000002,-23.19
2025-08-12T18:42:32.116508,93.0,18.0,-114.0,81.0,94.0,-28.0,-13.0,26.0,-17.0,-8.0,22.0,-99.0,76.43,-6.030000000000001,-79.25,56.21,77.25,-25.67,-15.91,7.41,-6.32,-13.67,-32.44,-79.19
2025-08-12T18:42:32.120659,27.0,42.0,-72.0,143.0,65.0,13.0,-1.0,-40.0,9.0,-18.0,28.0,-15.0,10.43,17.97,-37.25,118.21000000000001,48.25,15.33,-3.91,-58.59,19.68,-23.67,-26.439999999999998,4.809999999999999
2025-08-12T18:42:32.124718,36.0,40.0,-87.0,9.0,41.0,-64.0,15.0,-38.0,-67.0,32.0,50.0,-86.0,19.43,15.969999999999999,-52.25,-15.79,24.25,-61.67,12.09,-56.59,-56.32,26.33,-4.439999999999998,-66.19
2025-08-12T18:42:32.132867,32.0,73.0,-46.0,51.0,46.0,-42.0,5.0,7.0,-38.0,-7.0,107.0,-41.0,15.43,48.97,-11.25,26.21,29.25,-39.67,2.09,-11.59,-27.32,-12.67,52.56,-21.19
2025-08-12T18:42:32.141047,-30.0,74.0,-31.0,-22.0,-1.0,-59.0,-74.0,-21.0,-21.0,51.0,59.0,-90.0,-46.57,49.97,3.75,-46.79,-17.75,-56.67,-76.91,-39.59,-10.32,45.33,4.560000000000002,-70.19
2025-08-12T18:42:32.145207,16.0,73.0,-43.0,7.0,32.0,-2.0,-45.0,9.0,-33.0,15.0,12.0,-25.0,-0.5700000000000003,48.97,-8.25,-17.79,15.25,0.33000000000000007,-47.91,-9.59,-22.32,9.33,-42.44,-5.190000000000001
2025-08-12T18:42:32.149275,31.0,53.0,-27.0,125.0,-7.0,-4.0,-38.0,23.0,0.0,-7.0,34.0,-55.0,14.43,28.97,7.75,100.21000000000001,-23.75,-1.67,-40.91,4.41,10.68,-12.67,-20.439999999999998,-35.19
2025-08-12T18:42:32.157611,-52.0,86.0,-78.0,6.0,19.0,8.0,-14.0,74.0,-28.0,57.0,21.0,-41.0,-68.57,61.97,-43.25,-18.79,2.25,10.33,-16.91,55.41,-17.32,51.33,-33.44,-21.19
2025-08-12T18:42:32.161633,37.0,43.0,-73.0,6.0,-64.0,-2.0,-47.0,10.0,30.0,45.0,41.0,11.0,20.43,18.97,-38.25,-18.79,-80.75,0.33000000000000007,-49.91,-8.59,40.68,39.33,-13.439999999999998,30.81
2025-08-12T18:42:32.169877,-27.0,36.0,-138.0,19.0,56.0,-39.0,-31.0,1.0,-107.0,-31.0,18.0,-61.0,-43.57,11.969999999999999,-103.25,-5.789999999999999,39.25,-36.67,-33.91,-17.59,-96.32,-36.67,-36.44,-41.19
2025-08-12T18:42:32.173846,100.0,35.0,-64.0,34.0,84.0,-14.0,-25.0,16.0,28.0,-16.0,57.0,-39.0,83.43,10.969999999999999,-29.25,9.21,67.25,-11.67,-27.91,-2.59,38.68,-21.67,2.5600000000000023,-19.19
2025-08-12T18:42:32.182092,51.0,73.0,8.0,27.0,-9.0,-46.0,-28.0,9.0,-52.0,-54.0,27.0,-26.0,34.43,48.97,42.75,2.210000000000001,-25.75,-43.67,-30.91,-9.59,-41.32,-59.67,-27.439999999999998,-6.190000000000001
2025-08-12T18:42:32.186167,30.0,54.0,-30.0,20.0,-16.0,-54.0,1.0,104.0,-38.0,-42.0,55.0,57.0,13.43,29.97,4.75,-4.789999999999999,-32.75,-51.67,-1.9100000000000001,85.41,-27.32,-47.67,0.5600000000000023,76.81
2025-08-12T18:42:32.194321,18.0,-14.0,-5.0,27.0,46.0,-7.0,10.0,9.0,-56.0,23.0,108.0,-1.0,1.4299999999999997,-38.03,29.75,2.210000000000001,29.25,-4.67,7.09,-9.59,-45.32,17.33,53.56,18.81
2025-08-12T18:42:32.198394,34.0,65.0,-28.0,53.0,15.0,-42.0,30.0,106.0,-4.0,-6.0,67.0,-26.0,17.43,40.97,6.75,28.21,-1.75,-39.67,27.09,87.41,6.68,-11.67,12.560000000000002,-6.190000000000001
2025-08-12T18:42:32.206600,57.0,77.0,-49.0,-6.0,-74.0,15.0,-56.0,-1.0,-49.0,63.0,11.0,-18.0,40.43,52.97,-14.25,-30.79,-90.75,17.33,-58.91,-19.59,-38.32,57.33,-43.44,1.8099999999999987
2025-08-12T18:42:32.210999,81.0,45.0,-51.0,-10.0,-12.0,-69.0,24.0,-4.0,39.0,25.0,32.0,-13.0,64.43,20.97,-16.25,-34.79,-28.75,-66.67,21.09,-22.59,49.68,19.33,-22.439999999999998,6.809999999999999
2025-08-12T18:42:32.218913,26.0,52.0,-54.0,15.0,10.0,-19.0,-97.0,-31.0,3.0,42.0,57.0,-61.0,9.43,27.97,-19.25,-9.79,-6.75,-16.67,-99.91,-49.59,13.68,36.33,2.5600000000000023,-41.19
2025-08-12T18:42:32.223257,4.0,-15.0,-78.0,-13.0,16.0,-43.0,-14.0,-30.0,6.0,20.0,53.0,-52.0,-12.57,-39.03,-43.25,-37.79,-0.75,-40.67,-16.91,-48.59,16.68,14.33,-1.4399999999999977,-32.19
2025-08-12T18:42:32.231274,-16.0,21.0,-103.0,76.0,-5.0,-30.0,-64.0,-22.0,-48.0,44.0,39.0,-22.0,-32.57,-3.030000000000001,-68.25,51.21,-21.75,-27.67,-66.91,-40.59,-37.32,38.33,-15.439999999999998,-2.1900000000000013
2025-08-12T18:42:32.235629,76.0,28.0,-18.0,12.0,-16.0,-39.0,-108.0,-14.0,31.0,3.0,30.0,-22.0,59.43,3.969999999999999,16.75,-12.79,-32.75,-36.67,-110.91,-32.59,41.68,-2.67,-24.439999999999998,-2.1900000000000013
2025-08-12T18:42:32.243596,27.0,16.0,-36.0,67.0,39.0,-28.0,17.0,49.0,8.0,-24.0,116.0,-69.0,10.43,-8.030000000000001,-1.25,42.21,22.25,-25.67,14.09,30.41,18.68,-29.67,61.56,-49.19
2025-08-12T18:42:32.247909,24.0,-48.0,-34.0,16.0,65.0,-77.0,-16.0,34.0,-28.0,-46.0,85.0,21.0,7.43,-72.03,0.75,-8.79,48.25,-74.67,-18.91,15.41,-17.32,-51.67,30.560000000000002,40.81
2025-08-12T18:42:32.255821,8.0,26.0,-22.0,-62.0,18.0,-28.0,-45.0,-5.0,-120.0,-4.0,75.0,-19.0,-8.57,1.9699999999999989,12.75,-86.78999999999999,1.25,-25.67,-47.91,-23.59,-109.32,-9.67,20.560000000000002,0.8099999999999987
2025-08-12T18:42:32.260031,18.0,0.0,-20.0,15.0,41.0,-55.0,26.0,9.0,-47.0,-30.0,127.0,-56.0,1.4299999999999997,-24.03,14.75,-9.79,24.25,-52.67,23.09,-9.59,-36.32,-35.67,72.56,-36.19
2025-08-12T18:42:32.268109,86.0,44.0,-6.0,22.0,3.0,-4.0,-44.0,-57.0,-8.0,71.0,8.0,-88.0,69.43,19.97,28.75,-2.789999999999999,-13.75,-1.67,-46.91,-75.59,2.6799999999999997,65.33,-46.44,-68.19
2025-08-12T18:42:32.272281,-10.0,56.0,-29.0,56.0,21.0,-9.0,46.0,9.0,-25.0,11.0,69.0,-111.0,-26.57,31.97,5.75,31.21,4.25,-6.67,43.09,-9.59,-14.32,5.33,14.560000000000002,-91.19
2025-08-12T18:42:32.280319,4.0,45.0,-74.0,-17.0,-4.0,-71.0,-42.0,11.0,34.0,52.0,70.0,-95.0,-12.57,20.97,-39.25,-41.79,-20.75,-68.67,-44.91,-7.59,44.68,46.33,15.560000000000002,-75.19
2025-08-12T18:42:32.284655,-13.0,-11.0,-3.0,81.0,-4.0,-27.0,72.0,-6.0,-49.0,17.0,27.0,-95.0,-29.57,-35.03,31.75,56.21,-20.75,-24.67,69.09,-24.59,-38.32,11.33,-27.439999999999998,-75.19
2025-08-12T18:42:32.292574,72.0,43.0,-24.0,46.0,28.0,-30.0,-38.0,44.0,-4.0,57.0,68.0,-57.0,55.43,18.97,10.75,21.21,11.25,-27.67,-40.91,25.41,6.68,51.33,13.560000000000002,-37.19
2025-08-12T18:42:32.296873,-1.0,70.0,-47.0,-2.0,-66.0,-3.0,-8.0,2.0,-3.0,49.0,35.0,-70.0,-17.57,45.97,-12.25,-26.79,-82.75,-0.6699999999999999,-10.91,-16.59,7.68,43.33,-19.439999999999998,-50.19
2025-08-12T18:42:32.304777,-17.0,45.0,-42.0,-20.0,-26.0,-17.0,-45.0,-63.0,-10.0,-14.0,82.0,-49.0,-33.57,20.97,-7.25,-44.79,-42.75,-14.67,-47.91,-81.59,0.6799999999999997,-19.67,27.560000000000002,-29.19
2025-08-12T18:42:32.309158,15.0,25.0,-74.0,10.0,-11.0,21.0,-4.0,24.0,-58.0,40.0,67.0,-31.0,-1.5700000000000003,0.9699999999999989,-39.25,-14.79,-27.75,23.33,-6.91,5.41,-47.32,34.33,12.560000000000002,-11.190000000000001
2025-08-12T18:42:32.317090,33.0,27.0,-56.0,-4.0,-63.0,-14.0,-28.0,52.0,-22.0,-7.0,68.0,-41.0,16.43,2.969999999999999,-21.25,-28.79,-79.75,-11.67,-30.91,33.41,-11.32,-12.67,13.560000000000002,-21.19
2025-08-12T18:42:32.321319,-25.0,-2.0,-68.0,90.0,17.0,-78.0,-37.0,61.0,-63.0,-69.0,82.0,-27.0,-41.57,-26.03,-33.25,65.21000000000001,0.25,-75.67,-39.91,42.41,-52.32,-74.67,27.560000000000002,-7.190000000000001
2025-08-12T18:42:32.329296,49.0,93.0,-54.0,8.0,46.0,-46.0,15.0,37.0,-41.0,19.0,44.0,-32.0,32.43,68.97,-19.25,-16.79,29.25,-43.67,12.09,18.41,-30.32,13.33,-10.439999999999998,-12.190000000000001
2025-08-12T18:42:32.333730,50.0,35.0,-59.0,19.0,-16.0,-20.0,-25.0,0.0,-6.0,-24.0,63.0,-1.0,33.43,10.969999999999999,-24.25,-5.789999999999999,-32.75,-17.67,-27.91,-18.59,4.68,-29.67,8.560000000000002,18.81
2025-08-12T18:42:32.337895,45.0,43.0,-89.0,9.0,-26.0,7.0,-68.0,5.0,-39.0,-15.0,90.0,-69.0,28.43,18.97,-54.25,-15.79,-42.75,9.33,-70.91,-13.59,-28.32,-20.67,35.56,-49.19
2025-08-12T18:42:32.345906,53.0,-64.0,-94.0,88.0,-19.0,16.0,12.0,-16.0,-69.0,14.0,77.0,-81.0,36.43,-88.03,-59.25,63.21,-35.75,18.33,9.09,-34.59,-58.32,8.33,22.560000000000002,-61.19
2025-08-12T18:42:32.349898,20.0,23.0,-107.0,101.0,13.0,-26.0,2.0,49.0,4.0,88.0,67.0,-8.0,3.4299999999999997,-1.0300000000000011,-72.25,76.21000000000001,-3.75,-23.67,-0.9100000000000001,30.41,14.68,82.33,12.560000000000002,11.809999999999999
2025-08-12T18:42:32.358245,44.0,-55.0,-110.0,22.0,-32.0,5.0,4.0,-50.0,-57.0,27.0,80.0,-131.0,27.43,-79.03,-75.25,-2.789999999999999,-48.75,7.33,1.0899999999999999,-68.59,-46.32,21.33,25.560000000000002,-111.19
2025-08-12T18:42:32.362244,14.0,29.0,-68.0,24.0,-66.0,-32.0,-3.0,13.0,68.0,-46.0,66.0,-81.0,-2.5700000000000003,4.969999999999999,-33.25,-0.7899999999999991,-82.75,-29.67,-5.91,-5.59,78.68,-51.67,11.560000000000002,-61.19
2025-08-12T18:42:32.370461,30.0,-36.0,-68.0,25.0,0.0,-23.0,-57.0,20.0,-13.0,23.0,54.0,-48.0,13.43,-60.03,-33.25,0.21000000000000085,-16.75,-20.67,-59.91,1.4100000000000001,-2.3200000000000003,17.33,-0.4399999999999977,-28.19
2025-08-12T18:42:32.374636,16.0,-2.0,-68.0,65.0,-49.0,-64.0,-41.0,28.0,-6.0,18.0,29.0,-40.0,-0.5700000000000003,-26.03,-33.25,40.21,-65.75,-61.67,-43.91,9.41,4.68,12.33,-25.439999999999998,-20.19
2025-08-12T18:42:32.382745,67.0,0.0,-45.0,18.0,-38.0,-73.0,-14.0,-12.0,14.0,20.0,-5.0,-11.0,50.43,-24.03,-10.25,-6.789999999999999,-54.75,-70.67,-16.91,-30.59,24.68,14.33,-59.44,8.809999999999999
2025-08-12T18:42:32.386806,69.0,68.0,-85.0,54.0,43.0,-35.0,-60.0,25.0,-47.0,33.0,36.0,-103.0,52.43,43.97,-50.25,29.21,26.25,-32.67,-62.91,6.41,-36.32,27.33,-18.439999999999998,-83.19
2025-08-12T18:42:32.394954,-19.0,-9.0,-28.0,93.0,-33.0,-103.0,2.0,28.0,-28.0,-1.0,26.0,-60.0,-35.57,-33.03,6.75,68.21000000000001,-49.75,-100.67,-0.9100000000000001,9.41,-17.32,-6.67,-28.439999999999998,-40.19
2025-08-12T18:42:32.399319,-30.0,5.0,-23.0,8.0,-8.0,-89.0,-25.0,-9.0,-54.0,13.0,73.0,-41.0,-46.57,-19.03,11.75,-16.79,-24.75,-86.67,-27.91,-27.59,-43.32,7.33,18.560000000000002,-21.19
2025-08-12T18:42:32.407257,22.0,62.0,-39.0,-6.0,8.0,-68.0,-67.0,18.0,-40.0,5.0,45.0,1.0,5.43,37.97,-4.25,-30.79,-8.75,-65.67,-69.91,-0.5899999999999999,-29.32,-0.6699999999999999,-9.439999999999998,20.81
2025-08-12T18:42:32.411703,-12.0,47.0,-45.0,10.0,-13.0,-24.0,-6.0,38.0,-35.0,24.0,1.0,-30.0,-28.57,22.97,-10.25,-14.79,-29.75,-21.67,-8.91,19.41,-24.32,18.33,-53.44,-10.190000000000001
2025-08-12T18:42:32.419626,14.0,-4.0,6.0,42.0,8.0,-106.0,18.0,11.0,-47.0,-3.0,26.0,10.0,-2.5700000000000003,-28.03,40.75,17.21,-8.75,-103.67,15.09,-7.59,-36.32,-8.67,-28.439999999999998,29.81
2025-08-12T18:42:32.423850,-26.0,17.0,-36.0,36.0,-2.0,-23.0,-7.0,-6.0,-60.0,-35.0,-16.0,6.0,-42.57,-7.030000000000001,-1.25,11.21,-18.75,-20.67,-9.91,-24.59,-49.32,-40.67,-70.44,25.81
2025-08-12T18:42:32.431782,-18.0,137.0,-60.0,49.0,33.0,-90.0,-31.0,92.0,-77.0,-7.0,63.0,-32.0,-34.57,112.97,-25.25,24.21,16.25,-87.67,-33.91,73.41,-66.32,-12.67,8.560000000000002,-12.190000000000001
2025-08-12T18:42:32.436214,50.0,-17.0,-93.0,52.0,-10.0,-54.0,15.0,81.0,-50.0,-24.0,44.0,-12.0,33.43,-41.03,-58.25,27.21,-26.75,-51.67,12.09,62.41,-39.32,-29.67,-10.439999999999998,7.809999999999999
2025-08-12T18:42:32.444028,55.0,34.0,-80.0,87.0,-8.0,1.0,-2.0,18.0,-106.0,-78.0,-1.0,-117.0,38.43,9.969999999999999,-45.25,62.21,-24.75,3.33,-4.91,-0.5899999999999999,-95.32,-83.67,-55.44,-97.19
2025-08-12T18:42:32.448494,45.0,45.0,-139.0,90.0,9.0,-28.0,-23.0,-24.0,-86.0,-47.0,35.0,-84.0,28.43,20.97,-104.25,65.21000000000001,-7.75,-25.67,-25.91,-42.59,-75.32,-52.67,-19.439999999999998,-64.19
2025-08-12T18:42:32.456422,108.0,9.0,-110.0,15.0,21.0,24.0,-11.0,-6.0,-66.0,-28.0,74.0,-100.0,91.43,-15.030000000000001,-75.25,-9.79,4.25,26.33,-13.91,-24.59,-55.32,-33.67,19.560000000000002,-80.19
2025-08-12T18:42:32.460604,14.0,31.0,-91.0,19.0,21.0,11.0,-35.0,17.0,-87.0,15.0,63.0,-70.0,-2.5700000000000003,6.969999999999999,-56.25,-5.789999999999999,4.25,13.33,-37.91,-1.5899999999999999,-76.32,9.33,8.560000000000002,-50.19
2025-08-12T18:42:32.468926,111.0,35.0,-49.0,-25.0,20.0,-8.0,-24.0,-6.0,-12.0,-7.0,107.0,12.0,94.43,10.969999999999999,-14.25,-49.79,3.25,-5.67,-26.91,-24.59,-1.3200000000000003,-12.67,52.56,31.81
2025-08-12T18:42:32.473496,8.0,72.0,-72.0,25.0,30.0,5.0,-29.0,71.0,-91.0,12.0,64.0,-72.0,-8.57,47.97,-37.25,0.21000000000000085,13.25,7.33,-31.91,52.41,-80.32,6.33,9.560000000000002,-52.19
2025-08-12T18:42:32.481047,-43.0,55.0,-56.0,27.0,-36.0,-63.0,-5.0,34.0,-96.0,-12.0,33.0,-16.0,-59.57,30.97,-21.25,2.210000000000001,-52.75,-60.67,-7.91,15.41,-85.32,-17.67,-21.439999999999998,3.8099999999999987
2025-08-12T18:42:32.485381,-24.0,12.0,-97.0,82.0,24.0,-92.0,-26.0,20.0,-46.0,-87.0,144.0,-73.0,-40.57,-12.030000000000001,-62.25,57.21,7.25,-89.67,-28.91,1.4100000000000001,-35.32,-92.67,89.56,-53.19
2025-08-12T18:42:32.493307,12.0,18.0,-35.0,42.0,27.0,-20.0,21.0,55.0,-62.0,-41.0,84.0,-67.0,-4.57,-6.030000000000001,-0.25,17.21,10.25,-17.67,18.09,36.41,-51.32,-46.67,29.560000000000002,-47.19
2025-08-12T18:42:32.497478,-35.0,43.0,-144.0,24.0,69.0,-19.0,41.0,-22.0,-33.0,-6.0,82.0,-71.0,-51.57,18.97,-109.25,-0.7899999999999991,52.25,-16.67,38.09,-40.59,-22.32,-11.67,27.560000000000002,-51.19
2025-08-12T18:42:32.505553,96.0,56.0,-86.0,45.0,71.0,-98.0,-15.0,4.0,-23.0,-80.0,48.0,-47.0,79.43,31.97,-51.25,20.21,54.25,-95.67,-17.91,-14.59,-12.32,-85.67,-6.439999999999998,-27.19
2025-08-12T18:42:32.509793,130.0,59.0,-107.0,39.0,-2.0,-7.0,-27.0,24.0,-92.0,-8.0,-1.0,-47.0,113.43,34.97,-72.25,14.21,-18.75,-4.67,-29.91,5.41,-81.32,-13.67,-55.44,-27.19
2025-08-12T18:42:32.517793,12.0,47.0,-97.0,5.0,10.0,-42.0,-68.0,47.0,18.0,-40.0,61.0,-45.0,-4.57,22.97,-62.25,-19.79,-6.75,-39.67,-70.91,28.41,28.68,-45.67,6.560000000000002,-25.19
2025-08-12T18:42:32.522134,87.0,43.0,-85.0,22.0,24.0,-61.0,-38.0,-15.0,-8.0,66.0,63.0,-91.0,70.43,18.97,-50.25,-2.789999999999999,7.25,-58.67,-40.91,-33.59,2.6799999999999997,60.33,8.560000000000002,-71.19
2025-08-12T18:42:32.530179,29.0,71.0,-65.0,-1.0,50.0,12.0,-22.0,97.0,-43.0,-15.0,43.0,-35.0,12.43,46.97,-30.25,-25.79,33.25,14.33,-24.91,78.41,-32.32,-20.67,-11.439999999999998,-15.190000000000001
2025-08-12T18:42:32.534500,69.0,151.0,-60.0,61.0,-21.0,-58.0,-17.0,62.0,7.0,47.0,57.0,-108.0,52.43,126.97,-25.25,36.21,-37.75,-55.67,-19.91,43.41,17.68,41.33,2.5600000000000023,-88.19
2025-08-12T18:42:32.542448,101.0,12.0,-78.0,65.0,-17.0,-48.0,-19.0,-8.0,-67.0,14.0,57.0,-20.0,84.43,-12.030000000000001,-43.25,40.21,-33.75,-45.67,-21.91,-26.59,-56.32,8.33,2.5600000000000023,-0.19000000000000128
2025-08-12T18:42:32.546805,56.0,18.0,-22.0,111.0,-32.0,-89.0,126.0,-7.0,-106.0,49.0,4.0,-18.0,39.43,-6.030000000000001,12.75,86.21000000000001,-48.75,-86.67,123.09,-25.59,-95.32,43.33,-50.44,1.8099999999999987
2025-08-12T18:42:32.554845,0.0,91.0,-121.0,23.0,-1.0,-12.0,-22.0,59.0,-81.0,-37.0,59.0,-95.0,-16.57,66.97,-86.25,-1.7899999999999991,-17.75,-9.67,-24.91,40.41,-70.32,-42.67,4.560000000000002,-75.19
2025-08-12T18:42:32.558870,2.0,-20.0,-70.0,59.0,39.0,-46.0,16.0,19.0,41.0,-36.0,19.0,-88.0,-14.57,-44.03,-35.25,34.21,22.25,-43.67,13.09,0.41000000000000014,51.68,-41.67,-35.44,-68.19
2025-08-12T18:42:32.562907,55.0,48.0,-91.0,58.0,0.0,-86.0,-34.0,24.0,0.0,-2.0,116.0,-52.0,38.43,23.97,-56.25,33.21,-16.75,-83.67,-36.91,5.41,10.68,-7.67,61.56,-32.19
2025-08-12T18:42:32.571301,23.0,16.0,-39.0,77.0,8.0,-70.0,-3.0,32.0,-101.0,-20.0,103.0,-71.0,6.43,-8.030000000000001,-4.25,52.21,-8.75,-67.67,-5.91,13.41,-90.32,-25.67,48.56,-51.19
2025-08-12T18:42:32.575249,5.0,79.0,-100.0,95.0,39.0,-74.0,-42.0,3.0,-37.0,-25.0,78.0,-103.0,-11.57,54.97,-65.25,70.21000000000001,22.25,-71.67,-44.91,-15.59,-26.32,-30.67,23.560000000000002,-83.19
2025-08-12T18:42:32.583459,-7.0,6.0,-111.0,41.0,19.0,-75.0,-64.0,18.0,-126.0,19.0,68.0,-78.0,-23.57,-18.03,-76.25,16.21,2.25,-72.67,-66.91,-0.5899999999999999,-115.32,13.33,13.560000000000002,-58.19
2025-08-12T18:42:32.591666,47.0,44.0,-152.0,62.0,65.0,-59.0,-21.0,6.0,-108.0,-49.0,32.0,-56.0,30.43,19.97,-117.25,37.21,48.25,-56.67,-23.91,-12.59,-97.32,-54.67,-22.439999999999998,-36.19
2025-08-12T18:42:32.595782,94.0,1.0,-100.0,12.0,5.0,-51.0,-20.0,32.0,-176.0,80.0,23.0,-85.0,77.43,-23.03,-65.25,-12.79,-11.75,-48.67,-22.91,13.41,-165.32,74.33,-31.439999999999998,-65.19
2025-08-12T18:42:32.599817,45.0,87.0,-119.0,3.0,-56.0,-71.0,22.0,9.0,-22.0,20.0,44.0,-48.0,28.43,62.97,-84.25,-21.79,-72.75,-68.67,19.09,-9.59,-11.32,14.33,-10.439999999999998,-28.19
2025-08-12T18:42:32.608193,90.0,59.0,-123.0,-5.0,-26.0,-92.0,-7.0,-8.0,-33.0,-39.0,34.0,-65.0,73.43,34.97,-88.25,-29.79,-42.75,-89.67,-9.91,-26.59,-22.32,-44.67,-20.439999999999998,-45.19
2025-08-12T18:42:32.612088,40.0,24.0,-108.0,63.0,53.0,-37.0,18.0,45.0,-17.0,-9.0,5.0,-92.0,23.43,-0.030000000000001137,-73.25,38.21,36.25,-34.67,15.09,26.41,-6.32,-14.67,-49.44,-72.19
2025-08-12T18:42:32.620438,131.0,44.0,-201.0,39.0,7.0,-72.0,-21.0,-31.0,-39.0,-31.0,101.0,-35.0,114.43,19.97,-166.25,14.21,-9.75,-69.67,-23.91,-49.59,-28.32,-36.67,46.56,-15.190000000000001
2025-08-12T18:42:32.628346,102.0,62.0,-113.0,88.0,-11.0,-41.0,-67.0,4.0,-88.0,-51.0,127.0,-98.0,85.43,37.97,-78.25,63.21,-27.75,-38.67,-69.91,-14.59,-77.32,-56.67,72.56,-78.19
2025-08-12T18:42:32.632887,113.0,31.0,-81.0,119.0,-46.0,-52.0,-41.0,-20.0,-48.0,-53.0,65.0,-103.0,96.43,6.969999999999999,-46.25,94.21000000000001,-62.75,-49.67,-43.91,-38.59,-37.32,-58.67,10.560000000000002,-83.19
2025-08-12T18:42:32.640711,-29.0,0.0,-119.0,67.0,-22.0,-37.0,21.0,53.0,-146.0,22.0,51.0,-125.0,-45.57,-24.03,-84.25,42.21,-38.75,-34.67,18.09,34.41,-135.32,16.33,-3.4399999999999977,-105.19
2025-08-12T18:42:32.644925,-25.0,6.0,-87.0,71.0,-36.0,-4.0,-46.0,20.0,-70.0,36.0,42.0,-126.0,-41.57,-18.03,-52.25,46.21,-52.75,-1.67,-48.91,1.4100000000000001,-59.32,30.33,-12.439999999999998,-106.19
2025-08-12T18:42:32.653132,-7.0,135.0,-131.0,65.0,-34.0,-102.0,13.0,24.0,-131.0,38.0,42.0,-144.0,-23.57,110.97,-96.25,40.21,-50.75,-99.67,10.09,5.41,-120.32,32.33,-12.439999999999998,-124.19
2025-08-12T18:42:32.657394,-5.0,99.0,-138.0,32.0,52.0,-103.0,15.0,-58.0,-71.0,-48.0,-2.0,-76.0,-21.57,74.97,-103.25,7.210000000000001,35.25,-100.67,12.09,-76.59,-60.32,-53.67,-56.44,-56.19
2025-08-12T18:42:32.665470,98.0,67.0,-144.0,8.0,27.0,-101.0,-3.0,35.0,-29.0,2.0,57.0,-89.0,81.43,42.97,-109.25,-16.79,10.25,-98.67,-5.91,16.41,-18.32,-3.67,2.5600000000000023,-69.19
2025-08-12T18:42:32.669631,24.0,45.0,-137.0,104.0,-22.0,-41.0,-35.0,16.0,-83.0,2.0,32.0,-73.0,7.43,20.97,-102.25,79.21000000000001,-38.75,-38.67,-37.91,-2.59,-72.32,-3.67,-22.439999999999998,-53.19
2025-08-12T18:42:32.677698,20.0,-6.0,-169.0,28.0,-30.0,-89.0,-7.0,-31.0,-84.0,-24.0,60.0,-58.0,3.4299999999999997,-30.03,-134.25,3.210000000000001,-46.75,-86.67,-9.91,-49.59,-73.32,-29.67,5.560000000000002,-38.19
2025-08-12T18:42:32.682015,57.0,19.0,-127.0,-6.0,17.0,-115.0,-30.0,-57.0,-127.0,-10.0,148.0,-152.0,40.43,-5.030000000000001,-92.25,-30.79,0.25,-112.67,-32.91,-75.59,-116.32,-15.67,93.56,-132.19
2025-08-12T18:42:32.690023,122.0,30.0,-53.0,64.0,18.0,-132.0,-40.0,-39.0,-104.0,-48.0,83.0,-88.0,105.43,5.969999999999999,-18.25,39.21,1.25,-129.67,-42.91,-57.59,-93.32,-53.67,28.560000000000002,-68.19
2025-08-12T18:42:32.694195,0.0,-14.0,-170.0,3.0,-68.0,-100.0,7.0,-26.0,-141.0,15.0,52.0,-168.0,-16.57,-38.03,-135.25,-21.79,-84.75,-97.67,4.09,-44.59,-130.32,9.33,-2.4399999999999977,-148.19
2025-08-12T18:42:32.702163,-36.0,131.0,-82.0,93.0,-20.0,-106.0,-17.0,-15.0,-91.0,28.0,57.0,-75.0,-52.57,106.97,-47.25,68.21000000000001,-36.75,-103.67,-19.91,-33.59,-80.32,22.33,2.5600000000000023,-55.19
2025-08-12T18:42:32.706595,80.0,101.0,-123.0,118.0,13.0,-106.0,10.0,-76.0,-38.0,-110.0,28.0,-71.0,63.43,76.97,-88.25,93.21000000000001,-3.75,-103.67,7.09,-94.59,-27.32,-115.67,-26.439999999999998,-51.19
2025-08-12T18:42:32.714588,-33.0,67.0,-162.0,4.0,37.0,-120.0,-122.0,2.0,-4.0,8.0,73.0,-118.0,-49.57,42.97,-127.25,-20.79,20.25,-117.67,-124.91,-16.59,6.68,2.33,18.560000000000002,-98.19
2025-08-12T18:42:32.718933,38.0,52.0,-45.0,93.0,-20.0,-103.0,-71.0,-2.0,-90.0,-38.0,77.0,-56.0,21.43,27.97,-10.25,68.21000000000001,-36.75,-100.67,-73.91,-20.59,-79.32,-43.67,22.560000000000002,-36.19
2025-08-12T18:42:32.726702,20.0,100.0,-108.0,37.0,-94.0,-90.0,8.0,16.0,-118.0,-5.0,39.0,-140.0,3.4299999999999997,75.97,-73.25,12.21,-110.75,-87.67,5.09,-2.59,-107.32,-10.67,-15.439999999999998,-120.19
2025-08-12T18:42:32.731257,15.0,52.0,-100.0,117.0,-53.0,-86.0,-30.0,-8.0,-104.0,35.0,88.0,-97.0,-1.5700000000000003,27.97,-65.25,92.21000000000001,-69.75,-83.67,-32.91,-26.59,-93.32,29.33,33.56,-77.19
2025-08-12T18:42:32.739204,-17.0,67.0,-176.0,29.0,-54.0,-113.0,-15.0,-23.0,-87.0,-20.0,59.0,-82.0,-33.57,42.97,-141.25,4.210000000000001,-70.75,-110.67,-17.91,-41.59,-76.32,-25.67,4.560000000000002,-62.19
2025-08-12T18:42:32.743543,38.0,68.0,-122.0,135.0,-32.0,-77.0,-121.0,-8.0,-45.0,-48.0,89.0,-114.0,21.43,43.97,-87.25,110.21000000000001,-48.75,-74.67,-123.91,-26.59,-34.32,-53.67,34.56,-94.19
2025-08-12T18:42:32.751416,69.0,33.0,-131.0,70.0,45.0,-52.0,-109.0,-29.0,-72.0,-4.0,45.0,-164.0,52.43,8.969999999999999,-96.25,45.21,28.25,-49.67,-111.91,-47.59,-61.32,-9.67,-9.439999999999998,-144.19
2025-08-12T18:42:32.755978,56.0,-14.0,-97.0,-2.0,-36.0,-97.0,-66.0,41.0,-127.0,28.0,70.0,-144.0,39.43,-38.03,-62.25,-26.79,-52.75,-94.67,-68.91,22.41,-116.32,22.33,15.560000000000002,-124.19
2025-08-12T18:42:32.763824,16.0,4.0,-129.0,97.0,-26.0,-125.0,-58.0,5.0,-129.0,-30.0,78.0,-148.0,-0.5700000000000003,-20.03,-94.25,72.21000000000001,-42.75,-122.67,-60.91,-13.59,-118.32,-35.67,23.560000000000002,-128.19
2025-08-12T18:42:32.768135,-10.0,47.0,-119.0,7.0,7.0,-95.0,-17.0,-40.0,-107.0,8.0,45.0,-99.0,-26.57,22.97,-84.25,-17.79,-9.75,-92.67,-19.91,-58.59,-96.32,2.33,-9.439999999999998,-79.19
2025-08-12T18:42:32.775984,-17.0,33.0,-158.0,58.0,24.0,-167.0,-71.0,-2.0,-60.0,-22.0,77.0,-88.0,-33.57,8.969999999999999,-123.25,33.21,7.25,-164.67,-73.91,-20.59,-49.32,-27.67,22.560000000000002,-68.19
2025-08-12T18:42:32.780082,59.0,69.0,-175.0,112.0,-8.0,-137.0,-63.0,-6.0,-107.0,-44.0,81.0,-142.0,42.43,44.97,-140.25,87.21000000000001,-24.75,-134.67,-65.91,-24.59,-96.32,-49.67,26.560000000000002,-122.19
2025-08-12T18:42:32.788318,13.0,76.0,-128.0,40.0,-18.0,-140.0,-33.0,-33.0,-53.0,-51.0,108.0,-150.0,-3.5700000000000003,51.97,-93.25,15.21,-34.75,-137.67,-35.91,-51.59,-42.32,-56.67,53.56,-130.19
2025-08-12T18:42:32.796388,90.0,47.0,-247.0,75.0,-1.0,-98.0,-67.0,56.0,-111.0,23.0,123.0,-106.0,73.43,22.97,-212.25,50.21,-17.75,-95.67,-69.91,37.41,-100.32,17.33,68.56,-86.19
2025-08-12T18:42:32.800711,55.0,-7.0,-141.0,19.0,-34.0,-119.0,-74.0,-22.0,-67.0,-42.0,110.0,-136.0,38.43,-31.03,-106.25,-5.789999999999999,-50.75,-116.67,-76.91,-40.59,-56.32,-47.67,55.56,-116.19
2025-08-12T18:42:32.808745,44.0,23.0,-89.0,75.0,-49.0,-146.0,-19.0,-35.0,-167.0,31.0,66.0,-204.0,27.43,-1.0300000000000011,-54.25,50.21,-65.75,-143.67,-21.91,-53.59,-156.32,25.33,11.560000000000002,-184.19
2025-08-12T18:42:32.812939,7.0,100.0,-114.0,35.0,-67.0,-92.0,9.0,24.0,-65.0,-69.0,58.0,-88.0,-9.57,75.97,-79.25,10.21,-83.75,-89.67,6.09,5.41,-54.32,-74.67,3.5600000000000023,-68.19
2025-08-12T18:42:32.821091,37.0,41.0,-194.0,61.0,-10.0,-205.0,-106.0,-73.0,-164.0,-25.0,150.0,-112.0,20.43,16.97,-159.25,36.21,-26.75,-202.67,-108.91,-91.59,-153.32,-30.67,95.56,-92.19
2025-08-12T18:42:32.825280,17.0,49.0,-165.0,47.0,-35.0,-91.0,-35.0,-3.0,-206.0,-42.0,73.0,-134.0,0.4299999999999997,24.97,-130.25,22.21,-51.75,-88.67,-37.91,-21.59,-195.32,-47.67,18.560000000000002,-114.19
2025-08-12T18:42:32.833224,86.0,114.0,-128.0,45.0,13.0,-110.0,-66.0,29.0,-146.0,-57.0,128.0,-181.0,69.43,89.97,-93.25,20.21,-3.75,-107.67,-68.91,10.41,-135.32,-62.67,73.56,-161.19
2025-08-12T18:42:32.837661,99.0,54.0,-119.0,128.0,46.0,-86.0,-74.0,-5.0,-138.0,-102.0,18.0,-156.0,82.43,29.97,-84.25,103.21000000000001,29.25,-83.67,-76.91,-23.59,-127.32,-107.67,-36.44,-136.19
2025-08-12T18:42:32.845670,-7.0,50.0,-187.0,132.0,8.0,-99.0,-91.0,-7.0,-84.0,-97.0,64.0,-127.0,-23.57,25.97,-152.25,107.21000000000001,-8.75,-96.67,-93.91,-25.59,-73.32,-102.67,9.560000000000002,-107.19
2025-08-12T18:42:32.849932,82.0,110.0,-119.0,63.0,-22.0,-69.0,-138.0,16.0,-79.0,-49.0,201.0,-142.0,65.43,85.97,-84.25,38.21,-38.75,-66.67,-140.91,-2.59,-68.32,-54.67,146.56,-122.19
2025-08-12T18:42:32.857906,56.0,26.0,-93.0,-4.0,-31.0,-106.0,-39.0,-9.0,-151.0,-82.0,81.0,-114.0,39.43,1.9699999999999989,-58.25,-28.79,-47.75,-103.67,-41.91,-27.59,-140.32,-87.67,26.560000000000002,-94.19
2025-08-12T18:42:32.862092,14.0,81.0,-165.0,138.0,-8.0,-119.0,-84.0,-8.0,-105.0,-60.0,115.0,-172.0,-2.5700000000000003,56.97,-130.25,113.21000000000001,-24.75,-116.67,-86.91,-26.59,-94.32,-65.67,60.56,-152.19
2025-08-12T18:42:32.870416,17.0,85.0,-84.0,33.0,10.0,-122.0,-10.0,-5.0,-144.0,-55.0,82.0,-156.0,0.4299999999999997,60.97,-49.25,8.21,-6.75,-119.67,-12.91,-23.59,-133.32,-60.67,27.560000000000002,-136.19
2025-08-12T18:42:32.878159,-21.0,46.0,-158.0,97.0,37.0,-154.0,-86.0,23.0,-99.0,-17.0,161.0,-101.0,-37.57,21.97,-123.25,72.21000000000001,20.25,-151.67,-88.91,4.41,-88.32,-22.67,106.56,-81.19
2025-08-12T18:42:32.882366,46.0,61.0,-140.0,92.0,-2.0,-136.0,-5.0,-32.0,-86.0,-89.0,27.0,-113.0,29.43,36.97,-105.25,67.21000000000001,-18.75,-133.67,-7.91,-50.59,-75.32,-94.67,-27.439999999999998,-93.19
2025-08-12T18:42:32.890452,76.0,40.0,-176.0,60.0,-82.0,-83.0,-64.0,29.0,-48.0,-51.0,71.0,-100.0,59.43,15.969999999999999,-141.25,35.21,-98.75,-80.67,-66.91,10.41,-37.32,-56.67,16.560000000000002,-80.19
2025-08-12T18:42:32.895196,69.0,50.0,-162.0,35.0,-10.0,-89.0,-56.0,13.0,-194.0,-24.0,95.0,-210.0,52.43,25.97,-127.25,10.21,-26.75,-86.67,-58.91,-5.59,-183.32,-29.67,40.56,-190.19
2025-08-12T18:42:32.902838,30.0,60.0,-143.0,104.0,26.0,-126.0,-59.0,-43.0,-106.0,-36.0,113.0,-94.0,13.43,35.97,-108.25,79.21000000000001,9.25,-123.67,-61.91,-61.59,-95.32,-41.67,58.56,-74.19
2025-08-12T18:42:32.907162,12.0,42.0,-159.0,20.0,-52.0,-133.0,-21.0,-25.0,-70.0,-40.0,97.0,-52.0,-4.57,17.97,-124.25,-4.789999999999999,-68.75,-130.67,-23.91,-43.59,-59.32,-45.67,42.56,-32.19
2025-08-12T18:42:32.915179,13.0,43.0,-169.0,59.0,-25.0,-155.0,8.0,16.0,-116.0,-26.0,97.0,-103.0,-3.5700000000000003,18.97,-134.25,34.21,-41.75,-152.67,5.09,-2.59,-105.32,-31.67,42.56,-83.19
2025-08-12T18:42:32.919562,84.0,48.0,-132.0,110.0,-36.0,-97.0,-9.0,95.0,-123.0,52.0,47.0,-143.0,67.43,23.97,-97.25,85.21000000000001,-52.75,-94.67,-11.91,76.41,-112.32,46.33,-7.439999999999998,-123.19
2025-08-12T18:42:32.927506,116.0,-28.0,-120.0,70.0,-38.0,-135.0,-9.0,61.0,-150.0,-15.0,84.0,-163.0,99.43,-52.03,-85.25,45.21,-54.75,-132.67,-11.91,42.41,-139.32,-20.67,29.560000000000002,-143.19
2025-08-12T18:42:32.931913,13.0,66.0,-129.0,37.0,21.0,-117.0,-26.0,-32.0,-102.0,-61.0,102.0,-189.0,-3.5700000000000003,41.97,-94.25,12.21,4.25,-114.67,-28.91,-50.59,-91.32,-66.67,47.56,-169.19
2025-08-12T18:42:32.939773,12.0,46.0,-201.0,82.0,-17.0,-129.0,22.0,-45.0,-94.0,-26.0,61.0,-96.0,-4.57,21.97,-166.25,57.21,-33.75,-126.67,19.09,-63.59,-83.32,-31.67,6.560000000000002,-76.19
2025-08-12T18:42:32.943988,55.0,22.0,-161.0,28.0,-42.0,-141.0,-98.0,6.0,-91.0,-88.0,67.0,-133.0,38.43,-2.030000000000001,-126.25,3.210000000000001,-58.75,-138.67,-100.91,-12.59,-80.32,-93.67,12.560000000000002,-113.19
2025-08-12T18:42:32.952083,58.0,89.0,-193.0,55.0,-8.0,-181.0,-52.0,15.0,-147.0,-31.0,45.0,-133.0,41.43,64.97,-158.25,30.21,-24.75,-178.67,-54.91,-3.59,-136.32,-36.67,-9.439999999999998,-113.19
2025-08-12T18:42:32.956185,58.0,53.0,-96.0,76.0,-22.0,-90.0,-111.0,-2.0,-146.0,-29.0,128.0,-83.0,41.43,28.97,-61.25,51.21,-38.75,-87.67,-113.91,-20.59,-135.32,-34.67,73.56,-63.19
2025-08-12T18:42:32.964360,-32.0,-8.0,-124.0,34.0,52.0,-153.0,-2.0,6.0,-215.0,7.0,52.0,-156.0,-48.57,-32.03,-89.25,9.21,35.25,-150.67,-4.91,-12.59,-204.32,1.33,-2.4399999999999977,-136.19
2025-08-12T18:42:32.968457,3.0,17.0,-108.0,55.0,-4.0,-128.0,-10.0,-41.0,-151.0,26.0,62.0,-145.0,-13.57,-7.030000000000001,-73.25,30.21,-20.75,-125.67,-12.91,-59.59,-140.32,20.33,7.560000000000002,-125.19
2025-08-12T18:42:32.976689,46.0,49.0,-181.0,70.0,17.0,-55.0,-11.0,-33.0,-89.0,13.0,68.0,-142.0,29.43,24.97,-146.25,45.21,0.25,-52.67,-13.91,-51.59,-78.32,7.33,13.560000000000002,-122.19
2025-08-12T18:42:32.980738,-34.0,66.0,-188.0,77.0,9.0,-137.0,17.0,1.0,-77.0,-106.0,28.0,-120.0,-50.57,41.97,-153.25,52.21,-7.75,-134.67,14.09,-17.59,-66.32,-111.67,-26.439999999999998,-100.19
2025-08-12T18:42:32.988920,5.0,70.0,-173.0,40.0,-52.0,-104.0,-43.0,6.0,-52.0,-107.0,81.0,-136.0,-11.57,45.97,-138.25,15.21,-68.75,-101.67,-45.91,-12.59,-41.32,-112.67,26.560000000000002,-116.19
2025-08-12T18:42:32.997175,125.0,9.0,-146.0,13.0,-69.0,-153.0,-55.0,49.0,-138.0,-57.0,180.0,-170.0,108.43,-15.030000000000001,-111.25,-11.79,-85.75,-150.67,-57.91,30.41,-127.32,-62.67,125.56,-150.19
2025-08-12T18:42:33.001477,61.0,98.0,-176.0,104.0,-37.0,-121.0,-130.0,-14.0,-164.0,-3.0,11.0,-103.0,44.43,73.97,-141.25,79.21000000000001,-53.75,-118.67,-132.91,-32.59,-153.32,-8.67,-43.44,-83.19
2025-08-12T18:42:33.009482,8.0,68.0,-143.0,67.0,21.0,-122.0,-83.0,2.0,-114.0,17.0,76.0,-143.0,-8.57,43.97,-108.25,42.21,4.25,-119.67,-85.91,-16.59,-103.32,11.33,21.560000000000002,-123.19
2025-08-12T18:42:33.013744,56.0,76.0,-142.0,37.0,36.0,-79.0,-81.0,-22.0,-88.0,-48.0,49.0,-113.0,39.43,51.97,-107.25,12.21,19.25,-76.67,-83.91,-40.59,-77.32,-53.67,-5.439999999999998,-93.19
2025-08-12T18:42:33.021773,96.0,26.0,-214.0,72.0,30.0,-157.0,-73.0,5.0,-101.0,-83.0,35.0,-126.0,79.43,1.9699999999999989,-179.25,47.21,13.25,-154.67,-75.91,-13.59,-90.32,-88.67,-19.439999999999998,-106.19
2025-08-12T18:42:33.026123,76.0,6.0,-140.0,73.0,18.0,-83.0,-28.0,29.0,-88.0,-58.0,90.0,-146.0,59.43,-18.03,-105.25,48.21,1.25,-80.67,-30.91,10.41,-77.32,-63.67,35.56,-126.19
2025-08-12T18:42:33.034075,31.0,34.0,-78.0,88.0,-91.0,-100.0,-40.0,-64.0,-152.0,5.0,63.0,-121.0,14.43,9.969999999999999,-43.25,63.21,-107.75,-97.67,-42.91,-82.59,-141.32,-0.6699999999999999,8.560000000000002,-101.19
2025-08-12T18:42:33.038186,53.0,68.0,-181.0,65.0,-28.0,-100.0,-15.0,-84.0,-66.0,-14.0,74.0,-145.0,36.43,43.97,-146.25,40.21,-44.75,-97.67,-17.91,-102.59,-55.32,-19.67,19.560000000000002,-125.19
2025-08-12T18:42:33.046487,73.0,63.0,-185.0,39.0,-59.0,-149.0,-55.0,-11.0,-100.0,-18.0,66.0,-155.0,56.43,38.97,-150.25,14.21,-75.75,-146.67,-57.91,-29.59,-89.32,-23.67,11.560000000000002,-135.19
2025-08-12T18:42:33.050688,46.0,115.0,-193.0,108.0,-45.0,-124.0,-77.0,7.0,-63.0,15.0,78.0,-160.0,29.43,90.97,-158.25,83.21000000000001,-61.75,-121.67,-79.91,-11.59,-52.32,9.33,23.560000000000002,-140.19
2025-08-12T18:42:33.058725,31.0,34.0,-144.0,117.0,-57.0,-170.0,-65.0,22.0,-136.0,-67.0,32.0,-72.0,14.43,9.969999999999999,-109.25,92.21000000000001,-73.75,-167.67,-67.91,3.41,-125.32,-72.67,-22.439999999999998,-52.19
2025-08-12T18:42:33.062732,52.0,-35.0,-132.0,81.0,18.0,-99.0,-24.0,28.0,-136.0,-70.0,96.0,-177.0,35.43,-59.03,-97.25,56.21,1.25,-96.67,-26.91,9.41,-125.32,-75.67,41.56,-157.19
2025-08-12T18:42:33.070865,-9.0,-10.0,-114.0,50.0,-71.0,-132.0,-67.0,-47.0,-142.0,-8.0,65.0,-179.0,-25.57,-34.03,-79.25,25.21,-87.75,-129.67,-69.91,-65.59,-131.32,-13.67,10.560000000000002,-159.19
2025-08-12T18:42:33.074928,0.0,74.0,-82.0,-7.0,-20.0,-78.0,-44.0,-89.0,-152.0,0.0,2.0,-160.0,-16.57,49.97,-47.25,-31.79,-36.75,-75.67,-46.91,-107.59,-141.32,-5.67,-52.44,-140.19
2025-08-12T18:42:33.083285,-9.0,85.0,-173.0,83.0,-29.0,-155.0,21.0,-22.0,-147.0,20.0,56.0,-153.0,-25.57,60.97,-138.25,58.21,-45.75,-152.67,18.09,-40.59,-136.32,14.33,1.5600000000000023,-133.19
2025-08-12T18:42:33.091442,-32.0,59.0,-214.0,74.0,-27.0,-52.0,-66.0,-78.0,-120.0,-48.0,67.0,-161.0,-48.57,34.97,-179.25,49.21,-43.75,-49.67,-68.91,-96.59,-109.32,-53.67,12.560000000000002,-141.19
2025-08-12T18:42:33.095630,87.0,51.0,-137.0,66.0,-34.0,-131.0,-27.0,19.0,-153.0,-94.0,57.0,-98.0,70.43,26.97,-102.25,41.21,-50.75,-128.67,-29.91,0.41000000000000014,-142.32,-99.67,2.5600000000000023,-78.19
2025-08-12T18:42:33.103590,23.0,-3.0,-135.0,45.0,32.0,-79.0,-70.0,62.0,-120.0,-63.0,38.0,-150.0,6.43,-27.03,-100.25,20.21,15.25,-76.67,-72.91,43.41,-109.32,-68.67,-16.439999999999998,-130.19
2025-08-12T18:42:33.107910,46.0,9.0,-46.0,56.0,4.0,-72.0,-24.0,2.0,-199.0,-97.0,106.0,-181.0,29.43,-15.030000000000001,-11.25,31.21,-12.75,-69.67,-26.91,-16.59,-188.32,-102.67,51.56,-161.19
2025-08-12T18:42:33.115827,19.0,-19.0,-42.0,46.0,-38.0,-111.0,-1.0,-20.0,-142.0,-22.0,102.0,-266.0,2.4299999999999997,-43.03,-7.25,21.21,-54.75,-108.67,-3.91,-38.59,-131.32,-27.67,47.56,-246.19
2025-08-12T18:42:33.120177,-103.0,58.0,-152.0,95.0,15.0,-142.0,-23.0,-66.0,-88.0,-36.0,104.0,-158.0,-119.57,33.97,-117.25,70.21000000000001,-1.75,-139.67,-25.91,-84.59,-77.32,-41.67,49.56,-138.19
2025-08-12T18:42:33.128154,-7.0,57.0,-216.0,45.0,-71.0,-55.0,-15.0,-44.0,-113.0,-10.0,33.0,-60.0,-23.57,32.97,-181.25,20.21,-87.75,-52.67,-17.91,-62.59,-102.32,-15.67,-21.439999999999998,-40.19
2025-08-12T18:42:33.132367,85.0,40.0,-203.0,108.0,-39.0,-220.0,-111.0,8.0,-112.0,-38.0,69.0,-125.0,68.43,15.969999999999999,-168.25,83.21000000000001,-55.75,-217.67,-113.91,-10.59,-101.32,-43.67,14.560000000000002,-105.19
2025-08-12T18:42:33.140586,46.0,-4.0,-109.0,41.0,-31.0,-92.0,-80.0,-26.0,-161.0,-64.0,96.0,-152.0,29.43,-28.03,-74.25,16.21,-47.75,-89.67,-82.91,-44.59,-150.32,-69.67,41.56,-132.19
2025-08-12T18:42:33.144699,25.0,-6.0,-84.0,111.0,23.0,-106.0,-63.0,-52.0,-102.0,4.0,92.0,-177.0,8.43,-30.03,-49.25,86.21000000000001,6.25,-103.67,-65.91,-70.59,-91.32,-1.67,37.56,-157.19
2025-08-12T18:42:33.152925,25.0,62.0,-104.0,15.0,-80.0,-86.0,-36.0,-50.0,-144.0,-61.0,66.0,-150.0,8.43,37.97,-69.25,-9.79,-96.75,-83.67,-38.91,-68.59,-133.32,-66.67,11.560000000000002,-130.19
2025-08-12T18:42:33.156987,34.0,55.0,-101.0,64.0,12.0,-120.0,-49.0,0.0,-127.0,-15.0,24.0,-162.0,17.43,30.97,-66.25,39.21,-4.75,-117.67,-51.91,-18.59,-116.32,-20.67,-30.439999999999998,-142.19
2025-08-12T18:42:33.165260,113.0,87.0,-231.0,150.0,-16.0,-140.0,-101.0,-3.0,-141.0,-53.0,51.0,-71.0,96.43,62.97,-196.25,125.21000000000001,-32.75,-137.67,-103.91,-21.59,-130.32,-58.67,-3.4399999999999977,-51.19
2025-08-12T18:42:33.170252,75.0,6.0,-92.0,102.0,-59.0,-94.0,-67.0,-42.0,-132.0,-47.0,74.0,-147.0,58.43,-18.03,-57.25,77.21000000000001,-75.75,-91.67,-69.91,-60.59,-121.32,-52.67,19.560000000000002,-127.19
2025-08-12T18:42:33.177878,61.0,67.0,-140.0,101.0,-56.0,-158.0,2.0,-12.0,-162.0,-75.0,83.0,-151.0,44.43,42.97,-105.25,76.21000000000001,-72.75,-155.67,-0.9100000000000001,-30.59,-151.32,-80.67,28.560000000000002,-131.19
2025-08-12T18:42:33.185602,37.0,48.0,-120.0,77.0,-48.0,-141.0,-77.0,-55.0,-121.0,-68.0,68.0,-159.0,20.43,23.97,-85.25,52.21,-64.75,-138.67,-79.91,-73.59,-110.32,-73.67,13.560000000000002,-139.19
2025-08-12T18:42:33.190378,33.0,141.0,-192.0,21.0,58.0,-107.0,-67.0,41.0,-119.0,11.0,31.0,-76.0,16.43,116.97,-157.25,-3.789999999999999,41.25,-104.67,-69.91,22.41,-108.32,5.33,-23.439999999999998,-56.19
2025-08-12T18:42:33.197638,48.0,85.0,-193.0,0.0,-20.0,-67.0,-59.0,-11.0,-132.0,6.0,65.0,-146.0,31.43,60.97,-158.25,-24.79,-36.75,-64.67,-61.91,-29.59,-121.32,0.33000000000000007,10.560000000000002,-126.19
2025-08-12T18:42:33.202794,-4.0,-6.0,-145.0,12.0,-67.0,-102.0,14.0,-47.0,-103.0,-55.0,95.0,-96.0,-20.57,-30.03,-110.25,-12.79,-83.75,-99.67,11.09,-65.59,-92.32,-60.67,40.56,-76.19
2025-08-12T18:42:33.210178,48.0,37.0,-130.0,52.0,20.0,-165.0,-19.0,-41.0,-154.0,-29.0,92.0,-143.0,31.43,12.969999999999999,-95.25,27.21,3.25,-162.67,-21.91,-59.59,-143.32,-34.67,37.56,-123.19
2025-08-12T18:42:33.214454,49.0,76.0,-118.0,67.0,3.0,-156.0,-86.0,32.0,-103.0,8.0,93.0,-167.0,32.43,51.97,-83.25,42.21,-13.75,-153.67,-88.91,13.41,-92.32,2.33,38.56,-147.19
2025-08-12T18:42:33.222516,2.0,43.0,-104.0,82.0,-35.0,-121.0,-30.0,-26.0,-140.0,9.0,8.0,-105.0,-14.57,18.97,-69.25,57.21,-51.75,-118.67,-32.91,-44.59,-129.32,3.33,-46.44,-85.19
2025-08-12T18:42:33.226797,-7.0,59.0,-136.0,110.0,-13.0,-98.0,-8.0,-17.0,-119.0,-17.0,51.0,-138.0,-23.57,34.97,-101.25,85.21000000000001,-29.75,-95.67,-10.91,-35.59,-108.32,-22.67,-3.4399999999999977,-118.19
2025-08-12T18:42:33.234828,36.0,104.0,-187.0,85.0,41.0,-106.0,-90.0,-18.0,-101.0,-23.0,65.0,-133.0,19.43,79.97,-152.25,60.21,24.25,-103.67,-92.91,-36.59,-90.32,-28.67,10.560000000000002,-113.19
2025-08-12T18:42:33.239047,137.0,-17.0,-184.0,118.0,-92.0,-88.0,-61.0,-20.0,-103.0,-101.0,70.0,-122.0,120.43,-41.03,-149.25,93.21000000000001,-108.75,-85.67,-63.91,-38.59,-92.32,-106.67,15.560000000000002,-102.19
2025-08-12T18:42:33.247077,33.0,40.0,-170.0,119.0,27.0,-106.0,-63.0,-76.0,-123.0,-113.0,53.0,-147.0,16.43,15.969999999999999,-135.25,94.21000000000001,10.25,-103.67,-65.91,-94.59,-112.32,-118.67,-1.4399999999999977,-127.19
2025-08-12T18:42:33.251077,67.0,54.0,-171.0,-3.0,-56.0,-32.0,-39.0,18.0,-120.0,6.0,77.0,-79.0,50.43,29.97,-136.25,-27.79,-72.75,-29.67,-41.91,-0.5899999999999999,-109.32,0.33000000000000007,22.560000000000002,-59.19
2025-08-12T18:42:33.259395,4.0,64.0,-149.0,70.0,-23.0,-119.0,4.0,-49.0,-144.0,5.0,90.0,-85.0,-12.57,39.97,-114.25,45.21,-39.75,-116.67,1.0899999999999999,-67.59,-133.32,-0.6699999999999999,35.56,-65.19
2025-08-12T18:42:33.267507,28.0,142.0,-177.0,114.0,-80.0,-161.0,-59.0,-22.0,-155.0,-20.0,89.0,-120.0,11.43,117.97,-142.25,89.21000000000001,-96.75,-158.67,-61.91,-40.59,-144.32,-25.67,34.56,-100.19
2025-08-12T18:42:33.271805,10.0,39.0,-129.0,45.0,11.0,-57.0,-70.0,-13.0,-120.0,-68.0,40.0,-131.0,-6.57,14.969999999999999,-94.25,20.21,-5.75,-54.67,-72.91,-31.59,-109.32,-73.67,-14.439999999999998,-111.19
2025-08-12T18:42:33.275939,52.0,46.0,-142.0,0.0,18.0,-88.0,-91.0,5.0,-98.0,-18.0,66.0,-131.0,35.43,21.97,-107.25,-24.79,1.25,-85.67,-93.91,-13.59,-87.32,-23.67,11.560000000000002,-111.19
2025-08-12T18:42:33.283891,68.0,82.0,-110.0,66.0,12.0,-124.0,-11.0,-34.0,-116.0,27.0,61.0,-159.0,51.43,57.97,-75.25,41.21,-4.75,-121.67,-13.91,-52.59,-105.32,21.33,6.560000000000002,-139.19
2025-08-12T18:42:33.291889,22.0,69.0,-129.0,52.0,20.0,-157.0,-42.0,-6.0,-143.0,-16.0,93.0,-177.0,5.43,44.97,-94.25,27.21,3.25,-154.67,-44.91,-24.59,-132.32,-21.67,38.56,-157.19
2025-08-12T18:42:33.296275,21.0,127.0,-169.0,32.0,-14.0,-112.0,18.0,-53.0,-105.0,-86.0,23.0,-113.0,4.43,102.97,-134.25,7.210000000000001,-30.75,-109.67,15.09,-71.59,-94.32,-91.67,-31.439999999999998,-93.19
2025-08-12T18:42:33.304302,50.0,25.0,-124.0,87.0,-25.0,-147.0,-34.0,54.0,-101.0,-30.0,133.0,-182.0,33.43,0.9699999999999989,-89.25,62.21,-41.75,-144.67,-36.91,35.41,-90.32,-35.67,78.56,-162.19
2025-08-12T18:42:33.308669,17.0,-18.0,-140.0,35.0,-21.0,-169.0,-51.0,22.0,-135.0,-25.0,36.0,-123.0,0.4299999999999997,-42.03,-105.25,10.21,-37.75,-166.67,-53.91,3.41,-124.32,-30.67,-18.439999999999998,-103.19
2025-08-12T18:42:33.316704,102.0,26.0,-75.0,133.0,22.0,-123.0,-29.0,34.0,-171.0,-24.0,92.0,-146.0,85.43,1.9699999999999989,-40.25,108.21000000000001,5.25,-120.67,-31.91,15.41,-160.32,-29.67,37.56,-126.19
2025-08-12T18:42:33.320826,-5.0,69.0,-215.0,108.0,-2.0,-89.0,-92.0,-64.0,-83.0,-34.0,123.0,-87.0,-21.57,44.97,-180.25,83.21000000000001,-18.75,-86.67,-94.91,-82.59,-72.32,-39.67,68.56,-67.19
2025-08-12T18:42:33.328900,1.0,87.0,-204.0,30.0,-87.0,-212.0,-45.0,-29.0,-110.0,-65.0,61.0,-133.0,-15.57,62.97,-169.25,5.210000000000001,-103.75,-209.67,-47.91,-47.59,-99.32,-70.67,6.560000000000002,-113.19
2025-08-12T18:42:33.333234,21.0,5.0,-173.0,101.0,-5.0,-118.0,-72.0,9.0,-122.0,-60.0,78.0,-167.0,4.43,-19.03,-138.25,76.21000000000001,-21.75,-115.67,-74.91,-9.59,-111.32,-65.67,23.560000000000002,-147.19
2025-08-12T18:42:33.341259,41.0,3.0,-114.0,96.0,-11.0,-82.0,-89.0,-35.0,-134.0,-59.0,117.0,-122.0,24.43,-21.03,-79.25,71.21000000000001,-27.75,-79.67,-91.91,-53.59,-123.32,-64.67,62.56,-102.19
2025-08-12T18:42:33.345335,20.0,24.0,-130.0,83.0,-7.0,-119.0,44.0,58.0,-192.0,-5.0,44.0,-97.0,3.4299999999999997,-0.030000000000001137,-95.25,58.21,-23.75,-116.67,41.09,39.41,-181.32,-10.67,-10.439999999999998,-77.19
2025-08-12T18:42:33.353639,8.0,64.0,-127.0,32.0,-25.0,-169.0,-112.0,-63.0,-149.0,-22.0,88.0,-97.0,-8.57,39.97,-92.25,7.210000000000001,-41.75,-166.67,-114.91,-81.59,-138.32,-27.67,33.56,-77.19
2025-08-12T18:42:33.361508,-16.0,64.0,-151.0,71.0,-14.0,-154.0,-60.0,-53.0,-118.0,-104.0,107.0,-129.0,-32.57,39.97,-116.25,46.21,-30.75,-151.67,-62.91,-71.59,-107.32,-109.67,52.56,-109.19
2025-08-12T18:42:33.365885,22.0,-18.0,-189.0,19.0,-36.0,-103.0,-43.0,22.0,-112.0,-52.0,124.0,-181.0,5.43,-42.03,-154.25,-5.789999999999999,-52.75,-100.67,-45.91,3.41,-101.32,-57.67,69.56,-161.19
2025-08-12T18:42:33.373815,33.0,64.0,-110.0,92.0,-86.0,-127.0,-64.0,-30.0,-186.0,-29.0,67.0,-180.0,16.43,39.97,-75.25,67.21000000000001,-102.75,-124.67,-66.91,-48.59,-175.32,-34.67,12.560000000000002,-160.19
2025-08-12T18:42:33.378233,69.0,61.0,-131.0,40.0,-78.0,-109.0,-16.0,-10.0,-173.0,12.0,84.0,-193.0,52.43,36.97,-96.25,15.21,-94.75,-106.67,-18.91,-28.59,-162.32,6.33,29.560000000000002,-173.19
2025-08-12T18:42:33.386204,8.0,86.0,-90.0,48.0,5.0,-154.0,-36.0,-46.0,-168.0,-86.0,40.0,-53.0,-8.57,61.97,-55.25,23.21,-11.75,-151.67,-38.91,-64.59,-157.32,-91.67,-14.439999999999998,-33.19
2025-08-12T18:42:33.390547,74.0,106.0,-117.0,51.0,-29.0,-127.0,-52.0,29.0,-81.0,-57.0,83.0,-81.0,57.43,81.97,-82.25,26.21,-45.75,-124.67,-54.91,10.41,-70.32,-62.67,28.560000000000002,-61.19
2025-08-12T18:42:33.398661,94.0,105.0,-158.0,103.0,-40.0,-154.0,38.0,-68.0,-75.0,-58.0,81.0,-142.0,77.43,80.97,-123.25,78.21000000000001,-56.75,-151.67,35.09,-86.59,-64.32,-63.67,26.560000000000002,-122.19
2025-08-12T18:42:33.402758,64.0,48.0,-170.0,57.0,-26.0,-150.0,-57.0,28.0,-187.0,-15.0,90.0,-122.0,47.43,23.97,-135.25,32.21,-42.75,-147.67,-59.91,9.41,-176.32,-20.67,35.56,-102.19
2025-08-12T18:42:33.410864,109.0,39.0,-153.0,98.0,-46.0,-110.0,-50.0,7.0,-126.0,-57.0,98.0,-139.0,92.43,14.969999999999999,-118.25,73.21000000000001,-62.75,-107.67,-52.91,-11.59,-115.32,-62.67,43.56,-119.19
2025-08-12T18:42:33.414998,40.0,35.0,-88.0,7.0,-37.0,-125.0,-28.0,-113.0,-99.0,-88.0,42.0,-91.0,23.43,10.969999999999999,-53.25,-17.79,-53.75,-122.67,-30.91,-131.59,-88.32,-93.67,-12.439999999999998,-71.19
2025-08-12T18:42:33.423144,36.0,74.0,-146.0,13.0,-29.0,-113.0,-16.0,-69.0,-133.0,-21.0,80.0,-185.0,19.43,49.97,-111.25,-11.79,-45.75,-110.67,-18.91,-87.59,-122.32,-26.67,25.560000000000002,-165.19
2025-08-12T18:42:33.427182,10.0,23.0,-157.0,16.0,-8.0,-113.0,-31.0,54.0,-162.0,-14.0,95.0,-175.0,-6.57,-1.0300000000000011,-122.25,-8.79,-24.75,-110.67,-33.91,35.41,-151.32,-19.67,40.56,-155.19
2025-08-12T18:42:33.435529,119.0,32.0,-152.0,98.0,-34.0,-66.0,-92.0,-2.0,-153.0,8.0,108.0,-116.0,102.43,7.969999999999999,-117.25,73.21000000000001,-50.75,-63.67,-94.91,-20.59,-142.32,2.33,53.56,-96.19
2025-08-12T18:42:33.443548,49.0,7.0,-139.0,15.0,-48.0,-146.0,21.0,-20.0,-152.0,47.0,65.0,-143.0,32.43,-17.03,-104.25,-9.79,-64.75,-143.67,18.09,-38.59,-141.32,41.33,10.560000000000002,-123.19
2025-08-12T18:42:33.447856,33.0,38.0,-134.0,54.0,8.0,-118.0,-40.0,-67.0,-114.0,-20.0,50.0,-148.0,16.43,13.969999999999999,-99.25,29.21,-8.75,-115.67,-42.91,-85.59,-103.32,-25.67,-4.439999999999998,-128.19
2025-08-12T18:42:33.455746,32.0,10.0,-181.0,67.0,-83.0,-94.0,-19.0,-31.0,-106.0,-106.0,84.0,-124.0,15.43,-14.030000000000001,-146.25,42.21,-99.75,-91.67,-21.91,-49.59,-95.32,-111.67,29.560000000000002,-104.19
2025-08-12T18:42:33.460091,35.0,150.0,-142.0,51.0,-30.0,-147.0,-79.0,38.0,-65.0,-74.0,116.0,-107.0,18.43,125.97,-107.25,26.21,-46.75,-144.67,-81.91,19.41,-54.32,-79.67,61.56,-87.19
2025-08-12T18:42:33.468177,22.0,131.0,-138.0,74.0,-4.0,-132.0,-70.0,40.0,-157.0,-20.0,53.0,-135.0,5.43,106.97,-103.25,49.21,-20.75,-129.67,-72.91,21.41,-146.32,-25.67,-1.4399999999999977,-115.19
2025-08-12T18:42:33.472315,23.0,63.0,-161.0,68.0,-22.0,-153.0,-10.0,-38.0,-130.0,-49.0,64.0,-157.0,6.43,38.97,-126.25,43.21,-38.75,-150.67,-12.91,-56.59,-119.32,-54.67,9.560000000000002,-137.19
2025-08-12T18:42:33.480385,64.0,60.0,-149.0,55.0,-7.0,-96.0,-24.0,-76.0,-161.0,-7.0,94.0,-136.0,47.43,35.97,-114.25,30.21,-23.75,-93.67,-26.91,-94.59,-150.32,-12.67,39.56,-116.19
2025-08-12T18:42:33.484697,30.0,23.0,-138.0,15.0,-2.0,-99.0,-53.0,46.0,-132.0,-36.0,-52.0,-182.0,13.43,-1.0300000000000011,-103.25,-9.79,-18.75,-96.67,-55.91,27.41,-121.32,-41.67,-106.44,-162.19
2025-08-12T18:42:33.492729,47.0,73.0,-147.0,143.0,-5.0,-188.0,-46.0,-16.0,-137.0,-29.0,58.0,-150.0,30.43,48.97,-112.25,118.21000000000001,-21.75,-185.67,-48.91,-34.59,-126.32,-34.67,3.5600000000000023,-130.19
2025-08-12T18:42:33.497003,-51.0,20.0,-109.0,21.0,32.0,-109.0,-97.0,-10.0,-136.0,-98.0,78.0,-128.0,-67.57,-4.030000000000001,-74.25,-3.789999999999999,15.25,-106.67,-99.91,-28.59,-125.32,-103.67,23.560000000000002,-108.19
2025-08-12T18:42:33.505136,16.0,91.0,-218.0,-21.0,-20.0,-139.0,-46.0,-60.0,-150.0,-61.0,50.0,-156.0,-0.5700000000000003,66.97,-183.25,-45.79,-36.75,-136.67,-48.91,-78.59,-139.32,-66.67,-4.439999999999998,-136.19
2025-08-12T18:42:33.509130,39.0,35.0,-137.0,56.0,3.0,-148.0,-49.0,-89.0,-128.0,29.0,23.0,-171.0,22.43,10.969999999999999,-102.25,31.21,-13.75,-145.67,-51.91,-107.59,-117.32,23.33,-31.439999999999998,-151.19
2025-08-12T18:42:33.517613,109.0,61.0,-240.0,79.0,-9.0,-216.0,-13.0,-71.0,-154.0,-77.0,88.0,-179.0,92.43,36.97,-205.25,54.21,-25.75,-213.67,-15.91,-89.59,-143.32,-82.67,33.56,-159.19
2025-08-12T18:42:33.525570,77.0,73.0,-205.0,157.0,-37.0,-115.0,-51.0,-41.0,-101.0,-25.0,-8.0,-188.0,60.43,48.97,-170.25,132.21,-53.75,-112.67,-53.91,-59.59,-90.32,-30.67,-62.44,-168.19
2025-08-12T18:42:33.529947,105.0,26.0,-163.0,69.0,-28.0,-142.0,-41.0,-27.0,-167.0,-82.0,114.0,-153.0,88.43,1.9699999999999989,-128.25,44.21,-44.75,-139.67,-43.91,-45.59,-156.32,-87.67,59.56,-133.19
2025-08-12T18:42:33.537861,52.0,111.0,-177.0,151.0,-8.0,-63.0,-46.0,-19.0,-133.0,-40.0,32.0,-252.0,35.43,86.97,-142.25,126.21000000000001,-24.75,-60.67,-48.91,-37.59,-122.32,-45.67,-22.439999999999998,-232.19
2025-08-12T18:42:33.542224,125.0,38.0,-229.0,79.0,-89.0,-200.0,-54.0,-39.0,-166.0,-3.0,73.0,-232.0,108.43,13.969999999999999,-194.25,54.21,-105.75,-197.67,-56.91,-57.59,-155.32,-8.67,18.560000000000002,-212.19
2025-08-12T18:42:33.550188,132.0,3.0,-159.0,103.0,-135.0,-131.0,-24.0,-11.0,-216.0,-2.0,16.0,-233.0,115.43,-21.03,-124.25,78.21000000000001,-151.75,-128.67,-26.91,-29.59,-205.32,-7.67,-38.44,-213.19
2025-08-12T18:42:33.554526,151.0,67.0,-227.0,45.0,-18.0,-200.0,-17.0,-46.0,-225.0,-37.0,79.0,-181.0,134.43,42.97,-192.25,20.21,-34.75,-197.67,-19.91,-64.59,-214.32,-42.67,24.560000000000002,-161.19
2025-08-12T18:42:33.562489,123.0,103.0,-202.0,73.0,-69.0,-177.0,-24.0,-114.0,-208.0,-82.0,97.0,-247.0,106.43,78.97,-167.25,48.21,-85.75,-174.67,-26.91,-132.59,-197.32,-87.67,42.56,-227.19
2025-08-12T18:42:33.570626,145.0,95.0,-283.0,127.0,-32.0,-145.0,-98.0,-81.0,-193.0,-51.0,119.0,-263.0,128.43,70.97,-248.25,102.21000000000001,-48.75,-142.67,-100.91,-99.59,-182.32,-56.67,64.56,-243.19
2025-08-12T18:42:33.574694,142.0,86.0,-237.0,126.0,9.0,-125.0,-18.0,-58.0,-161.0,12.0,90.0,-196.0,125.43,61.97,-202.25,101.21000000000001,-7.75,-122.67,-20.91,-76.59,-150.32,6.33,35.56,-176.19
2025-08-12T18:42:33.582820,125.0,33.0,-179.0,143.0,-63.0,-150.0,-59.0,-45.0,-194.0,-8.0,124.0,-200.0,108.43,8.969999999999999,-144.25,118.21000000000001,-79.75,-147.67,-61.91,-63.59,-183.32,-13.67,69.56,-180.19
2025-08-12T18:42:33.587299,134.0,71.0,-178.0,162.0,-31.0,-94.0,-58.0,2.0,-197.0,-25.0,135.0,-236.0,117.43,46.97,-143.25,137.21,-47.75,-91.67,-60.91,-16.59,-186.32,-30.67,80.56,-216.19
2025-08-12T18:42:33.595167,157.0,100.0,-256.0,223.0,-36.0,-211.0,-75.0,-17.0,-220.0,-80.0,88.0,-255.0,140.43,75.97,-221.25,198.21,-52.75,-208.67,-77.91,-35.59,-209.32,-85.67,33.56,-235.19
2025-08-12T18:42:33.599436,224.0,46.0,-201.0,149.0,-4.0,-186.0,27.0,-21.0,-246.0,-84.0,154.0,-203.0,207.43,21.97,-166.25,124.21000000000001,-20.75,-183.67,24.09,-39.59,-235.32,-89.67,99.56,-183.19
2025-08-12T18:42:33.607414,185.0,57.0,-187.0,211.0,-9.0,-178.0,-24.0,-58.0,-230.0,9.0,186.0,-313.0,168.43,32.97,-152.25,186.21,-25.75,-175.67,-26.91,-76.59,-219.32,3.33,131.56,-293.19
2025-08-12T18:42:33.615633,153.0,43.0,-206.0,187.0,-37.0,-167.0,-19.0,-9.0,-190.0,-27.0,159.0,-228.0,136.43,18.97,-171.25,162.21,-53.75,-164.67,-21.91,-27.59,-179.32,-32.67,104.56,-208.19
2025-08-12T18:42:33.619687,147.0,75.0,-273.0,155.0,5.0,-143.0,-19.0,-57.0,-247.0,17.0,151.0,-219.0,130.43,50.97,-238.25,130.21,-11.75,-140.67,-21.91,-75.59,-236.32,11.33,96.56,-199.19
2025-08-12T18:42:33.627846,220.0,105.0,-281.0,181.0,-80.0,-118.0,-64.0,-72.0,-262.0,-47.0,107.0,-227.0,203.43,80.97,-246.25,156.21,-96.75,-115.67,-66.91,-90.59,-251.32,-52.67,52.56,-207.19
2025-08-12T18:42:33.632202,177.0,56.0,-268.0,218.0,-34.0,-176.0,-54.0,-81.0,-247.0,-33.0,159.0,-309.0,160.43,31.97,-233.25,193.21,-50.75,-173.67,-56.91,-99.59,-236.32,-38.67,104.56,-289.19
2025-08-12T18:42:33.640290,173.0,88.0,-266.0,200.0,-26.0,-159.0,-12.0,-85.0,-245.0,-31.0,140.0,-267.0,156.43,63.97,-231.25,175.21,-42.75,-156.67,-14.91,-103.59,-234.32,-36.67,85.56,-247.19
2025-08-12T18:42:33.644499,217.0,88.0,-275.0,250.0,-81.0,-255.0,-38.0,-23.0,-249.0,-71.0,169.0,-250.0,200.43,63.97,-240.25,225.21,-97.75,-252.67,-40.91,-41.59,-238.32,-76.67,114.56,-230.19
2025-08-12T18:42:33.652662,162.0,4.0,-262.0,244.0,-54.0,-164.0,-7.0,-114.0,-210.0,-15.0,164.0,-337.0,145.43,-20.03,-227.25,219.21,-70.75,-161.67,-9.91,-132.59,-199.32,-20.67,109.56,-317.19
2025-08-12T18:42:33.660616,166.0,59.0,-270.0,235.0,-81.0,-161.0,-81.0,-83.0,-239.0,-91.0,111.0,-210.0,149.43,34.97,-235.25,210.21,-97.75,-158.67,-83.91,-101.59,-228.32,-96.67,56.56,-190.19
2025-08-12T18:42:33.665000,222.0,106.0,-230.0,180.0,-37.0,-173.0,-45.0,-26.0,-254.0,-45.0,140.0,-290.0,205.43,81.97,-195.25,155.21,-53.75,-170.67,-47.91,-44.59,-243.32,-50.67,85.56,-270.19
2025-08-12T18:42:33.672908,153.0,34.0,-248.0,187.0,-24.0,-228.0,-77.0,-82.0,-249.0,6.0,157.0,-322.0,136.43,9.969999999999999,-213.25,162.21,-40.75,-225.67,-79.91,-100.59,-238.32,0.33000000000000007,102.56,-302.19
2025-08-12T18:42:33.677278,146.0,128.0,-208.0,161.0,-69.0,-142.0,-13.0,-52.0,-300.0,5.0,123.0,-261.0,129.43,103.97,-173.25,136.21,-85.75,-139.67,-15.91,-70.59,-289.32,-0.6699999999999999,68.56,-241.19
2025-08-12T18:42:33.685181,207.0,57.0,-249.0,155.0,-48.0,-181.0,-31.0,-85.0,-257.0,-53.0,175.0,-271.0,190.43,32.97,-214.25,130.21,-64.75,-178.67,-33.91,-103.59,-246.32,-58.67,120.56,-251.19
2025-08-12T18:42:33.693327,193.0,26.0,-241.0,182.0,-45.0,-112.0,-68.0,-100.0,-215.0,-37.0,113.0,-329.0,176.43,1.9699999999999989,-206.25,157.21,-61.75,-109.67,-70.91,-118.59,-204.32,-42.67,58.56,-309.19
2025-08-12T18:42:33.697572,164.0,108.0,-177.0,177.0,-74.0,-210.0,-87.0,-98.0,-236.0,-13.0,152.0,-222.0,147.43,83.97,-142.25,152.21,-90.75,-207.67,-89.91,-116.59,-225.32,-18.67,97.56,-202.19
2025-08-12T18:42:33.705543,185.0,80.0,-282.0,212.0,67.0,-192.0,8.0,-112.0,-223.0,10.0,129.0,-279.0,168.43,55.97,-247.25,187.21,50.25,-189.67,5.09,-130.59,-212.32,4.33,74.56,-259.19
2025-08-12T18:42:33.709949,191.0,56.0,-220.0,230.0,-38.0,-182.0,-38.0,-101.0,-251.0,-11.0,103.0,-309.0,174.43,31.97,-185.25,205.21,-54.75,-179.67,-40.91,-119.59,-240.32,-16.67,48.56,-289.19
2025-08-12T18:42:33.718112,139.0,113.0,-208.0,207.0,-3.0,-250.0,51.0,-21.0,-255.0,37.0,95.0,-225.0,122.43,88.97,-173.25,182.21,-19.75,-247.67,48.09,-39.59,-244.32,31.33,40.56,-205.19
2025-08-12T18:42:33.722326,149.0,55.0,-270.0,184.0,-112.0,-167.0,29.0,-15.0,-197.0,-7.0,158.0,-301.0,132.43,30.97,-235.25,159.21,-128.75,-164.67,26.09,-33.59,-186.32,-12.67,103.56,-281.19
2025-08-12T18:42:33.730472,209.0,108.0,-266.0,277.0,-78.0,-116.0,-36.0,-69.0,-161.0,10.0,132.0,-294.0,192.43,83.97,-231.25,252.21,-94.75,-113.67,-38.91,-87.59,-150.32,4.33,77.56,-274.19
2025-08-12T18:42:33.738349,117.0,41.0,-247.0,197.0,-36.0,-192.0,-74.0,-84.0,-224.0,24.0,142.0,-293.0,100.43,16.97,-212.25,172.21,-52.75,-189.67,-76.91,-102.59,-213.32,18.33,87.56,-273.19
2025-08-12T18:42:33.742806,95.0,114.0,-240.0,136.0,-104.0,-179.0,10.0,-76.0,-250.0,13.0,85.0,-238.0,78.43,89.97,-205.25,111.21000000000001,-120.75,-176.67,7.09,-94.59,-239.32,7.33,30.560000000000002,-218.19
2025-08-12T18:42:33.750712,192.0,55.0,-240.0,131.0,-50.0,-206.0,-38.0,-71.0,-232.0,-74.0,74.0,-275.0,175.43,30.97,-205.25,106.21000000000001,-66.75,-203.67,-40.91,-89.59,-221.32,-79.67,19.560000000000002,-255.19
2025-08-12T18:42:33.754867,233.0,36.0,-229.0,272.0,-59.0,-173.0,-13.0,-72.0,-253.0,6.0,159.0,-285.0,216.43,11.969999999999999,-194.25,247.21,-75.75,-170.67,-15.91,-90.59,-242.32,0.33000000000000007,104.56,-265.19
2025-08-12T18:42:33.763124,168.0,111.0,-229.0,157.0,-58.0,-177.0,12.0,-33.0,-211.0,-88.0,157.0,-240.0,151.43,86.97,-194.25,132.21,-74.75,-174.67,9.09,-51.59,-200.32,-93.67,102.56,-220.19
2025-08-12T18:42:33.771317,181.0,99.0,-218.0,138.0,-51.0,-170.0,-40.0,-41.0,-221.0,-9.0,150.0,-310.0,164.43,74.97,-183.25,113.21000000000001,-67.75,-167.67,-42.91,-59.59,-210.32,-14.67,95.56,-290.19
2025-08-12T18:42:33.775960,149.0,35.0,-249.0,133.0,-70.0,-165.0,-43.0,-49.0,-246.0,58.0,66.0,-291.0,132.43,10.969999999999999,-214.25,108.21000000000001,-86.75,-162.67,-45.91,-67.59,-235.32,52.33,11.560000000000002,-271.19
2025-08-12T18:42:33.783641,134.0,61.0,-245.0,176.0,8.0,-141.0,12.0,-168.0,-246.0,-69.0,156.0,-237.0,117.43,36.97,-210.25,151.21,-8.75,-138.67,9.09,-186.59,-235.32,-74.67,101.56,-217.19
2025-08-12T18:42:33.788577,192.0,59.0,-257.0,147.0,-68.0,-163.0,-124.0,-74.0,-228.0,-54.0,140.0,-297.0,175.43,34.97,-222.25,122.21000000000001,-84.75,-160.67,-126.91,-92.59,-217.32,-59.67,85.56,-277.19
2025-08-12T18:42:33.795732,182.0,11.0,-251.0,163.0,-78.0,-181.0,-22.0,-20.0,-251.0,-85.0,106.0,-292.0,165.43,-13.030000000000001,-216.25,138.21,-94.75,-178.67,-24.91,-38.59,-240.32,-90.67,51.56,-272.19
2025-08-12T18:42:33.801202,178.0,37.0,-240.0,235.0,-31.0,-179.0,-62.0,-60.0,-270.0,-94.0,227.0,-218.0,161.43,12.969999999999999,-205.25,210.21,-47.75,-176.67,-64.91,-78.59,-259.32,-99.67,172.56,-198.19
2025-08-12T18:42:33.808299,232.0,69.0,-266.0,239.0,-30.0,-160.0,-98.0,-51.0,-192.0,-15.0,135.0,-226.0,215.43,44.97,-231.25,214.21,-46.75,-157.67,-100.91,-69.59,-181.32,-20.67,80.56,-206.19
2025-08-12T18:42:33.816120,226.0,63.0,-239.0,118.0,-19.0,-238.0,-76.0,-71.0,-280.0,-18.0,118.0,-222.0,209.43,38.97,-204.25,93.21000000000001,-35.75,-235.67,-78.91,-89.59,-269.32,-23.67,63.56,-202.19
2025-08-12T18:42:33.820633,153.0,79.0,-233.0,187.0,-19.0,-220.0,11.0,-118.0,-280.0,-53.0,124.0,-253.0,136.43,54.97,-198.25,162.21,-35.75,-217.67,8.09,-136.59,-269.32,-58.67,69.56,-233.19
2025-08-12T18:42:33.828663,122.0,32.0,-272.0,245.0,-19.0,-161.0,-32.0,-71.0,-220.0,-58.0,117.0,-249.0,105.43,7.969999999999999,-237.25,220.21,-35.75,-158.67,-34.91,-89.59,-209.32,-63.67,62.56,-229.19
2025-08-12T18:42:33.832786,199.0,30.0,-268.0,182.0,-91.0,-171.0,-76.0,-29.0,-249.0,10.0,83.0,-252.0,182.43,5.969999999999999,-233.25,157.21,-107.75,-168.67,-78.91,-47.59,-238.32,4.33,28.560000000000002,-232.19
2025-08-12T18:42:33.840868,204.0,76.0,-227.0,191.0,-18.0,-109.0,4.0,-62.0,-237.0,-90.0,210.0,-259.0,187.43,51.97,-192.25,166.21,-34.75,-106.67,1.0899999999999999,-80.59,-226.32,-95.67,155.56,-239.19
2025-08-12T18:42:33.845301,76.0,49.0,-205.0,170.0,-58.0,-183.0,-37.0,-60.0,-222.0,-79.0,214.0,-259.0,59.43,24.97,-170.25,145.21,-74.75,-180.67,-39.91,-78.59,-211.32,-84.67,159.56,-239.19
2025-08-12T18:42:33.853261,162.0,75.0,-260.0,190.0,-122.0,-215.0,-2.0,-36.0,-178.0,22.0,118.0,-248.0,145.43,50.97,-225.25,165.21,-138.75,-212.67,-4.91,-54.59,-167.32,16.33,63.56,-228.19
2025-08-12T18:42:33.861383,157.0,23.0,-245.0,175.0,-168.0,-159.0,-54.0,-70.0,-316.0,-25.0,87.0,-263.0,140.43,-1.0300000000000011,-210.25,150.21,-184.75,-156.67,-56.91,-88.59,-305.32,-30.67,32.56,-243.19
2025-08-12T18:42:33.865677,112.0,98.0,-190.0,187.0,-68.0,-181.0,-50.0,-123.0,-184.0,-30.0,101.0,-279.0,95.43,73.97,-155.25,162.21,-84.75,-178.67,-52.91,-141.59,-173.32,-35.67,46.56,-259.19
2025-08-12T18:42:33.873725,218.0,8.0,-237.0,264.0,-116.0,-157.0,24.0,-67.0,-267.0,-49.0,57.0,-326.0,201.43,-16.03,-202.25,239.21,-132.75,-154.67,21.09,-85.59,-256.32,-54.67,2.5600000000000023,-306.19
2025-08-12T18:42:33.877954,248.0,28.0,-238.0,186.0,28.0,-194.0,-1.0,-80.0,-240.0,-51.0,132.0,-278.0,231.43,3.969999999999999,-203.25,161.21,11.25,-191.67,-3.91,-98.59,-229.32,-56.67,77.56,-258.19
2025-08-12T18:42:33.886013,175.0,3.0,-225.0,180.0,-17.0,-188.0,45.0,-37.0,-256.0,-50.0,146.0,-261.0,158.43,-21.03,-190.25,155.21,-33.75,-185.67,42.09,-55.59,-245.32,-55.67,91.56,-241.19
2025-08-12T18:42:33.894065,139.0,74.0,-208.0,196.0,-39.0,-226.0,-123.0,-109.0,-195.0,-67.0,160.0,-230.0,122.43,49.97,-173.25,171.21,-55.75,-223.67,-125.91,-127.59,-184.32,-72.67,105.56,-210.19
2025-08-12T18:42:33.898576,141.0,42.0,-242.0,258.0,-26.0,-139.0,-15.0,-4.0,-251.0,-45.0,62.0,-302.0,124.43,17.97,-207.25,233.21,-42.75,-136.67,-17.91,-22.59,-240.32,-50.67,7.560000000000002,-282.19
2025-08-12T18:42:33.906461,186.0,46.0,-189.0,155.0,-34.0,-138.0,23.0,-144.0,-222.0,-66.0,45.0,-275.0,169.43,21.97,-154.25,130.21,-50.75,-135.67,20.09,-162.59,-211.32,-71.67,-9.439999999999998,-255.19
2025-08-12T18:42:33.910760,129.0,106.0,-220.0,191.0,-84.0,-161.0,-15.0,-82.0,-228.0,-79.0,114.0,-233.0,112.43,81.97,-185.25,166.21,-100.75,-158.67,-17.91,-100.59,-217.32,-84.67,59.56,-213.19
2025-08-12T18:42:33.918687,177.0,94.0,-219.0,213.0,11.0,-176.0,-51.0,-28.0,-292.0,5.0,92.0,-248.0,160.43,69.97,-184.25,188.21,-5.75,-173.67,-53.91,-46.59,-281.32,-0.6699999999999999,37.56,-228.19
2025-08-12T18:42:33.923040,250.0,48.0,-222.0,201.0,-68.0,-213.0,-15.0,-47.0,-268.0,31.0,61.0,-263.0,233.43,23.97,-187.25,176.21,-84.75,-210.67,-17.91,-65.59,-257.32,25.33,6.560000000000002,-243.19
2025-08-12T18:42:33.931143,146.0,24.0,-241.0,148.0,-82.0,-154.0,13.0,-123.0,-228.0,-69.0,103.0,-186.0,129.43,-0.030000000000001137,-206.25,123.21000000000001,-98.75,-151.67,10.09,-141.59,-217.32,-74.67,48.56,-166.19
2025-08-12T18:42:33.939181,188.0,26.0,-206.0,107.0,-119.0,-210.0,-26.0,-65.0,-208.0,-11.0,121.0,-335.0,171.43,1.9699999999999989,-171.25,82.21000000000001,-135.75,-207.67,-28.91,-83.59,-197.32,-16.67,66.56,-315.19
2025-08-12T18:42:33.943448,196.0,60.0,-232.0,156.0,-47.0,-168.0,38.0,-67.0,-293.0,25.0,52.0,-218.0,179.43,35.97,-197.25,131.21,-63.75,-165.67,35.09,-85.59,-282.32,19.33,-2.4399999999999977,-198.19
2025-08-12T18:42:33.951317,202.0,27.0,-220.0,182.0,-104.0,-151.0,-8.0,-129.0,-279.0,-12.0,132.0,-175.0,185.43,2.969999999999999,-185.25,157.21,-120.75,-148.67,-10.91,-147.59,-268.32,-17.67,77.56,-155.19
2025-08-12T18:42:33.955713,176.0,50.0,-215.0,188.0,-1.0,-183.0,-57.0,-62.0,-192.0,-46.0,117.0,-254.0,159.43,25.97,-180.25,163.21,-17.75,-180.67,-59.91,-80.59,-181.32,-51.67,62.56,-234.19
2025-08-12T18:42:33.963891,144.0,95.0,-233.0,206.0,-47.0,-137.0,-7.0,-32.0,-237.0,35.0,84.0,-237.0,127.43,70.97,-198.25,181.21,-63.75,-134.67,-9.91,-50.59,-226.32,29.33,29.560000000000002,-217.19
2025-08-12T18:42:33.967966,118.0,27.0,-293.0,193.0,-73.0,-135.0,63.0,6.0,-233.0,-31.0,136.0,-266.0,101.43,2.969999999999999,-258.25,168.21,-89.75,-132.67,60.09,-12.59,-222.32,-36.67,81.56,-246.19
2025-08-12T18:42:33.976114,187.0,70.0,-191.0,260.0,-29.0,-151.0,-61.0,-95.0,-239.0,6.0,191.0,-246.0,170.43,45.97,-156.25,235.21,-45.75,-148.67,-63.91,-113.59,-228.32,0.33000000000000007,136.56,-226.19
2025-08-12T18:42:33.984198,165.0,68.0,-280.0,197.0,-112.0,-167.0,-57.0,-3.0,-223.0,-50.0,191.0,-313.0,148.43,43.97,-245.25,172.21,-128.75,-164.67,-59.91,-21.59,-212.32,-55.67,136.56,-293.19
2025-08-12T18:42:33.988595,203.0,117.0,-225.0,142.0,-67.0,-125.0,-45.0,-87.0,-182.0,-57.0,118.0,-317.0,186.43,92.97,-190.25,117.21000000000001,-83.75,-122.67,-47.91,-105.59,-171.32,-62.67,63.56,-297.19
2025-08-12T18:42:33.996690,108.0,113.0,-248.0,227.0,-55.0,-175.0,-40.0,-136.0,-190.0,-11.0,128.0,-250.0,91.43,88.97,-213.25,202.21,-71.75,-172.67,-42.91,-154.59,-179.32,-16.67,73.56,-230.19
2025-08-12T18:42:34.000882,133.0,45.0,-203.0,241.0,-69.0,-176.0,-46.0,25.0,-229.0,-72.0,73.0,-356.0,116.43,20.97,-168.25,216.21,-85.75,-173.67,-48.91,6.41,-218.32,-77.67,18.560000000000002,-336.19
2025-08-12T18:42:34.008942,52.0,28.0,-196.0,175.0,-66.0,-204.0,-83.0,-78.0,-317.0,-11.0,130.0,-259.0,35.43,3.969999999999999,-161.25,150.21,-82.75,-201.67,-85.91,-96.59,-306.32,-16.67,75.56,-239.19
2025-08-12T18:42:34.016793,230.0,68.0,-225.0,190.0,-83.0,-200.0,27.0,-59.0,-325.0,9.0,177.0,-232.0,213.43,43.97,-190.25,165.21,-99.75,-197.67,24.09,-77.59,-314.32,3.33,122.56,-212.19
2025-08-12T18:42:34.021081,196.0,132.0,-220.0,205.0,-60.0,-211.0,-36.0,-27.0,-262.0,-49.0,176.0,-286.0,179.43,107.97,-185.25,180.21,-76.75,-208.67,-38.91,-45.59,-251.32,-54.67,121.56,-266.19
2025-08-12T18:42:34.029316,154.0,42.0,-239.0,159.0,-106.0,-233.0,-36.0,-59.0,-279.0,-7.0,78.0,-321.0,137.43,17.97,-204.25,134.21,-122.75,-230.67,-38.91,-77.59,-268.32,-12.67,23.560000000000002,-301.19
2025-08-12T18:42:34.033568,100.0,36.0,-234.0,180.0,-109.0,-208.0,-7.0,-104.0,-299.0,1.0,138.0,-282.0,83.43,11.969999999999999,-199.25,155.21,-125.75,-205.67,-9.91,-122.59,-288.32,-4.67,83.56,-262.19
2025-08-12T18:42:34.041687,163.0,33.0,-286.0,198.0,-131.0,-233.0,-44.0,-81.0,-267.0,-47.0,213.0,-200.0,146.43,8.969999999999999,-251.25,173.21,-147.75,-230.67,-46.91,-99.59,-256.32,-52.67,158.56,-180.19
2025-08-12T18:42:34.049629,172.0,108.0,-203.0,170.0,-42.0,-210.0,-17.0,-35.0,-266.0,-39.0,145.0,-275.0,155.43,83.97,-168.25,145.21,-58.75,-207.67,-19.91,-53.59,-255.32,-44.67,90.56,-255.19
2025-08-12T18:42:34.053907,134.0,77.0,-286.0,213.0,-74.0,-107.0,35.0,-117.0,-238.0,-9.0,172.0,-226.0,117.43,52.97,-251.25,188.21,-90.75,-104.67,32.09,-135.59,-227.32,-14.67,117.56,-206.19
2025-08-12T18:42:34.061961,208.0,18.0,-235.0,197.0,-64.0,-169.0,20.0,-36.0,-220.0,-10.0,93.0,-290.0,191.43,-6.030000000000001,-200.25,172.21,-80.75,-166.67,17.09,-54.59,-209.32,-15.67,38.56,-270.19
2025-08-12T18:42:34.066225,176.0,47.0,-192.0,138.0,-56.0,-209.0,35.0,-70.0,-231.0,4.0,94.0,-243.0,159.43,22.97,-157.25,113.21000000000001,-72.75,-206.67,32.09,-88.59,-220.32,-1.67,39.56,-223.19
2025-08-12T18:42:34.074417,133.0,113.0,-167.0,143.0,-76.0,-128.0,-7.0,-32.0,-237.0,-13.0,89.0,-268.0,116.43,88.97,-132.25,118.21000000000001,-92.75,-125.67,-9.91,-50.59,-226.32,-18.67,34.56,-248.19
2025-08-12T18:42:34.078657,100.0,79.0,-271.0,167.0,-49.0,-99.0,-47.0,-43.0,-251.0,19.0,123.0,-208.0,83.43,54.97,-236.25,142.21,-65.75,-96.67,-49.91,-61.59,-240.32,13.33,68.56,-188.19
2025-08-12T18:42:34.086753,163.0,28.0,-245.0,181.0,-87.0,-101.0,-13.0,-14.0,-321.0,-34.0,119.0,-250.0,146.43,3.969999999999999,-210.25,156.21,-103.75,-98.67,-15.91,-32.59,-310.32,-39.67,64.56,-230.19
2025-08-12T18:42:34.090950,162.0,79.0,-232.0,204.0,-78.0,-203.0,19.0,-48.0,-257.0,11.0,135.0,-242.0,145.43,54.97,-197.25,179.21,-94.75,-200.67,16.09,-66.59,-246.32,5.33,80.56,-222.19
2025-08-12T18:42:34.099051,180.0,96.0,-242.0,136.0,-51.0,-212.0,-43.0,-44.0,-282.0,-80.0,70.0,-287.0,163.43,71.97,-207.25,111.21000000000001,-67.75,-209.67,-45.91,-62.59,-271.32,-85.67,15.560000000000002,-267.19
2025-08-12T18:42:34.107130,160.0,38.0,-228.0,190.0,-57.0,-202.0,28.0,-75.0,-248.0,-32.0,100.0,-231.0,143.43,13.969999999999999,-193.25,165.21,-73.75,-199.67,25.09,-93.59,-237.32,-37.67,45.56,-211.19
2025-08-12T18:42:34.111245,219.0,28.0,-189.0,209.0,-61.0,-225.0,-47.0,-110.0,-233.0,-32.0,127.0,-268.0,202.43,3.969999999999999,-154.25,184.21,-77.75,-222.67,-49.91,-128.59,-222.32,-37.67,72.56,-248.19
2025-08-12T18:42:34.119293,82.0,82.0,-198.0,228.0,-78.0,-197.0,9.0,-27.0,-247.0,2.0,100.0,-223.0,65.43,57.97,-163.25,203.21,-94.75,-194.67,6.09,-45.59,-236.32,-3.67,45.56,-203.19
2025-08-12T18:42:34.123694,121.0,73.0,-305.0,240.0,-87.0,-190.0,12.0,-70.0,-219.0,-53.0,153.0,-227.0,104.43,48.97,-270.25,215.21,-103.75,-187.67,9.09,-88.59,-208.32,-58.67,98.56,-207.19
2025-08-12T18:42:34.131698,206.0,90.0,-241.0,191.0,-77.0,-145.0,31.0,-24.0,-228.0,-40.0,155.0,-299.0,189.43,65.97,-206.25,166.21,-93.75,-142.67,28.09,-42.59,-217.32,-45.67,100.56,-279.19
2025-08-12T18:42:34.139769,151.0,100.0,-175.0,227.0,-39.0,-161.0,16.0,-58.0,-214.0,-25.0,97.0,-273.0,134.43,75.97,-140.25,202.21,-55.75,-158.67,13.09,-76.59,-203.32,-30.67,42.56,-253.19
2025-08-12T18:42:34.144062,176.0,67.0,-218.0,161.0,-151.0,-208.0,-84.0,-82.0,-179.0,-25.0,88.0,-271.0,159.43,42.97,-183.25,136.21,-167.75,-205.67,-86.91,-100.59,-168.32,-30.67,33.56,-251.19
2025-08-12T18:42:34.152193,200.0,47.0,-201.0,155.0,-10.0,-153.0,63.0,-120.0,-194.0,13.0,153.0,-273.0,183.43,22.97,-166.25,130.21,-26.75,-150.67,60.09,-138.59,-183.32,7.33,98.56,-253.19
2025-08-12T18:42:34.156490,152.0,69.0,-246.0,152.0,-39.0,-178.0,-8.0,-109.0,-191.0,6.0,141.0,-274.0,135.43,44.97,-211.25,127.21000000000001,-55.75,-175.67,-10.91,-127.59,-180.32,0.33000000000000007,86.56,-254.19
2025-08-12T18:42:34.164533,124.0,74.0,-149.0,167.0,-42.0,-141.0,-37.0,-2.0,-262.0,-39.0,161.0,-274.0,107.43,49.97,-114.25,142.21,-58.75,-138.67,-39.91,-20.59,-251.32,-44.67,106.56,-254.19
2025-08-12T18:42:34.168779,146.0,81.0,-261.0,189.0,-126.0,-183.0,28.0,-52.0,-222.0,-6.0,162.0,-249.0,129.43,56.97,-226.25,164.21,-142.75,-180.67,25.09,-70.59,-211.32,-11.67,107.56,-229.19
2025-08-12T18:42:34.176831,132.0,-9.0,-325.0,161.0,-68.0,-166.0,-87.0,-28.0,-255.0,-3.0,185.0,-267.0,115.43,-33.03,-290.25,136.21,-84.75,-163.67,-89.91,-46.59,-244.32,-8.67,130.56,-247.19
2025-08-12T18:42:34.184807,188.0,3.0,-193.0,150.0,-68.0,-106.0,-10.0,-57.0,-194.0,-22.0,169.0,-245.0,171.43,-21.03,-158.25,125.21000000000001,-84.75,-103.67,-12.91,-75.59,-183.32,-27.67,114.56,-225.19
2025-08-12T18:42:34.189179,149.0,16.0,-270.0,90.0,-45.0,-200.0,-79.0,-9.0,-282.0,-83.0,127.0,-341.0,132.43,-8.030000000000001,-235.25,65.21000000000001,-61.75,-197.67,-81.91,-27.59,-271.32,-88.67,72.56,-321.19
2025-08-12T18:42:34.197268,160.0,96.0,-219.0,248.0,-30.0,-135.0,-51.0,-101.0,-252.0,-39.0,121.0,-273.0,143.43,71.97,-184.25,223.21,-46.75,-132.67,-53.91,-119.59,-241.32,-44.67,66.56,-253.19
2025-08-12T18:42:34.201557,183.0,58.0,-262.0,166.0,-76.0,-102.0,-64.0,-76.0,-260.0,10.0,70.0,-262.0,166.43,33.97,-227.25,141.21,-92.75,-99.67,-66.91,-94.59,-249.32,4.33,15.560000000000002,-242.19
2025-08-12T18:42:34.209554,221.0,78.0,-169.0,191.0,-70.0,-134.0,-40.0,0.0,-272.0,-24.0,56.0,-250.0,204.43,53.97,-134.25,166.21,-86.75,-131.67,-42.91,-18.59,-261.32,-29.67,1.5600000000000023,-230.19
2025-08-12T18:42:34.213839,216.0,136.0,-203.0,229.0,-83.0,-202.0,-16.0,-101.0,-217.0,5.0,80.0,-318.0,199.43,111.97,-168.25,204.21,-99.75,-199.67,-18.91,-119.59,-206.32,-0.6699999999999999,25.560000000000002,-298.19
2025-08-12T18:42:34.221729,163.0,99.0,-229.0,182.0,-64.0,-181.0,-49.0,-60.0,-209.0,-55.0,116.0,-279.0,146.43,74.97,-194.25,157.21,-80.75,-178.67,-51.91,-78.59,-198.32,-60.67,61.56,-259.19
2025-08-12T18:42:34.229807,159.0,46.0,-208.0,168.0,-26.0,-185.0,-32.0,-49.0,-324.0,26.0,67.0,-258.0,142.43,21.97,-173.25,143.21,-42.75,-182.67,-34.91,-67.59,-313.32,20.33,12.560000000000002,-238.19
2025-08-12T18:42:34.234247,195.0,98.0,-229.0,174.0,-33.0,-254.0,-9.0,-51.0,-231.0,-18.0,123.0,-238.0,178.43,73.97,-194.25,149.21,-49.75,-251.67,-11.91,-69.59,-220.32,-23.67,68.56,-218.19
2025-08-12T18:42:34.242312,163.0,90.0,-235.0,147.0,-114.0,-196.0,-22.0,-67.0,-229.0,-3.0,66.0,-309.0,146.43,65.97,-200.25,122.21000000000001,-130.75,-193.67,-24.91,-85.59,-218.32,-8.67,11.560000000000002,-289.19
2025-08-12T18:42:34.246569,138.0,79.0,-241.0,230.0,-87.0,-195.0,-33.0,-85.0,-234.0,18.0,72.0,-365.0,121.43,54.97,-206.25,205.21,-103.75,-192.67,-35.91,-103.59,-223.32,12.33,17.560000000000002,-345.19
2025-08-12T18:42:34.254593,146.0,43.0,-250.0,215.0,-22.0,-210.0,13.0,-1.0,-226.0,-5.0,143.0,-252.0,129.43,18.97,-215.25,190.21,-38.75,-207.67,10.09,-19.59,-215.32,-10.67,88.56,-232.19
2025-08-12T18:42:34.258765,179.0,15.0,-183.0,147.0,-22.0,-147.0,0.0,-59.0,-292.0,-12.0,204.0,-251.0,162.43,-9.030000000000001,-148.25,122.21000000000001,-38.75,-144.67,-2.91,-77.59,-281.32,-17.67,149.56,-231.19
2025-08-12T18:42:34.266928,220.0,53.0,-211.0,163.0,-55.0,-176.0,-52.0,-105.0,-176.0,-59.0,161.0,-327.0,203.43,28.97,-176.25,138.21,-71.75,-173.67,-54.91,-123.59,-165.32,-64.67,106.56,-307.19
2025-08-12T18:42:34.274808,209.0,69.0,-241.0,143.0,-69.0,-111.0,-78.0,-59.0,-223.0,68.0,117.0,-274.0,192.43,44.97,-206.25,118.21000000000001,-85.75,-108.67,-80.91,-77.59,-212.32,62.33,62.56,-254.19
2025-08-12T18:42:34.279284,181.0,24.0,-172.0,161.0,-58.0,-142.0,-12.0,-50.0,-223.0,-82.0,103.0,-265.0,164.43,-0.030000000000001137,-137.25,136.21,-74.75,-139.67,-14.91,-68.59,-212.32,-87.67,48.56,-245.19
2025-08-12T18:42:34.287186,210.0,55.0,-192.0,190.0,-13.0,-153.0,-25.0,-89.0,-254.0,5.0,152.0,-216.0,193.43,30.97,-157.25,165.21,-29.75,-150.67,-27.91,-107.59,-243.32,-0.6699999999999999,97.56,-196.19
2025-08-12T18:42:34.291569,166.0,90.0,-248.0,169.0,-50.0,-202.0,-32.0,-28.0,-223.0,-36.0,108.0,-360.0,149.43,65.97,-213.25,144.21,-66.75,-199.67,-34.91,-46.59,-212.32,-41.67,53.56,-340.19
2025-08-12T18:42:34.299733,167.0,52.0,-248.0,143.0,-23.0,-164.0,-11.0,-22.0,-148.0,-41.0,116.0,-231.0,150.43,27.97,-213.25,118.21000000000001,-39.75,-161.67,-13.91,-40.59,-137.32,-46.67,61.56,-211.19
2025-08-12T18:42:34.303864,144.0,44.0,-168.0,181.0,-126.0,-154.0,-52.0,-65.0,-216.0,10.0,134.0,-285.0,127.43,19.97,-133.25,156.21,-142.75,-151.67,-54.91,-83.59,-205.32,4.33,79.56,-265.19
2025-08-12T18:42:34.311859,120.0,139.0,-211.0,197.0,-115.0,-168.0,-24.0,-14.0,-188.0,-7.0,145.0,-214.0,103.43,114.97,-176.25,172.21,-131.75,-165.67,-26.91,-32.59,-177.32,-12.67,90.56,-194.19
2025-08-12T18:42:34.320107,199.0,23.0,-230.0,202.0,-15.0,-164.0,-14.0,2.0,-235.0,-86.0,80.0,-258.0,182.43,-1.0300000000000011,-195.25,177.21,-31.75,-161.67,-16.91,-16.59,-224.32,-91.67,25.560000000000002,-238.19
2025-08-12T18:42:34.324234,157.0,29.0,-216.0,113.0,-22.0,-65.0,58.0,-46.0,-149.0,10.0,83.0,-249.0,140.43,4.969999999999999,-181.25,88.21000000000001,-38.75,-62.67,55.09,-64.59,-138.32,4.33,28.560000000000002,-229.19
2025-08-12T18:42:34.332374,113.0,57.0,-130.0,166.0,-34.0,-100.0,12.0,-101.0,-228.0,-50.0,86.0,-190.0,96.43,32.97,-95.25,141.21,-50.75,-97.67,9.09,-119.59,-217.32,-55.67,31.560000000000002,-170.19
2025-08-12T18:42:34.336677,139.0,66.0,-183.0,108.0,-80.0,-160.0,-27.0,-5.0,-218.0,31.0,49.0,-167.0,122.43,41.97,-148.25,83.21000000000001,-96.75,-157.67,-29.91,-23.59,-207.32,25.33,-5.439999999999998,-147.19
2025-08-12T18:42:34.344630,81.0,107.0,-192.0,146.0,-8.0,-186.0,-1.0,-138.0,-165.0,-65.0,115.0,-307.0,64.43,82.97,-157.25,121.21000000000001,-24.75,-183.67,-3.91,-156.59,-154.32,-70.67,60.56,-287.19
2025-08-12T18:42:34.348930,143.0,4.0,-210.0,163.0,56.0,-198.0,-82.0,-88.0,-219.0,-83.0,21.0,-219.0,126.43,-20.03,-175.25,138.21,39.25,-195.67,-84.91,-106.59,-208.32,-88.67,-33.44,-199.19
2025-08-12T18:42:34.356901,90.0,62.0,-209.0,68.0,-22.0,-170.0,2.0,-5.0,-228.0,-27.0,50.0,-221.0,73.43,37.97,-174.25,43.21,-38.75,-167.67,-0.9100000000000001,-23.59,-217.32,-32.67,-4.439999999999998,-201.19
2025-08-12T18:42:34.361242,63.0,69.0,-222.0,164.0,-11.0,-200.0,11.0,-68.0,-161.0,-48.0,73.0,-196.0,46.43,44.97,-187.25,139.21,-27.75,-197.67,8.09,-86.59,-150.32,-53.67,18.560000000000002,-176.19
2025-08-12T18:42:34.369134,93.0,14.0,-227.0,87.0,-5.0,-137.0,-25.0,-68.0,-217.0,-40.0,125.0,-278.0,76.43,-10.030000000000001,-192.25,62.21,-21.75,-134.67,-27.91,-86.59,-206.32,-45.67,70.56,-258.19
2025-08-12T18:42:34.377307,93.0,5.0,-179.0,129.0,-7.0,-116.0,-68.0,-34.0,-134.0,4.0,40.0,-174.0,76.43,-19.03,-144.25,104.21000000000001,-23.75,-113.67,-70.91,-52.59,-123.32,-1.67,-14.439999999999998,-154.19
2025-08-12T18:42:34.381748,35.0,104.0,-185.0,124.0,-35.0,-164.0,-94.0,-70.0,-95.0,-16.0,24.0,-236.0,18.43,79.97,-150.25,99.21000000000001,-51.75,-161.67,-96.91,-88.59,-84.32,-21.67,-30.439999999999998,-216.19
2025-08-12T18:42:34.389669,1.0,64.0,-228.0,91.0,-41.0,-99.0,-61.0,-56.0,-202.0,-84.0,68.0,-130.0,-15.57,39.97,-193.25,66.21000000000001,-57.75,-96.67,-63.91,-74.59,-191.32,-89.67,13.560000000000002,-110.19
2025-08-12T18:42:34.393968,46.0,54.0,-210.0,47.0,-84.0,-154.0,-37.0,9.0,-189.0,-29.0,-1.0,-165.0,29.43,29.97,-175.25,22.21,-100.75,-151.67,-39.91,-9.59,-178.32,-34.67,-55.44,-145.19
2025-08-12T18:42:34.401986,81.0,12.0,-177.0,109.0,-21.0,-168.0,-53.0,-44.0,-196.0,-13.0,96.0,-122.0,64.43,-12.030000000000001,-142.25,84.21000000000001,-37.75,-165.67,-55.91,-62.59,-185.32,-18.67,41.56,-102.19
2025-08-12T18:42:34.406047,19.0,75.0,-170.0,87.0,-12.0,-181.0,-126.0,-29.0,-102.0,-75.0,28.0,-205.0,2.4299999999999997,50.97,-135.25,62.21,-28.75,-178.67,-128.91,-47.59,-91.32,-80.67,-26.439999999999998,-185.19
2025-08-12T18:42:34.414648,62.0,64.0,-176.0,67.0,-10.0,-134.0,-31.0,-17.0,-147.0,19.0,24.0,-173.0,45.43,39.97,-141.25,42.21,-26.75,-131.67,-33.91,-35.59,-136.32,13.33,-30.439999999999998,-153.19
2025-08-12T18:42:34.418510,8.0,55.0,-150.0,79.0,25.0,-125.0,-112.0,-56.0,-141.0,-52.0,39.0,-130.0,-8.57,30.97,-115.25,54.21,8.25,-122.67,-114.91,-74.59,-130.32,-57.67,-15.439999999999998,-110.19
2025-08-12T18:42:34.426943,25.0,68.0,-230.0,70.0,20.0,-130.0,-15.0,-6.0,-171.0,-69.0,89.0,-134.0,8.43,43.97,-195.25,45.21,3.25,-127.67,-17.91,-24.59,-160.32,-74.67,34.56,-114.19
2025-08-12T18:42:34.434657,100.0,25.0,-217.0,105.0,-30.0,-102.0,-40.0,-135.0,-99.0,-20.0,127.0,-180.0,83.43,0.9699999999999989,-182.25,80.21000000000001,-46.75,-99.67,-42.91,-153.59,-88.32,-25.67,72.56,-160.19
2025-08-12T18:42:34.438831,56.0,15.0,-129.0,79.0,-21.0,-171.0,13.0,-44.0,-122.0,-39.0,108.0,-133.0,39.43,-9.030000000000001,-94.25,54.21,-37.75,-168.67,10.09,-62.59,-111.32,-44.67,53.56,-113.19
2025-08-12T18:42:34.447007,54.0,78.0,-243.0,78.0,-70.0,-134.0,-62.0,-20.0,-160.0,10.0,15.0,-82.0,37.43,53.97,-208.25,53.21,-86.75,-131.67,-64.91,-38.59,-149.32,4.33,-39.44,-62.19
2025-08-12T18:42:34.451212,51.0,97.0,-91.0,71.0,-35.0,-147.0,-65.0,-28.0,-102.0,-73.0,79.0,-85.0,34.43,72.97,-56.25,46.21,-51.75,-144.67,-67.91,-46.59,-91.32,-78.67,24.560000000000002,-65.19
2025-08-12T18:42:34.459465,26.0,36.0,-236.0,143.0,-36.0,-155.0,-12.0,-66.0,-82.0,-106.0,63.0,-142.0,9.43,11.969999999999999,-201.25,118.21000000000001,-52.75,-152.67,-14.91,-84.59,-71.32,-111.67,8.560000000000002,-122.19
2025-08-12T18:42:34.463699,52.0,-44.0,-181.0,26.0,-39.0,-165.0,-1.0,-25.0,-98.0,-50.0,76.0,-176.0,35.43,-68.03,-146.25,1.2100000000000009,-55.75,-162.67,-3.91,-43.59,-87.32,-55.67,21.560000000000002,-156.19
2025-08-12T18:42:34.471687,5.0,46.0,-150.0,101.0,10.0,-105.0,-46.0,-35.0,-177.0,-72.0,93.0,-161.0,-11.57,21.97,-115.25,76.21000000000001,-6.75,-102.67,-48.91,-53.59,-166.32,-77.67,38.56,-141.19
2025-08-12T18:42:34.475896,-37.0,79.0,-105.0,98.0,36.0,-87.0,-87.0,-31.0,-143.0,-28.0,43.0,-149.0,-53.57,54.97,-70.25,73.21000000000001,19.25,-84.67,-89.91,-49.59,-132.32,-33.67,-11.439999999999998,-129.19
2025-08-12T18:42:34.484138,62.0,105.0,-229.0,39.0,-3.0,-173.0,-62.0,38.0,-148.0,-40.0,73.0,-120.0,45.43,80.97,-194.25,14.21,-19.75,-170.67,-64.91,19.41,-137.32,-45.67,18.560000000000002,-100.19
2025-08-12T18:42:34.488266,72.0,74.0,-216.0,122.0,-14.0,-120.0,-28.0,-76.0,-88.0,-63.0,107.0,-172.0,55.43,49.97,-181.25,97.21000000000001,-30.75,-117.67,-30.91,-94.59,-77.32,-68.67,52.56,-152.19
2025-08-12T18:42:34.496345,69.0,-4.0,-115.0,66.0,7.0,-138.0,-70.0,-27.0,-137.0,-16.0,84.0,-124.0,52.43,-28.03,-80.25,41.21,-9.75,-135.67,-72.91,-45.59,-126.32,-21.67,29.560000000000002,-104.19
2025-08-12T18:42:34.500523,3.0,56.0,-107.0,68.0,12.0,-99.0,-24.0,-21.0,-115.0,-10.0,64.0,-110.0,-13.57,31.97,-72.25,43.21,-4.75,-96.67,-26.91,-39.59,-104.32,-15.67,9.560000000000002,-90.19
2025-08-12T18:42:34.508600,11.0,41.0,-136.0,62.0,28.0,-74.0,-66.0,77.0,-159.0,-4.0,35.0,-177.0,-5.57,16.97,-101.25,37.21,11.25,-71.67,-68.91,58.41,-148.32,-9.67,-19.439999999999998,-157.19
2025-08-12T18:42:34.512655,95.0,34.0,-137.0,13.0,-75.0,-145.0,5.0,3.0,-143.0,55.0,58.0,-133.0,78.43,9.969999999999999,-102.25,-11.79,-91.75,-142.67,2.09,-15.59,-132.32,49.33,3.5600000000000023,-113.19
2025-08-12T18:42:34.520943,40.0,93.0,-160.0,-3.0,-9.0,-147.0,-105.0,42.0,-138.0,-67.0,29.0,-150.0,23.43,68.97,-125.25,-27.79,-25.75,-144.67,-107.91,23.41,-127.32,-72.67,-25.439999999999998,-130.19
2025-08-12T18:42:34.528805,120.0,-58.0,-150.0,19.0,-2.0,-175.0,-18.0,48.0,-94.0,16.0,91.0,-127.0,103.43,-82.03,-115.25,-5.789999999999999,-18.75,-172.67,-20.91,29.41,-83.32,10.33,36.56,-107.19
2025-08-12T18:42:34.533193,-7.0,43.0,-117.0,47.0,22.0,-154.0,-42.0,5.0,-123.0,-58.0,100.0,-216.0,-23.57,18.97,-82.25,22.21,5.25,-151.67,-44.91,-13.59,-112.32,-63.67,45.56,-196.19
2025-08-12T18:42:34.541269,4.0,32.0,-114.0,70.0,-92.0,-100.0,-37.0,-38.0,-146.0,-5.0,120.0,-159.0,-12.57,7.969999999999999,-79.25,45.21,-108.75,-97.67,-39.91,-56.59,-135.32,-10.67,65.56,-139.19
2025-08-12T18:42:34.545559,-4.0,59.0,-120.0,40.0,-90.0,-99.0,-91.0,-21.0,-92.0,-53.0,99.0,-132.0,-20.57,34.97,-85.25,15.21,-106.75,-96.67,-93.91,-39.59,-81.32,-58.67,44.56,-112.19
2025-08-12T18:42:34.553418,15.0,-8.0,-224.0,35.0,-57.0,-60.0,41.0,-78.0,-119.0,0.0,-4.0,-91.0,-1.5700000000000003,-32.03,-189.25,10.21,-73.75,-57.67,38.09,-96.59,-108.32,-5.67,-58.44,-71.19
2025-08-12T18:42:34.557732,40.0,20.0,-172.0,74.0,-14.0,-143.0,-49.0,5.0,-163.0,-68.0,36.0,-89.0,23.43,-4.030000000000001,-137.25,49.21,-30.75,-140.67,-51.91,-13.59,-152.32,-73.67,-18.439999999999998,-69.19
2025-08-12T18:42:34.565743,53.0,70.0,-154.0,102.0,30.0,-113.0,-13.0,-31.0,-144.0,-74.0,90.0,-97.0,36.43,45.97,-119.25,77.21000000000001,13.25,-110.67,-15.91,-49.59,-133.32,-79.67,35.56,-77.19
2025-08-12T18:42:34.570048,67.0,72.0,-202.0,105.0,-13.0,-124.0,2.0,-87.0,-138.0,-6.0,66.0,-153.0,50.43,47.97,-167.25,80.21000000000001,-29.75,-121.67,-0.9100000000000001,-105.59,-127.32,-11.67,11.560000000000002,-133.19
2025-08-12T18:42:34.578103,117.0,51.0,-199.0,15.0,-9.0,-100.0,-104.0,-20.0,-127.0,-69.0,-9.0,-128.0,100.43,26.97,-164.25,-9.79,-25.75,-97.67,-106.91,-38.59,-116.32,-74.67,-63.44,-108.19
2025-08-12T18:42:34.582372,28.0,15.0,-122.0,51.0,59.0,-134.0,-75.0,13.0,-70.0,-4.0,96.0,-100.0,11.43,-9.030000000000001,-87.25,26.21,42.25,-131.67,-77.91,-5.59,-59.32,-9.67,41.56,-80.19
2025-08-12T18:42:34.590479,71.0,62.0,-174.0,65.0,5.0,-128.0,-28.0,63.0,-140.0,-21.0,34.0,-130.0,54.43,37.97,-139.25,40.21,-11.75,-125.67,-30.91,44.41,-129.32,-26.67,-20.439999999999998,-110.19
2025-08-12T18:42:34.595095,24.0,84.0,-204.0,119.0,-56.0,-155.0,-25.0,13.0,-147.0,-44.0,34.0,-88.0,7.43,59.97,-169.25,94.21000000000001,-72.75,-152.67,-27.91,-5.59,-136.32,-49.67,-20.439999999999998,-68.19
2025-08-12T18:42:34.602758,128.0,95.0,-173.0,72.0,30.0,-119.0,-33.0,-40.0,-72.0,30.0,59.0,-70.0,111.43,70.97,-138.25,47.21,13.25,-116.67,-35.91,-58.59,-61.32,24.33,4.560000000000002,-50.19
2025-08-12T18:42:34.607067,14.0,0.0,-170.0,81.0,-22.0,-128.0,-80.0,-54.0,-95.0,-48.0,96.0,-101.0,-2.5700000000000003,-24.03,-135.25,56.21,-38.75,-125.67,-82.91,-72.59,-84.32,-53.67,41.56,-81.19
2025-08-12T18:42:34.615114,95.0,-4.0,-128.0,-31.0,64.0,-151.0,-44.0,-48.0,-130.0,-39.0,83.0,-139.0,78.43,-28.03,-93.25,-55.79,47.25,-148.67,-46.91,-66.59,-119.32,-44.67,28.560000000000002,-119.19
2025-08-12T18:42:34.623135,84.0,47.0,-128.0,57.0,-65.0,-140.0,-83.0,10.0,-148.0,-12.0,65.0,-194.0,67.43,22.97,-93.25,32.21,-81.75,-137.67,-85.91,-8.59,-137.32,-17.67,10.560000000000002,-174.19
2025-08-12T18:42:34.627258,-4.0,94.0,-73.0,144.0,-65.0,-140.0,1.0,-3.0,-145.0,47.0,43.0,-133.0,-20.57,69.97,-38.25,119.21000000000001,-81.75,-137.67,-1.9100000000000001,-21.59,-134.32,41.33,-11.439999999999998,-113.19
2025-08-12T18:42:34.635482,-29.0,26.0,-219.0,49.0,71.0,-133.0,-8.0,-38.0,-187.0,35.0,125.0,-95.0,-45.57,1.9699999999999989,-184.25,24.21,54.25,-130.67,-10.91,-56.59,-176.32,29.33,70.56,-75.19
2025-08-12T18:42:34.639758,143.0,56.0,-203.0,45.0,12.0,-63.0,-22.0,-20.0,-120.0,-17.0,47.0,-47.0,126.43,31.97,-168.25,20.21,-4.75,-60.67,-24.91,-38.59,-109.32,-22.67,-7.439999999999998,-27.19
2025-08-12T18:42:34.647665,63.0,61.0,-140.0,59.0,-34.0,-113.0,-21.0,8.0,-116.0,-9.0,70.0,-144.0,46.43,36.97,-105.25,34.21,-50.75,-110.67,-23.91,-10.59,-105.32,-14.67,15.560000000000002,-124.19
2025-08-12T18:42:34.651959,89.0,37.0,-160.0,26.0,9.0,-94.0,-41.0,-93.0,-141.0,-21.0,113.0,-175.0,72.43,12.969999999999999,-125.25,1.2100000000000009,-7.75,-91.67,-43.91,-111.59,-130.32,-26.67,58.56,-155.19
2025-08-12T18:42:34.659983,11.0,55.0,-204.0,79.0,15.0,-82.0,-33.0,-27.0,-147.0,-21.0,75.0,-118.0,-5.57,30.97,-169.25,54.21,-1.75,-79.67,-35.91,-45.59,-136.32,-26.67,20.560000000000002,-98.19
2025-08-12T18:42:34.664285,29.0,95.0,-103.0,84.0,-27.0,-187.0,-53.0,6.0,-92.0,6.0,36.0,-218.0,12.43,70.97,-68.25,59.21,-43.75,-184.67,-55.91,-12.59,-81.32,0.33000000000000007,-18.439999999999998,-198.19
2025-08-12T18:42:34.672199,34.0,52.0,-242.0,48.0,-51.0,-169.0,-63.0,70.0,-125.0,-3.0,93.0,-123.0,17.43,27.97,-207.25,23.21,-67.75,-166.67,-65.91,51.41,-114.32,-8.67,38.56,-103.19
2025-08-12T18:42:34.676637,57.0,59.0,-153.0,78.0,-6.0,-172.0,-17.0,-72.0,-68.0,-66.0,110.0,-116.0,40.43,34.97,-118.25,53.21,-22.75,-169.67,-19.91,-90.59,-57.32,-71.67,55.56,-96.19
2025-08-12T18:42:34.684642,62.0,0.0,-166.0,65.0,26.0,-166.0,-70.0,36.0,-108.0,58.0,66.0,-123.0,45.43,-24.03,-131.25,40.21,9.25,-163.67,-72.91,17.41,-97.32,52.33,11.560000000000002,-103.19
2025-08-12T18:42:34.688957,41.0,30.0,-119.0,41.0,-18.0,-135.0,-59.0,71.0,-85.0,-3.0,51.0,-183.0,24.43,5.969999999999999,-84.25,16.21,-34.75,-132.67,-61.91,52.41,-74.32,-8.67,-3.4399999999999977,-163.19
2025-08-12T18:42:34.696933,69.0,45.0,-182.0,53.0,-30.0,-112.0,-59.0,-40.0,-82.0,-60.0,94.0,-165.0,52.43,20.97,-147.25,28.21,-46.75,-109.67,-61.91,-58.59,-71.32,-65.67,39.56,-145.19
2025-08-12T18:42:34.701190,29.0,81.0,-86.0,159.0,-2.0,-143.0,-4.0,-2.0,-165.0,-60.0,28.0,-184.0,12.43,56.97,-51.25,134.21,-18.75,-140.67,-6.91,-20.59,-154.32,-65.67,-26.439999999999998,-164.19
2025-08-12T18:42:34.709267,48.0,62.0,-98.0,36.0,22.0,-85.0,-63.0,17.0,-133.0,-57.0,63.0,-141.0,31.43,37.97,-63.25,11.21,5.25,-82.67,-65.91,-1.5899999999999999,-122.32,-62.67,8.560000000000002,-121.19
2025-08-12T18:42:34.713627,73.0,41.0,-174.0,85.0,-34.0,-127.0,0.0,-39.0,-109.0,-43.0,60.0,-78.0,56.43,16.97,-139.25,60.21,-50.75,-124.67,-2.91,-57.59,-98.32,-48.67,5.560000000000002,-58.19
2025-08-12T18:42:34.721644,71.0,46.0,-143.0,59.0,17.0,-138.0,-22.0,-29.0,-143.0,-29.0,80.0,-107.0,54.43,21.97,-108.25,34.21,0.25,-135.67,-24.91,-47.59,-132.32,-34.67,25.560000000000002,-87.19
2025-08-12T18:42:34.729429,65.0,45.0,-104.0,27.0,-24.0,-120.0,-12.0,-5.0,-140.0,-76.0,43.0,-117.0,48.43,20.97,-69.25,2.210000000000001,-40.75,-117.67,-14.91,-23.59,-129.32,-81.67,-11.439999999999998,-97.19
2025-08-12T18:42:34.733865,-38.0,50.0,-138.0,111.0,-10.0,-95.0,-75.0,-23.0,-92.0,19.0,86.0,-144.0,-54.57,25.97,-103.25,86.21000000000001,-26.75,-92.67,-77.91,-41.59,-81.32,13.33,31.560000000000002,-124.19
2025-08-12T18:42:34.741798,41.0,57.0,-108.0,8.0,-59.0,-156.0,-42.0,53.0,-159.0,-16.0,101.0,-195.0,24.43,32.97,-73.25,-16.79,-75.75,-153.67,-44.91,34.41,-148.32,-21.67,46.56,-175.19
2025-08-12T18:42:34.746117,-39.0,67.0,-189.0,87.0,-33.0,-119.0,-46.0,-13.0,-162.0,-1.0,17.0,-116.0,-55.57,42.97,-154.25,62.21,-49.75,-116.67,-48.91,-31.59,-151.32,-6.67,-37.44,-96.19
2025-08-12T18:42:34.754424,-11.0,104.0,-122.0,54.0,-27.0,-176.0,-59.0,-36.0,-130.0,-41.0,92.0,-131.0,-27.57,79.97,-87.25,29.21,-43.75,-173.67,-61.91,-54.59,-119.32,-46.67,37.56,-111.19
2025-08-12T18:42:34.758343,-6.0,61.0,-190.0,83.0,11.0,-109.0,-34.0,25.0,-65.0,-14.0,69.0,-107.0,-22.57,36.97,-155.25,58.21,-5.75,-106.67,-36.91,6.41,-54.32,-19.67,14.560000000000002,-87.19
2025-08-12T18:42:34.766431,15.0,-19.0,-99.0,71.0,52.0,-147.0,28.0,-1.0,-154.0,-23.0,45.0,-253.0,-1.5700000000000003,-43.03,-64.25,46.21,35.25,-144.67,25.09,-19.59,-143.32,-28.67,-9.439999999999998,-233.19
2025-08-12T18:42:34.770709,28.0,30.0,-144.0,25.0,-16.0,-156.0,-38.0,-77.0,-190.0,-25.0,55.0,-144.0,11.43,5.969999999999999,-109.25,0.21000000000000085,-32.75,-153.67,-40.91,-95.59,-179.32,-30.67,0.5600000000000023,-124.19
2025-08-12T18:42:34.778745,84.0,98.0,-140.0,102.0,14.0,-169.0,-28.0,-61.0,-108.0,19.0,41.0,-108.0,67.43,73.97,-105.25,77.21000000000001,-2.75,-166.67,-30.91,-79.59,-97.32,13.33,-13.439999999999998,-88.19
2025-08-12T18:42:34.783179,21.0,107.0,-105.0,100.0,-31.0,-90.0,-73.0,44.0,-144.0,-72.0,107.0,-101.0,4.43,82.97,-70.25,75.21000000000001,-47.75,-87.67,-75.91,25.41,-133.32,-77.67,52.56,-81.19
2025-08-12T18:42:34.791147,60.0,34.0,-163.0,109.0,11.0,-126.0,-45.0,-83.0,-114.0,-34.0,20.0,-90.0,43.43,9.969999999999999,-128.25,84.21000000000001,-5.75,-123.67,-47.91,-101.59,-103.32,-39.67,-34.44,-70.19
2025-08-12T18:42:34.795181,26.0,17.0,-140.0,90.0,-37.0,-114.0,-53.0,-40.0,-155.0,4.0,48.0,-148.0,9.43,-7.030000000000001,-105.25,65.21000000000001,-53.75,-111.67,-55.91,-58.59,-144.32,-1.67,-6.439999999999998,-128.19
2025-08-12T18:42:34.803904,-3.0,51.0,-136.0,93.0,-65.0,-152.0,-13.0,-16.0,-134.0,-38.0,84.0,-137.0,-19.57,26.97,-101.25,68.21000000000001,-81.75,-149.67,-15.91,-34.59,-123.32,-43.67,29.560000000000002,-117.19
2025-08-12T18:42:34.811427,108.0,38.0,-158.0,109.0,-63.0,-109.0,-80.0,22.0,-95.0,56.0,62.0,-91.0,91.43,13.969999999999999,-123.25,84.21000000000001,-79.75,-106.67,-82.91,3.41,-84.32,50.33,7.560000000000002,-71.19
2025-08-12T18:42:34.816404,81.0,68.0,-114.0,60.0,22.0,-157.0,-95.0,33.0,-97.0,-72.0,46.0,-106.0,64.43,43.97,-79.25,35.21,5.25,-154.67,-97.91,14.41,-86.32,-77.67,-8.439999999999998,-86.19
2025-08-12T18:42:34.823651,-3.0,18.0,-200.0,79.0,12.0,-80.0,-71.0,35.0,-166.0,-81.0,86.0,-156.0,-19.57,-6.030000000000001,-165.25,54.21,-4.75,-77.67,-73.91,16.41,-155.32,-86.67,31.560000000000002,-136.19
2025-08-12T18:42:34.828745,69.0,49.0,-130.0,50.0,55.0,-180.0,-34.0,-46.0,-116.0,-50.0,92.0,-202.0,52.43,24.97,-95.25,25.21,38.25,-177.67,-36.91,-64.59,-105.32,-55.67,37.56,-182.19
2025-08-12T18:42:34.836081,-5.0,9.0,-102.0,68.0,48.0,-120.0,2.0,-25.0,-145.0,2.0,185.0,-172.0,-21.57,-15.030000000000001,-67.25,43.21,31.25,-117.67,-0.9100000000000001,-43.59,-134.32,-3.67,130.56,-152.19
2025-08-12T18:42:34.840442,-35.0,97.0,-175.0,68.0,-42.0,-110.0,21.0,-28.0,-81.0,-17.0,40.0,-133.0,-51.57,72.97,-140.25,43.21,-58.75,-107.67,18.09,-46.59,-70.32,-22.67,-14.439999999999998,-113.19
2025-08-12T18:42:34.848532,51.0,104.0,-132.0,17.0,-67.0,-145.0,-44.0,15.0,-113.0,27.0,58.0,-106.0,34.43,79.97,-97.25,-7.789999999999999,-83.75,-142.67,-46.91,-3.59,-102.32,21.33,3.5600000000000023,-86.19
2025-08-12T18:42:34.852765,47.0,-14.0,-222.0,98.0,10.0,-67.0,-53.0,-28.0,-130.0,-13.0,12.0,-172.0,30.43,-38.03,-187.25,73.21000000000001,-6.75,-64.67,-55.91,-46.59,-119.32,-18.67,-42.44,-152.19
2025-08-12T18:42:34.860712,112.0,19.0,-122.0,89.0,-70.0,-195.0,-62.0,-17.0,-137.0,28.0,54.0,-218.0,95.43,-5.030000000000001,-87.25,64.21000000000001,-86.75,-192.67,-64.91,-35.59,-126.32,22.33,-0.4399999999999977,-198.19
2025-08-12T18:42:34.865009,35.0,22.0,-131.0,74.0,-1.0,-135.0,-20.0,-69.0,-137.0,-37.0,107.0,-168.0,18.43,-2.030000000000001,-96.25,49.21,-17.75,-132.67,-22.91,-87.59,-126.32,-42.67,52.56,-148.19
2025-08-12T18:42:34.873099,37.0,55.0,-190.0,76.0,-18.0,-77.0,-27.0,-52.0,-132.0,-32.0,38.0,-140.0,20.43,30.97,-155.25,51.21,-34.75,-74.67,-29.91,-70.59,-121.32,-37.67,-16.439999999999998,-120.19
2025-08-12T18:42:34.881240,55.0,65.0,-191.0,18.0,-59.0,-142.0,-76.0,-13.0,-131.0,-30.0,32.0,-109.0,38.43,40.97,-156.25,-6.789999999999999,-75.75,-139.67,-78.91,-31.59,-120.32,-35.67,-22.439999999999998,-89.19
2025-08-12T18:42:34.885458,65.0,-17.0,-186.0,24.0,-45.0,-160.0,-73.0,-35.0,-200.0,-65.0,120.0,-91.0,48.43,-41.03,-151.25,-0.7899999999999991,-61.75,-157.67,-75.91,-53.59,-189.32,-70.67,65.56,-71.19
2025-08-12T18:42:34.893409,109.0,1.0,-175.0,94.0,-26.0,-155.0,-75.0,11.0,-111.0,-45.0,79.0,-188.0,92.43,-23.03,-140.25,69.21000000000001,-42.75,-152.67,-77.91,-7.59,-100.32,-50.67,24.560000000000002,-168.19
2025-08-12T18:42:34.897759,44.0,73.0,-183.0,31.0,12.0,-106.0,21.0,12.0,-163.0,8.0,123.0,-201.0,27.43,48.97,-148.25,6.210000000000001,-4.75,-103.67,18.09,-6.59,-152.32,2.33,68.56,-181.19
2025-08-12T18:42:34.905771,49.0,81.0,-125.0,77.0,6.0,-113.0,-84.0,12.0,-71.0,42.0,41.0,-138.0,32.43,56.97,-90.25,52.21,-10.75,-110.67,-86.91,-6.59,-60.32,36.33,-13.439999999999998,-118.19
2025-08-12T18:42:34.910012,35.0,112.0,-204.0,108.0,13.0,-160.0,-51.0,27.0,-135.0,-22.0,39.0,-163.0,18.43,87.97,-169.25,83.21000000000001,-3.75,-157.67,-53.91,8.41,-124.32,-27.67,-15.439999999999998,-143.19
2025-08-12T18:42:34.918127,85.0,13.0,-211.0,68.0,0.0,-125.0,-22.0,41.0,-137.0,-39.0,122.0,-97.0,68.43,-11.030000000000001,-176.25,43.21,-16.75,-122.67,-24.91,22.41,-126.32,-44.67,67.56,-77.19
2025-08-12T18:42:34.922324,95.0,13.0,-128.0,27.0,-75.0,-95.0,-5.0,6.0,-163.0,27.0,138.0,-190.0,78.43,-11.030000000000001,-93.25,2.210000000000001,-91.75,-92.67,-7.91,-12.59,-152.32,21.33,83.56,-170.19
2025-08-12T18:42:34.930417,59.0,38.0,-204.0,61.0,-21.0,-116.0,-14.0,5.0,-166.0,24.0,131.0,-163.0,42.43,13.969999999999999,-169.25,36.21,-37.75,-113.67,-16.91,-13.59,-155.32,18.33,76.56,-143.19
2025-08-12T18:42:34.934740,-14.0,59.0,-129.0,78.0,-54.0,-145.0,-4.0,-49.0,-139.0,-21.0,46.0,-126.0,-30.57,34.97,-94.25,53.21,-70.75,-142.67,-6.91,-67.59,-128.32,-26.67,-8.439999999999998,-106.19
2025-08-12T18:42:34.942801,78.0,70.0,-198.0,126.0,-28.0,-169.0,-48.0,-57.0,-173.0,41.0,16.0,-91.0,61.43,45.97,-163.25,101.21000000000001,-44.75,-166.67,-50.91,-75.59,-162.32,35.33,-38.44,-71.19
2025-08-12T18:42:34.946726,21.0,8.0,-149.0,36.0,34.0,-65.0,-63.0,-69.0,-61.0,32.0,70.0,-126.0,4.43,-16.03,-114.25,11.21,17.25,-62.67,-65.91,-87.59,-50.32,26.33,15.560000000000002,-106.19
2025-08-12T18:42:34.955173,44.0,39.0,-185.0,92.0,22.0,-97.0,-49.0,13.0,-131.0,-26.0,150.0,-152.0,27.43,14.969999999999999,-150.25,67.21000000000001,5.25,-94.67,-51.91,-5.59,-120.32,-31.67,95.56,-132.19
2025-08-12T18:42:34.963125,1.0,-37.0,-171.0,127.0,-40.0,-157.0,-28.0,33.0,-129.0,-11.0,68.0,-114.0,-15.57,-61.03,-136.25,102.21000000000001,-56.75,-154.67,-30.91,14.41,-118.32,-16.67,13.560000000000002,-94.19
2025-08-12T18:42:34.967460,6.0,21.0,-139.0,103.0,-53.0,-97.0,-57.0,-30.0,-121.0,-79.0,103.0,-187.0,-10.57,-3.030000000000001,-104.25,78.21000000000001,-69.75,-94.67,-59.91,-48.59,-110.32,-84.67,48.56,-167.19
2025-08-12T18:42:34.975472,41.0,66.0,-134.0,55.0,-23.0,-141.0,-11.0,-96.0,-142.0,22.0,48.0,-112.0,24.43,41.97,-99.25,30.21,-39.75,-138.67,-13.91,-114.59,-131.32,16.33,-6.439999999999998,-92.19
2025-08-12T18:42:34.979719,-10.0,88.0,-248.0,104.0,-25.0,-174.0,-68.0,-93.0,-152.0,6.0,32.0,-105.0,-26.57,63.97,-213.25,79.21000000000001,-41.75,-171.67,-70.91,-111.59,-141.32,0.33000000000000007,-22.439999999999998,-85.19
2025-08-12T18:42:34.987761,63.0,64.0,-150.0,69.0,8.0,-144.0,-130.0,11.0,-177.0,-85.0,45.0,-152.0,46.43,39.97,-115.25,44.21,-8.75,-141.67,-132.91,-7.59,-166.32,-90.67,-9.439999999999998,-132.19
2025-08-12T18:42:34.991895,21.0,-4.0,-165.0,37.0,-67.0,-108.0,-87.0,-27.0,-150.0,-56.0,103.0,-91.0,4.43,-28.03,-130.25,12.21,-83.75,-105.67,-89.91,-45.59,-139.32,-61.67,48.56,-71.19
2025-08-12T18:42:35.000053,74.0,83.0,-108.0,39.0,-70.0,-116.0,-28.0,-51.0,-178.0,-16.0,116.0,-141.0,57.43,58.97,-73.25,14.21,-86.75,-113.67,-30.91,-69.59,-167.32,-21.67,61.56,-121.19
2025-08-12T18:42:35.004180,23.0,112.0,-111.0,66.0,-28.0,-119.0,-67.0,-46.0,-160.0,3.0,131.0,-121.0,6.43,87.97,-76.25,41.21,-44.75,-116.67,-69.91,-64.59,-149.32,-2.67,76.56,-101.19
2025-08-12T18:42:35.012378,18.0,71.0,-166.0,81.0,-56.0,-168.0,3.0,19.0,-73.0,-48.0,59.0,-153.0,1.4299999999999997,46.97,-131.25,56.21,-72.75,-165.67,0.08999999999999986,0.41000000000000014,-62.32,-53.67,4.560000000000002,-133.19
2025-08-12T18:42:35.016647,68.0,84.0,-111.0,14.0,-55.0,-110.0,-71.0,45.0,-170.0,-94.0,51.0,-84.0,51.43,59.97,-76.25,-10.79,-71.75,-107.67,-73.91,26.41,-159.32,-99.67,-3.4399999999999977,-64.19
2025-08-12T18:42:35.024624,50.0,-67.0,-193.0,94.0,34.0,-119.0,-70.0,-58.0,-106.0,-9.0,90.0,-103.0,33.43,-91.03,-158.25,69.21000000000001,17.25,-116.67,-72.91,-76.59,-95.32,-14.67,35.56,-83.19
2025-08-12T18:42:35.032750,104.0,66.0,-159.0,76.0,1.0,-148.0,-14.0,-24.0,-190.0,-23.0,88.0,-161.0,87.43,41.97,-124.25,51.21,-15.75,-145.67,-16.91,-42.59,-179.32,-28.67,33.56,-141.19
2025-08-12T18:42:35.036794,39.0,70.0,-116.0,87.0,-25.0,-102.0,-69.0,-59.0,-149.0,2.0,72.0,-94.0,22.43,45.97,-81.25,62.21,-41.75,-99.67,-71.91,-77.59,-138.32,-3.67,17.560000000000002,-74.19
2025-08-12T18:42:35.044954,52.0,52.0,-179.0,87.0,-72.0,-86.0,-56.0,-54.0,-96.0,-5.0,-21.0,-157.0,35.43,27.97,-144.25,62.21,-88.75,-83.67,-58.91,-72.59,-85.32,-10.67,-75.44,-137.19
2025-08-12T18:42:35.049218,21.0,9.0,-152.0,105.0,0.0,-177.0,-56.0,3.0,-97.0,-19.0,10.0,-85.0,4.43,-15.030000000000001,-117.25,80.21000000000001,-16.75,-174.67,-58.91,-15.59,-86.32,-24.67,-44.44,-65.19
2025-08-12T18:42:35.057208,109.0,61.0,-199.0,35.0,-26.0,-122.0,-100.0,-1.0,-105.0,-61.0,28.0,-158.0,92.43,36.97,-164.25,10.21,-42.75,-119.67,-102.91,-19.59,-94.32,-66.67,-26.439999999999998,-138.19
2025-08-12T18:42:35.061452,80.0,21.0,-180.0,77.0,-68.0,-152.0,-59.0,-3.0,-117.0,22.0,62.0,-133.0,63.43,-3.030000000000001,-145.25,52.21,-84.75,-149.67,-61.91,-21.59,-106.32,16.33,7.560000000000002,-113.19
2025-08-12T18:42:35.069658,72.0,39.0,-116.0,137.0,-11.0,-93.0,11.0,-24.0,-114.0,-47.0,14.0,-138.0,55.43,14.969999999999999,-81.25,112.21000000000001,-27.75,-90.67,8.09,-42.59,-103.32,-52.67,-40.44,-118.19
2025-08-12T18:42:35.073933,58.0,-5.0,-138.0,52.0,-46.0,-59.0,11.0,-26.0,-154.0,1.0,39.0,-165.0,41.43,-29.03,-103.25,27.21,-62.75,-56.67,8.09,-44.59,-143.32,-4.67,-15.439999999999998,-145.19
2025-08-12T18:42:35.081836,12.0,4.0,-185.0,59.0,52.0,-88.0,-81.0,-36.0,-91.0,-4.0,45.0,-73.0,-4.57,-20.03,-150.25,34.21,35.25,-85.67,-83.91,-54.59,-80.32,-9.67,-9.439999999999998,-53.19
2025-08-12T18:42:35.086185,67.0,70.0,-83.0,31.0,-26.0,-135.0,-21.0,7.0,-111.0,-13.0,97.0,-81.0,50.43,45.97,-48.25,6.210000000000001,-42.75,-132.67,-23.91,-11.59,-100.32,-18.67,42.56,-61.19
2025-08-12T18:42:35.094061,31.0,100.0,-169.0,74.0,-52.0,-84.0,6.0,9.0,-104.0,-65.0,90.0,-120.0,14.43,75.97,-134.25,49.21,-68.75,-81.67,3.09,-9.59,-93.32,-70.67,35.56,-100.19
2025-08-12T18:42:35.098520,105.0,92.0,-172.0,126.0,-42.0,-118.0,0.0,-35.0,-166.0,-20.0,101.0,-110.0,88.43,67.97,-137.25,101.21000000000001,-58.75,-115.67,-2.91,-53.59,-155.32,-25.67,46.56,-90.19
2025-08-12T18:42:35.106383,16.0,41.0,-161.0,-2.0,-75.0,-119.0,-23.0,-96.0,-108.0,-10.0,45.0,-134.0,-0.5700000000000003,16.97,-126.25,-26.79,-91.75,-116.67,-25.91,-114.59,-97.32,-15.67,-9.439999999999998,-114.19
2025-08-12T18:42:35.110680,4.0,-25.0,-153.0,2.0,18.0,-167.0,-48.0,-45.0,-86.0,-45.0,86.0,-142.0,-12.57,-49.03,-118.25,-22.79,1.25,-164.67,-50.91,-63.59,-75.32,-50.67,31.560000000000002,-122.19
2025-08-12T18:42:35.118731,71.0,90.0,-116.0,10.0,15.0,-123.0,-14.0,32.0,-114.0,20.0,11.0,-139.0,54.43,65.97,-81.25,-14.79,-1.75,-120.67,-16.91,13.41,-103.32,14.33,-43.44,-119.19
2025-08-12T18:42:35.122892,51.0,46.0,-130.0,51.0,0.0,-113.0,2.0,35.0,-172.0,-93.0,55.0,-123.0,34.43,21.97,-95.25,26.21,-16.75,-110.67,-0.9100000000000001,16.41,-161.32,-98.67,0.5600000000000023,-103.19
2025-08-12T18:42:35.130873,35.0,47.0,-207.0,68.0,33.0,-95.0,25.0,-10.0,-126.0,-72.0,190.0,-139.0,18.43,22.97,-172.25,43.21,16.25,-92.67,22.09,-28.59,-115.32,-77.67,135.56,-119.19
2025-08-12T18:42:35.135277,56.0,60.0,-178.0,57.0,38.0,-65.0,-16.0,34.0,-121.0,-16.0,127.0,-171.0,39.43,35.97,-143.25,32.21,21.25,-62.67,-18.91,15.41,-110.32,-21.67,72.56,-151.19
2025-08-12T18:42:35.143315,53.0,52.0,-155.0,25.0,-15.0,-65.0,-50.0,-12.0,-64.0,-45.0,90.0,-101.0,36.43,27.97,-120.25,0.21000000000000085,-31.75,-62.67,-52.91,-30.59,-53.32,-50.67,35.56,-81.19
2025-08-12T18:42:35.147362,17.0,57.0,-136.0,48.0,-18.0,-117.0,-3.0,-7.0,-92.0,17.0,124.0,-128.0,0.4299999999999997,32.97,-101.25,23.21,-34.75,-114.67,-5.91,-25.59,-81.32,11.33,69.56,-108.19
2025-08-12T18:42:35.155755,130.0,169.0,-139.0,21.0,82.0,-143.0,-137.0,-68.0,-63.0,-74.0,35.0,-98.0,113.43,144.97,-104.25,-3.789999999999999,65.25,-140.67,-139.91,-86.59,-52.32,-79.67,-19.439999999999998,-78.19
2025-08-12T18:42:35.163794,15.0,75.0,-183.0,43.0,14.0,-107.0,-52.0,2.0,-134.0,-57.0,89.0,-98.0,-1.5700000000000003,50.97,-148.25,18.21,-2.75,-104.67,-54.91,-16.59,-123.32,-62.67,34.56,-78.19
2025-08-12T18:42:35.168027,20.0,101.0,-162.0,71.0,68.0,-134.0,24.0,7.0,-132.0,-73.0,-2.0,-88.0,3.4299999999999997,76.97,-127.25,46.21,51.25,-131.67,21.09,-11.59,-121.32,-78.67,-56.44,-68.19
2025-08-12T18:42:35.176072,71.0,76.0,-144.0,70.0,-38.0,-87.0,9.0,-39.0,-135.0,17.0,99.0,-99.0,54.43,51.97,-109.25,45.21,-54.75,-84.67,6.09,-57.59,-124.32,11.33,44.56,-79.19
2025-08-12T18:42:35.180296,51.0,76.0,-143.0,-9.0,42.0,-90.0,-59.0,-53.0,-65.0,-12.0,117.0,-70.0,34.43,51.97,-108.25,-33.79,25.25,-87.67,-61.91,-71.59,-54.32,-17.67,62.56,-50.19
2025-08-12T18:42:35.188463,-11.0,7.0,-84.0,39.0,34.0,-85.0,36.0,-85.0,-155.0,-7.0,57.0,-46.0,-27.57,-17.03,-49.25,14.21,17.25,-82.67,33.09,-103.59,-144.32,-12.67,2.5600000000000023,-26.19
2025-08-12T18:42:35.192549,-21.0,45.0,-138.0,2.0,16.0,-50.0,-78.0,13.0,-71.0,-45.0,54.0,-152.0,-37.57,20.97,-103.25,-22.79,-0.75,-47.67,-80.91,-5.59,-60.32,-50.67,-0.4399999999999977,-132.19
2025-08-12T18:42:35.200688,-35.0,28.0,-64.0,82.0,-38.0,-95.0,-41.0,17.0,-98.0,-80.0,18.0,-132.0,-51.57,3.969999999999999,-29.25,57.21,-54.75,-92.67,-43.91,-1.5899999999999999,-87.32,-85.67,-36.44,-112.19
2025-08-12T18:42:35.204736,1.0,13.0,-140.0,13.0,-18.0,-68.0,-27.0,13.0,-101.0,17.0,58.0,-116.0,-15.57,-11.030000000000001,-105.25,-11.79,-34.75,-65.67,-29.91,-5.59,-90.32,11.33,3.5600000000000023,-96.19
2025-08-12T18:42:35.212872,56.0,86.0,-157.0,15.0,34.0,-79.0,-3.0,-42.0,-111.0,-43.0,104.0,-142.0,39.43,61.97,-122.25,-9.79,17.25,-76.67,-5.91,-60.59,-100.32,-48.67,49.56,-122.19
2025-08-12T18:42:35.217174,59.0,57.0,-189.0,86.0,36.0,-38.0,10.0,-110.0,-94.0,-47.0,117.0,-95.0,42.43,32.97,-154.25,61.21,19.25,-35.67,7.09,-128.59,-83.32,-52.67,62.56,-75.19
2025-08-12T18:42:35.225340,104.0,-20.0,-104.0,114.0,-8.0,-95.0,-11.0,-41.0,-43.0,-25.0,58.0,-111.0,87.43,-44.03,-69.25,89.21000000000001,-24.75,-92.67,-13.91,-59.59,-32.32,-30.67,3.5600000000000023,-91.19
2025-08-12T18:42:35.229512,7.0,44.0,-61.0,83.0,49.0,-75.0,-43.0,53.0,-70.0,-7.0,78.0,-86.0,-9.57,19.97,-26.25,58.21,32.25,-72.67,-45.91,34.41,-59.32,-12.67,23.560000000000002,-66.19
2025-08-12T18:42:35.237648,46.0,-11.0,-48.0,-1.0,81.0,-69.0,-49.0,27.0,-69.0,5.0,59.0,-78.0,29.43,-35.03,-13.25,-25.79,64.25,-66.67,-51.91,8.41,-58.32,-0.6699999999999999,4.560000000000002,-58.19
2025-08-12T18:42:35.241847,67.0,45.0,-122.0,24.0,-88.0,-97.0,-49.0,36.0,-57.0,-4.0,46.0,-146.0,50.43,20.97,-87.25,-0.7899999999999991,-104.75,-94.67,-51.91,17.41,-46.32,-9.67,-8.439999999999998,-126.19
2025-08-12T18:42:35.249740,23.0,82.0,-124.0,43.0,32.0,-60.0,-12.0,-20.0,-169.0,19.0,135.0,-105.0,6.43,57.97,-89.25,18.21,15.25,-57.67,-14.91,-38.59,-158.32,13.33,80.56,-85.19
2025-08-12T18:42:35.254111,24.0,29.0,-157.0,25.0,11.0,-47.0,-57.0,-11.0,-97.0,0.0,3.0,-47.0,7.43,4.969999999999999,-122.25,0.21000000000000085,-5.75,-44.67,-59.91,-29.59,-86.32,-5.67,-51.44,-27.19
2025-08-12T18:42:35.262012,16.0,86.0,-139.0,87.0,27.0,-113.0,6.0,58.0,-71.0,-38.0,14.0,-103.0,-0.5700000000000003,61.97,-104.25,62.21,10.25,-110.67,3.09,39.41,-60.32,-43.67,-40.44,-83.19
2025-08-12T18:42:35.266249,-4.0,38.0,-163.0,-5.0,20.0,-86.0,-24.0,14.0,-57.0,-63.0,116.0,-48.0,-20.57,13.969999999999999,-128.25,-29.79,3.25,-83.67,-26.91,-4.59,-46.32,-68.67,61.56,-28.19
2025-08-12T18:42:35.274304,95.0,21.0,-117.0,15.0,34.0,-46.0,-30.0,37.0,-38.0,-38.0,59.0,-41.0,78.43,-3.030000000000001,-82.25,-9.79,17.25,-43.67,-32.91,18.41,-27.32,-43.67,4.560000000000002,-21.19
2025-08-12T18:42:35.278553,51.0,1.0,-78.0,33.0,-51.0,-27.0,-18.0,-10.0,-47.0,-7.0,70.0,-74.0,34.43,-23.03,-43.25,8.21,-67.75,-24.67,-20.91,-28.59,-36.32,-12.67,15.560000000000002,-54.19
2025-08-12T18:42:35.286733,117.0,-2.0,-78.0,48.0,27.0,-11.0,-61.0,-30.0,-72.0,-52.0,160.0,-86.0,100.43,-26.03,-43.25,23.21,10.25,-8.67,-63.91,-48.59,-61.32,-57.67,105.56,-66.19
2025-08-12T18:42:35.290980,-18.0,49.0,-48.0,35.0,24.0,-69.0,-35.0,32.0,-66.0,26.0,54.0,-141.0,-34.57,24.97,-13.25,10.21,7.25,-66.67,-37.91,13.41,-55.32,20.33,-0.4399999999999977,-121.19
2025-08-12T18:42:35.298889,49.0,94.0,-145.0,27.0,27.0,-83.0,-64.0,-19.0,-27.0,12.0,48.0,-51.0,32.43,69.97,-110.25,2.210000000000001,10.25,-80.67,-66.91,-37.59,-16.32,6.33,-6.439999999999998,-31.19
2025-08-12T18:42:35.303239,-125.0,57.0,-103.0,12.0,-14.0,-110.0,14.0,-36.0,-87.0,20.0,15.0,-11.0,-141.57,32.97,-68.25,-12.79,-30.75,-107.67,11.09,-54.59,-76.32,14.33,-39.44,8.809999999999999
2025-08-12T18:42:35.311310,2.0,42.0,-78.0,40.0,-31.0,-46.0,-23.0,-71.0,-75.0,-62.0,38.0,-120.0,-14.57,17.97,-43.25,15.21,-47.75,-43.67,-25.91,-89.59,-64.32,-67.67,-16.439999999999998,-100.19
2025-08-12T18:42:35.315461,34.0,6.0,-112.0,49.0,-3.0,-135.0,-47.0,-51.0,-81.0,-11.0,139.0,-109.0,17.43,-18.03,-77.25,24.21,-19.75,-132.67,-49.91,-69.59,-70.32,-16.67,84.56,-89.19
2025-08-12T18:42:35.323620,4.0,21.0,-80.0,42.0,17.0,-59.0,13.0,-42.0,-29.0,-38.0,106.0,-40.0,-12.57,-3.030000000000001,-45.25,17.21,0.25,-56.67,10.09,-60.59,-18.32,-43.67,51.56,-20.19
2025-08-12T18:42:35.327800,68.0,100.0,-69.0,0.0,96.0,-123.0,9.0,86.0,-90.0,10.0,69.0,-79.0,51.43,75.97,-34.25,-24.79,79.25,-120.67,6.09,67.41,-79.32,4.33,14.560000000000002,-59.19
2025-08-12T18:42:35.335850,31.0,7.0,-14.0,74.0,-35.0,-11.0,-62.0,63.0,-56.0,-34.0,26.0,-105.0,14.43,-17.03,20.75,49.21,-51.75,-8.67,-64.91,44.41,-45.32,-39.67,-28.439999999999998,-85.19
2025-08-12T18:42:35.340362,-11.0,75.0,-65.0,62.0,31.0,-67.0,50.0,57.0,-86.0,-13.0,48.0,-32.0,-27.57,50.97,-30.25,37.21,14.25,-64.67,47.09,38.41,-75.32,-18.67,-6.439999999999998,-12.190000000000001
2025-08-12T18:42:35.348158,-12.0,65.0,-141.0,67.0,-5.0,-40.0,-18.0,12.0,-112.0,-3.0,96.0,-16.0,-28.57,40.97,-106.25,42.21,-21.75,-37.67,-20.91,-6.59,-101.32,-8.67,41.56,3.8099999999999987
2025-08-12T18:42:35.352406,-3.0,24.0,-76.0,21.0,87.0,-21.0,-8.0,7.0,-95.0,-11.0,28.0,-84.0,-19.57,-0.030000000000001137,-41.25,-3.789999999999999,70.25,-18.67,-10.91,-11.59,-84.32,-16.67,-26.439999999999998,-64.19
2025-08-12T18:42:35.360423,-10.0,87.0,-110.0,3.0,16.0,-110.0,-2.0,11.0,-94.0,-17.0,147.0,-10.0,-26.57,62.97,-75.25,-21.79,-0.75,-107.67,-4.91,-7.59,-83.32,-22.67,92.56,9.809999999999999
2025-08-12T18:42:35.364711,40.0,3.0,-122.0,58.0,27.0,-98.0,42.0,-71.0,-73.0,0.0,72.0,-111.0,23.43,-21.03,-87.25,33.21,10.25,-95.67,39.09,-89.59,-62.32,-5.67,17.560000000000002,-91.19
2025-08-12T18:42:35.372613,90.0,23.0,-25.0,-26.0,37.0,-93.0,-58.0,19.0,-80.0,4.0,73.0,-102.0,73.43,-1.0300000000000011,9.75,-50.79,20.25,-90.67,-60.91,0.41000000000000014,-69.32,-1.67,18.560000000000002,-82.19
2025-08-12T18:42:35.376971,10.0,77.0,-84.0,-40.0,-31.0,-39.0,24.0,-17.0,-21.0,12.0,96.0,-131.0,-6.57,52.97,-49.25,-64.78999999999999,-47.75,-36.67,21.09,-35.59,-10.32,6.33,41.56,-111.19
2025-08-12T18:42:35.384912,-12.0,-5.0,-31.0,49.0,-28.0,-24.0,-9.0,34.0,-52.0,38.0,38.0,-104.0,-28.57,-29.03,3.75,24.21,-44.75,-21.67,-11.91,15.41,-41.32,32.33,-16.439999999999998,-84.19
2025-08-12T18:42:35.389834,3.0,50.0,-66.0,71.0,-71.0,-51.0,21.0,-1.0,-42.0,21.0,55.0,-17.0,-13.57,25.97,-31.25,46.21,-87.75,-48.67,18.09,-19.59,-31.32,15.33,0.5600000000000023,2.8099999999999987
2025-08-12T18:42:35.397134,-15.0,26.0,-100.0,34.0,16.0,29.0,18.0,22.0,-58.0,-21.0,-32.0,-83.0,-31.57,1.9699999999999989,-65.25,9.21,-0.75,31.33,15.09,3.41,-47.32,-26.67,-86.44,-63.19
2025-08-12T18:42:35.402190,62.0,45.0,-54.0,55.0,23.0,-19.0,-44.0,109.0,-31.0,-40.0,31.0,-64.0,45.43,20.97,-19.25,30.21,6.25,-16.67,-46.91,90.41,-20.32,-45.67,-23.439999999999998,-44.19
2025-08-12T18:42:35.409586,119.0,110.0,-154.0,-11.0,5.0,-69.0,37.0,-27.0,-3.0,-23.0,16.0,-46.0,102.43,85.97,-119.25,-35.79,-11.75,-66.67,34.09,-45.59,7.68,-28.67,-38.44,-26.19
2025-08-12T18:42:35.414456,72.0,17.0,-42.0,49.0,17.0,-59.0,21.0,20.0,-19.0,-1.0,127.0,-78.0,55.43,-7.030000000000001,-7.25,24.21,0.25,-56.67,18.09,1.4100000000000001,-8.32,-6.67,72.56,-58.19
2025-08-12T18:42:35.421743,28.0,41.0,-58.0,-32.0,-12.0,-39.0,29.0,66.0,-22.0,-3.0,45.0,-74.0,11.43,16.97,-23.25,-56.79,-28.75,-36.67,26.09,47.41,-11.32,-8.67,-9.439999999999998,-54.19
2025-08-12T18:42:35.426153,75.0,18.0,-17.0,40.0,30.0,-117.0,-48.0,9.0,-102.0,8.0,93.0,-91.0,58.43,-6.030000000000001,17.75,15.21,13.25,-114.67,-50.91,-9.59,-91.32,2.33,38.56,-71.19
2025-08-12T18:42:35.433951,-40.0,-4.0,-109.0,80.0,17.0,11.0,62.0,-84.0,-44.0,-49.0,29.0,-14.0,-56.57,-28.03,-74.25,55.21,0.25,13.33,59.09,-102.59,-33.32,-54.67,-25.439999999999998,5.809999999999999
2025-08-12T18:42:35.438414,57.0,83.0,-82.0,48.0,-23.0,-74.0,16.0,46.0,-61.0,78.0,67.0,-49.0,40.43,58.97,-47.25,23.21,-39.75,-71.67,13.09,27.41,-50.32,72.33,12.560000000000002,-29.19
2025-08-12T18:42:35.446398,2.0,6.0,-133.0,82.0,76.0,-1.0,-15.0,42.0,-65.0,17.0,21.0,-68.0,-14.57,-18.03,-98.25,57.21,59.25,1.33,-17.91,23.41,-54.32,11.33,-33.44,-48.19
2025-08-12T18:42:35.450665,19.0,32.0,-95.0,33.0,-42.0,-82.0,-5.0,15.0,-66.0,-45.0,6.0,-42.0,2.4299999999999997,7.969999999999999,-60.25,8.21,-58.75,-79.67,-7.91,-3.59,-55.32,-50.67,-48.44,-22.19
2025-08-12T18:42:35.458625,-50.0,54.0,-196.0,29.0,-15.0,-25.0,-4.0,-4.0,-37.0,-21.0,33.0,-43.0,-66.57,29.97,-161.25,4.210000000000001,-31.75,-22.67,-6.91,-22.59,-26.32,-26.67,-21.439999999999998,-23.19
2025-08-12T18:42:35.462835,30.0,71.0,-111.0,39.0,48.0,-50.0,-72.0,37.0,-47.0,-11.0,27.0,-97.0,13.43,46.97,-76.25,14.21,31.25,-47.67,-74.91,18.41,-36.32,-16.67,-27.439999999999998,-77.19
2025-08-12T18:42:35.470864,48.0,40.0,-38.0,81.0,56.0,-49.0,27.0,35.0,-62.0,26.0,113.0,-16.0,31.43,15.969999999999999,-3.25,56.21,39.25,-46.67,24.09,16.41,-51.32,20.33,58.56,3.8099999999999987
2025-08-12T18:42:35.475184,40.0,39.0,-116.0,64.0,38.0,-27.0,11.0,4.0,-73.0,-19.0,96.0,-40.0,23.43,14.969999999999999,-81.25,39.21,21.25,-24.67,8.09,-14.59,-62.32,-24.67,41.56,-20.19
2025-08-12T18:42:35.483262,-2.0,33.0,-99.0,34.0,-5.0,-57.0,33.0,30.0,-8.0,28.0,16.0,-119.0,-18.57,8.969999999999999,-64.25,9.21,-21.75,-54.67,30.09,11.41,2.6799999999999997,22.33,-38.44,-99.19
2025-08-12T18:42:35.487576,78.0,-26.0,-14.0,-28.0,22.0,-17.0,-7.0,-2.0,-41.0,34.0,85.0,-75.0,61.43,-50.03,20.75,-52.79,5.25,-14.67,-9.91,-20.59,-30.32,28.33,30.560000000000002,-55.19
2025-08-12T18:42:35.495470,41.0,31.0,-32.0,89.0,13.0,-71.0,45.0,17.0,-35.0,-24.0,25.0,-68.0,24.43,6.969999999999999,2.75,64.21000000000001,-3.75,-68.67,42.09,-1.5899999999999999,-24.32,-29.67,-29.439999999999998,-48.19
2025-08-12T18:42:35.499830,4.0,42.0,-35.0,-7.0,11.0,-18.0,-70.0,-38.0,-28.0,25.0,64.0,-57.0,-12.57,17.97,-0.25,-31.79,-5.75,-15.67,-72.91,-56.59,-17.32,19.33,9.560000000000002,-37.19
2025-08-12T18:42:35.507832,55.0,50.0,29.0,59.0,27.0,-46.0,25.0,-26.0,34.0,-28.0,68.0,14.0,38.43,25.97,63.75,34.21,10.25,-43.67,22.09,-44.59,44.68,-33.67,13.560000000000002,33.81
2025-08-12T18:42:35.512070,29.0,-37.0,-72.0,53.0,-8.0,-6.0,-20.0,15.0,-2.0,-3.0,79.0,18.0,12.43,-61.03,-37.25,28.21,-24.75,-3.67,-22.91,-3.59,8.68,-8.67,24.560000000000002,37.81
2025-08-12T18:42:35.516164,-71.0,47.0,-106.0,41.0,38.0,4.0,-21.0,28.0,-52.0,23.0,58.0,37.0,-87.57,22.97,-71.25,16.21,21.25,6.33,-23.91,9.41,-41.32,17.33,3.5600000000000023,56.81
2025-08-12T18:42:35.524162,58.0,11.0,29.0,32.0,9.0,-51.0,-59.0,-79.0,-46.0,10.0,86.0,-68.0,41.43,-13.030000000000001,63.75,7.210000000000001,-7.75,-48.67,-61.91,-97.59,-35.32,4.33,31.560000000000002,-48.19
2025-08-12T18:42:35.532507,-16.0,-11.0,-41.0,34.0,-46.0,-6.0,-104.0,30.0,-33.0,-19.0,28.0,-86.0,-32.57,-35.03,-6.25,9.21,-62.75,-3.67,-106.91,11.41,-22.32,-24.67,-26.439999999999998,-66.19
2025-08-12T18:42:35.536712,13.0,9.0,-39.0,84.0,28.0,-56.0,-12.0,-11.0,-45.0,20.0,107.0,-128.0,-3.5700000000000003,-15.030000000000001,-4.25,59.21,11.25,-53.67,-14.91,-29.59,-34.32,14.33,52.56,-108.19
2025-08-12T18:42:35.544687,37.0,122.0,-60.0,74.0,-5.0,-32.0,65.0,8.0,-45.0,11.0,96.0,-109.0,20.43,97.97,-25.25,49.21,-21.75,-29.67,62.09,-10.59,-34.32,5.33,41.56,-89.19
2025-08-12T18:42:35.548852,71.0,70.0,-104.0,-6.0,-17.0,-14.0,10.0,-22.0,-60.0,-60.0,65.0,-28.0,54.43,45.97,-69.25,-30.79,-33.75,-11.67,7.09,-40.59,-49.32,-65.67,10.560000000000002,-8.190000000000001
2025-08-12T18:42:35.553049,47.0,0.0,-57.0,16.0,-23.0,-75.0,-42.0,10.0,-28.0,4.0,3.0,-27.0,30.43,-24.03,-22.25,-8.79,-39.75,-72.67,-44.91,-8.59,-17.32,-1.67,-51.44,-7.190000000000001
2025-08-12T18:42:35.561108,21.0,-33.0,-60.0,48.0,-47.0,-60.0,10.0,8.0,-4.0,0.0,-52.0,35.0,4.43,-57.03,-25.25,23.21,-63.75,-57.67,7.09,-10.59,6.68,-5.67,-106.44,54.81
2025-08-12T18:42:35.565120,39.0,70.0,-31.0,-21.0,27.0,4.0,-45.0,73.0,-81.0,44.0,28.0,-48.0,22.43,45.97,3.75,-45.79,10.25,6.33,-47.91,54.41,-70.32,38.33,-26.439999999999998,-28.19
2025-08-12T18:42:35.573502,-3.0,38.0,-49.0,-63.0,29.0,16.0,-59.0,28.0,-2.0,-17.0,-3.0,-85.0,-19.57,13.969999999999999,-14.25,-87.78999999999999,12.25,18.33,-61.91,9.41,8.68,-22.67,-57.44,-65.19
2025-08-12T18:42:35.577591,62.0,-63.0,-76.0,0.0,17.0,-88.0,-80.0,-25.0,-7.0,-51.0,49.0,-8.0,45.43,-87.03,-41.25,-24.79,0.25,-85.67,-82.91,-43.59,3.6799999999999997,-56.67,-5.439999999999998,11.809999999999999
2025-08-12T18:42:35.585854,24.0,6.0,-103.0,41.0,-25.0,-39.0,-20.0,3.0,-54.0,-53.0,102.0,-30.0,7.43,-18.03,-68.25,16.21,-41.75,-36.67,-22.91,-15.59,-43.32,-58.67,47.56,-10.190000000000001
2025-08-12T18:42:35.589747,37.0,15.0,-28.0,13.0,-89.0,19.0,-54.0,9.0,-65.0,25.0,97.0,-26.0,20.43,-9.030000000000001,6.75,-11.79,-105.75,21.33,-56.91,-9.59,-54.32,19.33,42.56,-6.190000000000001
2025-08-12T18:42:35.597993,-3.0,-30.0,-56.0,51.0,44.0,-45.0,34.0,49.0,-20.0,24.0,43.0,-4.0,-19.57,-54.03,-21.25,26.21,27.25,-42.67,31.09,30.41,-9.32,18.33,-11.439999999999998,15.809999999999999
2025-08-12T18:42:35.602226,11.0,11.0,8.0,98.0,-53.0,-16.0,-68.0,-2.0,-80.0,-24.0,31.0,-70.0,-5.57,-13.030000000000001,42.75,73.21000000000001,-69.75,-13.67,-70.91,-20.59,-69.32,-29.67,-23.439999999999998,-50.19
2025-08-12T18:42:35.610317,20.0,39.0,-71.0,-32.0,24.0,-17.0,-25.0,-2.0,-80.0,-34.0,66.0,-81.0,3.4299999999999997,14.969999999999999,-36.25,-56.79,7.25,-14.67,-27.91,-20.59,-69.32,-39.67,11.560000000000002,-61.19
2025-08-12T18:42:35.614548,-62.0,8.0,-35.0,24.0,-13.0,-3.0,-27.0,54.0,-66.0,-95.0,22.0,-46.0,-78.57,-16.03,-0.25,-0.7899999999999991,-29.75,-0.6699999999999999,-29.91,35.41,-55.32,-100.67,-32.44,-26.19
2025-08-12T18:42:35.622559,-35.0,-10.0,9.0,-42.0,24.0,-69.0,-23.0,14.0,-36.0,-6.0,40.0,18.0,-51.57,-34.03,43.75,-66.78999999999999,7.25,-66.67,-25.91,-4.59,-25.32,-11.67,-14.439999999999998,37.81
2025-08-12T18:42:35.626832,50.0,-32.0,-30.0,12.0,13.0,-58.0,-45.0,3.0,-48.0,7.0,114.0,-24.0,33.43,-56.03,4.75,-12.79,-3.75,-55.67,-47.91,-15.59,-37.32,1.33,59.56,-4.190000000000001
2025-08-12T18:42:35.634714,-55.0,105.0,-17.0,55.0,26.0,-24.0,65.0,32.0,-69.0,-13.0,106.0,-53.0,-71.57,80.97,17.75,30.21,9.25,-21.67,62.09,13.41,-58.32,-18.67,51.56,-33.19
2025-08-12T18:42:35.639893,-18.0,63.0,-75.0,-27.0,14.0,-15.0,37.0,-12.0,12.0,13.0,39.0,-73.0,-34.57,38.97,-40.25,-51.79,-2.75,-12.67,34.09,-30.59,22.68,7.33,-15.439999999999998,-53.19
2025-08-12T18:42:35.647029,-59.0,33.0,-116.0,16.0,-19.0,-53.0,30.0,-48.0,-55.0,-40.0,87.0,-20.0,-75.57,8.969999999999999,-81.25,-8.79,-35.75,-50.67,27.09,-66.59,-44.32,-45.67,32.56,-0.19000000000000128
2025-08-12T18:42:35.651915,26.0,90.0,-79.0,43.0,81.0,-15.0,-57.0,0.0,-22.0,-38.0,11.0,-25.0,9.43,65.97,-44.25,18.21,64.25,-12.67,-59.91,-18.59,-11.32,-43.67,-43.44,-5.190000000000001
2025-08-12T18:42:35.659262,100.0,88.0,-97.0,56.0,6.0,16.0,19.0,42.0,-80.0,38.0,25.0,-18.0,83.43,63.97,-62.25,31.21,-10.75,18.33,16.09,23.41,-69.32,32.33,-29.439999999999998,1.8099999999999987
2025-08-12T18:42:35.663729,12.0,81.0,-39.0,-13.0,64.0,-5.0,-40.0,-58.0,-54.0,31.0,9.0,-60.0,-4.57,56.97,-4.25,-37.79,47.25,-2.67,-42.91,-76.59,-43.32,25.33,-45.44,-40.19
2025-08-12T18:42:35.671773,86.0,-26.0,-87.0,-32.0,11.0,-31.0,36.0,49.0,-44.0,-16.0,63.0,-76.0,69.43,-50.03,-52.25,-56.79,-5.75,-28.67,33.09,30.41,-33.32,-21.67,8.560000000000002,-56.19
2025-08-12T18:42:35.676013,-12.0,25.0,24.0,57.0,14.0,-45.0,17.0,9.0,-82.0,-14.0,31.0,-64.0,-28.57,0.9699999999999989,58.75,32.21,-2.75,-42.67,14.09,-9.59,-71.32,-19.67,-23.439999999999998,-44.19
2025-08-12T18:42:35.683856,32.0,101.0,41.0,0.0,4.0,-9.0,-16.0,-20.0,-8.0,34.0,15.0,-83.0,15.43,76.97,75.75,-24.79,-12.75,-6.67,-18.91,-38.59,2.6799999999999997,28.33,-39.44,-63.19
2025-08-12T18:42:35.689098,109.0,-25.0,16.0,16.0,-17.0,-40.0,33.0,-30.0,-42.0,44.0,108.0,-28.0,92.43,-49.03,50.75,-8.79,-33.75,-37.67,30.09,-48.59,-31.32,38.33,53.56,-8.190000000000001
2025-08-12T18:42:35.696185,41.0,28.0,-7.0,13.0,-22.0,8.0,-2.0,-53.0,-8.0,-26.0,14.0,-13.0,24.43,3.969999999999999,27.75,-11.79,-38.75,10.33,-4.91,-71.59,2.6799999999999997,-31.67,-40.44,6.809999999999999
2025-08-12T18:42:35.700556,-50.0,4.0,-55.0,14.0,-59.0,-35.0,-13.0,-9.0,-44.0,39.0,26.0,-48.0,-66.57,-20.03,-20.25,-10.79,-75.75,-32.67,-15.91,-27.59,-33.32,33.33,-28.439999999999998,-28.19
2025-08-12T18:42:35.708481,-58.0,-23.0,-25.0,50.0,17.0,20.0,-66.0,-7.0,22.0,58.0,18.0,-23.0,-74.57,-47.03,9.75,25.21,0.25,22.33,-68.91,-25.59,32.68,52.33,-36.44,-3.1900000000000013
2025-08-12T18:42:35.712816,22.0,28.0,-36.0,59.0,4.0,-85.0,17.0,29.0,-19.0,-19.0,83.0,-40.0,5.43,3.969999999999999,-1.25,34.21,-12.75,-82.67,14.09,10.41,-8.32,-24.67,28.560000000000002,-20.19
2025-08-12T18:42:35.720741,-19.0,51.0,-32.0,29.0,19.0,-28.0,8.0,0.0,-33.0,23.0,48.0,24.0,-35.57,26.97,2.75,4.210000000000001,2.25,-25.67,5.09,-18.59,-22.32,17.33,-6.439999999999998,43.81
2025-08-12T18:42:35.724987,26.0,42.0,30.0,62.0,29.0,-51.0,41.0,39.0,-23.0,9.0,98.0,-73.0,9.43,17.97,64.75,37.21,12.25,-48.67,38.09,20.41,-12.32,3.33,43.56,-53.19
2025-08-12T18:42:35.733019,27.0,26.0,-74.0,88.0,-27.0,-77.0,7.0,70.0,-52.0,-4.0,75.0,-12.0,10.43,1.9699999999999989,-39.25,63.21,-43.75,-74.67,4.09,51.41,-41.32,-9.67,20.560000000000002,7.809999999999999
2025-08-12T18:42:35.737403,-10.0,71.0,-20.0,40.0,-8.0,3.0,28.0,38.0,-63.0,7.0,128.0,-4.0,-26.57,46.97,14.75,15.21,-24.75,5.33,25.09,19.41,-52.32,1.33,73.56,15.809999999999999
2025-08-12T18:42:35.745420,12.0,45.0,2.0,-37.0,-5.0,-31.0,-9.0,-33.0,-15.0,-17.0,42.0,-26.0,-4.57,20.97,36.75,-61.79,-21.75,-28.67,-11.91,-51.59,-4.32,-22.67,-12.439999999999998,-6.190000000000001
2025-08-12T18:42:35.749750,-4.0,-42.0,27.0,34.0,25.0,-67.0,-3.0,-19.0,-28.0,-80.0,28.0,12.0,-20.57,-66.03,61.75,9.21,8.25,-64.67,-5.91,-37.59,-17.32,-85.67,-26.439999999999998,31.81
2025-08-12T18:42:35.757603,-56.0,42.0,-16.0,-5.0,-13.0,-8.0,8.0,50.0,-77.0,-53.0,39.0,-63.0,-72.57,17.97,18.75,-29.79,-29.75,-5.67,5.09,31.41,-66.32,-58.67,-15.439999999999998,-43.19
2025-08-12T18:42:35.761833,20.0,114.0,-59.0,41.0,41.0,20.0,-5.0,52.0,-30.0,-42.0,93.0,-37.0,3.4299999999999997,89.97,-24.25,16.21,24.25,22.33,-7.91,33.41,-19.32,-47.67,38.56,-17.19
2025-08-12T18:42:35.770016,-31.0,53.0,-115.0,28.0,30.0,-6.0,-41.0,15.0,-23.0,-17.0,71.0,-27.0,-47.57,28.97,-80.25,3.210000000000001,13.25,-3.67,-43.91,-3.59,-12.32,-22.67,16.560000000000002,-7.190000000000001
2025-08-12T18:42:35.774146,82.0,47.0,-58.0,-12.0,-10.0,-10.0,45.0,39.0,8.0,15.0,10.0,-53.0,65.43,22.97,-23.25,-36.79,-26.75,-7.67,42.09,20.41,18.68,9.33,-44.44,-33.19
2025-08-12T18:42:35.782193,26.0,-65.0,-120.0,-49.0,32.0,-51.0,-99.0,-52.0,-51.0,30.0,13.0,-68.0,9.43,-89.03,-85.25,-73.78999999999999,15.25,-48.67,-101.91,-70.59,-40.32,24.33,-41.44,-48.19
2025-08-12T18:42:35.786558,-14.0,26.0,-29.0,-4.0,40.0,-56.0,25.0,31.0,-7.0,34.0,20.0,16.0,-30.57,1.9699999999999989,5.75,-28.79,23.25,-53.67,22.09,12.41,3.6799999999999997,28.33,-34.44,35.81
2025-08-12T18:42:35.794898,24.0,-15.0,-36.0,-23.0,6.0,-20.0,37.0,3.0,-60.0,-27.0,61.0,-57.0,7.43,-39.03,-1.25,-47.79,-10.75,-17.67,34.09,-15.59,-49.32,-32.67,6.560000000000002,-37.19
2025-08-12T18:42:35.798697,70.0,63.0,-25.0,-1.0,-11.0,1.0,-19.0,30.0,-56.0,-29.0,91.0,-65.0,53.43,38.97,9.75,-25.79,-27.75,3.33,-21.91,11.41,-45.32,-34.67,36.56,-45.19
2025-08-12T18:42:35.806708,54.0,2.0,-37.0,-4.0,29.0,19.0,-50.0,14.0,-52.0,40.0,43.0,-63.0,37.43,-22.03,-2.25,-28.79,12.25,21.33,-52.91,-4.59,-41.32,34.33,-11.439999999999998,-43.19
2025-08-12T18:42:35.810965,6.0,22.0,-17.0,88.0,-37.0,-40.0,100.0,27.0,30.0,1.0,116.0,-73.0,-10.57,-2.030000000000001,17.75,63.21,-53.75,-37.67,97.09,8.41,40.68,-4.67,61.56,-53.19
2025-08-12T18:42:35.814963,44.0,75.0,31.0,79.0,10.0,-2.0,-3.0,21.0,-39.0,14.0,72.0,-76.0,27.43,50.97,65.75,54.21,-6.75,0.33000000000000007,-5.91,2.41,-28.32,8.33,17.560000000000002,-56.19
2025-08-12T18:42:35.823375,-68.0,51.0,-45.0,58.0,40.0,-8.0,77.0,-9.0,-10.0,-4.0,83.0,-20.0,-84.57,26.97,-10.25,33.21,23.25,-5.67,74.09,-27.59,0.6799999999999997,-9.67,28.560000000000002,-0.19000000000000128
2025-08-12T18:42:35.827293,75.0,28.0,-37.0,2.0,-59.0,3.0,60.0,4.0,-80.0,17.0,92.0,-5.0,58.43,3.969999999999999,-2.25,-22.79,-75.75,5.33,57.09,-14.59,-69.32,11.33,37.56,14.809999999999999
2025-08-12T18:42:35.835558,15.0,5.0,-19.0,-1.0,20.0,-50.0,36.0,10.0,-52.0,-26.0,60.0,-14.0,-1.5700000000000003,-19.03,15.75,-25.79,3.25,-47.67,33.09,-8.59,-41.32,-31.67,5.560000000000002,5.809999999999999
2025-08-12T18:42:35.839996,-17.0,-58.0,-28.0,38.0,-21.0,-29.0,-43.0,85.0,-9.0,-12.0,84.0,-7.0,-33.57,-82.03,6.75,13.21,-37.75,-26.67,-45.91,66.41,1.6799999999999997,-17.67,29.560000000000002,12.809999999999999
2025-08-12T18:42:35.847900,18.0,61.0,-107.0,11.0,70.0,-61.0,-2.0,22.0,-33.0,35.0,23.0,-55.0,1.4299999999999997,36.97,-72.25,-13.79,53.25,-58.67,-4.91,3.41,-22.32,29.33,-31.439999999999998,-35.19
2025-08-12T18:42:35.852274,-10.0,79.0,-86.0,83.0,-21.0,-25.0,-23.0,76.0,9.0,24.0,44.0,17.0,-26.57,54.97,-51.25,58.21,-37.75,-22.67,-25.91,57.41,19.68,18.33,-10.439999999999998,36.81
2025-08-12T18:42:35.860024,-104.0,73.0,-68.0,11.0,-6.0,37.0,-31.0,68.0,-2.0,21.0,62.0,-14.0,-120.57,48.97,-33.25,-13.79,-22.75,39.33,-33.91,49.41,8.68,15.33,7.560000000000002,5.809999999999999
2025-08-12T18:42:35.864443,6.0,5.0,-15.0,26.0,-27.0,-78.0,11.0,30.0,-16.0,0.0,53.0,-42.0,-10.57,-19.03,19.75,1.2100000000000009,-43.75,-75.67,8.09,11.41,-5.32,-5.67,-1.4399999999999977,-22.19
2025-08-12T18:42:35.872450,-81.0,-19.0,-44.0,30.0,-6.0,-55.0,27.0,35.0,11.0,42.0,43.0,-4.0,-97.57,-43.03,-9.25,5.210000000000001,-22.75,-52.67,24.09,16.41,21.68,36.33,-11.439999999999998,15.809999999999999
2025-08-12T18:42:35.876735,90.0,16.0,-2.0,-36.0,41.0,-21.0,-11.0,42.0,12.0,6.0,50.0,27.0,73.43,-8.030000000000001,32.75,-60.79,24.25,-18.67,-13.91,23.41,22.68,0.33000000000000007,-4.439999999999998,46.81
2025-08-12T18:42:35.884631,53.0,61.0,-79.0,24.0,-16.0,-64.0,67.0,50.0,-68.0,5.0,82.0,-23.0,36.43,36.97,-44.25,-0.7899999999999991,-32.75,-61.67,64.09,31.41,-57.32,-0.6699999999999999,27.560000000000002,-3.1900000000000013
2025-08-12T18:42:35.888948,6.0,1.0,-44.0,76.0,18.0,-59.0,11.0,15.0,-48.0,8.0,94.0,-69.0,-10.57,-23.03,-9.25,51.21,1.25,-56.67,8.09,-3.59,-37.32,2.33,39.56,-49.19
2025-08-12T18:42:35.896860,-5.0,49.0,-60.0,25.0,15.0,14.0,-37.0,50.0,-6.0,-31.0,62.0,-70.0,-21.57,24.97,-25.25,0.21000000000000085,-1.75,16.33,-39.91,31.41,4.68,-36.67,7.560000000000002,-50.19
2025-08-12T18:42:35.901339,-35.0,87.0,-58.0,72.0,-42.0,6.0,75.0,21.0,46.0,-38.0,62.0,-44.0,-51.57,62.97,-23.25,47.21,-58.75,8.33,72.09,2.41,56.68,-43.67,7.560000000000002,-24.19
2025-08-12T18:42:35.909208,56.0,19.0,-64.0,27.0,21.0,-20.0,-6.0,2.0,-111.0,-52.0,83.0,-68.0,39.43,-5.030000000000001,-29.25,2.210000000000001,4.25,-17.67,-8.91,-16.59,-100.32,-57.67,28.560000000000002,-48.19
2025-08-12T18:42:35.913530,32.0,45.0,-44.0,-21.0,29.0,-26.0,42.0,-9.0,-77.0,52.0,31.0,-29.0,15.43,20.97,-9.25,-45.79,12.25,-23.67,39.09,-27.59,-66.32,46.33,-23.439999999999998,-9.190000000000001
2025-08-12T18:42:35.921564,19.0,42.0,-28.0,44.0,1.0,-32.0,13.0,26.0,-28.0,122.0,37.0,-23.0,2.4299999999999997,17.97,6.75,19.21,-15.75,-29.67,10.09,7.41,-17.32,116.33,-17.439999999999998,-3.1900000000000013
2025-08-12T18:42:35.925817,7.0,2.0,-72.0,46.0,21.0,20.0,-73.0,50.0,-49.0,47.0,29.0,-5.0,-9.57,-22.03,-37.25,21.21,4.25,22.33,-75.91,31.41,-38.32,41.33,-25.439999999999998,14.809999999999999
2025-08-12T18:42:35.933789,-13.0,-4.0,-79.0,4.0,23.0,-17.0,17.0,49.0,-36.0,117.0,8.0,-36.0,-29.57,-28.03,-44.25,-20.79,6.25,-14.67,14.09,30.41,-25.32,111.33,-46.44,-16.19
2025-08-12T18:42:35.938143,27.0,-18.0,-38.0,68.0,-30.0,0.0,6.0,8.0,-13.0,40.0,53.0,-139.0,10.43,-42.03,-3.25,43.21,-46.75,2.33,3.09,-10.59,-2.3200000000000003,34.33,-1.4399999999999977,-119.19
2025-08-12T18:42:35.946072,87.0,33.0,-56.0,63.0,12.0,-17.0,-41.0,-32.0,-9.0,-18.0,-21.0,-45.0,70.43,8.969999999999999,-21.25,38.21,-4.75,-14.67,-43.91,-50.59,1.6799999999999997,-23.67,-75.44,-25.19
2025-08-12T18:42:35.950256,70.0,37.0,-3.0,41.0,7.0,-3.0,-3.0,11.0,47.0,43.0,26.0,-15.0,53.43,12.969999999999999,31.75,16.21,-9.75,-0.6699999999999999,-5.91,-7.59,57.68,37.33,-28.439999999999998,4.809999999999999
2025-08-12T18:42:35.958269,97.0,-14.0,5.0,118.0,1.0,-36.0,-62.0,1.0,-25.0,-8.0,30.0,40.0,80.43,-38.03,39.75,93.21000000000001,-15.75,-33.67,-64.91,-17.59,-14.32,-13.67,-24.439999999999998,59.81
2025-08-12T18:42:35.962642,47.0,99.0,-43.0,-7.0,-18.0,-14.0,-18.0,-70.0,-15.0,94.0,93.0,-101.0,30.43,74.97,-8.25,-31.79,-34.75,-11.67,-20.91,-88.59,-4.32,88.33,38.56,-81.19
2025-08-12T18:42:35.970612,13.0,23.0,-2.0,5.0,9.0,13.0,-30.0,-18.0,-48.0,23.0,54.0,-89.0,-3.5700000000000003,-1.0300000000000011,32.75,-19.79,-7.75,15.33,-32.91,-36.59,-37.32,17.33,-0.4399999999999977,-69.19
2025-08-12T18:42:35.974758,22.0,-12.0,19.0,-46.0,45.0,-35.0,8.0,37.0,-16.0,-15.0,13.0,-49.0,5.43,-36.03,53.75,-70.78999999999999,28.25,-32.67,5.09,18.41,-5.32,-20.67,-41.44,-29.19
2025-08-12T18:42:35.982939,-27.0,58.0,-12.0,41.0,-30.0,-13.0,21.0,60.0,-13.0,-9.0,59.0,-40.0,-43.57,33.97,22.75,16.21,-46.75,-10.67,18.09,41.41,-2.3200000000000003,-14.67,4.560000000000002,-20.19
2025-08-12T18:42:35.987119,52.0,30.0,-42.0,56.0,-32.0,-16.0,21.0,-10.0,-81.0,10.0,82.0,-30.0,35.43,5.969999999999999,-7.25,31.21,-48.75,-13.67,18.09,-28.59,-70.32,4.33,27.560000000000002,-10.190000000000001
2025-08-12T18:42:35.991410,95.0,46.0,-58.0,34.0,-16.0,-36.0,32.0,39.0,10.0,36.0,31.0,5.0,78.43,21.97,-23.25,9.21,-32.75,-33.67,29.09,20.41,20.68,30.33,-23.439999999999998,24.81
2025-08-12T18:42:35.999468,24.0,32.0,-14.0,1.0,-1.0,17.0,-101.0,-35.0,-22.0,53.0,-33.0,4.0,7.43,7.969999999999999,20.75,-23.79,-17.75,19.33,-103.91,-53.59,-11.32,47.33,-87.44,23.81
2025-08-12T18:42:36.004328,68.0,12.0,13.0,2.0,40.0,-15.0,-43.0,93.0,36.0,-34.0,44.0,-5.0,51.43,-12.030000000000001,47.75,-22.79,23.25,-12.67,-45.91,74.41,46.68,-39.67,-10.439999999999998,14.809999999999999
2025-08-12T18:42:36.011612,-18.0,19.0,-12.0,71.0,2.0,-49.0,32.0,82.0,18.0,17.0,62.0,20.0,-34.57,-5.030000000000001,22.75,46.21,-14.75,-46.67,29.09,63.41,28.68,11.33,7.560000000000002,39.81
2025-08-12T18:42:36.019589,60.0,29.0,-46.0,54.0,73.0,-27.0,-36.0,48.0,-47.0,-23.0,41.0,11.0,43.43,4.969999999999999,-11.25,29.21,56.25,-24.67,-38.91,29.41,-36.32,-28.67,-13.439999999999998,30.81
2025-08-12T18:42:36.024036,-26.0,45.0,8.0,29.0,-28.0,-27.0,-33.0,19.0,-19.0,-18.0,112.0,12.0,-42.57,20.97,42.75,4.210000000000001,-44.75,-24.67,-35.91,0.41000000000000014,-8.32,-23.67,57.56,31.81
2025-08-12T18:42:36.028847,-18.0,92.0,-36.0,25.0,4.0,-52.0,60.0,3.0,3.0,1.0,63.0,-8.0,-34.57,67.97,-1.25,0.21000000000000085,-12.75,-49.67,57.09,-15.59,13.68,-4.67,8.560000000000002,11.809999999999999
2025-08-12T18:42:36.036062,46.0,35.0,46.0,21.0,17.0,1.0,62.0,14.0,-6.0,-43.0,4.0,9.0,29.43,10.969999999999999,80.75,-3.789999999999999,0.25,3.33,59.09,-4.59,4.68,-48.67,-50.44,28.81
2025-08-12T18:42:36.041167,60.0,-33.0,-43.0,25.0,20.0,62.0,-9.0,-8.0,-3.0,-27.0,8.0,-12.0,43.43,-57.03,-8.25,0.21000000000000085,3.25,64.33,-11.91,-26.59,7.68,-32.67,-46.44,7.809999999999999
2025-08-12T18:42:36.048621,-25.0,47.0,-5.0,102.0,-49.0,-24.0,-4.0,-31.0,-47.0,-40.0,-13.0,6.0,-41.57,22.97,29.75,77.21000000000001,-65.75,-21.67,-6.91,-49.59,-36.32,-45.67,-67.44,25.81
2025-08-12T18:42:36.053668,-55.0,34.0,-65.0,59.0,20.0,-9.0,-24.0,-43.0,-31.0,16.0,98.0,-67.0,-71.57,9.969999999999999,-30.25,34.21,3.25,-6.67,-26.91,-61.59,-20.32,10.33,43.56,-47.19
2025-08-12T18:42:36.060847,36.0,0.0,-71.0,-9.0,89.0,5.0,-20.0,18.0,-10.0,-35.0,82.0,-40.0,19.43,-24.03,-36.25,-33.79,72.25,7.33,-22.91,-0.5899999999999999,0.6799999999999997,-40.67,27.560000000000002,-20.19
2025-08-12T18:42:36.065847,-17.0,33.0,-75.0,40.0,22.0,35.0,-34.0,67.0,-59.0,-20.0,82.0,-35.0,-33.57,8.969999999999999,-40.25,15.21,5.25,37.33,-36.91,48.41,-48.32,-25.67,27.560000000000002,-15.190000000000001
2025-08-12T18:42:36.073154,66.0,9.0,-86.0,79.0,11.0,-28.0,4.0,48.0,-51.0,-12.0,8.0,-20.0,49.43,-15.030000000000001,-51.25,54.21,-5.75,-25.67,1.0899999999999999,29.41,-40.32,-17.67,-46.44,-0.19000000000000128
2025-08-12T18:42:36.077254,-21.0,33.0,-10.0,-18.0,73.0,-58.0,6.0,69.0,-43.0,24.0,21.0,-5.0,-37.57,8.969999999999999,24.75,-42.79,56.25,-55.67,3.09,50.41,-32.32,18.33,-33.44,14.809999999999999
2025-08-12T18:42:36.085362,5.0,-8.0,-147.0,57.0,0.0,0.0,30.0,3.0,-76.0,-14.0,52.0,-31.0,-11.57,-32.03,-112.25,32.21,-16.75,2.33,27.09,-15.59,-65.32,-19.67,-2.4399999999999977,-11.190000000000001
2025-08-12T18:42:36.089677,-5.0,30.0,-104.0,11.0,65.0,10.0,54.0,37.0,-18.0,24.0,12.0,-49.0,-21.57,5.969999999999999,-69.25,-13.79,48.25,12.33,51.09,18.41,-7.32,18.33,-42.44,-29.19
2025-08-12T18:42:36.097600,-52.0,105.0,-15.0,-11.0,8.0,-12.0,-4.0,-42.0,-57.0,40.0,70.0,11.0,-68.57,80.97,19.75,-35.79,-8.75,-9.67,-6.91,-60.59,-46.32,34.33,15.560000000000002,30.81
2025-08-12T18:42:36.101810,24.0,81.0,-60.0,16.0,-26.0,48.0,-9.0,11.0,-37.0,-20.0,37.0,-66.0,7.43,56.97,-25.25,-8.79,-42.75,50.33,-11.91,-7.59,-26.32,-25.67,-17.439999999999998,-46.19
2025-08-12T18:42:36.109862,56.0,19.0,-23.0,-17.0,16.0,7.0,36.0,9.0,-35.0,-11.0,44.0,-48.0,39.43,-5.030000000000001,11.75,-41.79,-0.75,9.33,33.09,-9.59,-24.32,-16.67,-10.439999999999998,-28.19
2025-08-12T18:42:36.114207,-15.0,-56.0,-61.0,-43.0,-28.0,-11.0,-52.0,-18.0,22.0,30.0,29.0,-44.0,-31.57,-80.03,-26.25,-67.78999999999999,-44.75,-8.67,-54.91,-36.59,32.68,24.33,-25.439999999999998,-24.19
2025-08-12T18:42:36.122125,84.0,22.0,19.0,-5.0,-12.0,-63.0,-37.0,20.0,-30.0,73.0,91.0,-32.0,67.43,-2.030000000000001,53.75,-29.79,-28.75,-60.67,-39.91,1.4100000000000001,-19.32,67.33,36.56,-12.190000000000001
2025-08-12T18:42:36.126447,45.0,37.0,2.0,47.0,7.0,6.0,5.0,44.0,-9.0,1.0,32.0,-34.0,28.43,12.969999999999999,36.75,22.21,-9.75,8.33,2.09,25.41,1.6799999999999997,-4.67,-22.439999999999998,-14.190000000000001
2025-08-12T18:42:36.134459,5.0,29.0,-2.0,-23.0,36.0,-27.0,5.0,24.0,9.0,-67.0,29.0,-33.0,-11.57,4.969999999999999,32.75,-47.79,19.25,-24.67,2.09,5.41,19.68,-72.67,-25.439999999999998,-13.190000000000001
2025-08-12T18:42:36.138799,59.0,-28.0,8.0,76.0,50.0,-31.0,-26.0,-17.0,-76.0,3.0,51.0,-25.0,42.43,-52.03,42.75,51.21,33.25,-28.67,-28.91,-35.59,-65.32,-2.67,-3.4399999999999977,-5.190000000000001
2025-08-12T18:42:36.146824,-39.0,34.0,-62.0,32.0,-39.0,-49.0,-10.0,32.0,-8.0,7.0,38.0,40.0,-55.57,9.969999999999999,-27.25,7.210000000000001,-55.75,-46.67,-12.91,13.41,2.6799999999999997,1.33,-16.439999999999998,59.81
2025-08-12T18:42:36.150946,-7.0,48.0,-25.0,46.0,70.0,-54.0,21.0,-2.0,-17.0,-24.0,28.0,12.0,-23.57,23.97,9.75,21.21,53.25,-51.67,18.09,-20.59,-6.32,-29.67,-26.439999999999998,31.81
2025-08-12T18:42:36.159015,28.0,9.0,8.0,6.0,25.0,-27.0,-33.0,29.0,-59.0,-31.0,16.0,-22.0,11.43,-15.030000000000001,42.75,-18.79,8.25,-24.67,-35.91,10.41,-48.32,-36.67,-38.44,-2.1900000000000013
2025-08-12T18:42:36.163150,-10.0,25.0,20.0,-5.0,-20.0,1.0,16.0,84.0,-22.0,-5.0,19.0,12.0,-26.57,0.9699999999999989,54.75,-29.79,-36.75,3.33,13.09,65.41,-11.32,-10.67,-35.44,31.81
2025-08-12T18:42:36.167242,-1.0,-4.0,24.0,58.0,32.0,-9.0,63.0,106.0,-15.0,2.0,46.0,7.0,-17.57,-28.03,58.75,33.21,15.25,-6.67,60.09,87.41,-4.32,-3.67,-8.439999999999998,26.81
2025-08-12T18:42:36.175592,36.0,41.0,-40.0,-20.0,-28.0,-20.0,63.0,39.0,-8.0,-19.0,-2.0,31.0,19.43,16.97,-5.25,-44.79,-44.75,-17.67,60.09,20.41,2.6799999999999997,-24.67,-56.44,50.81
2025-08-12T18:42:36.179514,-40.0,60.0,43.0,76.0,-39.0,0.0,46.0,-10.0,3.0,71.0,154.0,-66.0,-56.57,35.97,77.75,51.21,-55.75,2.33,43.09,-28.59,13.68,65.33,99.56,-46.19
2025-08-12T18:42:36.187826,-61.0,33.0,7.0,74.0,107.0,3.0,-6.0,43.0,55.0,-9.0,86.0,-17.0,-77.57,8.969999999999999,41.75,49.21,90.25,5.33,-8.91,24.41,65.68,-14.67,31.560000000000002,2.8099999999999987
2025-08-12T18:42:36.191799,30.0,35.0,-29.0,20.0,32.0,40.0,-19.0,-65.0,-18.0,-72.0,104.0,27.0,13.43,10.969999999999999,5.75,-4.789999999999999,15.25,42.33,-21.91,-83.59,-7.32,-77.67,49.56,46.81
2025-08-12T18:42:36.200092,-41.0,80.0,3.0,11.0,44.0,9.0,35.0,-3.0,30.0,-35.0,76.0,53.0,-57.57,55.97,37.75,-13.79,27.25,11.33,32.09,-21.59,40.68,-40.67,21.560000000000002,72.81
2025-08-12T18:42:36.204074,53.0,43.0,-82.0,74.0,18.0,1.0,-70.0,-95.0,19.0,49.0,30.0,-22.0,36.43,18.97,-47.25,49.21,1.25,3.33,-72.91,-113.59,29.68,43.33,-24.439999999999998,-2.1900000000000013
2025-08-12T18:42:36.212452,-9.0,32.0,-18.0,19.0,-20.0,-44.0,8.0,72.0,-37.0,-38.0,56.0,-64.0,-25.57,7.969999999999999,16.75,-5.789999999999999,-36.75,-41.67,5.09,53.41,-26.32,-43.67,1.5600000000000023,-44.19
2025-08-12T18:42:36.216426,-36.0,-17.0,-9.0,56.0,-36.0,10.0,54.0,-17.0,93.0,-7.0,84.0,-33.0,-52.57,-41.03,25.75,31.21,-52.75,12.33,51.09,-35.59,103.68,-12.67,29.560000000000002,-13.190000000000001
2025-08-12T18:42:36.224693,-20.0,56.0,-95.0,12.0,9.0,-4.0,-18.0,39.0,-11.0,80.0,70.0,-52.0,-36.57,31.97,-60.25,-12.79,-7.75,-1.67,-20.91,20.41,-0.3200000000000003,74.33,15.560000000000002,-32.19
2025-08-12T18:42:36.229000,-47.0,36.0,-76.0,35.0,47.0,-25.0,-14.0,-46.0,-19.0,-30.0,104.0,-51.0,-63.57,11.969999999999999,-41.25,10.21,30.25,-22.67,-16.91,-64.59,-8.32,-35.67,49.56,-31.19
2025-08-12T18:42:36.236889,74.0,17.0,-69.0,-47.0,-11.0,80.0,38.0,36.0,-10.0,22.0,62.0,-30.0,57.43,-7.030000000000001,-34.25,-71.78999999999999,-27.75,82.33,35.09,17.41,0.6799999999999997,16.33,7.560000000000002,-10.190000000000001
2025-08-12T18:42:36.241952,105.0,65.0,81.0,23.0,-13.0,-30.0,-7.0,58.0,-1.0,-57.0,11.0,-37.0,88.43,40.97,115.75,-1.7899999999999991,-29.75,-27.67,-9.91,39.41,9.68,-62.67,-43.44,-17.19
2025-08-12T18:42:36.249340,56.0,102.0,-78.0,-39.0,15.0,8.0,92.0,106.0,-28.0,7.0,-22.0,-6.0,39.43,77.97,-43.25,-63.79,-1.75,10.33,89.09,87.41,-17.32,1.33,-76.44,13.809999999999999
2025-08-12T18:42:36.254338,48.0,46.0,-73.0,61.0,34.0,-28.0,103.0,11.0,-16.0,48.0,13.0,-128.0,31.43,21.97,-38.25,36.21,17.25,-25.67,100.09,-7.59,-5.32,42.33,-41.44,-108.19
2025-08-12T18:42:36.261415,90.0,-48.0,-90.0,56.0,42.0,-60.0,-28.0,62.0,-26.0,-39.0,22.0,13.0,73.43,-72.03,-55.25,31.21,25.25,-57.67,-30.91,43.41,-15.32,-44.67,-32.44,32.81
2025-08-12T18:42:36.266443,45.0,3.0,-70.0,48.0,10.0,43.0,-28.0,3.0,50.0,58.0,57.0,22.0,28.43,-21.03,-35.25,23.21,-6.75,45.33,-30.91,-15.59,60.68,52.33,2.5600000000000023,41.81
2025-08-12T18:42:36.273730,97.0,41.0,-92.0,99.0,7.0,-14.0,-17.0,11.0,24.0,-2.0,9.0,-25.0,80.43,16.97,-57.25,74.21000000000001,-9.75,-11.67,-19.91,-7.59,34.68,-7.67,-45.44,-5.190000000000001
2025-08-12T18:42:36.278761,-29.0,-38.0,-36.0,21.0,-17.0,-16.0,3.0,-13.0,-59.0,7.0,46.0,-56.0,-45.57,-62.03,-1.25,-3.789999999999999,-33.75,-13.67,0.08999999999999986,-31.59,-48.32,1.33,-8.439999999999998,-36.19
2025-08-12T18:42:36.285941,-25.0,-33.0,-17.0,56.0,40.0,15.0,16.0,56.0,-41.0,4.0,60.0,-26.0,-41.57,-57.03,17.75,31.21,23.25,17.33,13.09,37.41,-30.32,-1.67,5.560000000000002,-6.190000000000001
2025-08-12T18:42:36.290991,21.0,37.0,-70.0,47.0,41.0,46.0,30.0,-37.0,-36.0,-42.0,18.0,-50.0,4.43,12.969999999999999,-35.25,22.21,24.25,48.33,27.09,-55.59,-25.32,-47.67,-36.44,-30.19
2025-08-12T18:42:36.298424,-28.0,-10.0,-13.0,57.0,108.0,11.0,-27.0,18.0,3.0,64.0,60.0,-42.0,-44.57,-34.03,21.75,32.21,91.25,13.33,-29.91,-0.5899999999999999,13.68,58.33,5.560000000000002,-22.19
2025-08-12T18:42:36.303332,-32.0,29.0,-30.0,68.0,49.0,-29.0,-25.0,38.0,-15.0,-12.0,30.0,-41.0,-48.57,4.969999999999999,4.75,43.21,32.25,-26.67,-27.91,19.41,-4.32,-17.67,-24.439999999999998,-21.19
2025-08-12T18:42:36.310643,64.0,51.0,-55.0,4.0,17.0,-16.0,103.0,-26.0,5.0,-45.0,38.0,-16.0,47.43,26.97,-20.25,-20.79,0.25,-13.67,100.09,-44.59,15.68,-50.67,-16.439999999999998,3.8099999999999987
2025-08-12T18:42:36.314907,41.0,-19.0,-60.0,29.0,76.0,-6.0,-3.0,-79.0,42.0,-37.0,50.0,-46.0,24.43,-43.03,-25.25,4.210000000000001,59.25,-3.67,-5.91,-97.59,52.68,-42.67,-4.439999999999998,-26.19
2025-08-12T18:42:36.322878,-33.0,86.0,28.0,64.0,0.0,-18.0,14.0,47.0,-71.0,55.0,33.0,4.0,-49.57,61.97,62.75,39.21,-16.75,-15.67,11.09,28.41,-60.32,49.33,-21.439999999999998,23.81
2025-08-12T18:42:36.327122,-20.0,0.0,9.0,25.0,-19.0,-13.0,39.0,-11.0,-41.0,-45.0,57.0,-18.0,-36.57,-24.03,43.75,0.21000000000000085,-35.75,-10.67,36.09,-29.59,-30.32,-50.67,2.5600000000000023,1.8099999999999987
2025-08-12T18:42:36.335256,38.0,4.0,0.0,-35.0,-54.0,-4.0,21.0,-3.0,19.0,-3.0,28.0,-55.0,21.43,-20.03,34.75,-59.79,-70.75,-1.67,18.09,-21.59,29.68,-8.67,-26.439999999999998,-35.19
2025-08-12T18:42:36.339456,-10.0,-1.0,-32.0,20.0,18.0,-1.0,19.0,-5.0,0.0,46.0,81.0,-62.0,-26.57,-25.03,2.75,-4.789999999999999,1.25,1.33,16.09,-23.59,10.68,40.33,26.560000000000002,-42.19
2025-08-12T18:42:36.347363,-58.0,-55.0,30.0,4.0,53.0,4.0,91.0,32.0,-4.0,-3.0,70.0,-22.0,-74.57,-79.03,64.75,-20.79,36.25,6.33,88.09,13.41,6.68,-8.67,15.560000000000002,-2.1900000000000013
2025-08-12T18:42:36.351562,21.0,5.0,-18.0,3.0,65.0,-10.0,-50.0,-19.0,28.0,-10.0,32.0,0.0,4.43,-19.03,16.75,-21.79,48.25,-7.67,-52.91,-37.59,38.68,-15.67,-22.439999999999998,19.81
2025-08-12T18:42:36.359723,17.0,-33.0,-2.0,-7.0,35.0,-24.0,-42.0,-25.0,-58.0,1.0,-7.0,-22.0,0.4299999999999997,-57.03,32.75,-31.79,18.25,-21.67,-44.91,-43.59,-47.32,-4.67,-61.44,-2.1900000000000013
2025-08-12T18:42:36.363818,20.0,53.0,25.0,14.0,34.0,-25.0,-9.0,27.0,-9.0,0.0,65.0,-57.0,3.4299999999999997,28.97,59.75,-10.79,17.25,-22.67,-11.91,8.41,1.6799999999999997,-5.67,10.560000000000002,-37.19
2025-08-12T18:42:36.372028,10.0,5.0,-14.0,55.0,-21.0,-1.0,-16.0,12.0,-44.0,1.0,137.0,-36.0,-6.57,-19.03,20.75,30.21,-37.75,1.33,-18.91,-6.59,-33.32,-4.67,82.56,-16.19
2025-08-12T18:42:36.376253,21.0,12.0,-40.0,33.0,-47.0,52.0,-70.0,-11.0,-55.0,47.0,112.0,-57.0,4.43,-12.030000000000001,-5.25,8.21,-63.75,54.33,-72.91,-29.59,-44.32,41.33,57.56,-37.19
2025-08-12T18:42:36.380394,36.0,29.0,2.0,49.0,35.0,-41.0,-29.0,-31.0,-14.0,29.0,23.0,6.0,19.43,4.969999999999999,36.75,24.21,18.25,-38.67,-31.91,-49.59,-3.3200000000000003,23.33,-31.439999999999998,25.81
2025-08-12T18:42:36.388553,17.0,44.0,39.0,86.0,50.0,56.0,11.0,-9.0,-30.0,20.0,94.0,-26.0,0.4299999999999997,19.97,73.75,61.21,33.25,58.33,8.09,-27.59,-19.32,14.33,39.56,-6.190000000000001
2025-08-12T18:42:36.396452,5.0,82.0,-104.0,82.0,-3.0,-14.0,-22.0,-43.0,-15.0,-48.0,6.0,-33.0,-11.57,57.97,-69.25,57.21,-19.75,-11.67,-24.91,-61.59,-4.32,-53.67,-48.44,-13.190000000000001
2025-08-12T18:42:36.400787,20.0,12.0,-16.0,8.0,45.0,15.0,28.0,-33.0,27.0,57.0,-5.0,16.0,3.4299999999999997,-12.030000000000001,18.75,-16.79,28.25,17.33,25.09,-51.59,37.68,51.33,-59.44,35.81
2025-08-12T18:42:36.408760,4.0,32.0,-59.0,11.0,46.0,-31.0,-62.0,-16.0,-14.0,24.0,-19.0,-57.0,-12.57,7.969999999999999,-24.25,-13.79,29.25,-28.67,-64.91,-34.59,-3.3200000000000003,18.33,-73.44,-37.19
2025-08-12T18:42:36.413089,64.0,159.0,-27.0,28.0,7.0,42.0,7.0,68.0,-42.0,-36.0,71.0,-25.0,47.43,134.97,7.75,3.210000000000001,-9.75,44.33,4.09,49.41,-31.32,-41.67,16.560000000000002,-5.190000000000001
2025-08-12T18:42:36.417043,37.0,3.0,-61.0,13.0,49.0,7.0,-17.0,55.0,-17.0,11.0,64.0,-20.0,20.43,-21.03,-26.25,-11.79,32.25,9.33,-19.91,36.41,-6.32,5.33,9.560000000000002,-0.19000000000000128
2025-08-12T18:42:36.425415,23.0,-39.0,80.0,-9.0,-2.0,1.0,-60.0,28.0,-3.0,-59.0,13.0,-59.0,6.43,-63.03,114.75,-33.79,-18.75,3.33,-62.91,9.41,7.68,-64.67,-41.44,-39.19
2025-08-12T18:42:36.429345,44.0,34.0,-55.0,68.0,-21.0,-20.0,-18.0,79.0,-62.0,-22.0,47.0,14.0,27.43,9.969999999999999,-20.25,43.21,-37.75,-17.67,-20.91,60.41,-51.32,-27.67,-7.439999999999998,33.81
2025-08-12T18:42:36.437613,15.0,54.0,-64.0,39.0,-44.0,27.0,-38.0,-12.0,-35.0,-23.0,58.0,16.0,-1.5700000000000003,29.97,-29.25,14.21,-60.75,29.33,-40.91,-30.59,-24.32,-28.67,3.5600000000000023,35.81
2025-08-12T18:42:36.441670,49.0,20.0,-5.0,34.0,-4.0,39.0,95.0,20.0,2.0,67.0,105.0,-70.0,32.43,-4.030000000000001,29.75,9.21,-20.75,41.33,92.09,1.4100000000000001,12.68,61.33,50.56,-50.19
2025-08-12T18:42:36.449787,8.0,78.0,-8.0,57.0,-30.0,11.0,49.0,-10.0,-27.0,-34.0,30.0,-32.0,-8.57,53.97,26.75,32.21,-46.75,13.33,46.09,-28.59,-16.32,-39.67,-24.439999999999998,-12.190000000000001
2025-08-12T18:42:36.453931,84.0,6.0,-12.0,-33.0,5.0,14.0,14.0,57.0,27.0,50.0,6.0,-45.0,67.43,-18.03,22.75,-57.79,-11.75,16.33,11.09,38.41,37.68,44.33,-48.44,-25.19
2025-08-12T18:42:36.462102,18.0,72.0,-8.0,11.0,-35.0,-26.0,-3.0,-47.0,34.0,24.0,-28.0,-14.0,1.4299999999999997,47.97,26.75,-13.79,-51.75,-23.67,-5.91,-65.59,44.68,18.33,-82.44,5.809999999999999
2025-08-12T18:42:36.466427,16.0,4.0,32.0,4.0,34.0,-34.0,-53.0,-4.0,-13.0,58.0,37.0,11.0,-0.5700000000000003,-20.03,66.75,-20.79,17.25,-31.67,-55.91,-22.59,-2.3200000000000003,52.33,-17.439999999999998,30.81
2025-08-12T18:42:36.474425,38.0,-40.0,-4.0,83.0,14.0,-16.0,73.0,19.0,-75.0,9.0,22.0,13.0,21.43,-64.03,30.75,58.21,-2.75,-13.67,70.09,0.41000000000000014,-64.32,3.33,-32.44,32.81
2025-08-12T18:42:36.478708,68.0,12.0,75.0,27.0,7.0,82.0,-15.0,76.0,41.0,9.0,19.0,-8.0,51.43,-12.030000000000001,109.75,2.210000000000001,-9.75,84.33,-17.91,57.41,51.68,3.33,-35.44,11.809999999999999
2025-08-12T18:42:36.486747,42.0,-18.0,81.0,15.0,-37.0,-11.0,-38.0,-49.0,10.0,-66.0,13.0,-19.0,25.43,-42.03,115.75,-9.79,-53.75,-8.67,-40.91,-67.59,20.68,-71.67,-41.44,0.8099999999999987
2025-08-12T18:42:36.490927,-34.0,29.0,11.0,14.0,42.0,2.0,51.0,-2.0,-79.0,15.0,-35.0,8.0,-50.57,4.969999999999999,45.75,-10.79,25.25,4.33,48.09,-20.59,-68.32,9.33,-89.44,27.81
2025-08-12T18:42:36.498905,44.0,-43.0,73.0,45.0,31.0,11.0,-12.0,1.0,31.0,22.0,53.0,-19.0,27.43,-67.03,107.75,20.21,14.25,13.33,-14.91,-17.59,41.68,16.33,-1.4399999999999977,0.8099999999999987
2025-08-12T18:42:36.503294,21.0,-30.0,-1.0,13.0,-1.0,-26.0,-18.0,35.0,22.0,4.0,-12.0,15.0,4.43,-54.03,33.75,-11.79,-17.75,-23.67,-20.91,16.41,32.68,-1.67,-66.44,34.81
2025-08-12T18:42:36.511345,-7.0,11.0,-43.0,65.0,0.0,44.0,-30.0,-16.0,-9.0,56.0,1.0,26.0,-23.57,-13.030000000000001,-8.25,40.21,-16.75,46.33,-32.91,-34.59,1.6799999999999997,50.33,-53.44,45.81
2025-08-12T18:42:36.515608,33.0,-23.0,27.0,64.0,15.0,-7.0,-26.0,49.0,59.0,33.0,25.0,16.0,16.43,-47.03,61.75,39.21,-1.75,-4.67,-28.91,30.41,69.68,27.33,-29.439999999999998,35.81
2025-08-12T18:42:36.523690,-15.0,-18.0,-14.0,16.0,-38.0,14.0,-47.0,-40.0,40.0,-48.0,116.0,-17.0,-31.57,-42.03,20.75,-8.79,-54.75,16.33,-49.91,-58.59,50.68,-53.67,61.56,2.8099999999999987
2025-08-12T18:42:36.527946,12.0,62.0,-14.0,23.0,-41.0,-44.0,33.0,25.0,-47.0,44.0,42.0,-43.0,-4.57,37.97,20.75,-1.7899999999999991,-57.75,-41.67,30.09,6.41,-36.32,38.33,-12.439999999999998,-23.19
2025-08-12T18:42:36.535901,68.0,-25.0,-49.0,37.0,39.0,19.0,-9.0,-40.0,-28.0,95.0,-13.0,-20.0,51.43,-49.03,-14.25,12.21,22.25,21.33,-11.91,-58.59,-17.32,89.33,-67.44,-0.19000000000000128
2025-08-12T18:42:36.540103,75.0,-17.0,-4.0,51.0,26.0,-44.0,50.0,-13.0,15.0,-6.0,34.0,-43.0,58.43,-41.03,30.75,26.21,9.25,-41.67,47.09,-31.59,25.68,-11.67,-20.439999999999998,-23.19
2025-08-12T18:42:36.548297,22.0,25.0,-87.0,52.0,0.0,-19.0,-31.0,-62.0,-63.0,1.0,49.0,-37.0,5.43,0.9699999999999989,-52.25,27.21,-16.75,-16.67,-33.91,-80.59,-52.32,-4.67,-5.439999999999998,-17.19
2025-08-12T18:42:36.552469,-30.0,-45.0,-7.0,53.0,14.0,-45.0,-47.0,35.0,-56.0,51.0,37.0,-24.0,-46.57,-69.03,27.75,28.21,-2.75,-42.67,-49.91,16.41,-45.32,45.33,-17.439999999999998,-4.190000000000001
2025-08-12T18:42:36.560484,58.0,56.0,-10.0,32.0,31.0,-6.0,66.0,60.0,64.0,-35.0,34.0,4.0,41.43,31.97,24.75,7.210000000000001,14.25,-3.67,63.09,41.41,74.68,-40.67,-20.439999999999998,23.81
2025-08-12T18:42:36.565211,23.0,-17.0,-4.0,44.0,72.0,21.0,-44.0,67.0,-13.0,3.0,32.0,29.0,6.43,-41.03,30.75,19.21,55.25,23.33,-46.91,48.41,-2.3200000000000003,-2.67,-22.439999999999998,48.81
2025-08-12T18:42:36.572615,83.0,41.0,-25.0,-62.0,37.0,74.0,-38.0,23.0,-50.0,-9.0,45.0,46.0,66.43,16.97,9.75,-86.78999999999999,20.25,76.33,-40.91,4.41,-39.32,-14.67,-9.439999999999998,65.81
2025-08-12T18:42:36.577477,14.0,13.0,-36.0,37.0,68.0,16.0,82.0,-25.0,-28.0,-12.0,3.0,-9.0,-2.5700000000000003,-11.030000000000001,-1.25,12.21,51.25,18.33,79.09,-43.59,-17.32,-17.67,-51.44,10.809999999999999
2025-08-12T18:42:36.585045,61.0,-7.0,47.0,-13.0,-10.0,-33.0,23.0,-12.0,-45.0,70.0,30.0,12.0,44.43,-31.03,81.75,-37.79,-26.75,-30.67,20.09,-30.59,-34.32,64.33,-24.439999999999998,31.81
2025-08-12T18:42:36.589196,-10.0,-11.0,-22.0,-46.0,42.0,-22.0,-1.0,9.0,-50.0,-6.0,98.0,3.0,-26.57,-35.03,12.75,-70.78999999999999,25.25,-19.67,-3.91,-9.59,-39.32,-11.67,43.56,22.81
2025-08-12T18:42:36.597284,-51.0,49.0,19.0,-11.0,-21.0,-35.0,-55.0,35.0,-40.0,-18.0,44.0,58.0,-67.57,24.97,53.75,-35.79,-37.75,-32.67,-57.91,16.41,-29.32,-23.67,-10.439999999999998,77.81
2025-08-12T18:42:36.601622,-17.0,89.0,-25.0,50.0,60.0,45.0,-81.0,3.0,-9.0,-34.0,76.0,-55.0,-33.57,64.97,9.75,25.21,43.25,47.33,-83.91,-15.59,1.6799999999999997,-39.67,21.560000000000002,-35.19
2025-08-12T18:42:36.609379,78.0,44.0,43.0,57.0,-59.0,-48.0,14.0,2.0,-17.0,40.0,63.0,-113.0,61.43,19.97,77.75,32.21,-75.75,-45.67,11.09,-16.59,-6.32,34.33,8.560000000000002,-93.19
2025-08-12T18:42:36.614286,-1.0,73.0,-66.0,-22.0,7.0,-42.0,-4.0,42.0,-79.0,-34.0,34.0,-35.0,-17.57,48.97,-31.25,-46.79,-9.75,-39.67,-6.91,23.41,-68.32,-39.67,-20.439999999999998,-15.190000000000001
2025-08-12T18:42:36.617770,-22.0,13.0,-61.0,13.0,26.0,13.0,-21.0,49.0,-2.0,9.0,45.0,-12.0,-38.57,-11.030000000000001,-26.25,-11.79,9.25,15.33,-23.91,30.41,8.68,3.33,-9.439999999999998,7.809999999999999
2025-08-12T18:42:36.626369,-3.0,-2.0,-58.0,35.0,7.0,-39.0,5.0,40.0,-31.0,36.0,44.0,-2.0,-19.57,-26.03,-23.25,10.21,-9.75,-36.67,2.09,21.41,-20.32,30.33,-10.439999999999998,17.81
2025-08-12T18:42:36.630088,13.0,6.0,-74.0,-50.0,15.0,-58.0,-25.0,30.0,54.0,28.0,88.0,-60.0,-3.5700000000000003,-18.03,-39.25,-74.78999999999999,-1.75,-55.67,-27.91,11.41,64.68,22.33,33.56,-40.19
2025-08-12T18:42:36.638638,-32.0,64.0,-58.0,57.0,5.0,-14.0,-52.0,28.0,-68.0,12.0,-28.0,-54.0,-48.57,39.97,-23.25,32.21,-11.75,-11.67,-54.91,9.41,-57.32,6.33,-82.44,-34.19
2025-08-12T18:42:36.642367,-5.0,51.0,-19.0,31.0,15.0,17.0,31.0,56.0,-46.0,37.0,52.0,-27.0,-21.57,26.97,15.75,6.210000000000001,-1.75,19.33,28.09,37.41,-35.32,31.33,-2.4399999999999977,-7.190000000000001
2025-08-12T18:42:36.650865,43.0,20.0,-124.0,27.0,-19.0,12.0,14.0,-2.0,0.0,5.0,41.0,-13.0,26.43,-4.030000000000001,-89.25,2.210000000000001,-35.75,14.33,11.09,-20.59,10.68,-0.6699999999999999,-13.439999999999998,6.809999999999999
2025-08-12T18:42:36.654608,5.0,47.0,12.0,19.0,20.0,2.0,-15.0,3.0,-31.0,6.0,27.0,-1.0,-11.57,22.97,46.75,-5.789999999999999,3.25,4.33,-17.91,-15.59,-20.32,0.33000000000000007,-27.439999999999998,18.81
2025-08-12T18:42:36.662911,-28.0,37.0,-17.0,7.0,24.0,-52.0,56.0,-10.0,32.0,169.0,33.0,-36.0,-44.57,12.969999999999999,17.75,-17.79,7.25,-49.67,53.09,-28.59,42.68,163.33,-21.439999999999998,-16.19
2025-08-12T18:42:36.667078,91.0,-56.0,-53.0,48.0,-34.0,-5.0,19.0,-17.0,11.0,-38.0,101.0,35.0,74.43,-80.03,-18.25,23.21,-50.75,-2.67,16.09,-35.59,21.68,-43.67,46.56,54.81
2025-08-12T18:42:36.675216,66.0,-11.0,40.0,13.0,-33.0,-47.0,-8.0,-9.0,65.0,-12.0,37.0,67.0,49.43,-35.03,74.75,-11.79,-49.75,-44.67,-10.91,-27.59,75.68,-17.67,-17.439999999999998,86.81
