timestamp,x1,y1,z1,x2,y2,z2,x3,y3,z3,x4,y4,z4,x1_calib,y1_calib,z1_calib,x2_calib,y2_calib,z2_calib,x3_calib,y3_calib,z3_calib,x4_calib,y4_calib,z4_calib
2025-07-30T19:18:09.987551,-126.0,25.0,-38.0,-13.0,20.0,-22.0,-19.0,-19.0,30.0,-33.0,86.0,-46.0,-102.91,24.81,-11.75,-1.3000000000000007,24.9,-9.71,-32.94,-13.67,34.09,-26.48,96.12,-48.3
2025-07-30T19:18:09.995294,-29.0,32.0,-13.0,-124.0,-14.0,7.0,-44.0,0.0,21.0,-40.0,-7.0,-102.0,-5.91,31.81,13.25,-112.3,-9.1,19.29,-57.94,5.33,25.09,-33.480000000000004,3.119999999999999,-104.3
2025-07-30T19:18:09.999736,-28.0,-60.0,-60.0,-64.0,20.0,-52.0,-11.0,24.0,9.0,0.0,34.0,-52.0,-4.91,-60.19,-33.75,-52.3,24.9,-39.71,-24.939999999999998,29.33,13.09,6.52,44.12,-54.3
2025-07-30T19:18:10.007634,-8.0,1.0,-7.0,1.0,-9.0,-45.0,-7.0,21.0,31.0,-71.0,30.0,-74.0,15.09,0.81,19.25,12.7,-4.1,-32.71,-20.939999999999998,26.33,35.09,-64.48,40.12,-76.3
2025-07-30T19:18:10.012572,-12.0,-30.0,-25.0,-40.0,29.0,-47.0,-13.0,-25.0,24.0,-19.0,-26.0,-17.0,11.09,-30.19,1.25,-28.3,33.9,-34.71,-26.939999999999998,-19.67,28.09,-12.48,-15.88,-19.3
2025-07-30T19:18:10.019900,-33.0,-54.0,3.0,-35.0,-2.0,-69.0,27.0,-48.0,62.0,-75.0,19.0,49.0,-9.91,-54.19,29.25,-23.3,2.9000000000000004,-56.71,13.06,-42.67,66.09,-68.48,29.119999999999997,46.7
2025-07-30T19:18:10.024134,-36.0,-5.0,-34.0,-23.0,2.0,-6.0,20.0,22.0,36.0,-53.0,38.0,48.0,-12.91,-5.19,-7.75,-11.3,6.9,6.289999999999999,6.0600000000000005,27.33,40.09,-46.480000000000004,48.12,45.7
2025-07-30T19:18:10.032108,-80.0,-58.0,18.0,-14.0,-59.0,4.0,6.0,-58.0,18.0,-93.0,40.0,60.0,-56.91,-58.19,44.25,-2.3000000000000007,-54.1,16.29,-7.9399999999999995,-52.67,22.09,-86.48,50.12,57.7
2025-07-30T19:18:10.036628,-27.0,32.0,-17.0,-71.0,-2.0,-49.0,-23.0,-79.0,-7.0,-58.0,12.0,20.0,-3.91,31.81,9.25,-59.3,2.9000000000000004,-36.71,-36.94,-73.67,-2.91,-51.480000000000004,22.119999999999997,17.7
2025-07-30T19:18:10.044593,-36.0,69.0,-71.0,-104.0,6.0,-43.0,-44.0,-45.0,47.0,1.0,30.0,9.0,-12.91,68.81,-44.75,-92.3,10.9,-30.71,-57.94,-39.67,51.09,7.52,40.12,6.7
2025-07-30T19:18:10.048819,-104.0,54.0,-27.0,-44.0,-61.0,-32.0,-51.0,-14.0,45.0,-16.0,11.0,35.0,-80.91,53.81,-0.75,-32.3,-56.1,-19.71,-64.94,-8.67,49.09,-9.48,21.119999999999997,32.7
2025-07-30T19:18:10.056757,-22.0,10.0,-11.0,-35.0,-15.0,-24.0,-42.0,-27.0,16.0,-105.0,24.0,-13.0,1.0899999999999999,9.81,15.25,-23.3,-10.1,-11.71,-55.94,-21.67,20.09,-98.48,34.12,-15.3
2025-07-30T19:18:10.061072,-27.0,2.0,-20.0,49.0,-29.0,-10.0,-27.0,68.0,11.0,-41.0,27.0,55.0,-3.91,1.81,6.25,60.7,-24.1,2.289999999999999,-40.94,73.33,15.09,-34.480000000000004,37.12,52.7
2025-07-30T19:18:10.068995,32.0,37.0,22.0,-84.0,-10.0,0.0,49.0,-16.0,-83.0,-61.0,49.0,32.0,55.09,36.81,48.25,-72.3,-5.1,12.29,35.06,-10.67,-78.91,-54.480000000000004,59.12,29.7
2025-07-30T19:18:10.073313,-11.0,10.0,26.0,-99.0,20.0,-37.0,0.0,-6.0,-9.0,-29.0,77.0,72.0,12.09,9.81,52.25,-87.3,24.9,-24.71,-13.94,-0.6699999999999999,-4.91,-22.48,87.12,69.7
2025-07-30T19:18:10.081267,-87.0,-18.0,-19.0,-79.0,43.0,19.0,41.0,-21.0,-1.0,-66.0,-25.0,-7.0,-63.91,-18.19,7.25,-67.3,47.9,31.29,27.060000000000002,-15.67,3.09,-59.480000000000004,-14.88,-9.3
2025-07-30T19:18:10.085734,-63.0,44.0,11.0,-19.0,-57.0,-67.0,62.0,-23.0,-1.0,-37.0,-11.0,35.0,-39.91,43.81,37.25,-7.300000000000001,-52.1,-54.71,48.06,-17.67,3.09,-30.48,-0.8800000000000008,32.7
2025-07-30T19:18:10.093635,-61.0,21.0,-39.0,-35.0,19.0,-17.0,17.0,-2.0,-47.0,-58.0,-113.0,66.0,-37.91,20.81,-12.75,-23.3,23.9,-4.710000000000001,3.0600000000000005,3.33,-42.91,-51.480000000000004,-102.88,63.7
2025-07-30T19:18:10.097722,-46.0,62.0,-64.0,-29.0,-59.0,-24.0,28.0,-17.0,6.0,-28.0,31.0,42.0,-22.91,61.81,-37.75,-17.3,-54.1,-11.71,14.06,-11.67,10.09,-21.48,41.12,39.7
2025-07-30T19:18:10.105880,-13.0,-20.0,-86.0,-39.0,14.0,33.0,21.0,-64.0,-20.0,15.0,-65.0,49.0,10.09,-20.19,-59.75,-27.3,18.9,45.29,7.0600000000000005,-58.67,-15.91,21.52,-54.88,46.7
2025-07-30T19:18:10.110319,-21.0,7.0,-14.0,-28.0,28.0,7.0,-1.0,-40.0,-34.0,-46.0,-26.0,-17.0,2.09,6.81,12.25,-16.3,32.9,19.29,-14.94,-34.67,-29.91,-39.480000000000004,-15.88,-19.3
2025-07-30T19:18:10.114562,-80.0,-68.0,22.0,-64.0,-10.0,16.0,4.0,7.0,10.0,-75.0,-83.0,-9.0,-56.91,-68.19,48.25,-52.3,-5.1,28.29,-9.94,12.33,14.09,-68.48,-72.88,-11.3
2025-07-30T19:18:10.122412,-53.0,41.0,62.0,-20.0,60.0,-47.0,146.0,-73.0,-30.0,-73.0,-62.0,0.0,-29.91,40.81,88.25,-8.3,64.9,-34.71,132.06,-67.67,-25.91,-66.48,-51.88,-2.3
2025-07-30T19:18:10.130387,-61.0,46.0,-22.0,-28.0,39.0,-65.0,32.0,-24.0,-29.0,-78.0,-73.0,-2.0,-37.91,45.81,4.25,-16.3,43.9,-52.71,18.060000000000002,-18.67,-24.91,-71.48,-62.88,-4.3
2025-07-30T19:18:10.134636,-43.0,-7.0,-49.0,20.0,-75.0,48.0,-4.0,-34.0,-41.0,-60.0,-33.0,11.0,-19.91,-7.19,-22.75,31.7,-70.1,60.29,-17.939999999999998,-28.67,-36.91,-53.480000000000004,-22.880000000000003,8.7
2025-07-30T19:18:10.139255,34.0,-30.0,-17.0,-24.0,10.0,61.0,53.0,-42.0,-18.0,-30.0,23.0,-20.0,57.09,-30.19,9.25,-12.3,14.9,73.28999999999999,39.06,-36.67,-13.91,-23.48,33.12,-22.3
2025-07-30T19:18:10.146870,-27.0,-62.0,-11.0,-27.0,-35.0,-23.0,-3.0,-70.0,-64.0,-58.0,-66.0,27.0,-3.91,-62.19,15.25,-15.3,-30.1,-10.71,-16.939999999999998,-64.67,-59.91,-51.480000000000004,-55.88,24.7
2025-07-30T19:18:10.151287,-68.0,6.0,14.0,-27.0,-23.0,28.0,29.0,33.0,-43.0,-67.0,-40.0,39.0,-44.91,5.81,40.25,-15.3,-18.1,40.29,15.06,38.33,-38.91,-60.480000000000004,-29.880000000000003,36.7
2025-07-30T19:18:10.159412,-72.0,79.0,47.0,-48.0,53.0,-61.0,-59.0,-59.0,-2.0,-58.0,-13.0,44.0,-48.91,78.81,73.25,-36.3,57.9,-48.71,-72.94,-53.67,2.09,-51.480000000000004,-2.880000000000001,41.7
2025-07-30T19:18:10.163685,-35.0,77.0,-79.0,-6.0,2.0,-67.0,35.0,-74.0,19.0,-106.0,-48.0,46.0,-11.91,76.81,-52.75,5.699999999999999,6.9,-54.71,21.060000000000002,-68.67,23.09,-99.48,-37.88,43.7
2025-07-30T19:18:10.171689,-10.0,40.0,-15.0,-87.0,-37.0,-96.0,46.0,-20.0,33.0,-102.0,-1.0,47.0,13.09,39.81,11.25,-75.3,-32.1,-83.71000000000001,32.06,-14.67,37.09,-95.48,9.12,44.7
2025-07-30T19:18:10.175639,3.0,-36.0,-80.0,24.0,14.0,26.0,48.0,44.0,-24.0,-32.0,-69.0,53.0,26.09,-36.19,-53.75,35.7,18.9,38.29,34.06,49.33,-19.91,-25.48,-58.88,50.7
2025-07-30T19:18:10.183868,13.0,-87.0,34.0,22.0,-12.0,-25.0,17.0,-4.0,55.0,-45.0,-13.0,18.0,36.09,-87.19,60.25,33.7,-7.1,-12.71,3.0600000000000005,1.33,59.09,-38.480000000000004,-2.880000000000001,15.7
2025-07-30T19:18:10.188154,-21.0,-57.0,25.0,2.0,-43.0,-1.0,-45.0,18.0,27.0,-70.0,-27.0,76.0,2.09,-57.19,51.25,13.7,-38.1,11.29,-58.94,23.33,31.09,-63.480000000000004,-16.880000000000003,73.7
2025-07-30T19:18:10.196233,-62.0,-25.0,36.0,-67.0,3.0,-11.0,23.0,-24.0,40.0,-21.0,-31.0,37.0,-38.91,-25.19,62.25,-55.3,7.9,1.2899999999999991,9.06,-18.67,44.09,-14.48,-20.880000000000003,34.7
2025-07-30T19:18:10.200201,-106.0,61.0,16.0,47.0,36.0,20.0,-7.0,-45.0,-39.0,-29.0,17.0,13.0,-82.91,60.81,42.25,58.7,40.9,32.29,-20.939999999999998,-39.67,-34.91,-22.48,27.119999999999997,10.7
2025-07-30T19:18:10.208407,-55.0,-38.0,-27.0,-30.0,-50.0,-44.0,4.0,-5.0,-36.0,-20.0,-29.0,19.0,-31.91,-38.19,-0.75,-18.3,-45.1,-31.71,-9.94,0.33000000000000007,-31.91,-13.48,-18.880000000000003,16.7
2025-07-30T19:18:10.212601,62.0,48.0,-64.0,1.0,-35.0,10.0,22.0,8.0,-66.0,-136.0,-56.0,63.0,85.09,47.81,-37.75,12.7,-30.1,22.29,8.06,13.33,-61.91,-129.48,-45.88,60.7
2025-07-30T19:18:10.220783,64.0,11.0,-89.0,-27.0,-24.0,16.0,-38.0,28.0,41.0,-25.0,-9.0,33.0,87.09,10.81,-62.75,-15.3,-19.1,28.29,-51.94,33.33,45.09,-18.48,1.1199999999999992,30.7
2025-07-30T19:18:10.224892,-15.0,-36.0,50.0,-31.0,40.0,-13.0,11.0,-2.0,-49.0,-49.0,-14.0,62.0,8.09,-36.19,76.25,-19.3,44.9,-0.7100000000000009,-2.9399999999999995,3.33,-44.91,-42.480000000000004,-3.880000000000001,59.7
2025-07-30T19:18:10.232954,8.0,21.0,-14.0,10.0,5.0,-64.0,-6.0,-48.0,23.0,-70.0,8.0,-29.0,31.09,20.81,12.25,21.7,9.9,-51.71,-19.939999999999998,-42.67,27.09,-63.480000000000004,18.119999999999997,-31.3
2025-07-30T19:18:10.237306,-69.0,-38.0,20.0,-68.0,49.0,-48.0,-1.0,36.0,-39.0,-31.0,-64.0,51.0,-45.91,-38.19,46.25,-56.3,53.9,-35.71,-14.94,41.33,-34.91,-24.48,-53.88,48.7
2025-07-30T19:18:10.245312,-77.0,61.0,-52.0,-43.0,80.0,-33.0,8.0,-23.0,-45.0,68.0,-48.0,25.0,-53.91,60.81,-25.75,-31.3,84.9,-20.71,-5.9399999999999995,-17.67,-40.91,74.52,-37.88,22.7
2025-07-30T19:18:10.249580,-39.0,24.0,-72.0,-71.0,-26.0,-14.0,11.0,-13.0,-4.0,24.0,-14.0,36.0,-15.91,23.81,-45.75,-59.3,-21.1,-1.7100000000000009,-2.9399999999999995,-7.67,0.08999999999999986,30.52,-3.880000000000001,33.7
2025-07-30T19:18:10.257631,-25.0,-9.0,-3.0,-3.0,-26.0,35.0,69.0,11.0,22.0,72.0,-8.0,-22.0,-1.9100000000000001,-9.19,23.25,8.7,-21.1,47.29,55.06,16.33,26.09,78.52,2.119999999999999,-24.3
2025-07-30T19:18:10.261835,26.0,52.0,-60.0,-92.0,-16.0,22.0,19.0,31.0,-6.0,14.0,-44.0,13.0,49.09,51.81,-33.75,-80.3,-11.1,34.29,5.0600000000000005,36.33,-1.9100000000000001,20.52,-33.88,10.7
2025-07-30T19:18:10.269741,15.0,-40.0,-22.0,-8.0,-10.0,-35.0,24.0,30.0,61.0,21.0,-85.0,37.0,38.09,-40.19,4.25,3.6999999999999993,-5.1,-22.71,10.06,35.33,65.09,27.52,-74.88,34.7
2025-07-30T19:18:10.274123,19.0,15.0,-26.0,20.0,-12.0,-10.0,39.0,33.0,-6.0,-23.0,3.0,10.0,42.09,14.81,0.25,31.7,-7.1,2.289999999999999,25.060000000000002,38.33,-1.9100000000000001,-16.48,13.12,7.7
2025-07-30T19:18:10.282062,-84.0,21.0,-33.0,-26.0,51.0,-7.0,39.0,20.0,-68.0,77.0,13.0,3.0,-60.91,20.81,-6.75,-14.3,55.9,5.289999999999999,25.060000000000002,25.33,-63.91,83.52,23.119999999999997,0.7000000000000002
2025-07-30T19:18:10.286445,-99.0,-10.0,-15.0,-47.0,19.0,24.0,39.0,33.0,-63.0,45.0,-13.0,53.0,-75.91,-10.19,11.25,-35.3,23.9,36.29,25.060000000000002,38.33,-58.91,51.519999999999996,-2.880000000000001,50.7
2025-07-30T19:18:10.294473,-54.0,93.0,0.0,-30.0,-22.0,-19.0,53.0,64.0,8.0,14.0,-32.0,18.0,-30.91,92.81,26.25,-18.3,-17.1,-6.710000000000001,39.06,69.33,12.09,20.52,-21.880000000000003,15.7
2025-07-30T19:18:10.298667,-23.0,48.0,-17.0,-11.0,-21.0,-7.0,64.0,50.0,-30.0,38.0,-66.0,52.0,0.08999999999999986,47.81,9.25,0.6999999999999993,-16.1,5.289999999999999,50.06,55.33,-25.91,44.519999999999996,-55.88,49.7
2025-07-30T19:18:10.306873,-54.0,46.0,-62.0,-11.0,18.0,43.0,32.0,41.0,12.0,6.0,-12.0,62.0,-30.91,45.81,-35.75,0.6999999999999993,22.9,55.29,18.060000000000002,46.33,16.09,12.52,-1.8800000000000008,59.7
2025-07-30T19:18:10.310804,-42.0,-5.0,-26.0,-16.0,30.0,-15.0,27.0,21.0,-52.0,4.0,-52.0,26.0,-18.91,-5.19,0.25,-4.300000000000001,34.9,-2.710000000000001,13.06,26.33,-47.91,10.52,-41.88,23.7
2025-07-30T19:18:10.318821,-19.0,-25.0,-80.0,-3.0,32.0,5.0,35.0,-8.0,5.0,33.0,-45.0,38.0,4.09,-25.19,-53.75,8.7,36.9,17.29,21.060000000000002,-2.67,9.09,39.519999999999996,-34.88,35.7
2025-07-30T19:18:10.323077,24.0,-51.0,-68.0,-44.0,24.0,-80.0,11.0,-44.0,-27.0,6.0,-96.0,-44.0,47.09,-51.19,-41.75,-32.3,28.9,-67.71000000000001,-2.9399999999999995,-38.67,-22.91,12.52,-85.88,-46.3
2025-07-30T19:18:10.331249,-41.0,-16.0,21.0,42.0,-14.0,-48.0,-2.0,28.0,-6.0,-10.0,-12.0,36.0,-17.91,-16.19,47.25,53.7,-9.1,-35.71,-15.94,33.33,-1.9100000000000001,-3.4800000000000004,-1.8800000000000008,33.7
2025-07-30T19:18:10.335593,-53.0,-10.0,1.0,-21.0,-13.0,-3.0,-25.0,38.0,-17.0,33.0,-47.0,-14.0,-29.91,-10.19,27.25,-9.3,-8.1,9.29,-38.94,43.33,-12.91,39.519999999999996,-36.88,-16.3
2025-07-30T19:18:10.343547,-78.0,63.0,-61.0,20.0,4.0,25.0,81.0,6.0,-17.0,-25.0,-30.0,-62.0,-54.91,62.81,-34.75,31.7,8.9,37.29,67.06,11.33,-12.91,-18.48,-19.880000000000003,-64.3
2025-07-30T19:18:10.347748,-111.0,64.0,4.0,-7.0,61.0,-7.0,89.0,0.0,-40.0,-15.0,49.0,-43.0,-87.91,63.81,30.25,4.699999999999999,65.9,5.289999999999999,75.06,5.33,-35.91,-8.48,59.12,-45.3
2025-07-30T19:18:10.355649,-96.0,72.0,-47.0,29.0,15.0,-43.0,94.0,69.0,-40.0,-38.0,46.0,-54.0,-72.91,71.81,-20.75,40.7,19.9,-30.71,80.06,74.33,-35.91,-31.48,56.12,-56.3
2025-07-30T19:18:10.359905,-123.0,50.0,-54.0,7.0,27.0,3.0,2.0,-51.0,0.0,4.0,9.0,-9.0,-99.91,49.81,-27.75,18.7,31.9,15.29,-11.94,-45.67,4.09,10.52,19.119999999999997,-11.3
2025-07-30T19:18:10.364379,-40.0,23.0,-20.0,5.0,49.0,5.0,12.0,24.0,-20.0,-61.0,35.0,-6.0,-16.91,22.81,6.25,16.7,53.9,17.29,-1.9399999999999995,29.33,-15.91,-54.480000000000004,45.12,-8.3
2025-07-30T19:18:10.372354,-54.0,41.0,-82.0,4.0,-9.0,-9.0,8.0,18.0,-33.0,-54.0,33.0,-46.0,-30.91,40.81,-55.75,15.7,-4.1,3.289999999999999,-5.9399999999999995,23.33,-28.91,-47.480000000000004,43.12,-48.3
2025-07-30T19:18:10.376840,-41.0,70.0,-19.0,21.0,-4.0,21.0,29.0,-4.0,-100.0,-73.0,-5.0,-18.0,-17.91,69.81,7.25,32.7,0.9000000000000004,33.29,15.06,1.33,-95.91,-66.48,5.119999999999999,-20.3
2025-07-30T19:18:10.384469,-51.0,33.0,-19.0,-12.0,51.0,0.0,42.0,51.0,38.0,-78.0,50.0,-56.0,-27.91,32.81,7.25,-0.3000000000000007,55.9,12.29,28.060000000000002,56.33,42.09,-71.48,60.12,-58.3
2025-07-30T19:18:10.388643,54.0,43.0,-26.0,-115.0,24.0,22.0,40.0,11.0,-65.0,-66.0,75.0,-9.0,77.09,42.81,0.25,-103.3,28.9,34.29,26.060000000000002,16.33,-60.91,-59.480000000000004,85.12,-11.3
2025-07-30T19:18:10.396843,-58.0,-21.0,-60.0,-32.0,54.0,-35.0,-15.0,-36.0,54.0,-49.0,-27.0,10.0,-34.91,-21.19,-33.75,-20.3,58.9,-22.71,-28.939999999999998,-30.67,58.09,-42.480000000000004,-16.880000000000003,7.7
2025-07-30T19:18:10.400919,-77.0,-92.0,-1.0,-17.0,-17.0,-33.0,50.0,82.0,-85.0,-50.0,43.0,-15.0,-53.91,-92.19,25.25,-5.300000000000001,-12.1,-20.71,36.06,87.33,-80.91,-43.480000000000004,53.12,-17.3
2025-07-30T19:18:10.409071,-76.0,-70.0,32.0,-63.0,35.0,-33.0,51.0,17.0,-2.0,-71.0,30.0,-59.0,-52.91,-70.19,58.25,-51.3,39.9,-20.71,37.06,22.33,2.09,-64.48,40.12,-61.3
2025-07-30T19:18:10.413194,-63.0,-2.0,-5.0,59.0,1.0,-44.0,35.0,-29.0,51.0,-63.0,14.0,-40.0,-39.91,-2.19,21.25,70.7,5.9,-31.71,21.060000000000002,-23.67,55.09,-56.480000000000004,24.119999999999997,-42.3
2025-07-30T19:18:10.421364,-15.0,85.0,-13.0,-49.0,3.0,-5.0,-25.0,-61.0,-37.0,-1.0,7.0,-9.0,8.09,84.81,13.25,-37.3,7.9,7.289999999999999,-38.94,-55.67,-32.91,5.52,17.119999999999997,-11.3
2025-07-30T19:18:10.425691,-87.0,36.0,22.0,12.0,-49.0,-29.0,-16.0,-51.0,-14.0,-8.0,2.0,-20.0,-63.91,35.81,48.25,23.7,-44.1,-16.71,-29.939999999999998,-45.67,-9.91,-1.4800000000000004,12.12,-22.3
2025-07-30T19:18:10.433654,-18.0,70.0,-34.0,-106.0,9.0,-6.0,24.0,-23.0,46.0,-110.0,60.0,-13.0,5.09,69.81,-7.75,-94.3,13.9,6.289999999999999,10.06,-17.67,50.09,-103.48,70.12,-15.3
2025-07-30T19:18:10.437806,47.0,32.0,-26.0,-49.0,6.0,42.0,38.0,-9.0,-7.0,-6.0,71.0,-35.0,70.09,31.81,0.25,-37.3,10.9,54.29,24.060000000000002,-3.67,-2.91,0.5199999999999996,81.12,-37.3
2025-07-30T19:18:10.445901,-86.0,-5.0,-24.0,-7.0,-17.0,1.0,-70.0,26.0,26.0,-38.0,-40.0,-70.0,-62.91,-5.19,2.25,4.699999999999999,-12.1,13.29,-83.94,31.33,30.09,-31.48,-29.880000000000003,-72.3
2025-07-30T19:18:10.450340,33.0,-7.0,-92.0,-60.0,22.0,-22.0,12.0,-50.0,-38.0,-92.0,63.0,5.0,56.09,-7.19,-65.75,-48.3,26.9,-9.71,-1.9399999999999995,-44.67,-33.91,-85.48,73.12,2.7
2025-07-30T19:18:10.458962,-54.0,48.0,-17.0,-45.0,19.0,-30.0,-38.0,-12.0,58.0,-73.0,11.0,-59.0,-30.91,47.81,9.25,-33.3,23.9,-17.71,-51.94,-6.67,62.09,-66.48,21.119999999999997,-61.3
2025-07-30T19:18:10.462632,-62.0,-52.0,-51.0,44.0,48.0,-59.0,-33.0,60.0,-27.0,-89.0,58.0,1.0,-38.91,-52.19,-24.75,55.7,52.9,-46.71,-46.94,65.33,-22.91,-82.48,68.12,-1.2999999999999998
2025-07-30T19:18:10.470719,2.0,-22.0,-63.0,41.0,1.0,-24.0,52.0,-10.0,-50.0,-13.0,-25.0,-31.0,25.09,-22.19,-36.75,52.7,5.9,-11.71,38.06,-4.67,-45.91,-6.48,-14.88,-33.3
2025-07-30T19:18:10.474787,34.0,-23.0,-49.0,-107.0,-52.0,25.0,15.0,56.0,-26.0,-60.0,37.0,-70.0,57.09,-23.19,-22.75,-95.3,-47.1,37.29,1.0600000000000005,61.33,-21.91,-53.480000000000004,47.12,-72.3
2025-07-30T19:18:10.482716,-84.0,-49.0,11.0,-31.0,-74.0,-31.0,35.0,-13.0,-11.0,-3.0,15.0,-44.0,-60.91,-49.19,37.25,-19.3,-69.1,-18.71,21.060000000000002,-7.67,-6.91,3.5199999999999996,25.119999999999997,-46.3
2025-07-30T19:18:10.487002,-34.0,28.0,-4.0,-13.0,18.0,-34.0,29.0,-54.0,5.0,-26.0,-22.0,-49.0,-10.91,27.81,22.25,-1.3000000000000007,22.9,-21.71,15.06,-48.67,9.09,-19.48,-11.88,-51.3
2025-07-30T19:18:10.495050,-51.0,35.0,-67.0,-78.0,42.0,-27.0,70.0,-22.0,-16.0,-32.0,62.0,-66.0,-27.91,34.81,-40.75,-66.3,46.9,-14.71,56.06,-16.67,-11.91,-25.48,72.12,-68.3
2025-07-30T19:18:10.499466,55.0,38.0,-71.0,15.0,-37.0,-44.0,-10.0,-75.0,-1.0,-38.0,19.0,21.0,78.09,37.81,-44.75,26.7,-32.1,-31.71,-23.939999999999998,-69.67,3.09,-31.48,29.119999999999997,18.7
2025-07-30T19:18:10.507338,22.0,14.0,-85.0,-32.0,-10.0,-10.0,3.0,-89.0,-30.0,-99.0,-13.0,5.0,45.09,13.81,-58.75,-20.3,-5.1,2.289999999999999,-10.94,-83.67,-25.91,-92.48,-2.880000000000001,2.7
2025-07-30T19:18:10.511647,-8.0,-67.0,-99.0,14.0,-80.0,122.0,6.0,-52.0,18.0,-28.0,13.0,-26.0,15.09,-67.19,-72.75,25.7,-75.1,134.29,-7.9399999999999995,-46.67,22.09,-21.48,23.119999999999997,-28.3
2025-07-30T19:18:10.519572,-22.0,-29.0,35.0,-45.0,12.0,-34.0,-28.0,-68.0,-27.0,16.0,15.0,-4.0,1.0899999999999999,-29.19,61.25,-33.3,16.9,-21.71,-41.94,-62.67,-22.91,22.52,25.119999999999997,-6.3
2025-07-30T19:18:10.523753,-98.0,-24.0,-9.0,-58.0,14.0,39.0,-3.0,3.0,-41.0,-34.0,35.0,-17.0,-74.91,-24.19,17.25,-46.3,18.9,51.29,-16.939999999999998,8.33,-36.91,-27.48,45.12,-19.3
2025-07-30T19:18:10.532022,-6.0,-21.0,-4.0,-66.0,50.0,-38.0,19.0,-3.0,60.0,-119.0,46.0,-20.0,17.09,-21.19,22.25,-54.3,54.9,-25.71,5.0600000000000005,2.33,64.09,-112.48,56.12,-22.3
2025-07-30T19:18:10.536127,-71.0,23.0,-3.0,-8.0,87.0,-18.0,54.0,-22.0,18.0,-49.0,27.0,-31.0,-47.91,22.81,23.25,3.6999999999999993,91.9,-5.710000000000001,40.06,-16.67,22.09,-42.480000000000004,37.12,-33.3
2025-07-30T19:18:10.544209,-31.0,63.0,-100.0,-42.0,50.0,-26.0,80.0,-50.0,47.0,-78.0,7.0,-18.0,-7.91,62.81,-73.75,-30.3,54.9,-13.71,66.06,-44.67,51.09,-71.48,17.119999999999997,-20.3
2025-07-30T19:18:10.548638,80.0,56.0,-119.0,-22.0,-5.0,36.0,61.0,-108.0,-38.0,-47.0,76.0,-70.0,103.09,55.81,-92.75,-10.3,-0.09999999999999964,48.29,47.06,-102.67,-33.91,-40.480000000000004,86.12,-72.3
2025-07-30T19:18:10.556607,-38.0,38.0,-49.0,-97.0,-42.0,9.0,46.0,-1.0,22.0,-52.0,29.0,-14.0,-14.91,37.81,-22.75,-85.3,-37.1,21.29,32.06,4.33,26.09,-45.480000000000004,39.12,-16.3
2025-07-30T19:18:10.560794,-47.0,-34.0,41.0,-14.0,-9.0,-17.0,-45.0,9.0,-43.0,7.0,33.0,15.0,-23.91,-34.19,67.25,-2.3000000000000007,-4.1,-4.710000000000001,-58.94,14.33,-38.91,13.52,43.12,12.7
2025-07-30T19:18:10.568752,-46.0,12.0,31.0,-50.0,53.0,-28.0,9.0,60.0,38.0,-19.0,-14.0,-14.0,-22.91,11.81,57.25,-38.3,57.9,-15.71,-4.9399999999999995,65.33,42.09,-12.48,-3.880000000000001,-16.3
2025-07-30T19:18:10.573250,-56.0,-29.0,59.0,-20.0,24.0,25.0,23.0,-26.0,54.0,-24.0,56.0,-24.0,-32.91,-29.19,85.25,-8.3,28.9,37.29,9.06,-20.67,58.09,-17.48,66.12,-26.3
2025-07-30T19:18:10.581187,-49.0,11.0,-36.0,41.0,-38.0,35.0,-42.0,-47.0,-49.0,33.0,31.0,-80.0,-25.91,10.81,-9.75,52.7,-33.1,47.29,-55.94,-41.67,-44.91,39.519999999999996,41.12,-82.3
2025-07-30T19:18:10.585416,-60.0,-58.0,-30.0,21.0,9.0,-31.0,-21.0,-23.0,-50.0,-54.0,129.0,-58.0,-36.91,-58.19,-3.75,32.7,13.9,-18.71,-34.94,-17.67,-45.91,-47.480000000000004,139.12,-60.3
2025-07-30T19:18:10.593363,17.0,7.0,-51.0,-83.0,-11.0,-6.0,11.0,5.0,61.0,-52.0,10.0,-56.0,40.09,6.81,-24.75,-71.3,-6.1,6.289999999999999,-2.9399999999999995,10.33,65.09,-45.480000000000004,20.119999999999997,-58.3
2025-07-30T19:18:10.597639,-45.0,-4.0,-39.0,-52.0,25.0,-90.0,-8.0,-31.0,-2.0,14.0,54.0,-45.0,-21.91,-4.19,-12.75,-40.3,29.9,-77.71000000000001,-21.939999999999998,-25.67,2.09,20.52,64.12,-47.3
2025-07-30T19:18:10.605628,1.0,-3.0,-23.0,-45.0,-60.0,22.0,44.0,22.0,-104.0,15.0,30.0,-10.0,24.09,-3.19,3.25,-33.3,-55.1,34.29,30.060000000000002,27.33,-99.91,21.52,40.12,-12.3
2025-07-30T19:18:10.609844,24.0,12.0,43.0,-89.0,62.0,20.0,52.0,25.0,34.0,-98.0,32.0,21.0,47.09,11.81,69.25,-77.3,66.9,32.29,38.06,30.33,38.09,-91.48,42.12,18.7
2025-07-30T19:18:10.617909,-63.0,8.0,6.0,-45.0,-20.0,-54.0,42.0,-27.0,-47.0,-99.0,65.0,-19.0,-39.91,7.81,32.25,-33.3,-15.1,-41.71,28.060000000000002,-21.67,-42.91,-92.48,75.12,-21.3
2025-07-30T19:18:10.622279,-42.0,-1.0,-14.0,-29.0,50.0,-49.0,13.0,9.0,-62.0,-84.0,5.0,-41.0,-18.91,-1.19,12.25,-17.3,54.9,-36.71,-0.9399999999999995,14.33,-57.91,-77.48,15.12,-43.3
2025-07-30T19:18:10.626419,-89.0,53.0,8.0,24.0,0.0,25.0,44.0,-56.0,3.0,-57.0,120.0,49.0,-65.91,52.81,34.25,35.7,4.9,37.29,30.060000000000002,-50.67,7.09,-50.480000000000004,130.12,46.7
2025-07-30T19:18:10.634568,-92.0,50.0,-40.0,-5.0,-78.0,-99.0,71.0,-16.0,-46.0,13.0,108.0,-3.0,-68.91,49.81,-13.75,6.699999999999999,-73.1,-86.71000000000001,57.06,-10.67,-41.91,19.52,118.12,-5.3
2025-07-30T19:18:10.642430,52.0,11.0,-33.0,-26.0,-49.0,-36.0,-2.0,13.0,0.0,-73.0,50.0,15.0,75.09,10.81,-6.75,-14.3,-44.1,-23.71,-15.94,18.33,4.09,-66.48,60.12,12.7
2025-07-30T19:18:10.646733,-46.0,19.0,-61.0,-11.0,-85.0,43.0,15.0,-71.0,-52.0,-60.0,46.0,-97.0,-22.91,18.81,-34.75,0.6999999999999993,-80.1,55.29,1.0600000000000005,-65.67,-47.91,-53.480000000000004,56.12,-99.3
2025-07-30T19:18:10.654743,64.0,-53.0,-4.0,-115.0,-33.0,2.0,-65.0,-80.0,-66.0,-71.0,60.0,-16.0,87.09,-53.19,22.25,-103.3,-28.1,14.29,-78.94,-74.67,-61.91,-64.48,70.12,-18.3
2025-07-30T19:18:10.658992,-18.0,9.0,55.0,-18.0,69.0,48.0,48.0,-66.0,-28.0,-15.0,8.0,-68.0,5.09,8.81,81.25,-6.300000000000001,73.9,60.29,34.06,-60.67,-23.91,-8.48,18.119999999999997,-70.3
2025-07-30T19:18:10.667186,-25.0,-27.0,-59.0,-45.0,49.0,-16.0,53.0,-32.0,28.0,-7.0,24.0,-36.0,-1.9100000000000001,-27.19,-32.75,-33.3,53.9,-3.710000000000001,39.06,-26.67,32.09,-0.4800000000000004,34.12,-38.3
2025-07-30T19:18:10.671318,-102.0,36.0,-20.0,-34.0,-51.0,-37.0,45.0,25.0,-36.0,-13.0,59.0,4.0,-78.91,35.81,6.25,-22.3,-46.1,-24.71,31.060000000000002,30.33,-31.91,-6.48,69.12,1.7000000000000002
2025-07-30T19:18:10.679374,-33.0,59.0,-43.0,-51.0,-20.0,-4.0,27.0,-40.0,29.0,-33.0,11.0,-101.0,-9.91,58.81,-16.75,-39.3,-15.1,8.29,13.06,-34.67,33.09,-26.48,21.119999999999997,-103.3
2025-07-30T19:18:10.683605,64.0,38.0,-73.0,13.0,-16.0,-29.0,13.0,-6.0,10.0,-24.0,-34.0,-45.0,87.09,37.81,-46.75,24.7,-11.1,-16.71,-0.9399999999999995,-0.6699999999999999,14.09,-17.48,-23.880000000000003,-47.3
2025-07-30T19:18:10.691450,-57.0,-23.0,-67.0,-33.0,40.0,-24.0,3.0,-5.0,45.0,-20.0,-39.0,-19.0,-33.91,-23.19,-40.75,-21.3,44.9,-11.71,-10.94,0.33000000000000007,49.09,-13.48,-28.880000000000003,-21.3
2025-07-30T19:18:10.695849,31.0,-51.0,-70.0,-56.0,18.0,-51.0,49.0,-31.0,-16.0,-41.0,-34.0,-11.0,54.09,-51.19,-43.75,-44.3,22.9,-38.71,35.06,-25.67,-11.91,-34.480000000000004,-23.880000000000003,-13.3
2025-07-30T19:18:10.700009,-7.0,28.0,1.0,3.0,38.0,-32.0,65.0,60.0,31.0,-42.0,66.0,-18.0,16.09,27.81,27.25,14.7,42.9,-19.71,51.06,65.33,35.09,-35.480000000000004,76.12,-20.3
2025-07-30T19:18:10.708214,-4.0,21.0,95.0,78.0,15.0,-4.0,-32.0,-37.0,12.0,-35.0,70.0,-28.0,19.09,20.81,121.25,89.7,19.9,8.29,-45.94,-31.67,16.09,-28.48,80.12,-30.3
2025-07-30T19:18:10.712221,-13.0,16.0,-45.0,46.0,-65.0,-28.0,-15.0,30.0,-2.0,-51.0,63.0,-11.0,10.09,15.81,-18.75,57.7,-60.1,-15.71,-28.939999999999998,35.33,2.09,-44.480000000000004,73.12,-13.3
2025-07-30T19:18:10.720454,-4.0,5.0,32.0,-37.0,45.0,-34.0,2.0,-20.0,30.0,-41.0,3.0,50.0,19.09,4.81,58.25,-25.3,49.9,-21.71,-11.94,-14.67,34.09,-34.480000000000004,13.12,47.7
2025-07-30T19:18:10.724603,-48.0,11.0,28.0,-53.0,-22.0,2.0,6.0,14.0,-38.0,-72.0,37.0,56.0,-24.91,10.81,54.25,-41.3,-17.1,14.29,-7.9399999999999995,19.33,-33.91,-65.48,47.12,53.7
2025-07-30T19:18:10.732665,-72.0,28.0,51.0,-8.0,-9.0,12.0,14.0,8.0,31.0,-52.0,-30.0,-53.0,-48.91,27.81,77.25,3.6999999999999993,-4.1,24.29,0.0600000000000005,13.33,35.09,-45.480000000000004,-19.880000000000003,-55.3
2025-07-30T19:18:10.736749,-85.0,100.0,-34.0,-33.0,44.0,-5.0,35.0,23.0,-18.0,-25.0,-7.0,-30.0,-61.91,99.81,-7.75,-21.3,48.9,7.289999999999999,21.060000000000002,28.33,-13.91,-18.48,3.119999999999999,-32.3
2025-07-30T19:18:10.744934,-118.0,8.0,-57.0,23.0,30.0,-59.0,81.0,0.0,89.0,43.0,8.0,-5.0,-94.91,7.81,-30.75,34.7,34.9,-46.71,67.06,5.33,93.09,49.519999999999996,18.119999999999997,-7.3
2025-07-30T19:18:10.749350,-44.0,13.0,-46.0,-41.0,35.0,-17.0,29.0,-21.0,-5.0,-36.0,12.0,-51.0,-20.91,12.81,-19.75,-29.3,39.9,-4.710000000000001,15.06,-15.67,-0.9100000000000001,-29.48,22.119999999999997,-53.3
2025-07-30T19:18:10.757346,47.0,54.0,-57.0,100.0,-36.0,-33.0,8.0,-30.0,-18.0,-25.0,12.0,-31.0,70.09,53.81,-30.75,111.7,-31.1,-20.71,-5.9399999999999995,-24.67,-13.91,-18.48,22.119999999999997,-33.3
2025-07-30T19:18:10.761686,15.0,-13.0,-87.0,18.0,-7.0,-55.0,49.0,-23.0,21.0,-68.0,57.0,3.0,38.09,-13.19,-60.75,29.7,-2.0999999999999996,-42.71,35.06,-17.67,25.09,-61.480000000000004,67.12,0.7000000000000002
2025-07-30T19:18:10.769622,3.0,-15.0,-71.0,-6.0,0.0,-1.0,25.0,30.0,22.0,-75.0,34.0,8.0,26.09,-15.19,-44.75,5.699999999999999,4.9,11.29,11.06,35.33,26.09,-68.48,44.12,5.7
2025-07-30T19:18:10.773849,-2.0,-30.0,-96.0,-19.0,-9.0,6.0,74.0,30.0,3.0,-95.0,58.0,63.0,21.09,-30.19,-69.75,-7.300000000000001,-4.1,18.29,60.06,35.33,7.09,-88.48,68.12,60.7
2025-07-30T19:18:10.781695,-30.0,-53.0,-51.0,-31.0,-47.0,13.0,71.0,-12.0,0.0,-2.0,-18.0,37.0,-6.91,-53.19,-24.75,-19.3,-42.1,25.29,57.06,-6.67,4.09,4.52,-7.880000000000001,34.7
2025-07-30T19:18:10.786115,-10.0,2.0,42.0,19.0,55.0,-28.0,10.0,-9.0,-21.0,-73.0,0.0,10.0,13.09,1.81,68.25,30.7,59.9,-15.71,-3.9399999999999995,-3.67,-16.91,-66.48,10.12,7.7
2025-07-30T19:18:10.794101,19.0,-7.0,7.0,3.0,55.0,-28.0,33.0,51.0,-14.0,-46.0,-46.0,64.0,42.09,-7.19,33.25,14.7,59.9,-15.71,19.060000000000002,56.33,-9.91,-39.480000000000004,-35.88,61.7
2025-07-30T19:18:10.798291,-55.0,1.0,-31.0,-60.0,-3.0,-13.0,62.0,-13.0,-20.0,66.0,-62.0,32.0,-31.91,0.81,-4.75,-48.3,1.9000000000000004,-0.7100000000000009,48.06,-7.67,-15.91,72.52,-51.88,29.7
2025-07-30T19:18:10.806320,-24.0,-11.0,-17.0,-27.0,13.0,-19.0,-9.0,20.0,-7.0,43.0,-34.0,67.0,-0.9100000000000001,-11.19,9.25,-15.3,17.9,-6.710000000000001,-22.939999999999998,25.33,-2.91,49.519999999999996,-23.880000000000003,64.7
2025-07-30T19:18:10.810704,3.0,5.0,2.0,-57.0,-28.0,-41.0,26.0,12.0,-61.0,7.0,-39.0,43.0,26.09,4.81,28.25,-45.3,-23.1,-28.71,12.06,17.33,-56.91,13.52,-28.880000000000003,40.7
2025-07-30T19:18:10.814564,-15.0,11.0,21.0,-1.0,-41.0,23.0,63.0,3.0,-29.0,88.0,10.0,9.0,8.09,10.81,47.25,10.7,-36.1,35.29,49.06,8.33,-24.91,94.52,20.119999999999997,6.7
2025-07-30T19:18:10.822760,-136.0,-5.0,-9.0,-50.0,17.0,35.0,74.0,24.0,-9.0,18.0,-78.0,101.0,-112.91,-5.19,17.25,-38.3,21.9,47.29,60.06,29.33,-4.91,24.52,-67.88,98.7
2025-07-30T19:18:10.830981,-25.0,17.0,17.0,-22.0,-16.0,-10.0,59.0,-13.0,-22.0,-22.0,-12.0,49.0,-1.9100000000000001,16.81,43.25,-10.3,-11.1,2.289999999999999,45.06,-7.67,-17.91,-15.48,-1.8800000000000008,46.7
2025-07-30T19:18:10.835242,-19.0,55.0,-79.0,-12.0,62.0,-10.0,55.0,25.0,-7.0,-32.0,14.0,-20.0,4.09,54.81,-52.75,-0.3000000000000007,66.9,2.289999999999999,41.06,30.33,-2.91,-25.48,24.119999999999997,-22.3
2025-07-30T19:18:10.839251,-8.0,33.0,-67.0,-93.0,26.0,-20.0,29.0,12.0,30.0,-19.0,-56.0,6.0,15.09,32.81,-40.75,-81.3,30.9,-7.710000000000001,15.06,17.33,34.09,-12.48,-45.88,3.7
2025-07-30T19:18:10.847472,17.0,39.0,-97.0,2.0,49.0,-56.0,23.0,21.0,-38.0,30.0,7.0,43.0,40.09,38.81,-70.75,13.7,53.9,-43.71,9.06,26.33,-33.91,36.519999999999996,17.119999999999997,40.7
2025-07-30T19:18:10.851404,17.0,0.0,-52.0,-15.0,-16.0,-24.0,39.0,-3.0,4.0,48.0,-37.0,64.0,40.09,-0.19,-25.75,-3.3000000000000007,-11.1,-11.71,25.060000000000002,2.33,8.09,54.519999999999996,-26.880000000000003,61.7
2025-07-30T19:18:10.859827,-16.0,80.0,-22.0,-93.0,-35.0,-63.0,-30.0,-66.0,-24.0,23.0,-45.0,12.0,7.09,79.81,4.25,-81.3,-30.1,-50.71,-43.94,-60.67,-19.91,29.52,-34.88,9.7
2025-07-30T19:18:10.863845,30.0,-21.0,-62.0,10.0,-72.0,-2.0,-6.0,0.0,35.0,51.0,-41.0,48.0,53.09,-21.19,-35.75,21.7,-67.1,10.29,-19.939999999999998,5.33,39.09,57.519999999999996,-30.880000000000003,45.7
2025-07-30T19:18:10.871914,-9.0,-54.0,-110.0,-56.0,17.0,-19.0,40.0,-37.0,-12.0,30.0,-32.0,-22.0,14.09,-54.19,-83.75,-44.3,21.9,-6.710000000000001,26.060000000000002,-31.67,-7.91,36.519999999999996,-21.880000000000003,-24.3
2025-07-30T19:18:10.875935,50.0,15.0,15.0,-1.0,17.0,10.0,12.0,10.0,-9.0,4.0,-65.0,17.0,73.09,14.81,41.25,10.7,21.9,22.29,-1.9399999999999995,15.33,-4.91,10.52,-54.88,14.7
2025-07-30T19:18:10.884350,-27.0,-32.0,49.0,-13.0,-15.0,7.0,74.0,1.0,-15.0,66.0,-32.0,-23.0,-3.91,-32.19,75.25,-1.3000000000000007,-10.1,19.29,60.06,6.33,-10.91,72.52,-21.880000000000003,-25.3
2025-07-30T19:18:10.888581,-61.0,20.0,16.0,-36.0,6.0,39.0,-12.0,7.0,-70.0,23.0,-26.0,74.0,-37.91,19.81,42.25,-24.3,10.9,51.29,-25.939999999999998,12.33,-65.91,29.52,-15.88,71.7
2025-07-30T19:18:10.896346,-73.0,-38.0,30.0,1.0,46.0,-62.0,30.0,53.0,16.0,53.0,-26.0,12.0,-49.91,-38.19,56.25,12.7,50.9,-49.71,16.060000000000002,58.33,20.09,59.519999999999996,-15.88,9.7
2025-07-30T19:18:10.900676,-72.0,8.0,3.0,8.0,3.0,-70.0,21.0,-28.0,-44.0,57.0,-43.0,-16.0,-48.91,7.81,29.25,19.7,7.9,-57.71,7.0600000000000005,-22.67,-39.91,63.519999999999996,-32.88,-18.3
2025-07-30T19:18:10.908618,-79.0,-32.0,56.0,-85.0,17.0,-57.0,34.0,-39.0,6.0,34.0,14.0,-37.0,-55.91,-32.19,82.25,-73.3,21.9,-44.71,20.060000000000002,-33.67,10.09,40.519999999999996,24.119999999999997,-39.3
2025-07-30T19:18:10.913057,20.0,12.0,-14.0,12.0,-40.0,-17.0,53.0,-1.0,37.0,17.0,-94.0,-45.0,43.09,11.81,12.25,23.7,-35.1,-4.710000000000001,39.06,4.33,41.09,23.52,-83.88,-47.3
2025-07-30T19:18:10.921064,-87.0,96.0,-29.0,-71.0,-63.0,31.0,-17.0,-17.0,75.0,-19.0,-16.0,-47.0,-63.91,95.81,-2.75,-59.3,-58.1,43.29,-30.939999999999998,-11.67,79.09,-12.48,-5.880000000000001,-49.3
2025-07-30T19:18:10.925389,1.0,-4.0,2.0,-36.0,-5.0,-52.0,-34.0,-51.0,22.0,65.0,-23.0,-3.0,24.09,-4.19,28.25,-24.3,-0.09999999999999964,-39.71,-47.94,-45.67,26.09,71.52,-12.88,-5.3
2025-07-30T19:18:10.933382,6.0,34.0,-44.0,-13.0,6.0,36.0,8.0,-49.0,10.0,33.0,22.0,-45.0,29.09,33.81,-17.75,-1.3000000000000007,10.9,48.29,-5.9399999999999995,-43.67,14.09,39.519999999999996,32.12,-47.3
2025-07-30T19:18:10.937701,-87.0,71.0,-41.0,16.0,3.0,8.0,-8.0,-4.0,-15.0,13.0,27.0,16.0,-63.91,70.81,-14.75,27.7,7.9,20.29,-21.939999999999998,1.33,-10.91,19.52,37.12,13.7
2025-07-30T19:18:10.945703,0.0,-9.0,-107.0,-29.0,-47.0,-13.0,-42.0,32.0,-28.0,-72.0,27.0,-41.0,23.09,-9.19,-80.75,-17.3,-42.1,-0.7100000000000009,-55.94,37.33,-23.91,-65.48,37.12,-43.3
2025-07-30T19:18:10.949886,-3.0,-4.0,-66.0,-68.0,28.0,-51.0,-41.0,-38.0,-36.0,33.0,48.0,-37.0,20.09,-4.19,-39.75,-56.3,32.9,-38.71,-54.94,-32.67,-31.91,39.519999999999996,58.12,-39.3
2025-07-30T19:18:10.957967,13.0,2.0,-85.0,-24.0,26.0,-78.0,56.0,14.0,-24.0,-107.0,49.0,-4.0,36.09,1.81,-58.75,-12.3,30.9,-65.71000000000001,42.06,19.33,-19.91,-100.48,59.12,-6.3
2025-07-30T19:18:10.962210,-36.0,21.0,18.0,-71.0,28.0,-22.0,-73.0,-73.0,15.0,-68.0,90.0,-74.0,-12.91,20.81,44.25,-59.3,32.9,-9.71,-86.94,-67.67,19.09,-61.480000000000004,100.12,-76.3
2025-07-30T19:18:10.970114,-85.0,5.0,47.0,-13.0,4.0,19.0,16.0,-22.0,27.0,-35.0,47.0,16.0,-61.91,4.81,73.25,-1.3000000000000007,8.9,31.29,2.0600000000000005,-16.67,31.09,-28.48,57.12,13.7
2025-07-30T19:18:10.974530,-38.0,20.0,-28.0,-19.0,-18.0,-17.0,-30.0,-42.0,36.0,-4.0,-12.0,-68.0,-14.91,19.81,-1.75,-7.300000000000001,-13.1,-4.710000000000001,-43.94,-36.67,40.09,2.5199999999999996,-1.8800000000000008,-70.3
2025-07-30T19:18:10.982461,-57.0,88.0,-50.0,25.0,-6.0,-30.0,-10.0,11.0,7.0,-53.0,-2.0,-12.0,-33.91,87.81,-23.75,36.7,-1.0999999999999996,-17.71,-23.939999999999998,16.33,11.09,-46.480000000000004,8.12,-14.3
2025-07-30T19:18:10.986629,-1.0,29.0,-52.0,-43.0,-3.0,30.0,-57.0,18.0,-9.0,-93.0,47.0,-80.0,22.09,28.81,-25.75,-31.3,1.9000000000000004,42.29,-70.94,23.33,-4.91,-86.48,57.12,-82.3
2025-07-30T19:18:10.994561,-26.0,59.0,-2.0,-39.0,-12.0,8.0,-37.0,-30.0,32.0,-31.0,14.0,-68.0,-2.91,58.81,24.25,-27.3,-7.1,20.29,-50.94,-24.67,36.09,-24.48,24.119999999999997,-70.3
2025-07-30T19:18:10.998783,-84.0,84.0,-72.0,21.0,42.0,0.0,-79.0,-33.0,43.0,-38.0,23.0,18.0,-60.91,83.81,-45.75,32.7,46.9,12.29,-92.94,-27.67,47.09,-31.48,33.12,15.7
2025-07-30T19:18:11.003732,0.0,82.0,-56.0,-20.0,-62.0,7.0,-40.0,20.0,6.0,-38.0,14.0,-61.0,23.09,81.81,-29.75,-8.3,-57.1,19.29,-53.94,25.33,10.09,-31.48,24.119999999999997,-63.3
2025-07-30T19:18:11.011314,-26.0,-60.0,-70.0,-37.0,-27.0,-12.0,1.0,-29.0,31.0,-45.0,24.0,-39.0,-2.91,-60.19,-43.75,-25.3,-22.1,0.28999999999999915,-12.94,-23.67,35.09,-38.480000000000004,34.12,-41.3
2025-07-30T19:18:11.015677,-33.0,-13.0,-10.0,-14.0,-79.0,22.0,8.0,-13.0,43.0,-16.0,57.0,-22.0,-9.91,-13.19,16.25,-2.3000000000000007,-74.1,34.29,-5.9399999999999995,-7.67,47.09,-9.48,67.12,-24.3
2025-07-30T19:18:11.023584,-20.0,-18.0,39.0,-86.0,-2.0,5.0,-25.0,8.0,11.0,-8.0,21.0,-12.0,3.09,-18.19,65.25,-74.3,2.9000000000000004,17.29,-38.94,13.33,15.09,-1.4800000000000004,31.119999999999997,-14.3
2025-07-30T19:18:11.028000,-83.0,-70.0,-24.0,-108.0,-26.0,-11.0,-22.0,-23.0,79.0,-28.0,62.0,-44.0,-59.91,-70.19,2.25,-96.3,-21.1,1.2899999999999991,-35.94,-17.67,83.09,-21.48,72.12,-46.3
2025-07-30T19:18:11.035702,-88.0,48.0,-10.0,-77.0,-3.0,-50.0,-3.0,21.0,33.0,-83.0,43.0,-49.0,-64.91,47.81,16.25,-65.3,1.9000000000000004,-37.71,-16.939999999999998,26.33,37.09,-76.48,53.12,-51.3
2025-07-30T19:18:11.040015,-70.0,41.0,-31.0,-4.0,12.0,-34.0,28.0,10.0,-96.0,12.0,66.0,-25.0,-46.91,40.81,-4.75,7.699999999999999,16.9,-21.71,14.06,15.33,-91.91,18.52,76.12,-27.3
2025-07-30T19:18:11.047973,1.0,5.0,-14.0,43.0,-3.0,-70.0,-17.0,23.0,11.0,-129.0,22.0,-73.0,24.09,4.81,12.25,54.7,1.9000000000000004,-57.71,-30.939999999999998,28.33,15.09,-122.48,32.12,-75.3
2025-07-30T19:18:11.052155,22.0,50.0,-39.0,14.0,-5.0,15.0,-25.0,9.0,-7.0,-44.0,13.0,-51.0,45.09,49.81,-12.75,25.7,-0.09999999999999964,27.29,-38.94,14.33,-2.91,-37.480000000000004,23.119999999999997,-53.3
2025-07-30T19:18:11.060422,5.0,-28.0,-115.0,-37.0,-14.0,-8.0,-43.0,35.0,-30.0,-45.0,69.0,-62.0,28.09,-28.19,-88.75,-25.3,-9.1,4.289999999999999,-56.94,40.33,-25.91,-38.480000000000004,79.12,-64.3
2025-07-30T19:18:11.064552,-64.0,4.0,-10.0,-120.0,-15.0,-15.0,-12.0,75.0,-10.0,-33.0,19.0,-110.0,-40.91,3.81,16.25,-108.3,-10.1,-2.710000000000001,-25.939999999999998,80.33,-5.91,-26.48,29.119999999999997,-112.3
2025-07-30T19:18:11.072630,26.0,-40.0,18.0,-62.0,80.0,-44.0,24.0,51.0,-38.0,-38.0,23.0,-13.0,49.09,-40.19,44.25,-50.3,84.9,-31.71,10.06,56.33,-33.91,-31.48,33.12,-15.3
2025-07-30T19:18:11.076830,-30.0,6.0,-18.0,-87.0,-44.0,-22.0,38.0,12.0,-13.0,-35.0,46.0,-21.0,-6.91,5.81,8.25,-75.3,-39.1,-9.71,24.060000000000002,17.33,-8.91,-28.48,56.12,-23.3
2025-07-30T19:18:11.084869,-37.0,43.0,-30.0,2.0,48.0,-5.0,16.0,-1.0,-38.0,-53.0,25.0,-14.0,-13.91,42.81,-3.75,13.7,52.9,7.289999999999999,2.0600000000000005,4.33,-33.91,-46.480000000000004,35.12,-16.3
2025-07-30T19:18:11.089071,-56.0,81.0,-23.0,29.0,-33.0,-84.0,77.0,-35.0,19.0,-34.0,38.0,-5.0,-32.91,80.81,3.25,40.7,-28.1,-71.71000000000001,63.06,-29.67,23.09,-27.48,48.12,-7.3
2025-07-30T19:18:11.097098,3.0,55.0,-68.0,42.0,-41.0,22.0,0.0,-28.0,-52.0,2.0,68.0,-86.0,26.09,54.81,-41.75,53.7,-36.1,34.29,-13.94,-22.67,-47.91,8.52,78.12,-88.3
2025-07-30T19:18:11.101490,-45.0,-12.0,-51.0,-71.0,-34.0,-23.0,73.0,-57.0,12.0,8.0,94.0,-61.0,-21.91,-12.19,-24.75,-59.3,-29.1,-10.71,59.06,-51.67,16.09,14.52,104.12,-63.3
2025-07-30T19:18:11.109393,65.0,0.0,-62.0,-28.0,-74.0,-39.0,19.0,-26.0,30.0,1.0,-4.0,-62.0,88.09,-0.19,-35.75,-16.3,-69.1,-26.71,5.0600000000000005,-20.67,34.09,7.52,6.119999999999999,-64.3
2025-07-30T19:18:11.113682,-70.0,45.0,-46.0,-14.0,0.0,-1.0,16.0,-27.0,18.0,-34.0,-14.0,-56.0,-46.91,44.81,-19.75,-2.3000000000000007,4.9,11.29,2.0600000000000005,-21.67,22.09,-27.48,-3.880000000000001,-58.3
2025-07-30T19:18:11.121657,-17.0,-26.0,-83.0,55.0,42.0,-20.0,11.0,42.0,9.0,-102.0,37.0,-38.0,6.09,-26.19,-56.75,66.7,46.9,-7.710000000000001,-2.9399999999999995,47.33,13.09,-95.48,47.12,-40.3
2025-07-30T19:18:11.126024,45.0,9.0,-2.0,5.0,19.0,-41.0,37.0,20.0,45.0,-93.0,41.0,-34.0,68.09,8.81,24.25,16.7,23.9,-28.71,23.060000000000002,25.33,49.09,-86.48,51.12,-36.3
2025-07-30T19:18:11.133944,48.0,21.0,15.0,41.0,56.0,-14.0,7.0,13.0,41.0,-88.0,11.0,-21.0,71.09,20.81,41.25,52.7,60.9,-1.7100000000000009,-6.9399999999999995,18.33,45.09,-81.48,21.119999999999997,-23.3
2025-07-30T19:18:11.138377,-79.0,80.0,2.0,32.0,-20.0,-29.0,23.0,-13.0,-41.0,0.0,-8.0,-72.0,-55.91,79.81,28.25,43.7,-15.1,-16.71,9.06,-7.67,-36.91,6.52,2.119999999999999,-74.3
2025-07-30T19:18:11.146138,-13.0,-75.0,4.0,59.0,-93.0,-45.0,84.0,43.0,13.0,-53.0,-8.0,-59.0,10.09,-75.19,30.25,70.7,-88.1,-32.71,70.06,48.33,17.09,-46.480000000000004,2.119999999999999,-61.3
2025-07-30T19:18:11.150495,-90.0,25.0,3.0,-97.0,26.0,26.0,-35.0,-21.0,-4.0,1.0,-23.0,-22.0,-66.91,24.81,29.25,-85.3,30.9,38.29,-48.94,-15.67,0.08999999999999986,7.52,-12.88,-24.3
2025-07-30T19:18:11.158603,-56.0,82.0,-44.0,-3.0,-22.0,-18.0,-1.0,-7.0,30.0,-107.0,42.0,-78.0,-32.91,81.81,-17.75,8.7,-17.1,-5.710000000000001,-14.94,-1.67,34.09,-100.48,52.12,-80.3
2025-07-30T19:18:11.162757,-125.0,38.0,-26.0,-2.0,18.0,14.0,-9.0,-29.0,33.0,-83.0,38.0,-64.0,-101.91,37.81,0.25,9.7,22.9,26.29,-22.939999999999998,-23.67,37.09,-76.48,48.12,-66.3
2025-07-30T19:18:11.170669,-40.0,44.0,-43.0,4.0,-32.0,-56.0,-22.0,6.0,34.0,-84.0,98.0,-110.0,-16.91,43.81,-16.75,15.7,-27.1,-43.71,-35.94,11.33,38.09,-77.48,108.12,-112.3
2025-07-30T19:18:11.175269,16.0,96.0,-73.0,-33.0,53.0,-29.0,-12.0,-13.0,51.0,-29.0,40.0,-19.0,39.09,95.81,-46.75,-21.3,57.9,-16.71,-25.939999999999998,-7.67,55.09,-22.48,50.12,-21.3
2025-07-30T19:18:11.183172,11.0,-62.0,-85.0,5.0,-28.0,-57.0,-11.0,37.0,52.0,-52.0,83.0,-6.0,34.09,-62.19,-58.75,16.7,-23.1,-44.71,-24.939999999999998,42.33,56.09,-45.480000000000004,93.12,-8.3
2025-07-30T19:18:11.187406,-20.0,1.0,-104.0,35.0,-37.0,-20.0,12.0,56.0,15.0,-8.0,114.0,21.0,3.09,0.81,-77.75,46.7,-32.1,-7.710000000000001,-1.9399999999999995,61.33,19.09,-1.4800000000000004,124.12,18.7
2025-07-30T19:18:11.191829,1.0,19.0,-11.0,-48.0,7.0,18.0,-7.0,0.0,30.0,-27.0,13.0,-6.0,24.09,18.81,15.25,-36.3,11.9,30.29,-20.939999999999998,5.33,34.09,-20.48,23.119999999999997,-8.3
2025-07-30T19:18:11.199638,77.0,-24.0,-16.0,-53.0,3.0,2.0,20.0,-33.0,22.0,-27.0,42.0,20.0,100.09,-24.19,10.25,-41.3,7.9,14.29,6.0600000000000005,-27.67,26.09,-20.48,52.12,17.7
2025-07-30T19:18:11.207556,-45.0,52.0,-13.0,-12.0,33.0,-37.0,10.0,48.0,-34.0,-77.0,-19.0,-18.0,-21.91,51.81,13.25,-0.3000000000000007,37.9,-24.71,-3.9399999999999995,53.33,-29.91,-70.48,-8.88,-20.3
2025-07-30T19:18:11.211779,-1.0,88.0,-13.0,-77.0,8.0,-9.0,4.0,5.0,12.0,-2.0,46.0,-52.0,22.09,87.81,13.25,-65.3,12.9,3.289999999999999,-9.94,10.33,16.09,4.52,56.12,-54.3
2025-07-30T19:18:11.217218,-104.0,144.0,-41.0,-58.0,24.0,-42.0,-42.0,2.0,31.0,-30.0,30.0,-10.0,-80.91,143.81,-14.75,-46.3,28.9,-29.71,-55.94,7.33,35.09,-23.48,40.12,-12.3
2025-07-30T19:18:11.224040,-9.0,74.0,-35.0,-4.0,12.0,-50.0,45.0,-19.0,-110.0,-51.0,79.0,-3.0,14.09,73.81,-8.75,7.699999999999999,16.9,-37.71,31.060000000000002,-13.67,-105.91,-44.480000000000004,89.12,-5.3
2025-07-30T19:18:11.229210,-55.0,49.0,-46.0,-33.0,40.0,-41.0,12.0,-32.0,1.0,-73.0,25.0,77.0,-31.91,48.81,-19.75,-21.3,44.9,-28.71,-1.9399999999999995,-26.67,5.09,-66.48,35.12,74.7
2025-07-30T19:18:11.236464,-30.0,51.0,-49.0,-55.0,-36.0,-28.0,-76.0,15.0,-4.0,-78.0,12.0,-15.0,-6.91,50.81,-22.75,-43.3,-31.1,-15.71,-89.94,20.33,0.08999999999999986,-71.48,22.119999999999997,-17.3
2025-07-30T19:18:11.240959,23.0,11.0,-91.0,-23.0,1.0,-10.0,54.0,7.0,-9.0,-30.0,90.0,54.0,46.09,10.81,-64.75,-11.3,5.9,2.289999999999999,40.06,12.33,-4.91,-23.48,100.12,51.7
2025-07-30T19:18:11.248745,28.0,-22.0,-110.0,14.0,-67.0,68.0,-13.0,-42.0,-44.0,-78.0,-87.0,-12.0,51.09,-22.19,-83.75,25.7,-62.1,80.28999999999999,-26.939999999999998,-36.67,-39.91,-71.48,-76.88,-14.3
2025-07-30T19:18:11.253239,31.0,24.0,2.0,-61.0,54.0,15.0,25.0,-12.0,-116.0,-36.0,-21.0,8.0,54.09,23.81,28.25,-49.3,58.9,27.29,11.06,-6.67,-111.91,-29.48,-10.88,5.7
2025-07-30T19:18:11.261005,-50.0,-44.0,-25.0,17.0,-46.0,-42.0,57.0,3.0,-19.0,-21.0,-13.0,-20.0,-26.91,-44.19,1.25,28.7,-41.1,-29.71,43.06,8.33,-14.91,-14.48,-2.880000000000001,-22.3
2025-07-30T19:18:11.265469,38.0,41.0,2.0,52.0,13.0,-71.0,-20.0,51.0,-35.0,-55.0,-24.0,-11.0,61.09,40.81,28.25,63.7,17.9,-58.71,-33.94,56.33,-30.91,-48.480000000000004,-13.88,-13.3
2025-07-30T19:18:11.273396,-86.0,37.0,-61.0,-3.0,-82.0,-42.0,94.0,-17.0,20.0,-59.0,-3.0,0.0,-62.91,36.81,-34.75,8.7,-77.1,-29.71,80.06,-11.67,24.09,-52.480000000000004,7.119999999999999,-2.3
2025-07-30T19:18:11.277713,-6.0,110.0,-34.0,-2.0,-14.0,-20.0,-17.0,39.0,53.0,2.0,-54.0,-40.0,17.09,109.81,-7.75,9.7,-9.1,-7.710000000000001,-30.939999999999998,44.33,57.09,8.52,-43.88,-42.3
2025-07-30T19:18:11.285589,-12.0,146.0,-52.0,-18.0,-14.0,-2.0,74.0,-25.0,-33.0,-43.0,48.0,20.0,11.09,145.81,-25.75,-6.300000000000001,-9.1,10.29,60.06,-19.67,-28.91,-36.480000000000004,58.12,17.7
2025-07-30T19:18:11.290102,102.0,-8.0,-30.0,4.0,-43.0,-5.0,11.0,-47.0,49.0,22.0,-38.0,4.0,125.09,-8.19,-3.75,15.7,-38.1,7.289999999999999,-2.9399999999999995,-41.67,53.09,28.52,-27.880000000000003,1.7000000000000002
2025-07-30T19:18:11.297890,-13.0,11.0,-104.0,-34.0,-1.0,-25.0,56.0,-40.0,-53.0,16.0,19.0,8.0,10.09,10.81,-77.75,-22.3,3.9000000000000004,-12.71,42.06,-34.67,-48.91,22.52,29.119999999999997,5.7
2025-07-30T19:18:11.302049,-5.0,2.0,9.0,-86.0,-5.0,-23.0,26.0,-14.0,10.0,8.0,-28.0,-12.0,18.09,1.81,35.25,-74.3,-0.09999999999999964,-10.71,12.06,-8.67,14.09,14.52,-17.880000000000003,-14.3
2025-07-30T19:18:11.310211,-51.0,24.0,-11.0,-7.0,21.0,-69.0,-3.0,-45.0,6.0,44.0,2.0,21.0,-27.91,23.81,15.25,4.699999999999999,25.9,-56.71,-16.939999999999998,-39.67,10.09,50.519999999999996,12.12,18.7
2025-07-30T19:18:11.314577,0.0,5.0,15.0,38.0,-45.0,-40.0,-7.0,-42.0,-19.0,13.0,-48.0,-26.0,23.09,4.81,41.25,49.7,-40.1,-27.71,-20.939999999999998,-36.67,-14.91,19.52,-37.88,-28.3
2025-07-30T19:18:11.322375,-46.0,28.0,-46.0,47.0,14.0,-47.0,30.0,-36.0,55.0,9.0,-11.0,-46.0,-22.91,27.81,-19.75,58.7,18.9,-34.71,16.060000000000002,-30.67,59.09,15.52,-0.8800000000000008,-48.3
2025-07-30T19:18:11.326696,-86.0,127.0,-20.0,-56.0,-56.0,-67.0,-18.0,-31.0,2.0,-40.0,15.0,-44.0,-62.91,126.81,6.25,-44.3,-51.1,-54.71,-31.939999999999998,-25.67,6.09,-33.480000000000004,25.119999999999997,-46.3
2025-07-30T19:18:11.334675,-122.0,27.0,-91.0,-74.0,61.0,-72.0,41.0,-11.0,38.0,-3.0,-24.0,-33.0,-98.91,26.81,-64.75,-62.3,65.9,-59.71,27.060000000000002,-5.67,42.09,3.5199999999999996,-13.88,-35.3
2025-07-30T19:18:11.339044,15.0,25.0,-45.0,-31.0,-34.0,-16.0,12.0,-51.0,-17.0,63.0,-9.0,-51.0,38.09,24.81,-18.75,-19.3,-29.1,-3.710000000000001,-1.9399999999999995,-45.67,-12.91,69.52,1.1199999999999992,-53.3
2025-07-30T19:18:11.347103,31.0,61.0,-63.0,18.0,29.0,-29.0,26.0,40.0,-97.0,38.0,26.0,-50.0,54.09,60.81,-36.75,29.7,33.9,-16.71,12.06,45.33,-92.91,44.519999999999996,36.12,-52.3
2025-07-30T19:18:11.351278,28.0,-12.0,-23.0,-23.0,-19.0,-35.0,33.0,-44.0,-22.0,58.0,-17.0,-53.0,51.09,-12.19,3.25,-11.3,-14.1,-22.71,19.060000000000002,-38.67,-17.91,64.52,-6.880000000000001,-55.3
2025-07-30T19:18:11.359396,-45.0,-32.0,41.0,-24.0,10.0,-40.0,-8.0,-1.0,-38.0,22.0,31.0,-55.0,-21.91,-32.19,67.25,-12.3,14.9,-27.71,-21.939999999999998,4.33,-33.91,28.52,41.12,-57.3
2025-07-30T19:18:11.363527,-61.0,-5.0,-55.0,-15.0,-24.0,-60.0,65.0,-19.0,-19.0,9.0,-37.0,-74.0,-37.91,-5.19,-28.75,-3.3000000000000007,-19.1,-47.71,51.06,-13.67,-14.91,15.52,-26.880000000000003,-76.3
2025-07-30T19:18:11.371567,-63.0,71.0,-61.0,-8.0,26.0,-18.0,-45.0,-2.0,-40.0,-3.0,-34.0,-30.0,-39.91,70.81,-34.75,3.6999999999999993,30.9,-5.710000000000001,-58.94,3.33,-35.91,3.5199999999999996,-23.880000000000003,-32.3
2025-07-30T19:18:11.375858,15.0,85.0,-96.0,-41.0,7.0,14.0,52.0,-35.0,-42.0,12.0,62.0,-89.0,38.09,84.81,-69.75,-29.3,11.9,26.29,38.06,-29.67,-37.91,18.52,72.12,-91.3
2025-07-30T19:18:11.383848,69.0,52.0,20.0,-43.0,-101.0,-33.0,28.0,-2.0,-57.0,24.0,91.0,-124.0,92.09,51.81,46.25,-31.3,-96.1,-20.71,14.06,3.33,-52.91,30.52,101.12,-126.3
2025-07-30T19:18:11.388212,-40.0,-11.0,-61.0,-77.0,1.0,-20.0,29.0,13.0,-14.0,7.0,55.0,-75.0,-16.91,-11.19,-34.75,-65.3,5.9,-7.710000000000001,15.06,18.33,-9.91,13.52,65.12,-77.3
2025-07-30T19:18:11.396280,-28.0,-56.0,-55.0,-19.0,31.0,-125.0,64.0,-58.0,-70.0,-8.0,27.0,-99.0,-4.91,-56.19,-28.75,-7.300000000000001,35.9,-112.71000000000001,50.06,-52.67,-65.91,-1.4800000000000004,37.12,-101.3
2025-07-30T19:18:11.400514,-53.0,27.0,11.0,-4.0,12.0,-76.0,35.0,-8.0,-34.0,19.0,30.0,-31.0,-29.91,26.81,37.25,7.699999999999999,16.9,-63.71,21.060000000000002,-2.67,-29.91,25.52,40.12,-33.3
2025-07-30T19:18:11.408528,52.0,32.0,-9.0,-34.0,-55.0,-59.0,46.0,-1.0,-31.0,-24.0,46.0,32.0,75.09,31.81,17.25,-22.3,-50.1,-46.71,32.06,4.33,-26.91,-17.48,56.12,29.7
2025-07-30T19:18:11.412649,-55.0,-43.0,-32.0,5.0,28.0,-148.0,26.0,-12.0,21.0,34.0,20.0,-80.0,-31.91,-43.19,-5.75,16.7,32.9,-135.71,12.06,-6.67,25.09,40.519999999999996,30.119999999999997,-82.3
2025-07-30T19:18:11.420617,-14.0,58.0,-21.0,34.0,8.0,13.0,-52.0,15.0,30.0,-67.0,53.0,-89.0,9.09,57.81,5.25,45.7,12.9,25.29,-65.94,20.33,34.09,-60.480000000000004,63.12,-91.3
2025-07-30T19:18:11.425020,-24.0,39.0,-74.0,11.0,-20.0,-7.0,81.0,19.0,-39.0,-19.0,75.0,-74.0,-0.9100000000000001,38.81,-47.75,22.7,-15.1,5.289999999999999,67.06,24.33,-34.91,-12.48,85.12,-76.3
2025-07-30T19:18:11.433055,-14.0,23.0,-64.0,15.0,67.0,-51.0,-17.0,-27.0,-69.0,0.0,73.0,-19.0,9.09,22.81,-37.75,26.7,71.9,-38.71,-30.939999999999998,-21.67,-64.91,6.52,83.12,-21.3
2025-07-30T19:18:11.437319,30.0,-10.0,-131.0,0.0,42.0,-74.0,7.0,-28.0,-8.0,-11.0,76.0,-50.0,53.09,-10.19,-104.75,11.7,46.9,-61.71,-6.9399999999999995,-22.67,-3.91,-4.48,86.12,-52.3
2025-07-30T19:18:11.445183,-51.0,10.0,-40.0,-19.0,-38.0,-82.0,20.0,-33.0,-92.0,-35.0,122.0,-60.0,-27.91,9.81,-13.75,-7.300000000000001,-33.1,-69.71000000000001,6.0600000000000005,-27.67,-87.91,-28.48,132.12,-62.3
2025-07-30T19:18:11.449590,30.0,-19.0,9.0,13.0,-12.0,4.0,20.0,-31.0,-34.0,-54.0,67.0,-69.0,53.09,-19.19,35.25,24.7,-7.1,16.29,6.0600000000000005,-25.67,-29.91,-47.480000000000004,77.12,-71.3
2025-07-30T19:18:11.457573,-23.0,-21.0,-37.0,18.0,-28.0,-76.0,-5.0,-27.0,-22.0,-63.0,74.0,-113.0,0.08999999999999986,-21.19,-10.75,29.7,-23.1,-63.71,-18.939999999999998,-21.67,-17.91,-56.480000000000004,84.12,-115.3
2025-07-30T19:18:11.461741,-49.0,-53.0,-47.0,-53.0,20.0,-6.0,10.0,-29.0,15.0,17.0,73.0,-86.0,-25.91,-53.19,-20.75,-41.3,24.9,6.289999999999999,-3.9399999999999995,-23.67,19.09,23.52,83.12,-88.3
2025-07-30T19:18:11.469863,-113.0,91.0,-12.0,-4.0,33.0,-53.0,11.0,-60.0,-34.0,-61.0,9.0,-67.0,-89.91,90.81,14.25,7.699999999999999,37.9,-40.71,-2.9399999999999995,-54.67,-29.91,-54.480000000000004,19.119999999999997,-69.3
2025-07-30T19:18:11.474007,-66.0,60.0,-98.0,1.0,29.0,-85.0,-2.0,-39.0,65.0,-10.0,126.0,-74.0,-42.91,59.81,-71.75,12.7,33.9,-72.71000000000001,-15.94,-33.67,69.09,-3.4800000000000004,136.12,-76.3
2025-07-30T19:18:11.478091,29.0,70.0,-73.0,62.0,4.0,-87.0,36.0,44.0,-14.0,-63.0,68.0,-46.0,52.09,69.81,-46.75,73.7,8.9,-74.71000000000001,22.060000000000002,49.33,-9.91,-56.480000000000004,78.12,-48.3
2025-07-30T19:18:11.486447,20.0,-19.0,-66.0,16.0,-22.0,29.0,12.0,-11.0,28.0,-93.0,31.0,-77.0,43.09,-19.19,-39.75,27.7,-17.1,41.29,-1.9399999999999995,-5.67,32.09,-86.48,41.12,-79.3
2025-07-30T19:18:11.490548,-16.0,3.0,11.0,-86.0,-42.0,29.0,41.0,-94.0,63.0,-120.0,50.0,-74.0,7.09,2.81,37.25,-74.3,-37.1,41.29,27.060000000000002,-88.67,67.09,-113.48,60.12,-76.3
2025-07-30T19:18:11.498584,-41.0,-24.0,3.0,-45.0,38.0,5.0,34.0,26.0,-22.0,-38.0,-5.0,-12.0,-17.91,-24.19,29.25,-33.3,42.9,17.29,20.060000000000002,31.33,-17.91,-31.48,5.119999999999999,-14.3
2025-07-30T19:18:11.502655,-44.0,21.0,16.0,-63.0,37.0,9.0,-47.0,32.0,6.0,-15.0,51.0,-63.0,-20.91,20.81,42.25,-51.3,41.9,21.29,-60.94,37.33,10.09,-8.48,61.12,-65.3
2025-07-30T19:18:11.510814,17.0,71.0,-24.0,57.0,49.0,-56.0,54.0,37.0,14.0,-83.0,42.0,-11.0,40.09,70.81,2.25,68.7,53.9,-43.71,40.06,42.33,18.09,-76.48,52.12,-13.3
2025-07-30T19:18:11.514966,-68.0,74.0,-95.0,-37.0,-49.0,-63.0,48.0,2.0,-74.0,-55.0,49.0,-58.0,-44.91,73.81,-68.75,-25.3,-44.1,-50.71,34.06,7.33,-69.91,-48.480000000000004,59.12,-60.3
2025-07-30T19:18:11.523140,5.0,80.0,-70.0,-7.0,-73.0,-49.0,-35.0,-97.0,21.0,-45.0,8.0,-56.0,28.09,79.81,-43.75,4.699999999999999,-68.1,-36.71,-48.94,-91.67,25.09,-38.480000000000004,18.119999999999997,-58.3
2025-07-30T19:18:11.527411,-15.0,-53.0,-91.0,51.0,24.0,-20.0,-41.0,-69.0,-22.0,-5.0,80.0,-84.0,8.09,-53.19,-64.75,62.7,28.9,-7.710000000000001,-54.94,-63.67,-17.91,1.5199999999999996,90.12,-86.3
2025-07-30T19:18:11.535421,-73.0,-34.0,-141.0,17.0,-30.0,-28.0,33.0,-59.0,-2.0,-21.0,55.0,-12.0,-49.91,-34.19,-114.75,28.7,-25.1,-15.71,19.060000000000002,-53.67,2.09,-14.48,65.12,-14.3
2025-07-30T19:18:11.540665,11.0,5.0,-55.0,-31.0,64.0,-29.0,13.0,-35.0,34.0,-30.0,17.0,-57.0,34.09,4.81,-28.75,-19.3,68.9,-16.71,-0.9399999999999995,-29.67,38.09,-23.48,27.119999999999997,-59.3
2025-07-30T19:18:11.547638,-49.0,27.0,-54.0,-29.0,76.0,-81.0,-24.0,-28.0,18.0,-13.0,-2.0,-75.0,-25.91,26.81,-27.75,-17.3,80.9,-68.71000000000001,-37.94,-22.67,22.09,-6.48,8.12,-77.3
2025-07-30T19:18:11.552134,-7.0,72.0,-29.0,-10.0,7.0,-63.0,53.0,-112.0,-78.0,-23.0,13.0,-38.0,16.09,71.81,-2.75,1.6999999999999993,11.9,-50.71,39.06,-106.67,-73.91,-16.48,23.119999999999997,-40.3
2025-07-30T19:18:11.560017,-75.0,-1.0,-68.0,5.0,-42.0,-22.0,-29.0,-27.0,-54.0,-41.0,-2.0,-69.0,-51.91,-1.19,-41.75,16.7,-37.1,-9.71,-42.94,-21.67,-49.91,-34.480000000000004,8.12,-71.3
2025-07-30T19:18:11.564406,-27.0,68.0,-64.0,39.0,-33.0,-38.0,5.0,0.0,27.0,-18.0,-25.0,-84.0,-3.91,67.81,-37.75,50.7,-28.1,-25.71,-8.94,5.33,31.09,-11.48,-14.88,-86.3
2025-07-30T19:18:11.572450,-51.0,63.0,-98.0,59.0,-10.0,-32.0,-44.0,-37.0,-41.0,-59.0,48.0,-105.0,-27.91,62.81,-71.75,70.7,-5.1,-19.71,-57.94,-31.67,-36.91,-52.480000000000004,58.12,-107.3
2025-07-30T19:18:11.576700,53.0,44.0,-86.0,-11.0,-32.0,-5.0,83.0,-10.0,33.0,-20.0,-12.0,-47.0,76.09,43.81,-59.75,0.6999999999999993,-27.1,7.289999999999999,69.06,-4.67,37.09,-13.48,-1.8800000000000008,-49.3
2025-07-30T19:18:11.584582,30.0,-22.0,-123.0,-43.0,22.0,-28.0,27.0,-15.0,-35.0,20.0,7.0,-101.0,53.09,-22.19,-96.75,-31.3,26.9,-15.71,13.06,-9.67,-30.91,26.52,17.119999999999997,-103.3
2025-07-30T19:18:11.588819,-20.0,-94.0,-17.0,-8.0,36.0,-31.0,-4.0,20.0,-41.0,-65.0,1.0,-51.0,3.09,-94.19,9.25,3.6999999999999993,40.9,-18.71,-17.939999999999998,25.33,-36.91,-58.480000000000004,11.12,-53.3
2025-07-30T19:18:11.596785,-32.0,-13.0,14.0,-9.0,32.0,-83.0,33.0,37.0,-89.0,5.0,84.0,-64.0,-8.91,-13.19,40.25,2.6999999999999993,36.9,-70.71000000000001,19.060000000000002,42.33,-84.91,11.52,94.12,-66.3
2025-07-30T19:18:11.601210,-61.0,0.0,14.0,28.0,44.0,-29.0,20.0,84.0,1.0,-35.0,-5.0,-72.0,-37.91,-0.19,40.25,39.7,48.9,-16.71,6.0600000000000005,89.33,5.09,-28.48,5.119999999999999,-74.3
2025-07-30T19:18:11.609136,-82.0,7.0,-26.0,-12.0,-33.0,-79.0,-45.0,-23.0,-42.0,-44.0,18.0,-50.0,-58.91,6.81,0.25,-0.3000000000000007,-28.1,-66.71000000000001,-58.94,-17.67,-37.91,-37.480000000000004,28.119999999999997,-52.3
2025-07-30T19:18:11.613619,-86.0,52.0,26.0,7.0,45.0,15.0,-39.0,-1.0,-13.0,-83.0,44.0,-124.0,-62.91,51.81,52.25,18.7,49.9,27.29,-52.94,4.33,-8.91,-76.48,54.12,-126.3
2025-07-30T19:18:11.621516,-72.0,54.0,-116.0,-26.0,-18.0,-81.0,-23.0,115.0,6.0,-68.0,34.0,-41.0,-48.91,53.81,-89.75,-14.3,-13.1,-68.71000000000001,-36.94,120.33,10.09,-61.480000000000004,44.12,-43.3
2025-07-30T19:18:11.626364,25.0,93.0,-43.0,-30.0,-39.0,-33.0,25.0,9.0,-92.0,-61.0,33.0,-41.0,48.09,92.81,-16.75,-18.3,-34.1,-20.71,11.06,14.33,-87.91,-54.480000000000004,43.12,-43.3
2025-07-30T19:18:11.633897,44.0,-26.0,-56.0,-50.0,-11.0,-124.0,88.0,-23.0,-18.0,-68.0,70.0,-25.0,67.09,-26.19,-29.75,-38.3,-6.1,-111.71000000000001,74.06,-17.67,-13.91,-61.480000000000004,80.12,-27.3
2025-07-30T19:18:11.637914,27.0,-26.0,-88.0,-51.0,-1.0,-54.0,20.0,-41.0,-43.0,-18.0,41.0,-73.0,50.09,-26.19,-61.75,-39.3,3.9000000000000004,-41.71,6.0600000000000005,-35.67,-38.91,-11.48,51.12,-75.3
2025-07-30T19:18:11.646072,-32.0,-13.0,-29.0,20.0,-31.0,-75.0,-18.0,-13.0,19.0,-66.0,34.0,-18.0,-8.91,-13.19,-2.75,31.7,-26.1,-62.71,-31.939999999999998,-7.67,23.09,-59.480000000000004,44.12,-20.3
2025-07-30T19:18:11.650445,-8.0,110.0,-22.0,-48.0,-45.0,-20.0,38.0,-18.0,-42.0,-36.0,-1.0,-51.0,15.09,109.81,4.25,-36.3,-40.1,-7.710000000000001,24.060000000000002,-12.67,-37.91,-29.48,9.12,-53.3
2025-07-30T19:18:11.658284,-32.0,25.0,-103.0,2.0,-43.0,-12.0,-35.0,-6.0,51.0,-91.0,7.0,-44.0,-8.91,24.81,-76.75,13.7,-38.1,0.28999999999999915,-48.94,-0.6699999999999999,55.09,-84.48,17.119999999999997,-46.3
2025-07-30T19:18:11.662485,-57.0,60.0,-31.0,12.0,-23.0,26.0,-2.0,46.0,-6.0,-34.0,25.0,-38.0,-33.91,59.81,-4.75,23.7,-18.1,38.29,-15.94,51.33,-1.9100000000000001,-27.48,35.12,-40.3
2025-07-30T19:18:11.670545,-34.0,67.0,-65.0,-60.0,-13.0,-107.0,0.0,12.0,-14.0,-57.0,64.0,-41.0,-10.91,66.81,-38.75,-48.3,-8.1,-94.71000000000001,-13.94,17.33,-9.91,-50.480000000000004,74.12,-43.3
2025-07-30T19:18:11.674809,-22.0,-12.0,-67.0,-13.0,13.0,-98.0,-19.0,11.0,35.0,-50.0,72.0,-98.0,1.0899999999999999,-12.19,-40.75,-1.3000000000000007,17.9,-85.71000000000001,-32.94,16.33,39.09,-43.480000000000004,82.12,-100.3
2025-07-30T19:18:11.682888,-35.0,20.0,-23.0,-14.0,-22.0,-85.0,-19.0,38.0,-14.0,-83.0,43.0,-64.0,-11.91,19.81,3.25,-2.3000000000000007,-17.1,-72.71000000000001,-32.94,43.33,-9.91,-76.48,53.12,-66.3
2025-07-30T19:18:11.687129,-28.0,-42.0,-75.0,-66.0,-32.0,-24.0,-32.0,-12.0,-37.0,-67.0,59.0,-55.0,-4.91,-42.19,-48.75,-54.3,-27.1,-11.71,-45.94,-6.67,-32.91,-60.480000000000004,69.12,-57.3
2025-07-30T19:18:11.695275,-79.0,24.0,19.0,-38.0,12.0,-60.0,-25.0,-18.0,1.0,-69.0,65.0,-26.0,-55.91,23.81,45.25,-26.3,16.9,-47.71,-38.94,-12.67,5.09,-62.480000000000004,75.12,-28.3
2025-07-30T19:18:11.699580,-23.0,59.0,-158.0,-45.0,96.0,-31.0,-19.0,-53.0,-47.0,-86.0,16.0,-52.0,0.08999999999999986,58.81,-131.75,-33.3,100.9,-18.71,-32.94,-47.67,-42.91,-79.48,26.119999999999997,-54.3
2025-07-30T19:18:11.707553,45.0,48.0,-56.0,-48.0,69.0,23.0,36.0,-63.0,-50.0,-76.0,-54.0,-68.0,68.09,47.81,-29.75,-36.3,73.9,35.29,22.060000000000002,-57.67,-45.91,-69.48,-43.88,-70.3
2025-07-30T19:18:11.711650,-1.0,-12.0,-36.0,35.0,-14.0,-105.0,18.0,32.0,-68.0,2.0,71.0,-40.0,22.09,-12.19,-9.75,46.7,-9.1,-92.71000000000001,4.0600000000000005,37.33,-63.91,8.52,81.12,-42.3
2025-07-30T19:18:11.719613,-17.0,24.0,22.0,56.0,-14.0,-122.0,41.0,-17.0,-75.0,-67.0,93.0,-35.0,6.09,23.81,48.25,67.7,-9.1,-109.71000000000001,27.060000000000002,-11.67,-70.91,-60.480000000000004,103.12,-37.3
2025-07-30T19:18:11.723920,-38.0,16.0,-8.0,11.0,-1.0,21.0,-21.0,16.0,-52.0,-84.0,-25.0,-38.0,-14.91,15.81,18.25,22.7,3.9000000000000004,33.29,-34.94,21.33,-47.91,-77.48,-14.88,-40.3
2025-07-30T19:18:11.732151,-82.0,19.0,-28.0,-30.0,-54.0,0.0,52.0,-30.0,16.0,-46.0,40.0,-34.0,-58.91,18.81,-1.75,-18.3,-49.1,12.29,38.06,-24.67,20.09,-39.480000000000004,50.12,-36.3
2025-07-30T19:18:11.736277,7.0,12.0,-80.0,-60.0,79.0,19.0,18.0,-106.0,-41.0,-41.0,39.0,-111.0,30.09,11.81,-53.75,-48.3,83.9,31.29,4.0600000000000005,-100.67,-36.91,-34.480000000000004,49.12,-113.3
2025-07-30T19:18:11.744396,-13.0,69.0,-65.0,-50.0,-5.0,-68.0,2.0,-31.0,63.0,-84.0,98.0,-75.0,10.09,68.81,-38.75,-38.3,-0.09999999999999964,-55.71,-11.94,-25.67,67.09,-77.48,108.12,-77.3
2025-07-30T19:18:11.748651,56.0,20.0,-32.0,-1.0,44.0,-28.0,14.0,-24.0,-41.0,-80.0,35.0,-71.0,79.09,19.81,-5.75,10.7,48.9,-15.71,0.0600000000000005,-18.67,-36.91,-73.48,45.12,-73.3
2025-07-30T19:18:11.756566,-53.0,-39.0,-113.0,10.0,-32.0,-30.0,-21.0,69.0,28.0,-62.0,16.0,-20.0,-29.91,-39.19,-86.75,21.7,-27.1,-17.71,-34.94,74.33,32.09,-55.480000000000004,26.119999999999997,-22.3
2025-07-30T19:18:11.760931,47.0,-42.0,9.0,-23.0,34.0,-22.0,29.0,0.0,-13.0,-87.0,46.0,-108.0,70.09,-42.19,35.25,-11.3,38.9,-9.71,15.06,5.33,-8.91,-80.48,56.12,-110.3
2025-07-30T19:18:11.768796,0.0,-60.0,37.0,-53.0,89.0,-35.0,28.0,-4.0,-69.0,-68.0,30.0,-69.0,23.09,-60.19,63.25,-41.3,93.9,-22.71,14.06,1.33,-64.91,-61.480000000000004,40.12,-71.3
2025-07-30T19:18:11.772984,-66.0,4.0,-26.0,38.0,11.0,-20.0,48.0,39.0,-99.0,-9.0,94.0,-74.0,-42.91,3.81,0.25,49.7,15.9,-7.710000000000001,34.06,44.33,-94.91,-2.4800000000000004,104.12,-76.3
2025-07-30T19:18:11.781192,-38.0,-46.0,-36.0,4.0,-32.0,-45.0,72.0,-33.0,-102.0,-46.0,-4.0,-45.0,-14.91,-46.19,-9.75,15.7,-27.1,-32.71,58.06,-27.67,-97.91,-39.480000000000004,6.119999999999999,-47.3
2025-07-30T19:18:11.785336,-39.0,56.0,9.0,-46.0,84.0,-73.0,25.0,-36.0,-58.0,-45.0,70.0,-90.0,-15.91,55.81,35.25,-34.3,88.9,-60.71,11.06,-30.67,-53.91,-38.480000000000004,80.12,-92.3
2025-07-30T19:18:11.793424,-63.0,66.0,-97.0,61.0,8.0,-105.0,-23.0,16.0,-20.0,-69.0,15.0,-70.0,-39.91,65.81,-70.75,72.7,12.9,-92.71000000000001,-36.94,21.33,-15.91,-62.480000000000004,25.119999999999997,-72.3
2025-07-30T19:18:11.797623,-30.0,55.0,-60.0,46.0,20.0,-88.0,-46.0,-38.0,13.0,-35.0,36.0,-47.0,-6.91,54.81,-33.75,57.7,24.9,-75.71000000000001,-59.94,-32.67,17.09,-28.48,46.12,-49.3
2025-07-30T19:18:11.805599,-36.0,18.0,-21.0,15.0,-29.0,-39.0,44.0,5.0,-11.0,-84.0,99.0,-71.0,-12.91,17.81,5.25,26.7,-24.1,-26.71,30.060000000000002,10.33,-6.91,-77.48,109.12,-73.3
2025-07-30T19:18:11.809916,10.0,33.0,-51.0,-62.0,-84.0,-4.0,-42.0,17.0,-18.0,-11.0,14.0,-50.0,33.09,32.81,-24.75,-50.3,-79.1,8.29,-55.94,22.33,-13.91,-4.48,24.119999999999997,-52.3
2025-07-30T19:18:11.818074,-44.0,-31.0,6.0,-66.0,19.0,-31.0,55.0,12.0,-50.0,-78.0,16.0,-30.0,-20.91,-31.19,32.25,-54.3,23.9,-18.71,41.06,17.33,-45.91,-71.48,26.119999999999997,-32.3
2025-07-30T19:18:11.822349,-75.0,76.0,-25.0,-10.0,-26.0,-45.0,-27.0,15.0,-40.0,-36.0,18.0,-35.0,-51.91,75.81,1.25,1.6999999999999993,-21.1,-32.71,-40.94,20.33,-35.91,-29.48,28.119999999999997,-37.3
2025-07-30T19:18:11.830374,-71.0,38.0,-59.0,-11.0,-25.0,-56.0,27.0,11.0,-41.0,-18.0,125.0,-88.0,-47.91,37.81,-32.75,0.6999999999999993,-20.1,-43.71,13.06,16.33,-36.91,-11.48,135.12,-90.3
2025-07-30T19:18:11.835210,23.0,42.0,-144.0,15.0,-55.0,-75.0,-2.0,-25.0,7.0,-17.0,44.0,-97.0,46.09,41.81,-117.75,26.7,-50.1,-62.71,-15.94,-19.67,11.09,-10.48,54.12,-99.3
2025-07-30T19:18:11.842567,83.0,-10.0,-77.0,-32.0,-31.0,-32.0,70.0,-57.0,-17.0,-55.0,40.0,-64.0,106.09,-10.19,-50.75,-20.3,-26.1,-19.71,56.06,-51.67,-12.91,-48.480000000000004,50.12,-66.3
2025-07-30T19:18:11.846969,15.0,-47.0,-8.0,-34.0,-68.0,-62.0,-76.0,-20.0,-21.0,-122.0,-13.0,-74.0,38.09,-47.19,18.25,-22.3,-63.1,-49.71,-89.94,-14.67,-16.91,-115.48,-2.880000000000001,-76.3
2025-07-30T19:18:11.854953,7.0,-55.0,-42.0,-94.0,40.0,-35.0,-59.0,-88.0,-40.0,7.0,24.0,-71.0,30.09,-55.19,-15.75,-82.3,44.9,-22.71,-72.94,-82.67,-35.91,13.52,34.12,-73.3
2025-07-30T19:18:11.859218,-60.0,21.0,35.0,-26.0,-9.0,-34.0,16.0,22.0,-54.0,11.0,56.0,-44.0,-36.91,20.81,61.25,-14.3,-4.1,-21.71,2.0600000000000005,27.33,-49.91,17.52,66.12,-46.3
2025-07-30T19:18:11.867233,-35.0,52.0,-88.0,-1.0,-16.0,-54.0,26.0,27.0,-11.0,-14.0,81.0,-67.0,-11.91,51.81,-61.75,10.7,-11.1,-41.71,12.06,32.33,-6.91,-7.48,91.12,-69.3
2025-07-30T19:18:11.871425,-18.0,37.0,-89.0,-11.0,27.0,-76.0,24.0,58.0,-47.0,-34.0,31.0,17.0,5.09,36.81,-62.75,0.6999999999999993,31.9,-63.71,10.06,63.33,-42.91,-27.48,41.12,14.7
2025-07-30T19:18:11.879430,21.0,73.0,-69.0,34.0,-21.0,-6.0,-16.0,31.0,-25.0,-36.0,75.0,-41.0,44.09,72.81,-42.75,45.7,-16.1,6.289999999999999,-29.939999999999998,36.33,-20.91,-29.48,85.12,-43.3
2025-07-30T19:18:11.883727,17.0,21.0,-110.0,-25.0,10.0,-33.0,35.0,-27.0,-55.0,-46.0,79.0,4.0,40.09,20.81,-83.75,-13.3,14.9,-20.71,21.060000000000002,-21.67,-50.91,-39.480000000000004,89.12,1.7000000000000002
2025-07-30T19:18:11.887649,26.0,-12.0,1.0,15.0,15.0,-19.0,7.0,-70.0,-22.0,-47.0,22.0,-44.0,49.09,-12.19,27.25,26.7,19.9,-6.710000000000001,-6.9399999999999995,-64.67,-17.91,-40.480000000000004,32.12,-46.3
2025-07-30T19:18:11.895798,-45.0,-30.0,-34.0,-59.0,-2.0,-28.0,41.0,-6.0,-55.0,-37.0,30.0,-17.0,-21.91,-30.19,-7.75,-47.3,2.9000000000000004,-15.71,27.060000000000002,-0.6699999999999999,-50.91,-30.48,40.12,-19.3
2025-07-30T19:18:11.903933,-54.0,81.0,-70.0,62.0,11.0,-51.0,-46.0,-14.0,-11.0,-86.0,-30.0,-67.0,-30.91,80.81,-43.75,73.7,15.9,-38.71,-59.94,-8.67,-6.91,-79.48,-19.880000000000003,-69.3
2025-07-30T19:18:11.908294,-14.0,3.0,-44.0,-12.0,40.0,-81.0,-3.0,18.0,-36.0,-74.0,2.0,-23.0,9.09,2.81,-17.75,-0.3000000000000007,44.9,-68.71000000000001,-16.939999999999998,23.33,-31.91,-67.48,12.12,-25.3
2025-07-30T19:18:11.912188,-4.0,15.0,-79.0,49.0,26.0,-22.0,-16.0,-47.0,-68.0,-35.0,85.0,-81.0,19.09,14.81,-52.75,60.7,30.9,-9.71,-29.939999999999998,-41.67,-63.91,-28.48,95.12,-83.3
2025-07-30T19:18:11.920535,-31.0,23.0,-15.0,21.0,-40.0,10.0,10.0,37.0,-56.0,-28.0,1.0,-100.0,-7.91,22.81,11.25,32.7,-35.1,22.29,-3.9399999999999995,42.33,-51.91,-21.48,11.12,-102.3
2025-07-30T19:18:11.924792,50.0,-7.0,-67.0,44.0,-1.0,-21.0,-2.0,46.0,11.0,-50.0,61.0,-45.0,73.09,-7.19,-40.75,55.7,3.9000000000000004,-8.71,-15.94,51.33,15.09,-43.480000000000004,71.12,-47.3
2025-07-30T19:18:11.932893,3.0,21.0,-95.0,-30.0,-41.0,-14.0,80.0,-35.0,-2.0,18.0,24.0,-118.0,26.09,20.81,-68.75,-18.3,-36.1,-1.7100000000000009,66.06,-29.67,2.09,24.52,34.12,-120.3
2025-07-30T19:18:11.937329,46.0,0.0,-35.0,-25.0,-51.0,13.0,21.0,64.0,-62.0,-14.0,52.0,-95.0,69.09,-0.19,-8.75,-13.3,-46.1,25.29,7.0600000000000005,69.33,-57.91,-7.48,62.12,-97.3
2025-07-30T19:18:11.945046,-64.0,37.0,-51.0,-26.0,74.0,-98.0,36.0,-67.0,-15.0,-66.0,30.0,-42.0,-40.91,36.81,-24.75,-14.3,78.9,-85.71000000000001,22.060000000000002,-61.67,-10.91,-59.480000000000004,40.12,-44.3
2025-07-30T19:18:11.949455,28.0,54.0,-21.0,-53.0,28.0,-58.0,-49.0,-45.0,-44.0,-59.0,43.0,-70.0,51.09,53.81,5.25,-41.3,32.9,-45.71,-62.94,-39.67,-39.91,-52.480000000000004,53.12,-72.3
2025-07-30T19:18:11.957428,-18.0,56.0,-103.0,-39.0,-62.0,-32.0,18.0,-38.0,-71.0,-61.0,91.0,4.0,5.09,55.81,-76.75,-27.3,-57.1,-19.71,4.0600000000000005,-32.67,-66.91,-54.480000000000004,101.12,1.7000000000000002
2025-07-30T19:18:11.961665,-13.0,14.0,-95.0,73.0,-32.0,-69.0,15.0,-10.0,-85.0,-66.0,17.0,-58.0,10.09,13.81,-68.75,84.7,-27.1,-56.71,1.0600000000000005,-4.67,-80.91,-59.480000000000004,27.119999999999997,-60.3
2025-07-30T19:18:11.969530,49.0,-67.0,-100.0,-57.0,-49.0,14.0,7.0,-1.0,-25.0,-58.0,84.0,-119.0,72.09,-67.19,-73.75,-45.3,-44.1,26.29,-6.9399999999999995,4.33,-20.91,-51.480000000000004,94.12,-121.3
2025-07-30T19:18:11.973817,39.0,-24.0,-19.0,-53.0,38.0,-12.0,-50.0,-12.0,-71.0,-85.0,29.0,-40.0,62.09,-24.19,7.25,-41.3,42.9,0.28999999999999915,-63.94,-6.67,-66.91,-78.48,39.12,-42.3
2025-07-30T19:18:11.981839,-11.0,41.0,1.0,-62.0,31.0,-76.0,48.0,-28.0,-37.0,-8.0,29.0,-43.0,12.09,40.81,27.25,-50.3,35.9,-63.71,34.06,-22.67,-32.91,-1.4800000000000004,39.12,-45.3
2025-07-30T19:18:11.986133,-35.0,-45.0,-20.0,67.0,-31.0,-44.0,-31.0,-116.0,-19.0,-61.0,52.0,-69.0,-11.91,-45.19,6.25,78.7,-26.1,-31.71,-44.94,-110.67,-14.91,-54.480000000000004,62.12,-71.3
2025-07-30T19:18:11.994126,-54.0,74.0,1.0,34.0,5.0,-91.0,-15.0,-63.0,-59.0,-3.0,45.0,-32.0,-30.91,73.81,27.25,45.7,9.9,-78.71000000000001,-28.939999999999998,-57.67,-54.91,3.5199999999999996,55.12,-34.3
2025-07-30T19:18:11.998608,-150.0,62.0,-47.0,19.0,-16.0,-61.0,-18.0,-7.0,41.0,-94.0,91.0,-44.0,-126.91,61.81,-20.75,30.7,-11.1,-48.71,-31.939999999999998,-1.67,45.09,-87.48,101.12,-46.3
2025-07-30T19:18:12.006510,-61.0,104.0,-110.0,17.0,-27.0,-23.0,-6.0,0.0,-47.0,-57.0,61.0,-87.0,-37.91,103.81,-83.75,28.7,-22.1,-10.71,-19.939999999999998,5.33,-42.91,-50.480000000000004,71.12,-89.3
2025-07-30T19:18:12.010673,24.0,97.0,-124.0,39.0,-12.0,21.0,-39.0,-44.0,-71.0,-22.0,60.0,-87.0,47.09,96.81,-97.75,50.7,-7.1,33.29,-52.94,-38.67,-66.91,-15.48,70.12,-89.3
2025-07-30T19:18:12.018690,5.0,-55.0,-21.0,-74.0,52.0,22.0,-54.0,-35.0,29.0,-32.0,63.0,-30.0,28.09,-55.19,5.25,-62.3,56.9,34.29,-67.94,-29.67,33.09,-25.48,73.12,-32.3
2025-07-30T19:18:12.022963,-23.0,-36.0,-67.0,12.0,-2.0,-45.0,15.0,-21.0,-2.0,-76.0,-2.0,-108.0,0.08999999999999986,-36.19,-40.75,23.7,2.9000000000000004,-32.71,1.0600000000000005,-15.67,2.09,-69.48,8.12,-110.3
2025-07-30T19:18:12.031087,-17.0,9.0,-75.0,19.0,21.0,12.0,-21.0,8.0,-53.0,-72.0,9.0,-55.0,6.09,8.81,-48.75,30.7,25.9,24.29,-34.94,13.33,-48.91,-65.48,19.119999999999997,-57.3
2025-07-30T19:18:12.035553,-41.0,-57.0,6.0,3.0,-17.0,-38.0,-48.0,-8.0,-73.0,-36.0,35.0,-68.0,-17.91,-57.19,32.25,14.7,-12.1,-25.71,-61.94,-2.67,-68.91,-29.48,45.12,-70.3
2025-07-30T19:18:12.043170,-6.0,-15.0,-42.0,20.0,103.0,-25.0,38.0,72.0,-56.0,-3.0,43.0,-60.0,17.09,-15.19,-15.75,31.7,107.9,-12.71,24.060000000000002,77.33,-51.91,3.5199999999999996,53.12,-62.3
2025-07-30T19:18:12.047427,-68.0,-63.0,-6.0,3.0,36.0,-86.0,6.0,-29.0,-38.0,-2.0,-5.0,-35.0,-44.91,-63.19,20.25,14.7,40.9,-73.71000000000001,-7.9399999999999995,-23.67,-33.91,4.52,5.119999999999999,-37.3
2025-07-30T19:18:12.055472,-96.0,81.0,-22.0,33.0,9.0,-5.0,51.0,-26.0,-38.0,8.0,47.0,-34.0,-72.91,80.81,4.25,44.7,13.9,7.289999999999999,37.06,-20.67,-33.91,14.52,57.12,-36.3
2025-07-30T19:18:12.059796,29.0,20.0,4.0,-56.0,30.0,-39.0,12.0,22.0,-30.0,-22.0,25.0,-19.0,52.09,19.81,30.25,-44.3,34.9,-26.71,-1.9399999999999995,27.33,-25.91,-15.48,35.12,-21.3
2025-07-30T19:18:12.067668,-82.0,80.0,-28.0,-65.0,10.0,-25.0,27.0,3.0,-103.0,43.0,26.0,7.0,-58.91,79.81,-1.75,-53.3,14.9,-12.71,13.06,8.33,-98.91,49.519999999999996,36.12,4.7
2025-07-30T19:18:12.072127,-24.0,9.0,-54.0,-57.0,-81.0,-5.0,33.0,31.0,6.0,-21.0,38.0,-4.0,-0.9100000000000001,8.81,-27.75,-45.3,-76.1,7.289999999999999,19.060000000000002,36.33,10.09,-14.48,48.12,-6.3
2025-07-30T19:18:12.080242,-79.0,-44.0,-74.0,-71.0,10.0,-58.0,-9.0,-59.0,-3.0,-55.0,0.0,-36.0,-55.91,-44.19,-47.75,-59.3,14.9,-45.71,-22.939999999999998,-53.67,1.0899999999999999,-48.480000000000004,10.12,-38.3
2025-07-30T19:18:12.084347,-46.0,-36.0,-62.0,-102.0,25.0,-71.0,-68.0,-61.0,-65.0,79.0,-45.0,24.0,-22.91,-36.19,-35.75,-90.3,29.9,-58.71,-81.94,-55.67,-60.91,85.52,-34.88,21.7
2025-07-30T19:18:12.092263,15.0,22.0,-70.0,-7.0,41.0,-71.0,8.0,-24.0,-25.0,19.0,11.0,-9.0,38.09,21.81,-43.75,4.699999999999999,45.9,-58.71,-5.9399999999999995,-18.67,-20.91,25.52,21.119999999999997,-11.3
2025-07-30T19:18:12.096552,-26.0,21.0,-76.0,15.0,63.0,-40.0,59.0,-12.0,-13.0,3.0,51.0,-29.0,-2.91,20.81,-49.75,26.7,67.9,-27.71,45.06,-6.67,-8.91,9.52,61.12,-31.3
2025-07-30T19:18:12.104581,10.0,-35.0,-94.0,31.0,-19.0,-52.0,15.0,-47.0,-100.0,-5.0,-8.0,-50.0,33.09,-35.19,-67.75,42.7,-14.1,-39.71,1.0600000000000005,-41.67,-95.91,1.5199999999999996,2.119999999999999,-52.3
2025-07-30T19:18:12.108801,39.0,-3.0,-54.0,73.0,-6.0,-26.0,-7.0,-36.0,-65.0,20.0,-24.0,-4.0,62.09,-3.19,-27.75,84.7,-1.0999999999999996,-13.71,-20.939999999999998,-30.67,-60.91,26.52,-13.88,-6.3
2025-07-30T19:18:12.113304,-1.0,52.0,-16.0,10.0,-41.0,-68.0,30.0,-24.0,-53.0,28.0,-41.0,-48.0,22.09,51.81,10.25,21.7,-36.1,-55.71,16.060000000000002,-18.67,-48.91,34.519999999999996,-30.880000000000003,-50.3
2025-07-30T19:18:12.121154,-82.0,7.0,-73.0,-15.0,30.0,-34.0,40.0,-2.0,-41.0,14.0,-63.0,-2.0,-58.91,6.81,-46.75,-3.3000000000000007,34.9,-21.71,26.060000000000002,3.33,-36.91,20.52,-52.88,-4.3
2025-07-30T19:18:12.125639,1.0,-37.0,-31.0,47.0,-52.0,-68.0,14.0,1.0,-77.0,-3.0,-44.0,10.0,24.09,-37.19,-4.75,58.7,-47.1,-55.71,0.0600000000000005,6.33,-72.91,3.5199999999999996,-33.88,7.7
2025-07-30T19:18:12.133477,-27.0,-28.0,-48.0,-112.0,-12.0,-5.0,51.0,6.0,-9.0,31.0,50.0,21.0,-3.91,-28.19,-21.75,-100.3,-7.1,7.289999999999999,37.06,11.33,-4.91,37.519999999999996,60.12,18.7
2025-07-30T19:18:12.137714,-51.0,18.0,16.0,-18.0,-36.0,-45.0,32.0,-77.0,-2.0,42.0,9.0,20.0,-27.91,17.81,42.25,-6.300000000000001,-31.1,-32.71,18.060000000000002,-71.67,2.09,48.519999999999996,19.119999999999997,17.7
2025-07-30T19:18:12.145581,-25.0,51.0,-87.0,-22.0,19.0,-47.0,33.0,-44.0,-12.0,67.0,-11.0,52.0,-1.9100000000000001,50.81,-60.75,-10.3,23.9,-34.71,19.060000000000002,-38.67,-7.91,73.52,-0.8800000000000008,49.7
2025-07-30T19:18:12.149753,50.0,-11.0,-50.0,-1.0,38.0,-33.0,2.0,22.0,-19.0,50.0,-17.0,64.0,73.09,-11.19,-23.75,10.7,42.9,-20.71,-11.94,27.33,-14.91,56.519999999999996,-6.880000000000001,61.7
2025-07-30T19:18:12.158017,12.0,12.0,-60.0,43.0,47.0,-80.0,18.0,-41.0,6.0,21.0,-2.0,43.0,35.09,11.81,-33.75,54.7,51.9,-67.71000000000001,4.0600000000000005,-35.67,10.09,27.52,8.12,40.7
2025-07-30T19:18:12.162148,31.0,15.0,-74.0,52.0,60.0,-46.0,2.0,-39.0,49.0,8.0,-4.0,113.0,54.09,14.81,-47.75,63.7,64.9,-33.71,-11.94,-33.67,53.09,14.52,6.119999999999999,110.7
2025-07-30T19:18:12.170278,34.0,62.0,-32.0,-2.0,65.0,-94.0,26.0,-55.0,40.0,106.0,-51.0,89.0,57.09,61.81,-5.75,9.7,69.9,-81.71000000000001,12.06,-49.67,44.09,112.52,-40.88,86.7
2025-07-30T19:18:12.174777,25.0,-68.0,-70.0,49.0,-3.0,-45.0,28.0,-19.0,9.0,101.0,47.0,87.0,48.09,-68.19,-43.75,60.7,1.9000000000000004,-32.71,14.06,-13.67,13.09,107.52,57.12,84.7
2025-07-30T19:18:12.182554,131.0,-78.0,11.0,24.0,14.0,-53.0,63.0,-30.0,36.0,125.0,-14.0,44.0,154.09,-78.19,37.25,35.7,18.9,-40.71,49.06,-24.67,40.09,131.52,-3.880000000000001,41.7
2025-07-30T19:18:12.186948,-35.0,-19.0,16.0,23.0,54.0,-17.0,77.0,-15.0,1.0,117.0,-8.0,125.0,-11.91,-19.19,42.25,34.7,58.9,-4.710000000000001,63.06,-9.67,5.09,123.52,2.119999999999999,122.7
2025-07-30T19:18:12.194758,1.0,46.0,20.0,30.0,52.0,-23.0,67.0,30.0,67.0,87.0,35.0,119.0,24.09,45.81,46.25,41.7,56.9,-10.71,53.06,35.33,71.09,93.52,45.12,116.7
2025-07-30T19:18:12.199080,39.0,-5.0,-7.0,11.0,14.0,-74.0,96.0,-5.0,21.0,109.0,4.0,154.0,62.09,-5.19,19.25,22.7,18.9,-61.71,82.06,0.33000000000000007,25.09,115.52,14.12,151.7
2025-07-30T19:18:12.207144,36.0,38.0,-12.0,58.0,-31.0,-59.0,113.0,-64.0,-2.0,-3.0,55.0,109.0,59.09,37.81,14.25,69.7,-26.1,-46.71,99.06,-58.67,2.09,3.5199999999999996,65.12,106.7
2025-07-30T19:18:12.211267,72.0,89.0,54.0,77.0,62.0,-29.0,44.0,30.0,6.0,156.0,24.0,101.0,95.09,88.81,80.25,88.7,66.9,-16.71,30.060000000000002,35.33,10.09,162.52,34.12,98.7
2025-07-30T19:18:12.219513,102.0,6.0,32.0,123.0,62.0,-16.0,173.0,-3.0,20.0,120.0,52.0,22.0,125.09,5.81,58.25,134.7,66.9,-3.710000000000001,159.06,2.33,24.09,126.52,62.12,19.7
2025-07-30T19:18:12.223985,50.0,35.0,86.0,92.0,-7.0,-98.0,15.0,70.0,-35.0,167.0,93.0,155.0,73.09,34.81,112.25,103.7,-2.0999999999999996,-85.71000000000001,1.0600000000000005,75.33,-30.91,173.52,103.12,152.7
2025-07-30T19:18:12.231786,53.0,75.0,89.0,83.0,68.0,-93.0,146.0,76.0,-95.0,182.0,57.0,73.0,76.09,74.81,115.25,94.7,72.9,-80.71000000000001,132.06,81.33,-90.91,188.52,67.12,70.7
2025-07-30T19:18:12.235857,61.0,177.0,68.0,82.0,68.0,-68.0,200.0,56.0,-172.0,132.0,194.0,80.0,84.09,176.81,94.25,93.7,72.9,-55.71,186.06,61.33,-167.91,138.52,204.12,77.7
2025-07-30T19:18:12.243997,17.0,182.0,46.0,146.0,73.0,-33.0,65.0,2.0,-121.0,112.0,189.0,43.0,40.09,181.81,72.25,157.7,77.9,-20.71,51.06,7.33,-116.91,118.52,199.12,40.7
2025-07-30T19:18:12.248096,149.0,207.0,38.0,78.0,132.0,-56.0,86.0,77.0,-125.0,182.0,188.0,45.0,172.09,206.81,64.25,89.7,136.9,-43.71,72.06,82.33,-120.91,188.52,198.12,42.7
2025-07-30T19:18:12.256435,121.0,180.0,74.0,177.0,126.0,-131.0,57.0,74.0,-214.0,152.0,379.0,46.0,144.09,179.81,100.25,188.7,130.9,-118.71000000000001,43.06,79.33,-209.91,158.52,389.12,43.7
2025-07-30T19:18:12.264348,128.0,233.0,152.0,210.0,146.0,-137.0,69.0,113.0,-202.0,58.0,321.0,-28.0,151.09,232.81,178.25,221.7,150.9,-124.71000000000001,55.06,118.33,-197.91,64.52,331.12,-30.3
2025-07-30T19:18:12.268666,132.0,241.0,5.0,224.0,98.0,-130.0,127.0,37.0,-234.0,197.0,278.0,-30.0,155.09,240.81,31.25,235.7,102.9,-117.71000000000001,113.06,42.33,-229.91,203.52,288.12,-32.3
2025-07-30T19:18:12.276816,198.0,223.0,152.0,227.0,99.0,-132.0,162.0,13.0,-249.0,218.0,299.0,-6.0,221.09,222.81,178.25,238.7,103.9,-119.71000000000001,148.06,18.33,-244.91,224.52,309.12,-8.3
2025-07-30T19:18:12.280895,175.0,266.0,105.0,160.0,136.0,-55.0,71.0,87.0,-256.0,180.0,355.0,0.0,198.09,265.81,131.25,171.7,140.9,-42.71,57.06,92.33,-251.91,186.52,365.12,-2.3
2025-07-30T19:18:12.289195,256.0,297.0,30.0,196.0,167.0,-133.0,123.0,65.0,-264.0,167.0,325.0,-4.0,279.09,296.81,56.25,207.7,171.9,-120.71000000000001,109.06,70.33,-259.91,173.52,335.12,-6.3
2025-07-30T19:18:12.297198,164.0,252.0,106.0,183.0,86.0,-170.0,74.0,72.0,-291.0,284.0,384.0,4.0,187.09,251.81,132.25,194.7,90.9,-157.71,60.06,77.33,-286.91,290.52,394.12,1.7000000000000002
2025-07-30T19:18:12.301524,107.0,386.0,119.0,219.0,134.0,-140.0,149.0,59.0,-273.0,91.0,368.0,26.0,130.09,385.81,145.25,230.7,138.9,-127.71000000000001,135.06,64.33,-268.91,97.52,378.12,23.7
2025-07-30T19:18:12.309538,184.0,323.0,47.0,194.0,172.0,-185.0,79.0,54.0,-196.0,190.0,417.0,-87.0,207.09,322.81,73.25,205.7,176.9,-172.71,65.06,59.33,-191.91,196.52,427.12,-89.3
2025-07-30T19:18:12.313803,205.0,249.0,119.0,272.0,119.0,-125.0,112.0,98.0,-303.0,202.0,362.0,-20.0,228.09,248.81,145.25,283.7,123.9,-112.71000000000001,98.06,103.33,-298.91,208.52,372.12,-22.3
2025-07-30T19:18:12.321781,152.0,323.0,54.0,196.0,141.0,-125.0,85.0,71.0,-262.0,231.0,313.0,10.0,175.09,322.81,80.25,207.7,145.9,-112.71000000000001,71.06,76.33,-257.91,237.52,323.12,7.7
2025-07-30T19:18:12.326201,150.0,325.0,78.0,178.0,131.0,-143.0,67.0,44.0,-222.0,169.0,327.0,32.0,173.09,324.81,104.25,189.7,135.9,-130.71,53.06,49.33,-217.91,175.52,337.12,29.7
2025-07-30T19:18:12.334306,122.0,284.0,65.0,268.0,163.0,-148.0,92.0,69.0,-270.0,200.0,378.0,3.0,145.09,283.81,91.25,279.7,167.9,-135.71,78.06,74.33,-265.91,206.52,388.12,0.7000000000000002
2025-07-30T19:18:12.342336,107.0,294.0,40.0,232.0,139.0,-120.0,105.0,110.0,-267.0,96.0,369.0,2.0,130.09,293.81,66.25,243.7,143.9,-107.71000000000001,91.06,115.33,-262.91,102.52,379.12,-0.2999999999999998
2025-07-30T19:18:12.346433,212.0,297.0,43.0,191.0,146.0,-215.0,74.0,61.0,-309.0,199.0,403.0,-55.0,235.09,296.81,69.25,202.7,150.9,-202.71,60.06,66.33,-304.91,205.52,413.12,-57.3
2025-07-30T19:18:12.354567,169.0,231.0,93.0,247.0,35.0,-203.0,109.0,87.0,-282.0,227.0,315.0,-35.0,192.09,230.81,119.25,258.7,39.9,-190.71,95.06,92.33,-277.91,233.52,325.12,-37.3
2025-07-30T19:18:12.358827,128.0,315.0,21.0,172.0,71.0,-152.0,88.0,122.0,-199.0,156.0,261.0,-6.0,151.09,314.81,47.25,183.7,75.9,-139.71,74.06,127.33,-194.91,162.52,271.12,-8.3
2025-07-30T19:18:12.366990,176.0,280.0,9.0,191.0,174.0,-182.0,170.0,64.0,-251.0,125.0,358.0,-23.0,199.09,279.81,35.25,202.7,178.9,-169.71,156.06,69.33,-246.91,131.52,368.12,-25.3
2025-07-30T19:18:12.374901,196.0,268.0,83.0,187.0,150.0,-146.0,164.0,46.0,-236.0,182.0,416.0,-17.0,219.09,267.81,109.25,198.7,154.9,-133.71,150.06,51.33,-231.91,188.52,426.12,-19.3
2025-07-30T19:18:12.379291,90.0,253.0,55.0,225.0,46.0,-134.0,94.0,45.0,-233.0,123.0,385.0,-37.0,113.09,252.81,81.25,236.7,50.9,-121.71000000000001,80.06,50.33,-228.91,129.52,395.12,-39.3
2025-07-30T19:18:12.387462,179.0,257.0,92.0,228.0,144.0,-153.0,172.0,62.0,-277.0,218.0,377.0,-70.0,202.09,256.81,118.25,239.7,148.9,-140.71,158.06,67.33,-272.91,224.52,387.12,-72.3
2025-07-30T19:18:12.391659,133.0,260.0,45.0,188.0,79.0,-82.0,128.0,22.0,-299.0,202.0,372.0,-94.0,156.09,259.81,71.25,199.7,83.9,-69.71000000000001,114.06,27.33,-294.91,208.52,382.12,-96.3
2025-07-30T19:18:12.399629,96.0,333.0,39.0,210.0,137.0,-111.0,111.0,115.0,-254.0,122.0,342.0,25.0,119.09,332.81,65.25,221.7,141.9,-98.71000000000001,97.06,120.33,-249.91,128.52,352.12,22.7
2025-07-30T19:18:12.404558,194.0,274.0,63.0,253.0,193.0,-173.0,40.0,126.0,-241.0,143.0,309.0,0.0,217.09,273.81,89.25,264.7,197.9,-160.71,26.060000000000002,131.33,-236.91,149.52,319.12,-2.3
2025-07-30T19:18:12.412168,120.0,257.0,102.0,242.0,78.0,-85.0,58.0,70.0,-274.0,119.0,419.0,-53.0,143.09,256.81,128.25,253.7,82.9,-72.71000000000001,44.06,75.33,-269.91,125.52,429.12,-55.3
2025-07-30T19:18:12.420191,69.0,330.0,45.0,163.0,205.0,-127.0,130.0,46.0,-314.0,102.0,402.0,-44.0,92.09,329.81,71.25,174.7,209.9,-114.71000000000001,116.06,51.33,-309.91,108.52,412.12,-46.3
2025-07-30T19:18:12.424476,260.0,254.0,57.0,304.0,54.0,-155.0,47.0,108.0,-258.0,169.0,443.0,-60.0,283.09,253.81,83.25,315.7,58.9,-142.71,33.06,113.33,-253.91,175.52,453.12,-62.3
2025-07-30T19:18:12.432413,118.0,299.0,73.0,224.0,100.0,-159.0,112.0,80.0,-348.0,160.0,296.0,-38.0,141.09,298.81,99.25,235.7,104.9,-146.71,98.06,85.33,-343.91,166.52,306.12,-40.3
2025-07-30T19:18:12.436800,106.0,311.0,20.0,243.0,131.0,-193.0,55.0,0.0,-301.0,113.0,351.0,-2.0,129.09,310.81,46.25,254.7,135.9,-180.71,41.06,5.33,-296.91,119.52,361.12,-4.3
2025-07-30T19:18:12.444646,211.0,258.0,31.0,220.0,112.0,-159.0,133.0,19.0,-278.0,172.0,357.0,3.0,234.09,257.81,57.25,231.7,116.9,-146.71,119.06,24.33,-273.91,178.52,367.12,0.7000000000000002
2025-07-30T19:18:12.452659,102.0,211.0,76.0,176.0,168.0,-99.0,128.0,109.0,-286.0,182.0,461.0,4.0,125.09,210.81,102.25,187.7,172.9,-86.71000000000001,114.06,114.33,-281.91,188.52,471.12,1.7000000000000002
2025-07-30T19:18:12.457083,170.0,353.0,19.0,227.0,118.0,-166.0,66.0,112.0,-241.0,153.0,439.0,-70.0,193.09,352.81,45.25,238.7,122.9,-153.71,52.06,117.33,-236.91,159.52,449.12,-72.3
2025-07-30T19:18:12.465117,204.0,309.0,24.0,251.0,113.0,-111.0,130.0,43.0,-245.0,194.0,407.0,-39.0,227.09,308.81,50.25,262.7,117.9,-98.71000000000001,116.06,48.33,-240.91,200.52,417.12,-41.3
2025-07-30T19:18:12.469553,61.0,262.0,55.0,250.0,210.0,-138.0,152.0,54.0,-164.0,172.0,263.0,-10.0,84.09,261.81,81.25,261.7,214.9,-125.71000000000001,138.06,59.33,-159.91,178.52,273.12,-12.3
2025-07-30T19:18:12.477454,148.0,344.0,49.0,233.0,114.0,-125.0,53.0,108.0,-230.0,195.0,346.0,24.0,171.09,343.81,75.25,244.7,118.9,-112.71000000000001,39.06,113.33,-225.91,201.52,356.12,21.7
2025-07-30T19:18:12.485457,164.0,325.0,-43.0,117.0,98.0,-102.0,122.0,85.0,-307.0,109.0,404.0,-2.0,187.09,324.81,-16.75,128.7,102.9,-89.71000000000001,108.06,90.33,-302.91,115.52,414.12,-4.3
2025-07-30T19:18:12.489842,182.0,301.0,34.0,243.0,137.0,-198.0,98.0,56.0,-309.0,197.0,432.0,9.0,205.09,300.81,60.25,254.7,141.9,-185.71,84.06,61.33,-304.91,203.52,442.12,6.7
2025-07-30T19:18:12.497762,188.0,342.0,-2.0,189.0,127.0,-192.0,123.0,28.0,-199.0,140.0,356.0,-27.0,211.09,341.81,24.25,200.7,131.9,-179.71,109.06,33.33,-194.91,146.52,366.12,-29.3
2025-07-30T19:18:12.502141,192.0,298.0,18.0,176.0,91.0,-107.0,72.0,22.0,-235.0,197.0,426.0,-74.0,215.09,297.81,44.25,187.7,95.9,-94.71000000000001,58.06,27.33,-230.91,203.52,436.12,-76.3
2025-07-30T19:18:12.510170,126.0,286.0,100.0,215.0,139.0,-150.0,94.0,98.0,-226.0,179.0,336.0,-75.0,149.09,285.81,126.25,226.7,143.9,-137.71,80.06,103.33,-221.91,185.52,346.12,-77.3
2025-07-30T19:18:12.514380,163.0,350.0,11.0,204.0,115.0,-185.0,86.0,19.0,-286.0,175.0,324.0,9.0,186.09,349.81,37.25,215.7,119.9,-172.71,72.06,24.33,-281.91,181.52,334.12,6.7
2025-07-30T19:18:12.522563,230.0,287.0,51.0,230.0,148.0,-86.0,111.0,83.0,-281.0,108.0,349.0,62.0,253.09,286.81,77.25,241.7,152.9,-73.71000000000001,97.06,88.33,-276.91,114.52,359.12,59.7
2025-07-30T19:18:12.530569,154.0,212.0,34.0,164.0,110.0,-192.0,159.0,27.0,-361.0,85.0,401.0,-26.0,177.09,211.81,60.25,175.7,114.9,-179.71,145.06,32.33,-356.91,91.52,411.12,-28.3
2025-07-30T19:18:12.534747,115.0,389.0,31.0,241.0,119.0,-125.0,62.0,26.0,-243.0,120.0,411.0,-7.0,138.09,388.81,57.25,252.7,123.9,-112.71000000000001,48.06,31.33,-238.91,126.52,421.12,-9.3
2025-07-30T19:18:12.543065,194.0,225.0,-12.0,157.0,107.0,-65.0,144.0,84.0,-273.0,165.0,385.0,-89.0,217.09,224.81,14.25,168.7,111.9,-52.71,130.06,89.33,-268.91,171.52,395.12,-91.3
2025-07-30T19:18:12.547357,94.0,292.0,108.0,264.0,171.0,-170.0,99.0,22.0,-358.0,186.0,300.0,-81.0,117.09,291.81,134.25,275.7,175.9,-157.71,85.06,27.33,-353.91,192.52,310.12,-83.3
2025-07-30T19:18:12.555362,160.0,350.0,9.0,192.0,82.0,-141.0,130.0,125.0,-253.0,139.0,353.0,19.0,183.09,349.81,35.25,203.7,86.9,-128.71,116.06,130.33,-248.91,145.52,363.12,16.7
2025-07-30T19:18:12.559409,142.0,232.0,2.0,202.0,155.0,-194.0,37.0,56.0,-315.0,119.0,346.0,17.0,165.09,231.81,28.25,213.7,159.9,-181.71,23.060000000000002,61.33,-310.91,125.52,356.12,14.7
2025-07-30T19:18:12.567661,75.0,267.0,111.0,237.0,113.0,-148.0,169.0,133.0,-332.0,147.0,341.0,7.0,98.09,266.81,137.25,248.7,117.9,-135.71,155.06,138.33,-327.91,153.52,351.12,4.7
2025-07-30T19:18:12.575644,156.0,333.0,5.0,231.0,86.0,-198.0,80.0,59.0,-319.0,162.0,378.0,-45.0,179.09,332.81,31.25,242.7,90.9,-185.71,66.06,64.33,-314.91,168.52,388.12,-47.3
2025-07-30T19:18:12.580017,149.0,256.0,28.0,177.0,162.0,-138.0,125.0,35.0,-263.0,206.0,420.0,-5.0,172.09,255.81,54.25,188.7,166.9,-125.71000000000001,111.06,40.33,-258.91,212.52,430.12,-7.3
2025-07-30T19:18:12.588136,150.0,354.0,107.0,240.0,156.0,-137.0,79.0,28.0,-279.0,139.0,369.0,-64.0,173.09,353.81,133.25,251.7,160.9,-124.71000000000001,65.06,33.33,-274.91,145.52,379.12,-66.3
2025-07-30T19:18:12.592433,121.0,336.0,8.0,270.0,117.0,-121.0,118.0,121.0,-276.0,138.0,329.0,-16.0,144.09,335.81,34.25,281.7,121.9,-108.71000000000001,104.06,126.33,-271.91,144.52,339.12,-18.3
2025-07-30T19:18:12.600458,176.0,280.0,24.0,161.0,161.0,-174.0,109.0,73.0,-240.0,100.0,358.0,41.0,199.09,279.81,50.25,172.7,165.9,-161.71,95.06,78.33,-235.91,106.52,368.12,38.7
2025-07-30T19:18:12.608430,154.0,279.0,11.0,253.0,109.0,-119.0,124.0,36.0,-263.0,136.0,358.0,-3.0,177.09,278.81,37.25,264.7,113.9,-106.71000000000001,110.06,41.33,-258.91,142.52,368.12,-5.3
2025-07-30T19:18:12.612661,202.0,374.0,-38.0,233.0,60.0,-121.0,41.0,71.0,-223.0,134.0,433.0,-87.0,225.09,373.81,-11.75,244.7,64.9,-108.71000000000001,27.060000000000002,76.33,-218.91,140.52,443.12,-89.3
2025-07-30T19:18:12.620744,171.0,311.0,4.0,266.0,211.0,-166.0,73.0,51.0,-345.0,202.0,405.0,-99.0,194.09,310.81,30.25,277.7,215.9,-153.71,59.06,56.33,-340.91,208.52,415.12,-101.3
2025-07-30T19:18:12.625055,117.0,333.0,48.0,222.0,101.0,-111.0,125.0,83.0,-269.0,179.0,332.0,-80.0,140.09,332.81,74.25,233.7,105.9,-98.71000000000001,111.06,88.33,-264.91,185.52,342.12,-82.3
2025-07-30T19:18:12.633146,170.0,348.0,37.0,202.0,114.0,-131.0,78.0,104.0,-238.0,121.0,346.0,-29.0,193.09,347.81,63.25,213.7,118.9,-118.71000000000001,64.06,109.33,-233.91,127.52,356.12,-31.3
2025-07-30T19:18:12.641255,266.0,256.0,18.0,265.0,163.0,-112.0,102.0,60.0,-349.0,160.0,374.0,14.0,289.09,255.81,44.25,276.7,167.9,-99.71000000000001,88.06,65.33,-344.91,166.52,384.12,11.7
2025-07-30T19:18:12.645738,166.0,238.0,57.0,222.0,115.0,-199.0,113.0,32.0,-285.0,149.0,407.0,67.0,189.09,237.81,83.25,233.7,119.9,-186.71,99.06,37.33,-280.91,155.52,417.12,64.7
2025-07-30T19:18:12.653528,93.0,309.0,37.0,236.0,129.0,-148.0,148.0,73.0,-274.0,50.0,376.0,-19.0,116.09,308.81,63.25,247.7,133.9,-135.71,134.06,78.33,-269.91,56.519999999999996,386.12,-21.3
2025-07-30T19:18:12.657759,191.0,259.0,-8.0,241.0,110.0,-173.0,73.0,77.0,-296.0,212.0,451.0,-65.0,214.09,258.81,18.25,252.7,114.9,-160.71,59.06,82.33,-291.91,218.52,461.12,-67.3
2025-07-30T19:18:12.665780,120.0,282.0,42.0,215.0,174.0,-153.0,83.0,20.0,-251.0,197.0,366.0,-46.0,143.09,281.81,68.25,226.7,178.9,-140.71,69.06,25.33,-246.91,203.52,376.12,-48.3
2025-07-30T19:18:12.670454,119.0,373.0,54.0,247.0,127.0,-176.0,142.0,63.0,-291.0,130.0,345.0,-10.0,142.09,372.81,80.25,258.7,131.9,-163.71,128.06,68.33,-286.91,136.52,355.12,-12.3
2025-07-30T19:18:12.678168,220.0,168.0,36.0,189.0,140.0,-197.0,89.0,72.0,-278.0,34.0,298.0,93.0,243.09,167.81,62.25,200.7,144.9,-184.71,75.06,77.33,-273.91,40.519999999999996,308.12,90.7
2025-07-30T19:18:12.686238,103.0,266.0,51.0,255.0,106.0,-178.0,106.0,40.0,-301.0,186.0,476.0,10.0,126.09,265.81,77.25,266.7,110.9,-165.71,92.06,45.33,-296.91,192.52,486.12,7.7
2025-07-30T19:18:12.690760,79.0,279.0,56.0,187.0,54.0,-139.0,144.0,13.0,-294.0,146.0,358.0,-28.0,102.09,278.81,82.25,198.7,58.9,-126.71000000000001,130.06,18.33,-289.91,152.52,368.12,-30.3
2025-07-30T19:18:12.698610,135.0,276.0,37.0,247.0,194.0,-125.0,99.0,11.0,-252.0,190.0,420.0,-34.0,158.09,275.81,63.25,258.7,198.9,-112.71000000000001,85.06,16.33,-247.91,196.52,430.12,-36.3
2025-07-30T19:18:12.703276,111.0,246.0,93.0,218.0,105.0,-164.0,104.0,69.0,-211.0,126.0,306.0,-82.0,134.09,245.81,119.25,229.7,109.9,-151.71,90.06,74.33,-206.91,132.52,316.12,-84.3
2025-07-30T19:18:12.710922,124.0,318.0,7.0,191.0,132.0,-103.0,102.0,58.0,-317.0,210.0,332.0,-28.0,147.09,317.81,33.25,202.7,136.9,-90.71000000000001,88.06,63.33,-312.91,216.52,342.12,-30.3
2025-07-30T19:18:12.719097,217.0,273.0,74.0,169.0,127.0,-123.0,102.0,113.0,-281.0,116.0,318.0,2.0,240.09,272.81,100.25,180.7,131.9,-110.71000000000001,88.06,118.33,-276.91,122.52,328.12,-0.2999999999999998
2025-07-30T19:18:12.723388,115.0,285.0,74.0,294.0,87.0,-174.0,136.0,47.0,-254.0,116.0,378.0,-23.0,138.09,284.81,100.25,305.7,91.9,-161.71,122.06,52.33,-249.91,122.52,388.12,-25.3
2025-07-30T19:18:12.731493,100.0,349.0,13.0,134.0,153.0,-107.0,183.0,77.0,-329.0,185.0,450.0,-82.0,123.09,348.81,39.25,145.7,157.9,-94.71000000000001,169.06,82.33,-324.91,191.52,460.12,-84.3
2025-07-30T19:18:12.735626,189.0,227.0,-6.0,259.0,94.0,-138.0,68.0,3.0,-299.0,111.0,384.0,-66.0,212.09,226.81,20.25,270.7,98.9,-125.71000000000001,54.06,8.33,-294.91,117.52,394.12,-68.3
2025-07-30T19:18:12.743579,226.0,277.0,87.0,255.0,135.0,-191.0,58.0,95.0,-267.0,227.0,325.0,-64.0,249.09,276.81,113.25,266.7,139.9,-178.71,44.06,100.33,-262.91,233.52,335.12,-66.3
2025-07-30T19:18:12.751674,145.0,307.0,117.0,176.0,166.0,-133.0,80.0,36.0,-275.0,189.0,319.0,-31.0,168.09,306.81,143.25,187.7,170.9,-120.71000000000001,66.06,41.33,-270.91,195.52,329.12,-33.3
2025-07-30T19:18:12.756107,155.0,346.0,24.0,212.0,127.0,-147.0,134.0,141.0,-288.0,47.0,386.0,-25.0,178.09,345.81,50.25,223.7,131.9,-134.71,120.06,146.33,-283.91,53.519999999999996,396.12,-27.3
2025-07-30T19:18:12.764227,202.0,227.0,63.0,231.0,113.0,-147.0,84.0,37.0,-229.0,119.0,425.0,-29.0,225.09,226.81,89.25,242.7,117.9,-134.71,70.06,42.33,-224.91,125.52,435.12,-31.3
2025-07-30T19:18:12.768431,141.0,345.0,79.0,234.0,127.0,-199.0,75.0,69.0,-234.0,101.0,471.0,-74.0,164.09,344.81,105.25,245.7,131.9,-186.71,61.06,74.33,-229.91,107.52,481.12,-76.3
2025-07-30T19:18:12.776412,172.0,333.0,44.0,238.0,68.0,-158.0,71.0,88.0,-290.0,189.0,379.0,-55.0,195.09,332.81,70.25,249.7,72.9,-145.71,57.06,93.33,-285.91,195.52,389.12,-57.3
2025-07-30T19:18:12.780781,233.0,305.0,70.0,204.0,144.0,-195.0,40.0,124.0,-272.0,200.0,312.0,-54.0,256.09,304.81,96.25,215.7,148.9,-182.71,26.060000000000002,129.33,-267.91,206.52,322.12,-56.3
2025-07-30T19:18:12.788717,77.0,328.0,47.0,167.0,71.0,-217.0,56.0,59.0,-276.0,201.0,332.0,27.0,100.09,327.81,73.25,178.7,75.9,-204.71,42.06,64.33,-271.91,207.52,342.12,24.7
2025-07-30T19:18:12.796706,113.0,284.0,11.0,270.0,105.0,-138.0,104.0,67.0,-273.0,105.0,311.0,21.0,136.09,283.81,37.25,281.7,109.9,-125.71000000000001,90.06,72.33,-268.91,111.52,321.12,18.7
2025-07-30T19:18:12.801079,182.0,276.0,-9.0,199.0,90.0,-76.0,114.0,107.0,-297.0,68.0,415.0,23.0,205.09,275.81,17.25,210.7,94.9,-63.71,100.06,112.33,-292.91,74.52,425.12,20.7
2025-07-30T19:18:12.809172,233.0,298.0,38.0,199.0,67.0,-81.0,102.0,75.0,-291.0,112.0,420.0,-51.0,256.09,297.81,64.25,210.7,71.9,-68.71000000000001,88.06,80.33,-286.91,118.52,430.12,-53.3
2025-07-30T19:18:12.813368,123.0,317.0,122.0,201.0,159.0,-126.0,85.0,22.0,-311.0,186.0,433.0,-63.0,146.09,316.81,148.25,212.7,163.9,-113.71000000000001,71.06,27.33,-306.91,192.52,443.12,-65.3
2025-07-30T19:18:12.821646,173.0,387.0,46.0,206.0,82.0,-139.0,27.0,100.0,-242.0,197.0,409.0,-25.0,196.09,386.81,72.25,217.7,86.9,-126.71000000000001,13.06,105.33,-237.91,203.52,419.12,-27.3
2025-07-30T19:18:12.825658,146.0,307.0,95.0,213.0,140.0,-169.0,67.0,82.0,-313.0,147.0,361.0,-49.0,169.09,306.81,121.25,224.7,144.9,-156.71,53.06,87.33,-308.91,153.52,371.12,-51.3
2025-07-30T19:18:12.833744,110.0,331.0,41.0,187.0,89.0,-129.0,76.0,35.0,-329.0,137.0,349.0,32.0,133.09,330.81,67.25,198.7,93.9,-116.71000000000001,62.06,40.33,-324.91,143.52,359.12,29.7
2025-07-30T19:18:12.841918,217.0,325.0,-1.0,157.0,129.0,-161.0,95.0,80.0,-244.0,78.0,469.0,3.0,240.09,324.81,25.25,168.7,133.9,-148.71,81.06,85.33,-239.91,84.52,479.12,0.7000000000000002
2025-07-30T19:18:12.846246,185.0,293.0,30.0,261.0,96.0,-145.0,120.0,51.0,-308.0,138.0,420.0,-78.0,208.09,292.81,56.25,272.7,100.9,-132.71,106.06,56.33,-303.91,144.52,430.12,-80.3
2025-07-30T19:18:12.854327,130.0,311.0,66.0,271.0,81.0,-118.0,133.0,113.0,-280.0,174.0,396.0,-55.0,153.09,310.81,92.25,282.7,85.9,-105.71000000000001,119.06,118.33,-275.91,180.52,406.12,-57.3
2025-07-30T19:18:12.858584,209.0,283.0,-1.0,209.0,66.0,-106.0,96.0,1.0,-321.0,190.0,310.0,-58.0,232.09,282.81,25.25,220.7,70.9,-93.71000000000001,82.06,6.33,-316.91,196.52,320.12,-60.3
2025-07-30T19:18:12.866582,202.0,289.0,58.0,224.0,98.0,-202.0,102.0,72.0,-328.0,172.0,379.0,30.0,225.09,288.81,84.25,235.7,102.9,-189.71,88.06,77.33,-323.91,178.52,389.12,27.7
2025-07-30T19:18:12.870641,141.0,326.0,79.0,191.0,79.0,-139.0,73.0,72.0,-269.0,77.0,294.0,-8.0,164.09,325.81,105.25,202.7,83.9,-126.71000000000001,59.06,77.33,-264.91,83.52,304.12,-10.3
2025-07-30T19:18:12.878815,118.0,331.0,78.0,172.0,107.0,-157.0,75.0,66.0,-314.0,127.0,422.0,9.0,141.09,330.81,104.25,183.7,111.9,-144.71,61.06,71.33,-309.91,133.52,432.12,6.7
2025-07-30T19:18:12.886962,205.0,280.0,45.0,175.0,99.0,-201.0,91.0,36.0,-326.0,116.0,439.0,-51.0,228.09,279.81,71.25,186.7,103.9,-188.71,77.06,41.33,-321.91,122.52,449.12,-53.3
2025-07-30T19:18:12.891338,87.0,249.0,6.0,238.0,181.0,-209.0,47.0,127.0,-304.0,208.0,393.0,-96.0,110.09,248.81,32.25,249.7,185.9,-196.71,33.06,132.33,-299.91,214.52,403.12,-98.3
2025-07-30T19:18:12.899388,102.0,277.0,-12.0,210.0,73.0,-173.0,123.0,106.0,-224.0,193.0,352.0,-123.0,125.09,276.81,14.25,221.7,77.9,-160.71,109.06,111.33,-219.91,199.52,362.12,-125.3
2025-07-30T19:18:12.903661,171.0,240.0,50.0,163.0,127.0,-145.0,107.0,81.0,-307.0,149.0,332.0,-38.0,194.09,239.81,76.25,174.7,131.9,-132.71,93.06,86.33,-302.91,155.52,342.12,-40.3
2025-07-30T19:18:12.911598,137.0,305.0,41.0,241.0,16.0,-204.0,92.0,55.0,-273.0,138.0,402.0,-29.0,160.09,304.81,67.25,252.7,20.9,-191.71,78.06,60.33,-268.91,144.52,412.12,-31.3
2025-07-30T19:18:12.919668,172.0,320.0,10.0,215.0,166.0,-161.0,78.0,162.0,-264.0,102.0,391.0,-52.0,195.09,319.81,36.25,226.7,170.9,-148.71,64.06,167.33,-259.91,108.52,401.12,-54.3
2025-07-30T19:18:12.923949,198.0,241.0,79.0,164.0,102.0,-140.0,117.0,112.0,-316.0,99.0,387.0,-58.0,221.09,240.81,105.25,175.7,106.9,-127.71000000000001,103.06,117.33,-311.91,105.52,397.12,-60.3
2025-07-30T19:18:12.931998,83.0,301.0,51.0,152.0,83.0,-110.0,113.0,62.0,-245.0,163.0,399.0,-43.0,106.09,300.81,77.25,163.7,87.9,-97.71000000000001,99.06,67.33,-240.91,169.52,409.12,-45.3
2025-07-30T19:18:12.936440,211.0,399.0,11.0,207.0,85.0,-120.0,12.0,110.0,-229.0,185.0,281.0,-28.0,234.09,398.81,37.25,218.7,89.9,-107.71000000000001,-1.9399999999999995,115.33,-224.91,191.52,291.12,-30.3
2025-07-30T19:18:12.944376,107.0,308.0,40.0,217.0,159.0,-181.0,124.0,62.0,-315.0,167.0,354.0,-40.0,130.09,307.81,66.25,228.7,163.9,-168.71,110.06,67.33,-310.91,173.52,364.12,-42.3
2025-07-30T19:18:12.949191,197.0,252.0,57.0,168.0,83.0,-141.0,63.0,54.0,-246.0,120.0,356.0,-16.0,220.09,251.81,83.25,179.7,87.9,-128.71,49.06,59.33,-241.91,126.52,366.12,-18.3
2025-07-30T19:18:12.956881,94.0,301.0,17.0,220.0,95.0,-142.0,120.0,97.0,-286.0,131.0,375.0,6.0,117.09,300.81,43.25,231.7,99.9,-129.71,106.06,102.33,-281.91,137.52,385.12,3.7
2025-07-30T19:18:12.964816,207.0,248.0,134.0,177.0,143.0,-172.0,53.0,95.0,-323.0,178.0,352.0,-73.0,230.09,247.81,160.25,188.7,147.9,-159.71,39.06,100.33,-318.91,184.52,362.12,-75.3
2025-07-30T19:18:12.969303,94.0,332.0,125.0,238.0,62.0,-169.0,135.0,29.0,-324.0,157.0,389.0,-7.0,117.09,331.81,151.25,249.7,66.9,-156.71,121.06,34.33,-319.91,163.52,399.12,-9.3
2025-07-30T19:18:12.977150,196.0,294.0,-11.0,202.0,95.0,-136.0,88.0,80.0,-236.0,117.0,326.0,-134.0,219.09,293.81,15.25,213.7,99.9,-123.71000000000001,74.06,85.33,-231.91,123.52,336.12,-136.3
2025-07-30T19:18:12.981463,268.0,221.0,58.0,199.0,162.0,-159.0,54.0,58.0,-208.0,120.0,368.0,-35.0,291.09,220.81,84.25,210.7,166.9,-146.71,40.06,63.33,-203.91,126.52,378.12,-37.3
2025-07-30T19:18:12.989381,80.0,369.0,65.0,179.0,89.0,-69.0,33.0,36.0,-332.0,125.0,326.0,-33.0,103.09,368.81,91.25,190.7,93.9,-56.71,19.060000000000002,41.33,-327.91,131.52,336.12,-35.3
2025-07-30T19:18:12.993502,86.0,281.0,-3.0,222.0,74.0,-53.0,62.0,57.0,-283.0,80.0,327.0,-45.0,109.09,280.81,23.25,233.7,78.9,-40.71,48.06,62.33,-278.91,86.52,337.12,-47.3
2025-07-30T19:18:13.001845,171.0,237.0,30.0,126.0,87.0,-155.0,99.0,37.0,-276.0,101.0,356.0,-107.0,194.09,236.81,56.25,137.7,91.9,-142.71,85.06,42.33,-271.91,107.52,366.12,-109.3
2025-07-30T19:18:13.009857,153.0,188.0,62.0,163.0,82.0,-81.0,110.0,-2.0,-267.0,88.0,365.0,-69.0,176.09,187.81,88.25,174.7,86.9,-68.71000000000001,96.06,3.33,-262.91,94.52,375.12,-71.3
2025-07-30T19:18:13.014149,4.0,194.0,25.0,143.0,76.0,-53.0,25.0,-24.0,-160.0,153.0,283.0,-57.0,27.09,193.81,51.25,154.7,80.9,-40.71,11.06,-18.67,-155.91,159.52,293.12,-59.3
2025-07-30T19:18:13.022111,98.0,135.0,-20.0,81.0,97.0,-57.0,9.0,28.0,-144.0,110.0,183.0,-66.0,121.09,134.81,6.25,92.7,101.9,-44.71,-4.9399999999999995,33.33,-139.91,116.52,193.12,-68.3
2025-07-30T19:18:13.026348,88.0,195.0,-5.0,88.0,34.0,-54.0,61.0,8.0,-189.0,95.0,227.0,-78.0,111.09,194.81,21.25,99.7,38.9,-41.71,47.06,13.33,-184.91,101.52,237.12,-80.3
2025-07-30T19:18:13.034616,114.0,113.0,22.0,73.0,62.0,-147.0,157.0,78.0,-260.0,151.0,140.0,-28.0,137.09,112.81,48.25,84.7,66.9,-134.71,143.06,83.33,-255.91,157.52,150.12,-30.3
2025-07-30T19:18:13.038663,47.0,96.0,43.0,86.0,63.0,-112.0,42.0,115.0,-113.0,59.0,190.0,47.0,70.09,95.81,69.25,97.7,67.9,-99.71000000000001,28.060000000000002,120.33,-108.91,65.52,200.12,44.7
2025-07-30T19:18:13.046598,-2.0,206.0,92.0,18.0,30.0,-82.0,-2.0,30.0,-93.0,51.0,153.0,-4.0,21.09,205.81,118.25,29.7,34.9,-69.71000000000001,-15.94,35.33,-88.91,57.519999999999996,163.12,-6.3
2025-07-30T19:18:13.050916,-27.0,129.0,7.0,59.0,90.0,-153.0,55.0,42.0,-129.0,6.0,114.0,57.0,-3.91,128.81,33.25,70.7,94.9,-140.71,41.06,47.33,-124.91,12.52,124.12,54.7
2025-07-30T19:18:13.059070,5.0,167.0,-75.0,83.0,30.0,-72.0,24.0,80.0,-121.0,7.0,81.0,-22.0,28.09,166.81,-48.75,94.7,34.9,-59.71,10.06,85.33,-116.91,13.52,91.12,-24.3
2025-07-30T19:18:13.063155,43.0,140.0,-37.0,60.0,3.0,-59.0,52.0,59.0,-40.0,-10.0,118.0,-2.0,66.09,139.81,-10.75,71.7,7.9,-46.71,38.06,64.33,-35.91,-3.4800000000000004,128.12,-4.3
2025-07-30T19:18:13.071200,44.0,107.0,-68.0,115.0,7.0,-6.0,126.0,33.0,-153.0,1.0,105.0,8.0,67.09,106.81,-41.75,126.7,11.9,6.289999999999999,112.06,38.33,-148.91,7.52,115.12,5.7
2025-07-30T19:18:13.075758,1.0,-3.0,4.0,59.0,13.0,-33.0,52.0,22.0,-108.0,-24.0,103.0,-38.0,24.09,-3.19,30.25,70.7,17.9,-20.71,38.06,27.33,-103.91,-17.48,113.12,-40.3
2025-07-30T19:18:13.083632,29.0,54.0,41.0,32.0,-21.0,-37.0,79.0,-21.0,-81.0,50.0,101.0,-64.0,52.09,53.81,67.25,43.7,-16.1,-24.71,65.06,-15.67,-76.91,56.519999999999996,111.12,-66.3
2025-07-30T19:18:13.087912,-35.0,114.0,-3.0,29.0,72.0,-28.0,0.0,24.0,-89.0,-75.0,66.0,17.0,-11.91,113.81,23.25,40.7,76.9,-15.71,-13.94,29.33,-84.91,-68.48,76.12,14.7
2025-07-30T19:18:13.095959,13.0,86.0,-50.0,67.0,18.0,-103.0,79.0,-44.0,-88.0,25.0,38.0,-42.0,36.09,85.81,-23.75,78.7,22.9,-90.71000000000001,65.06,-38.67,-83.91,31.52,48.12,-44.3
2025-07-30T19:18:13.100168,6.0,89.0,-106.0,40.0,28.0,-33.0,58.0,-12.0,-47.0,-55.0,57.0,63.0,29.09,88.81,-79.75,51.7,32.9,-20.71,44.06,-6.67,-42.91,-48.480000000000004,67.12,60.7
2025-07-30T19:18:13.108114,17.0,50.0,-83.0,21.0,27.0,52.0,85.0,-29.0,-58.0,-117.0,20.0,5.0,40.09,49.81,-56.75,32.7,31.9,64.28999999999999,71.06,-23.67,-53.91,-110.48,30.119999999999997,2.7
2025-07-30T19:18:13.112495,-32.0,35.0,-20.0,-84.0,9.0,15.0,98.0,14.0,-62.0,-35.0,47.0,-63.0,-8.91,34.81,6.25,-72.3,13.9,27.29,84.06,19.33,-57.91,-28.48,57.12,-65.3
2025-07-30T19:18:13.120467,-22.0,4.0,-61.0,-42.0,50.0,12.0,5.0,40.0,-45.0,7.0,20.0,40.0,1.0899999999999999,3.81,-34.75,-30.3,54.9,24.29,-8.94,45.33,-40.91,13.52,30.119999999999997,37.7
2025-07-30T19:18:13.124720,-8.0,-15.0,-61.0,21.0,27.0,-27.0,-50.0,-38.0,-3.0,-45.0,-1.0,28.0,15.09,-15.19,-34.75,32.7,31.9,-14.71,-63.94,-32.67,1.0899999999999999,-38.480000000000004,9.12,25.7
2025-07-30T19:18:13.132642,-88.0,24.0,28.0,-12.0,-3.0,-21.0,30.0,-17.0,3.0,-34.0,-67.0,-54.0,-64.91,23.81,54.25,-0.3000000000000007,1.9000000000000004,-8.71,16.060000000000002,-11.67,7.09,-27.48,-56.88,-56.3
2025-07-30T19:18:13.137012,-37.0,72.0,-61.0,-64.0,33.0,-83.0,9.0,-14.0,-10.0,17.0,-62.0,-29.0,-13.91,71.81,-34.75,-52.3,37.9,-70.71000000000001,-4.9399999999999995,-8.67,-5.91,23.52,-51.88,-31.3
2025-07-30T19:18:13.145009,-17.0,26.0,-86.0,14.0,24.0,-44.0,23.0,29.0,3.0,-23.0,37.0,-3.0,6.09,25.81,-59.75,25.7,28.9,-31.71,9.06,34.33,7.09,-16.48,47.12,-5.3
2025-07-30T19:18:13.149217,-66.0,48.0,-76.0,30.0,59.0,-82.0,84.0,19.0,-46.0,7.0,-3.0,-18.0,-42.91,47.81,-49.75,41.7,63.9,-69.71000000000001,70.06,24.33,-41.91,13.52,7.119999999999999,-20.3
2025-07-30T19:18:13.157250,-97.0,30.0,-114.0,50.0,41.0,-64.0,91.0,-17.0,-13.0,2.0,-71.0,0.0,-73.91,29.81,-87.75,61.7,45.9,-51.71,77.06,-11.67,-8.91,8.52,-60.88,-2.3
2025-07-30T19:18:13.161744,-15.0,-41.0,-91.0,-17.0,-41.0,-61.0,9.0,-23.0,-71.0,-13.0,0.0,-58.0,8.09,-41.19,-64.75,-5.300000000000001,-36.1,-48.71,-4.9399999999999995,-17.67,-66.91,-6.48,10.12,-60.3
2025-07-30T19:18:13.169534,31.0,43.0,-84.0,-63.0,72.0,-25.0,43.0,-27.0,-63.0,51.0,21.0,24.0,54.09,42.81,-57.75,-51.3,76.9,-12.71,29.060000000000002,-21.67,-58.91,57.519999999999996,31.119999999999997,21.7
2025-07-30T19:18:13.173702,7.0,-49.0,0.0,2.0,-84.0,-35.0,0.0,-29.0,-36.0,0.0,2.0,22.0,30.09,-49.19,26.25,13.7,-79.1,-22.71,-13.94,-23.67,-31.91,6.52,12.12,19.7
2025-07-30T19:18:13.177798,28.0,-31.0,-31.0,-72.0,4.0,-65.0,46.0,-43.0,-25.0,35.0,60.0,-141.0,51.09,-31.19,-4.75,-60.3,8.9,-52.71,32.06,-37.67,-20.91,41.519999999999996,70.12,-143.3
2025-07-30T19:18:13.186137,26.0,-18.0,-2.0,70.0,75.0,-33.0,11.0,-24.0,-48.0,47.0,70.0,-67.0,49.09,-18.19,24.25,81.7,79.9,-20.71,-2.9399999999999995,-18.67,-43.91,53.519999999999996,80.12,-69.3
2025-07-30T19:18:13.190129,-73.0,45.0,7.0,55.0,-51.0,-63.0,-3.0,-54.0,-21.0,36.0,-14.0,-59.0,-49.91,44.81,33.25,66.7,-46.1,-50.71,-16.939999999999998,-48.67,-16.91,42.519999999999996,-3.880000000000001,-61.3
2025-07-30T19:18:13.198406,-18.0,-15.0,-21.0,-60.0,-1.0,2.0,-38.0,-42.0,-59.0,-26.0,-29.0,-48.0,5.09,-15.19,5.25,-48.3,3.9000000000000004,14.29,-51.94,-36.67,-54.91,-19.48,-18.880000000000003,-50.3
2025-07-30T19:18:13.202403,-85.0,64.0,-25.0,30.0,29.0,-66.0,35.0,-111.0,-26.0,24.0,30.0,-105.0,-61.91,63.81,1.25,41.7,33.9,-53.71,21.060000000000002,-105.67,-21.91,30.52,40.12,-107.3
2025-07-30T19:18:13.210704,-6.0,26.0,-69.0,-3.0,70.0,-68.0,-5.0,37.0,-19.0,-2.0,3.0,-46.0,17.09,25.81,-42.75,8.7,74.9,-55.71,-18.939999999999998,42.33,-14.91,4.52,13.12,-48.3
2025-07-30T19:18:13.214706,57.0,34.0,-49.0,-54.0,45.0,68.0,-41.0,-1.0,-17.0,-26.0,41.0,-54.0,80.09,33.81,-22.75,-42.3,49.9,80.28999999999999,-54.94,4.33,-12.91,-19.48,51.12,-56.3
2025-07-30T19:18:13.222743,-8.0,30.0,-41.0,-42.0,-12.0,-76.0,-77.0,29.0,-12.0,8.0,22.0,-52.0,15.09,29.81,-14.75,-30.3,-7.1,-63.71,-90.94,34.33,-7.91,14.52,32.12,-54.3
2025-07-30T19:18:13.227011,22.0,37.0,-54.0,4.0,63.0,-56.0,-41.0,-71.0,-54.0,19.0,50.0,-50.0,45.09,36.81,-27.75,15.7,67.9,-43.71,-54.94,-65.67,-49.91,25.52,60.12,-52.3
2025-07-30T19:18:13.235330,30.0,31.0,-107.0,32.0,-26.0,-67.0,-10.0,25.0,-25.0,-13.0,31.0,-89.0,53.09,30.81,-80.75,43.7,-21.1,-54.71,-23.939999999999998,30.33,-20.91,-6.48,41.12,-91.3
2025-07-30T19:18:13.239381,-55.0,3.0,0.0,49.0,-8.0,18.0,-54.0,27.0,7.0,-14.0,53.0,-35.0,-31.91,2.81,26.25,60.7,-3.0999999999999996,30.29,-67.94,32.33,11.09,-7.48,63.12,-37.3
2025-07-30T19:18:13.247496,-27.0,-16.0,-1.0,-39.0,-21.0,-66.0,-23.0,-31.0,-69.0,-61.0,52.0,-48.0,-3.91,-16.19,25.25,-27.3,-16.1,-53.71,-36.94,-25.67,-64.91,-54.480000000000004,62.12,-50.3
2025-07-30T19:18:13.251682,-21.0,-65.0,-11.0,-23.0,20.0,15.0,46.0,10.0,-77.0,-60.0,-11.0,-67.0,2.09,-65.19,15.25,-11.3,24.9,27.29,32.06,15.33,-72.91,-53.480000000000004,-0.8800000000000008,-69.3
2025-07-30T19:18:13.259834,-43.0,29.0,-9.0,-33.0,39.0,-15.0,-17.0,10.0,0.0,2.0,95.0,-2.0,-19.91,28.81,17.25,-21.3,43.9,-2.710000000000001,-30.939999999999998,15.33,4.09,8.52,105.12,-4.3
2025-07-30T19:18:13.264000,-77.0,45.0,-12.0,-11.0,-80.0,-36.0,-3.0,5.0,-33.0,-20.0,21.0,-69.0,-53.91,44.81,14.25,0.6999999999999993,-75.1,-23.71,-16.939999999999998,10.33,-28.91,-13.48,31.119999999999997,-71.3
2025-07-30T19:18:13.272003,-94.0,38.0,-64.0,-46.0,36.0,-73.0,-43.0,-34.0,-79.0,-33.0,93.0,-98.0,-70.91,37.81,-37.75,-34.3,40.9,-60.71,-56.94,-28.67,-74.91,-26.48,103.12,-100.3
2025-07-30T19:18:13.276387,17.0,75.0,-101.0,1.0,21.0,-57.0,56.0,-30.0,-96.0,-5.0,105.0,-45.0,40.09,74.81,-74.75,12.7,25.9,-44.71,42.06,-24.67,-91.91,1.5199999999999996,115.12,-47.3
2025-07-30T19:18:13.284422,50.0,-31.0,30.0,18.0,-11.0,-44.0,-16.0,-53.0,-64.0,-69.0,19.0,-54.0,73.09,-31.19,56.25,29.7,-6.1,-31.71,-29.939999999999998,-47.67,-59.91,-62.480000000000004,29.119999999999997,-56.3
2025-07-30T19:18:13.288549,85.0,7.0,-11.0,9.0,61.0,-19.0,-24.0,6.0,-33.0,-48.0,102.0,-1.0,108.09,6.81,15.25,20.7,65.9,-6.710000000000001,-37.94,11.33,-28.91,-41.480000000000004,112.12,-3.3
2025-07-30T19:18:13.296549,-49.0,-27.0,2.0,-25.0,-34.0,-51.0,1.0,-7.0,-90.0,6.0,55.0,-93.0,-25.91,-27.19,28.25,-13.3,-29.1,-38.71,-12.94,-1.67,-85.91,12.52,65.12,-95.3
2025-07-30T19:18:13.300825,-68.0,-22.0,-19.0,-24.0,-37.0,-26.0,0.0,-52.0,-57.0,4.0,64.0,-111.0,-44.91,-22.19,7.25,-12.3,-32.1,-13.71,-13.94,-46.67,-52.91,10.52,74.12,-113.3
2025-07-30T19:18:13.308864,-77.0,83.0,-13.0,-51.0,-6.0,-100.0,33.0,78.0,-73.0,-83.0,56.0,-34.0,-53.91,82.81,13.25,-39.3,-1.0999999999999996,-87.71000000000001,19.060000000000002,83.33,-68.91,-76.48,66.12,-36.3
2025-07-30T19:18:13.313200,-19.0,44.0,-43.0,-35.0,6.0,-78.0,9.0,5.0,-67.0,-42.0,18.0,-66.0,4.09,43.81,-16.75,-23.3,10.9,-65.71000000000001,-4.9399999999999995,10.33,-62.91,-35.480000000000004,28.119999999999997,-68.3
2025-07-30T19:18:13.321042,-36.0,94.0,-95.0,2.0,-73.0,-116.0,68.0,15.0,-29.0,53.0,37.0,-61.0,-12.91,93.81,-68.75,13.7,-68.1,-103.71000000000001,54.06,20.33,-24.91,59.519999999999996,47.12,-63.3
2025-07-30T19:18:13.325510,-42.0,54.0,-37.0,26.0,-41.0,-61.0,-29.0,4.0,-32.0,-16.0,75.0,-74.0,-18.91,53.81,-10.75,37.7,-36.1,-48.71,-42.94,9.33,-27.91,-9.48,85.12,-76.3
2025-07-30T19:18:13.333538,74.0,-18.0,-52.0,16.0,35.0,-46.0,18.0,-1.0,1.0,-59.0,61.0,-56.0,97.09,-18.19,-25.75,27.7,39.9,-33.71,4.0600000000000005,4.33,5.09,-52.480000000000004,71.12,-58.3
2025-07-30T19:18:13.337643,7.0,-27.0,6.0,22.0,9.0,4.0,61.0,24.0,-84.0,-57.0,74.0,-82.0,30.09,-27.19,32.25,33.7,13.9,16.29,47.06,29.33,-79.91,-50.480000000000004,84.12,-84.3
2025-07-30T19:18:13.345648,66.0,20.0,20.0,-12.0,-14.0,-64.0,25.0,-3.0,-52.0,-11.0,43.0,-68.0,89.09,19.81,46.25,-0.3000000000000007,-9.1,-51.71,11.06,2.33,-47.91,-4.48,53.12,-70.3
2025-07-30T19:18:13.349973,-57.0,0.0,-53.0,-58.0,-62.0,-10.0,25.0,-79.0,-61.0,-13.0,20.0,-34.0,-33.91,-0.19,-26.75,-46.3,-57.1,2.289999999999999,11.06,-73.67,-56.91,-6.48,30.119999999999997,-36.3
2025-07-30T19:18:13.358109,-50.0,97.0,5.0,-67.0,-16.0,49.0,20.0,-4.0,-13.0,-27.0,-46.0,-61.0,-26.91,96.81,31.25,-55.3,-11.1,61.29,6.0600000000000005,1.33,-8.91,-20.48,-35.88,-63.3
2025-07-30T19:18:13.362358,-80.0,45.0,-20.0,-14.0,-8.0,-16.0,22.0,50.0,-28.0,-57.0,31.0,-98.0,-56.91,44.81,6.25,-2.3000000000000007,-3.0999999999999996,-3.710000000000001,8.06,55.33,-23.91,-50.480000000000004,41.12,-100.3
2025-07-30T19:18:13.370244,-59.0,23.0,-20.0,18.0,-27.0,-37.0,40.0,-1.0,-73.0,-6.0,45.0,-39.0,-35.91,22.81,6.25,29.7,-22.1,-24.71,26.060000000000002,4.33,-68.91,0.5199999999999996,55.12,-41.3
2025-07-30T19:18:13.374612,-70.0,-18.0,-150.0,9.0,-5.0,-63.0,12.0,15.0,-3.0,-39.0,7.0,-73.0,-46.91,-18.19,-123.75,20.7,-0.09999999999999964,-50.71,-1.9399999999999995,20.33,1.0899999999999999,-32.480000000000004,17.119999999999997,-75.3
2025-07-30T19:18:13.378596,-33.0,49.0,-26.0,-33.0,13.0,-48.0,47.0,31.0,-53.0,-83.0,50.0,-63.0,-9.91,48.81,0.25,-21.3,17.9,-35.71,33.06,36.33,-48.91,-76.48,60.12,-65.3
2025-07-30T19:18:13.386749,53.0,86.0,-79.0,-15.0,-22.0,29.0,38.0,25.0,3.0,-37.0,80.0,-63.0,76.09,85.81,-52.75,-3.3000000000000007,-17.1,41.29,24.060000000000002,30.33,7.09,-30.48,90.12,-65.3
2025-07-30T19:18:13.390834,-16.0,37.0,-25.0,-28.0,14.0,-84.0,35.0,2.0,-112.0,-81.0,32.0,-55.0,7.09,36.81,1.25,-16.3,18.9,-71.71000000000001,21.060000000000002,7.33,-107.91,-74.48,42.12,-57.3
2025-07-30T19:18:13.398894,23.0,-17.0,-9.0,-16.0,-36.0,-38.0,-31.0,54.0,-40.0,-68.0,15.0,-57.0,46.09,-17.19,17.25,-4.300000000000001,-31.1,-25.71,-44.94,59.33,-35.91,-61.480000000000004,25.119999999999997,-59.3
2025-07-30T19:18:13.403395,-54.0,-31.0,13.0,-13.0,67.0,-58.0,80.0,-45.0,-16.0,-39.0,40.0,17.0,-30.91,-31.19,39.25,-1.3000000000000007,71.9,-45.71,66.06,-39.67,-11.91,-32.480000000000004,50.12,14.7
2025-07-30T19:18:13.411468,-80.0,115.0,-48.0,-28.0,35.0,13.0,-20.0,-29.0,-18.0,-16.0,22.0,-7.0,-56.91,114.81,-21.75,-16.3,39.9,25.29,-33.94,-23.67,-13.91,-9.48,32.12,-9.3
2025-07-30T19:18:13.415350,-23.0,12.0,-18.0,-9.0,-78.0,-82.0,33.0,-42.0,-68.0,19.0,74.0,-79.0,0.08999999999999986,11.81,8.25,2.6999999999999993,-73.1,-69.71000000000001,19.060000000000002,-36.67,-63.91,25.52,84.12,-81.3
2025-07-30T19:18:13.423545,24.0,44.0,-19.0,19.0,30.0,11.0,27.0,-59.0,-35.0,-94.0,88.0,-21.0,47.09,43.81,7.25,30.7,34.9,23.29,13.06,-53.67,-30.91,-87.48,98.12,-23.3
2025-07-30T19:18:13.431730,-46.0,-20.0,-41.0,-46.0,-39.0,19.0,-10.0,-24.0,49.0,-88.0,56.0,-59.0,-22.91,-20.19,-14.75,-34.3,-34.1,31.29,-23.939999999999998,-18.67,53.09,-81.48,66.12,-61.3
2025-07-30T19:18:13.435841,36.0,9.0,-25.0,-51.0,88.0,-70.0,32.0,22.0,-72.0,-39.0,147.0,-88.0,59.09,8.81,1.25,-39.3,92.9,-57.71,18.060000000000002,27.33,-67.91,-32.480000000000004,157.12,-90.3
2025-07-30T19:18:13.444107,13.0,56.0,-39.0,-24.0,16.0,-54.0,14.0,-20.0,-46.0,-87.0,97.0,-36.0,36.09,55.81,-12.75,-12.3,20.9,-41.71,0.0600000000000005,-14.67,-41.91,-80.48,107.12,-38.3
2025-07-30T19:18:13.448211,-124.0,66.0,-23.0,-47.0,12.0,-68.0,52.0,-62.0,-73.0,-47.0,19.0,-25.0,-100.91,65.81,3.25,-35.3,16.9,-55.71,38.06,-56.67,-68.91,-40.480000000000004,29.119999999999997,-27.3
2025-07-30T19:18:13.456343,-31.0,41.0,-99.0,-22.0,-26.0,-42.0,50.0,23.0,-56.0,-39.0,42.0,-83.0,-7.91,40.81,-72.75,-10.3,-21.1,-29.71,36.06,28.33,-51.91,-32.480000000000004,52.12,-85.3
2025-07-30T19:18:13.460611,32.0,59.0,-71.0,8.0,-43.0,-32.0,24.0,-26.0,-63.0,-47.0,5.0,-32.0,55.09,58.81,-44.75,19.7,-38.1,-19.71,10.06,-20.67,-58.91,-40.480000000000004,15.12,-34.3
2025-07-30T19:18:13.464607,3.0,87.0,13.0,-38.0,-17.0,-57.0,-11.0,-56.0,7.0,65.0,34.0,-102.0,26.09,86.81,39.25,-26.3,-12.1,-44.71,-24.939999999999998,-50.67,11.09,71.52,44.12,-104.3
2025-07-30T19:18:13.472754,30.0,-35.0,-30.0,-13.0,6.0,-62.0,50.0,-31.0,-52.0,-26.0,1.0,-63.0,53.09,-35.19,-3.75,-1.3000000000000007,10.9,-49.71,36.06,-25.67,-47.91,-19.48,11.12,-65.3
2025-07-30T19:18:13.476783,53.0,50.0,-47.0,-17.0,7.0,-7.0,27.0,-30.0,-65.0,-50.0,41.0,-46.0,76.09,49.81,-20.75,-5.300000000000001,11.9,5.289999999999999,13.06,-24.67,-60.91,-43.480000000000004,51.12,-48.3
2025-07-30T19:18:13.485042,40.0,-15.0,-52.0,25.0,19.0,-57.0,-9.0,17.0,-82.0,-91.0,67.0,-43.0,63.09,-15.19,-25.75,36.7,23.9,-44.71,-22.939999999999998,22.33,-77.91,-84.48,77.12,-45.3
2025-07-30T19:18:13.489180,-40.0,-38.0,41.0,-33.0,6.0,-45.0,-24.0,-37.0,-34.0,27.0,39.0,-73.0,-16.91,-38.19,67.25,-21.3,10.9,-32.71,-37.94,-31.67,-29.91,33.519999999999996,49.12,-75.3
2025-07-30T19:18:13.497174,-66.0,-53.0,5.0,1.0,-8.0,-60.0,-24.0,-8.0,-9.0,-5.0,38.0,-62.0,-42.91,-53.19,31.25,12.7,-3.0999999999999996,-47.71,-37.94,-2.67,-4.91,1.5199999999999996,48.12,-64.3
2025-07-30T19:18:13.501588,-72.0,45.0,-7.0,0.0,-13.0,-32.0,42.0,44.0,-54.0,-87.0,66.0,54.0,-48.91,44.81,19.25,11.7,-8.1,-19.71,28.060000000000002,49.33,-49.91,-80.48,76.12,51.7
2025-07-30T19:18:13.509574,-62.0,81.0,-1.0,8.0,-18.0,5.0,61.0,31.0,-138.0,-96.0,54.0,-58.0,-38.91,80.81,25.25,19.7,-13.1,17.29,47.06,36.33,-133.91,-89.48,64.12,-60.3
2025-07-30T19:18:13.513819,-8.0,49.0,-35.0,-5.0,4.0,-28.0,42.0,-38.0,-82.0,-120.0,13.0,-3.0,15.09,48.81,-8.75,6.699999999999999,8.9,-15.71,28.060000000000002,-32.67,-77.91,-113.48,23.119999999999997,-5.3
2025-07-30T19:18:13.521842,-40.0,24.0,8.0,13.0,-15.0,-34.0,-2.0,17.0,-53.0,-68.0,-29.0,-15.0,-16.91,23.81,34.25,24.7,-10.1,-21.71,-15.94,22.33,-48.91,-61.480000000000004,-18.880000000000003,-17.3
2025-07-30T19:18:13.525992,-8.0,75.0,-114.0,34.0,34.0,7.0,-9.0,49.0,8.0,-57.0,2.0,21.0,15.09,74.81,-87.75,45.7,38.9,19.29,-22.939999999999998,54.33,12.09,-50.480000000000004,12.12,18.7
2025-07-30T19:18:13.534174,-98.0,68.0,-41.0,-11.0,2.0,-65.0,34.0,5.0,-30.0,48.0,-15.0,-51.0,-74.91,67.81,-14.75,0.6999999999999993,6.9,-52.71,20.060000000000002,10.33,-25.91,54.519999999999996,-4.880000000000001,-53.3
2025-07-30T19:18:13.538457,-20.0,7.0,-37.0,1.0,6.0,-45.0,-9.0,51.0,-54.0,32.0,-28.0,-2.0,3.09,6.81,-10.75,12.7,10.9,-32.71,-22.939999999999998,56.33,-49.91,38.519999999999996,-17.880000000000003,-4.3
2025-07-30T19:18:13.546426,-80.0,22.0,-66.0,2.0,37.0,-145.0,77.0,11.0,-11.0,58.0,-17.0,13.0,-56.91,21.81,-39.75,13.7,41.9,-132.71,63.06,16.33,-6.91,64.52,-6.880000000000001,10.7
2025-07-30T19:18:13.550756,-9.0,41.0,-54.0,47.0,0.0,-79.0,4.0,-77.0,-22.0,-30.0,-49.0,-15.0,14.09,40.81,-27.75,58.7,4.9,-66.71000000000001,-9.94,-71.67,-17.91,-23.48,-38.88,-17.3
2025-07-30T19:18:13.558623,-16.0,3.0,-52.0,-16.0,3.0,-56.0,2.0,-59.0,-18.0,-1.0,-31.0,-37.0,7.09,2.81,-25.75,-4.300000000000001,7.9,-43.71,-11.94,-53.67,-13.91,5.52,-20.880000000000003,-39.3
2025-07-30T19:18:13.562826,44.0,29.0,-71.0,-18.0,5.0,-32.0,74.0,48.0,-70.0,-41.0,30.0,-1.0,67.09,28.81,-44.75,-6.300000000000001,9.9,-19.71,60.06,53.33,-65.91,-34.480000000000004,40.12,-3.3
2025-07-30T19:18:13.567061,65.0,109.0,-68.0,-13.0,-78.0,-55.0,44.0,-1.0,7.0,33.0,7.0,1.0,88.09,108.81,-41.75,-1.3000000000000007,-73.1,-42.71,30.060000000000002,4.33,11.09,39.519999999999996,17.119999999999997,-1.2999999999999998
2025-07-30T19:18:13.575098,54.0,19.0,-64.0,1.0,-21.0,-54.0,-18.0,22.0,-38.0,80.0,-2.0,8.0,77.09,18.81,-37.75,12.7,-16.1,-41.71,-31.939999999999998,27.33,-33.91,86.52,8.12,5.7
2025-07-30T19:18:13.579202,5.0,-19.0,-43.0,6.0,-61.0,-78.0,31.0,-39.0,-55.0,-11.0,-15.0,2.0,28.09,-19.19,-16.75,17.7,-56.1,-65.71000000000001,17.060000000000002,-33.67,-50.91,-4.48,-4.880000000000001,-0.2999999999999998
2025-07-30T19:18:13.587703,7.0,27.0,-54.0,-44.0,21.0,-62.0,-11.0,39.0,-16.0,-18.0,-28.0,-49.0,30.09,26.81,-27.75,-32.3,25.9,-49.71,-24.939999999999998,44.33,-11.91,-11.48,-17.880000000000003,-51.3
2025-07-30T19:18:13.591611,33.0,38.0,-79.0,33.0,-15.0,-61.0,54.0,58.0,-33.0,-32.0,60.0,68.0,56.09,37.81,-52.75,44.7,-10.1,-48.71,40.06,63.33,-28.91,-25.48,70.12,65.7
2025-07-30T19:18:13.599703,-5.0,-37.0,-19.0,-41.0,-11.0,-22.0,9.0,48.0,-43.0,-24.0,21.0,-52.0,18.09,-37.19,7.25,-29.3,-6.1,-9.71,-4.9399999999999995,53.33,-38.91,-17.48,31.119999999999997,-54.3
2025-07-30T19:18:13.604258,-30.0,-11.0,1.0,0.0,-16.0,-19.0,38.0,-45.0,-89.0,71.0,-55.0,-7.0,-6.91,-11.19,27.25,11.7,-11.1,-6.710000000000001,24.060000000000002,-39.67,-84.91,77.52,-44.88,-9.3
2025-07-30T19:18:13.611976,-9.0,-32.0,-18.0,-3.0,61.0,-34.0,49.0,-4.0,-100.0,66.0,-4.0,-11.0,14.09,-32.19,8.25,8.7,65.9,-21.71,35.06,1.33,-95.91,72.52,6.119999999999999,-13.3
2025-07-30T19:18:13.616224,-13.0,-11.0,-28.0,-45.0,-53.0,-1.0,15.0,38.0,-18.0,17.0,-19.0,5.0,10.09,-11.19,-1.75,-33.3,-48.1,11.29,1.0600000000000005,43.33,-13.91,23.52,-8.88,2.7
2025-07-30T19:18:13.624404,-60.0,71.0,-55.0,-20.0,38.0,-49.0,32.0,-36.0,-38.0,-22.0,13.0,-27.0,-36.91,70.81,-28.75,-8.3,42.9,-36.71,18.060000000000002,-30.67,-33.91,-15.48,23.119999999999997,-29.3
2025-07-30T19:18:13.628683,-43.0,57.0,-79.0,-30.0,4.0,-101.0,35.0,0.0,-69.0,-7.0,-12.0,-11.0,-19.91,56.81,-52.75,-18.3,8.9,-88.71000000000001,21.060000000000002,5.33,-64.91,-0.4800000000000004,-1.8800000000000008,-13.3
2025-07-30T19:18:13.636599,-43.0,22.0,-90.0,-92.0,15.0,7.0,12.0,8.0,-52.0,69.0,5.0,10.0,-19.91,21.81,-63.75,-80.3,19.9,19.29,-1.9399999999999995,13.33,-47.91,75.52,15.12,7.7
2025-07-30T19:18:13.640917,-47.0,24.0,-125.0,67.0,-39.0,-97.0,-27.0,-96.0,-40.0,-17.0,-32.0,-48.0,-23.91,23.81,-98.75,78.7,-34.1,-84.71000000000001,-40.94,-90.67,-35.91,-10.48,-21.880000000000003,-50.3
2025-07-30T19:18:13.648772,44.0,85.0,-56.0,-41.0,-24.0,-17.0,21.0,-40.0,10.0,-25.0,-17.0,16.0,67.09,84.81,-29.75,-29.3,-19.1,-4.710000000000001,7.0600000000000005,-34.67,14.09,-18.48,-6.880000000000001,13.7
2025-07-30T19:18:13.653063,-11.0,-40.0,-65.0,-22.0,11.0,-21.0,37.0,48.0,-27.0,38.0,73.0,41.0,12.09,-40.19,-38.75,-10.3,15.9,-8.71,23.060000000000002,53.33,-22.91,44.519999999999996,83.12,38.7
2025-07-30T19:18:13.661281,26.0,16.0,-36.0,-3.0,56.0,-16.0,4.0,7.0,-26.0,-28.0,-26.0,50.0,49.09,15.81,-9.75,8.7,60.9,-3.710000000000001,-9.94,12.33,-21.91,-21.48,-15.88,47.7
2025-07-30T19:18:13.665322,-22.0,33.0,33.0,-71.0,2.0,-103.0,26.0,35.0,-14.0,25.0,9.0,23.0,1.0899999999999999,32.81,59.25,-59.3,6.9,-90.71000000000001,12.06,40.33,-9.91,31.52,19.119999999999997,20.7
2025-07-30T19:18:13.673365,-52.0,-57.0,3.0,-18.0,84.0,-17.0,7.0,7.0,-77.0,11.0,-21.0,18.0,-28.91,-57.19,29.25,-6.300000000000001,88.9,-4.710000000000001,-6.9399999999999995,12.33,-72.91,17.52,-10.88,15.7
2025-07-30T19:18:13.677619,-96.0,0.0,-24.0,-19.0,29.0,-57.0,-16.0,-55.0,-1.0,39.0,-34.0,-64.0,-72.91,-0.19,2.25,-7.300000000000001,33.9,-44.71,-29.939999999999998,-49.67,3.09,45.519999999999996,-23.880000000000003,-66.3
2025-07-30T19:18:13.685778,-91.0,55.0,-23.0,-57.0,-9.0,-67.0,-5.0,-44.0,-35.0,-37.0,-20.0,-43.0,-67.91,54.81,3.25,-45.3,-4.1,-54.71,-18.939999999999998,-38.67,-30.91,-30.48,-9.88,-45.3
2025-07-30T19:18:13.689810,-77.0,-12.0,-27.0,-50.0,-24.0,-7.0,-14.0,-19.0,-18.0,22.0,-18.0,8.0,-53.91,-12.19,-0.75,-38.3,-19.1,5.289999999999999,-27.939999999999998,-13.67,-13.91,28.52,-7.880000000000001,5.7
2025-07-30T19:18:13.697941,-50.0,101.0,26.0,-43.0,-45.0,-64.0,11.0,-18.0,-40.0,-4.0,-19.0,9.0,-26.91,100.81,52.25,-31.3,-40.1,-51.71,-2.9399999999999995,-12.67,-35.91,2.5199999999999996,-8.88,6.7
2025-07-30T19:18:13.702189,-73.0,26.0,-43.0,-37.0,27.0,-76.0,-3.0,-22.0,-105.0,3.0,52.0,15.0,-49.91,25.81,-16.75,-25.3,31.9,-63.71,-16.939999999999998,-16.67,-100.91,9.52,62.12,12.7
2025-07-30T19:18:13.710179,32.0,6.0,-91.0,-47.0,16.0,-89.0,-6.0,-44.0,1.0,15.0,-13.0,32.0,55.09,5.81,-64.75,-35.3,20.9,-76.71000000000001,-19.939999999999998,-38.67,5.09,21.52,-2.880000000000001,29.7
2025-07-30T19:18:13.714407,31.0,101.0,-47.0,-54.0,68.0,-68.0,-1.0,6.0,10.0,8.0,0.0,1.0,54.09,100.81,-20.75,-42.3,72.9,-55.71,-14.94,11.33,14.09,14.52,10.12,-1.2999999999999998
2025-07-30T19:18:13.722538,40.0,27.0,-99.0,-32.0,61.0,-78.0,12.0,-71.0,-32.0,29.0,4.0,-11.0,63.09,26.81,-72.75,-20.3,65.9,-65.71000000000001,-1.9399999999999995,-65.67,-27.91,35.519999999999996,14.12,-13.3
2025-07-30T19:18:13.726887,-33.0,58.0,-81.0,25.0,-12.0,10.0,-36.0,-108.0,10.0,4.0,12.0,-35.0,-9.91,57.81,-54.75,36.7,-7.1,22.29,-49.94,-102.67,14.09,10.52,22.119999999999997,-37.3
2025-07-30T19:18:13.734706,-27.0,-31.0,28.0,-5.0,-16.0,-78.0,-20.0,-58.0,22.0,30.0,17.0,20.0,-3.91,-31.19,54.25,6.699999999999999,-11.1,-65.71000000000001,-33.94,-52.67,26.09,36.519999999999996,27.119999999999997,17.7
2025-07-30T19:18:13.739173,-87.0,11.0,-75.0,12.0,-27.0,-53.0,-33.0,-31.0,-13.0,30.0,-4.0,17.0,-63.91,10.81,-48.75,23.7,-22.1,-40.71,-46.94,-25.67,-8.91,36.519999999999996,6.119999999999999,14.7
2025-07-30T19:18:13.743604,-17.0,84.0,-55.0,-24.0,-24.0,30.0,45.0,17.0,-11.0,1.0,-18.0,6.0,6.09,83.81,-28.75,-12.3,-19.1,42.29,31.060000000000002,22.33,-6.91,7.52,-7.880000000000001,3.7
2025-07-30T19:18:13.751439,0.0,63.0,-54.0,-87.0,-33.0,-40.0,-54.0,36.0,-14.0,1.0,15.0,32.0,23.09,62.81,-27.75,-75.3,-28.1,-27.71,-67.94,41.33,-9.91,7.52,25.119999999999997,29.7
2025-07-30T19:18:13.755393,33.0,64.0,-100.0,-48.0,34.0,-114.0,7.0,-27.0,2.0,65.0,-3.0,2.0,56.09,63.81,-73.75,-36.3,38.9,-101.71000000000001,-6.9399999999999995,-21.67,6.09,71.52,7.119999999999999,-0.2999999999999998
2025-07-30T19:18:13.763559,81.0,99.0,-120.0,23.0,16.0,-77.0,33.0,0.0,-5.0,13.0,-38.0,-17.0,104.09,98.81,-93.75,34.7,20.9,-64.71000000000001,19.060000000000002,5.33,-0.9100000000000001,19.52,-27.880000000000003,-19.3
2025-07-30T19:18:13.767664,12.0,34.0,-92.0,18.0,-20.0,-46.0,87.0,-46.0,-103.0,91.0,-24.0,-21.0,35.09,33.81,-65.75,29.7,-15.1,-33.71,73.06,-40.67,-98.91,97.52,-13.88,-23.3
2025-07-30T19:18:13.775913,-2.0,-39.0,-80.0,-105.0,-12.0,-50.0,-9.0,29.0,-110.0,-49.0,2.0,-1.0,21.09,-39.19,-53.75,-93.3,-7.1,-37.71,-22.939999999999998,34.33,-105.91,-42.480000000000004,12.12,-3.3
2025-07-30T19:18:13.779905,14.0,50.0,-44.0,-8.0,-37.0,-102.0,66.0,63.0,-7.0,-46.0,-18.0,85.0,37.09,49.81,-17.75,3.6999999999999993,-32.1,-89.71000000000001,52.06,68.33,-2.91,-39.480000000000004,-7.880000000000001,82.7
2025-07-30T19:18:13.788225,-5.0,0.0,-52.0,-5.0,29.0,-83.0,-16.0,-67.0,-34.0,48.0,-11.0,-7.0,18.09,-0.19,-25.75,6.699999999999999,33.9,-70.71000000000001,-29.939999999999998,-61.67,-29.91,54.519999999999996,-0.8800000000000008,-9.3
2025-07-30T19:18:13.792310,-52.0,-78.0,21.0,0.0,-11.0,-15.0,-31.0,41.0,38.0,76.0,0.0,35.0,-28.91,-78.19,47.25,11.7,-6.1,-2.710000000000001,-44.94,46.33,42.09,82.52,10.12,32.7
2025-07-30T19:18:13.800470,-7.0,38.0,-41.0,22.0,18.0,-132.0,-10.0,-12.0,-77.0,25.0,5.0,-39.0,16.09,37.81,-14.75,33.7,22.9,-119.71000000000001,-23.939999999999998,-6.67,-72.91,31.52,15.12,-41.3
2025-07-30T19:18:13.804741,-36.0,44.0,-78.0,-28.0,44.0,-108.0,-1.0,17.0,-29.0,38.0,-66.0,17.0,-12.91,43.81,-51.75,-16.3,48.9,-95.71000000000001,-14.94,22.33,-24.91,44.519999999999996,-55.88,14.7
2025-07-30T19:18:13.812672,-62.0,16.0,-105.0,23.0,-5.0,-19.0,-21.0,7.0,-34.0,56.0,58.0,3.0,-38.91,15.81,-78.75,34.7,-0.09999999999999964,-6.710000000000001,-34.94,12.33,-29.91,62.519999999999996,68.12,0.7000000000000002
2025-07-30T19:18:13.816880,42.0,55.0,-58.0,43.0,6.0,-1.0,-10.0,-17.0,14.0,22.0,-52.0,9.0,65.09,54.81,-31.75,54.7,10.9,11.29,-23.939999999999998,-11.67,18.09,28.52,-41.88,6.7
2025-07-30T19:18:13.824928,23.0,8.0,-77.0,-43.0,-1.0,13.0,-23.0,-40.0,38.0,23.0,-35.0,-5.0,46.09,7.81,-50.75,-31.3,3.9000000000000004,25.29,-36.94,-34.67,42.09,29.52,-24.880000000000003,-7.3
2025-07-30T19:18:13.829343,50.0,2.0,-31.0,-60.0,-43.0,-33.0,-29.0,-46.0,33.0,55.0,-28.0,-76.0,73.09,1.81,-4.75,-48.3,-38.1,-20.71,-42.94,-40.67,37.09,61.519999999999996,-17.880000000000003,-78.3
2025-07-30T19:18:13.837307,-1.0,15.0,13.0,-38.0,64.0,7.0,-5.0,0.0,-1.0,62.0,-6.0,11.0,22.09,14.81,39.25,-26.3,68.9,19.29,-18.939999999999998,5.33,3.09,68.52,4.119999999999999,8.7
2025-07-30T19:18:13.841598,51.0,28.0,-18.0,-2.0,-5.0,30.0,-87.0,43.0,27.0,83.0,-38.0,-60.0,74.09,27.81,8.25,9.7,-0.09999999999999964,42.29,-100.94,48.33,31.09,89.52,-27.880000000000003,-62.3
2025-07-30T19:18:13.849471,-12.0,12.0,68.0,0.0,36.0,-54.0,-11.0,-22.0,-27.0,18.0,12.0,-64.0,11.09,11.81,94.25,11.7,40.9,-41.71,-24.939999999999998,-16.67,-22.91,24.52,22.119999999999997,-66.3
2025-07-30T19:18:13.853690,-29.0,-12.0,63.0,12.0,51.0,-52.0,-17.0,42.0,-26.0,18.0,15.0,-3.0,-5.91,-12.19,89.25,23.7,55.9,-39.71,-30.939999999999998,47.33,-21.91,24.52,25.119999999999997,-5.3
2025-07-30T19:18:13.861676,-45.0,48.0,-97.0,-52.0,-12.0,-20.0,-10.0,9.0,-49.0,51.0,-50.0,-48.0,-21.91,47.81,-70.75,-40.3,-7.1,-7.710000000000001,-23.939999999999998,14.33,-44.91,57.519999999999996,-39.88,-50.3
2025-07-30T19:18:13.866047,-8.0,25.0,-89.0,-36.0,-33.0,2.0,-42.0,-5.0,-54.0,-24.0,-6.0,1.0,15.09,24.81,-62.75,-24.3,-28.1,14.29,-55.94,0.33000000000000007,-49.91,-17.48,4.119999999999999,-1.2999999999999998
2025-07-30T19:18:13.874164,-48.0,128.0,-107.0,1.0,-70.0,-13.0,-16.0,-37.0,-62.0,22.0,38.0,-59.0,-24.91,127.81,-80.75,12.7,-65.1,-0.7100000000000009,-29.939999999999998,-31.67,-57.91,28.52,48.12,-61.3
2025-07-30T19:18:13.878213,-16.0,-21.0,-61.0,58.0,9.0,13.0,4.0,1.0,-88.0,43.0,65.0,-47.0,7.09,-21.19,-34.75,69.7,13.9,25.29,-9.94,6.33,-83.91,49.519999999999996,75.12,-49.3
2025-07-30T19:18:13.882252,-5.0,33.0,-48.0,5.0,-4.0,-69.0,8.0,-61.0,-60.0,-143.0,72.0,-63.0,18.09,32.81,-21.75,16.7,0.9000000000000004,-56.71,-5.9399999999999995,-55.67,-55.91,-136.48,82.12,-65.3
2025-07-30T19:18:13.890644,11.0,-52.0,-132.0,-8.0,-67.0,-17.0,-6.0,32.0,-10.0,-8.0,5.0,-1.0,34.09,-52.19,-105.75,3.6999999999999993,-62.1,-4.710000000000001,-19.939999999999998,37.33,-5.91,-1.4800000000000004,15.12,-3.3
2025-07-30T19:18:13.894976,8.0,21.0,-77.0,-81.0,-64.0,-51.0,34.0,25.0,-25.0,-36.0,85.0,-111.0,31.09,20.81,-50.75,-69.3,-59.1,-38.71,20.060000000000002,30.33,-20.91,-29.48,95.12,-113.3
2025-07-30T19:18:13.903028,36.0,-36.0,-24.0,-9.0,-51.0,2.0,-21.0,0.0,-11.0,-4.0,-4.0,-56.0,59.09,-36.19,2.25,2.6999999999999993,-46.1,14.29,-34.94,5.33,-6.91,2.5199999999999996,6.119999999999999,-58.3
2025-07-30T19:18:13.907281,-4.0,-50.0,-34.0,12.0,-13.0,30.0,-47.0,-13.0,-55.0,-49.0,34.0,49.0,19.09,-50.19,-7.75,23.7,-8.1,42.29,-60.94,-7.67,-50.91,-42.480000000000004,44.12,46.7
2025-07-30T19:18:13.915169,16.0,-116.0,5.0,-41.0,-12.0,-89.0,-18.0,36.0,-20.0,28.0,11.0,-58.0,39.09,-116.19,31.25,-29.3,-7.1,-76.71000000000001,-31.939999999999998,41.33,-15.91,34.519999999999996,21.119999999999997,-60.3
2025-07-30T19:18:13.919595,-21.0,87.0,-14.0,-10.0,68.0,-2.0,9.0,63.0,-12.0,-88.0,108.0,-131.0,2.09,86.81,12.25,1.6999999999999993,72.9,10.29,-4.9399999999999995,68.33,-7.91,-81.48,118.12,-133.3
2025-07-30T19:18:13.927321,-18.0,71.0,-53.0,29.0,-10.0,-49.0,-6.0,-79.0,-41.0,-76.0,15.0,-29.0,5.09,70.81,-26.75,40.7,-5.1,-36.71,-19.939999999999998,-73.67,-36.91,-69.48,25.119999999999997,-31.3
2025-07-30T19:18:13.931591,-3.0,19.0,-53.0,12.0,-34.0,-24.0,-3.0,13.0,29.0,-112.0,69.0,-117.0,20.09,18.81,-26.75,23.7,-29.1,-11.71,-16.939999999999998,18.33,33.09,-105.48,79.12,-119.3
2025-07-30T19:18:13.939611,-49.0,28.0,-82.0,-13.0,7.0,23.0,-1.0,-46.0,34.0,-110.0,24.0,-76.0,-25.91,27.81,-55.75,-1.3000000000000007,11.9,35.29,-14.94,-40.67,38.09,-103.48,34.12,-78.3
2025-07-30T19:18:13.943693,8.0,-19.0,-9.0,-81.0,71.0,41.0,-10.0,-2.0,1.0,-46.0,20.0,-31.0,31.09,-19.19,17.25,-69.3,75.9,53.29,-23.939999999999998,3.33,5.09,-39.480000000000004,30.119999999999997,-33.3
2025-07-30T19:18:13.951895,32.0,37.0,-11.0,-53.0,14.0,-49.0,-42.0,-17.0,-15.0,-20.0,40.0,-22.0,55.09,36.81,15.25,-41.3,18.9,-36.71,-55.94,-11.67,-10.91,-13.48,50.12,-24.3
2025-07-30T19:18:13.956613,-66.0,39.0,23.0,-4.0,-22.0,-31.0,11.0,38.0,19.0,-52.0,32.0,-27.0,-42.91,38.81,49.25,7.699999999999999,-17.1,-18.71,-2.9399999999999995,43.33,23.09,-45.480000000000004,42.12,-29.3
2025-07-30T19:18:13.964365,-63.0,35.0,6.0,56.0,14.0,-74.0,-81.0,-9.0,-19.0,-67.0,69.0,-33.0,-39.91,34.81,32.25,67.7,18.9,-61.71,-94.94,-3.67,-14.91,-60.480000000000004,79.12,-35.3
2025-07-30T19:18:13.968582,-44.0,38.0,-17.0,34.0,38.0,-33.0,33.0,-45.0,-72.0,-37.0,98.0,-85.0,-20.91,37.81,9.25,45.7,42.9,-20.71,19.060000000000002,-39.67,-67.91,-30.48,108.12,-87.3
2025-07-30T19:18:13.976570,19.0,102.0,-32.0,-30.0,-31.0,-33.0,-15.0,68.0,-22.0,-25.0,74.0,-9.0,42.09,101.81,-5.75,-18.3,-26.1,-20.71,-28.939999999999998,73.33,-17.91,-18.48,84.12,-11.3
2025-07-30T19:18:13.980713,-20.0,37.0,-59.0,-58.0,-13.0,-27.0,-22.0,-10.0,9.0,-66.0,53.0,-15.0,3.09,36.81,-32.75,-46.3,-8.1,-14.71,-35.94,-4.67,13.09,-59.480000000000004,63.12,-17.3
2025-07-30T19:18:13.988747,-19.0,-42.0,-77.0,31.0,28.0,-57.0,63.0,-7.0,-12.0,-23.0,28.0,-65.0,4.09,-42.19,-50.75,42.7,32.9,-44.71,49.06,-1.67,-7.91,-16.48,38.12,-67.3
2025-07-30T19:18:13.992871,54.0,-51.0,-35.0,7.0,7.0,-57.0,67.0,10.0,-43.0,-60.0,-44.0,-29.0,77.09,-51.19,-8.75,18.7,11.9,-44.71,53.06,15.33,-38.91,-53.480000000000004,-33.88,-31.3
2025-07-30T19:18:14.001038,-43.0,-69.0,6.0,58.0,-20.0,-39.0,3.0,-34.0,-33.0,-6.0,95.0,-23.0,-19.91,-69.19,32.25,69.7,-15.1,-26.71,-10.94,-28.67,-28.91,0.5199999999999996,105.12,-25.3
2025-07-30T19:18:14.005399,-27.0,7.0,-50.0,60.0,-63.0,7.0,23.0,-46.0,-15.0,-33.0,6.0,-57.0,-3.91,6.81,-23.75,71.7,-58.1,19.29,9.06,-40.67,-10.91,-26.48,16.119999999999997,-59.3
2025-07-30T19:18:14.013245,26.0,1.0,-60.0,-20.0,-14.0,30.0,31.0,85.0,-26.0,-21.0,44.0,-41.0,49.09,0.81,-33.75,-8.3,-9.1,42.29,17.060000000000002,90.33,-21.91,-14.48,54.12,-43.3
2025-07-30T19:18:14.017980,-86.0,62.0,-23.0,-17.0,-27.0,-9.0,24.0,-18.0,3.0,-43.0,116.0,-63.0,-62.91,61.81,3.25,-5.300000000000001,-22.1,3.289999999999999,10.06,-12.67,7.09,-36.480000000000004,126.12,-65.3
2025-07-30T19:18:14.025630,14.0,130.0,19.0,-21.0,56.0,-22.0,35.0,-54.0,-45.0,-26.0,52.0,-20.0,37.09,129.81,45.25,-9.3,60.9,-9.71,21.060000000000002,-48.67,-40.91,-19.48,62.12,-22.3
2025-07-30T19:18:14.030246,28.0,125.0,-35.0,57.0,53.0,-116.0,44.0,-11.0,-22.0,-33.0,41.0,-62.0,51.09,124.81,-8.75,68.7,57.9,-103.71000000000001,30.060000000000002,-5.67,-17.91,-26.48,51.12,-64.3
2025-07-30T19:18:14.037961,7.0,-12.0,-53.0,-62.0,-6.0,-77.0,45.0,-27.0,60.0,-29.0,30.0,-29.0,30.09,-12.19,-26.75,-50.3,-1.0999999999999996,-64.71000000000001,31.060000000000002,-21.67,64.09,-22.48,40.12,-31.3
2025-07-30T19:18:14.042366,-3.0,49.0,-31.0,31.0,-15.0,-11.0,88.0,57.0,29.0,-24.0,82.0,-69.0,20.09,48.81,-4.75,42.7,-10.1,1.2899999999999991,74.06,62.33,33.09,-17.48,92.12,-71.3
2025-07-30T19:18:14.050217,-21.0,-51.0,8.0,-36.0,34.0,-19.0,-13.0,-91.0,27.0,-48.0,55.0,-75.0,2.09,-51.19,34.25,-24.3,38.9,-6.710000000000001,-26.939999999999998,-85.67,31.09,-41.480000000000004,65.12,-77.3
2025-07-30T19:18:14.054776,-45.0,-5.0,-22.0,-22.0,26.0,10.0,-24.0,1.0,-10.0,14.0,100.0,-79.0,-21.91,-5.19,4.25,-10.3,30.9,22.29,-37.94,6.33,-5.91,20.52,110.12,-81.3
2025-07-30T19:18:14.062533,-89.0,35.0,-35.0,-31.0,-4.0,-42.0,60.0,-6.0,-22.0,-25.0,58.0,-45.0,-65.91,34.81,-8.75,-19.3,0.9000000000000004,-29.71,46.06,-0.6699999999999999,-17.91,-18.48,68.12,-47.3
2025-07-30T19:18:14.067163,-46.0,17.0,-67.0,1.0,-9.0,-36.0,-8.0,-25.0,-24.0,-12.0,40.0,13.0,-22.91,16.81,-40.75,12.7,-4.1,-23.71,-21.939999999999998,-19.67,-19.91,-5.48,50.12,10.7
2025-07-30T19:18:14.074804,-89.0,64.0,-41.0,22.0,35.0,-51.0,31.0,32.0,-8.0,-77.0,83.0,-31.0,-65.91,63.81,-14.75,33.7,39.9,-38.71,17.060000000000002,37.33,-3.91,-70.48,93.12,-33.3
2025-07-30T19:18:14.079769,49.0,97.0,11.0,-22.0,-67.0,-46.0,1.0,-48.0,12.0,-63.0,36.0,-10.0,72.09,96.81,37.25,-10.3,-62.1,-33.71,-12.94,-42.67,16.09,-56.480000000000004,46.12,-12.3
2025-07-30T19:18:14.087017,31.0,-64.0,-43.0,20.0,-47.0,-26.0,-27.0,20.0,70.0,-69.0,22.0,-35.0,54.09,-64.19,-16.75,31.7,-42.1,-13.71,-40.94,25.33,74.09,-62.480000000000004,32.12,-37.3
2025-07-30T19:18:14.091423,39.0,-76.0,20.0,-78.0,-51.0,-62.0,46.0,-35.0,10.0,-56.0,79.0,-17.0,62.09,-76.19,46.25,-66.3,-46.1,-49.71,32.06,-29.67,14.09,-49.480000000000004,89.12,-19.3
2025-07-30T19:18:14.099390,16.0,59.0,12.0,-126.0,62.0,6.0,40.0,8.0,42.0,-1.0,33.0,-43.0,39.09,58.81,38.25,-114.3,66.9,18.29,26.060000000000002,13.33,46.09,5.52,43.12,-45.3
2025-07-30T19:18:14.103629,-1.0,102.0,40.0,-97.0,71.0,-43.0,53.0,-53.0,-11.0,-61.0,82.0,-98.0,22.09,101.81,66.25,-85.3,75.9,-30.71,39.06,-47.67,-6.91,-54.480000000000004,92.12,-100.3
2025-07-30T19:18:14.111632,9.0,107.0,-41.0,-10.0,47.0,-52.0,48.0,-7.0,-23.0,-50.0,68.0,-74.0,32.09,106.81,-14.75,1.6999999999999993,51.9,-39.71,34.06,-1.67,-18.91,-43.480000000000004,78.12,-76.3
2025-07-30T19:18:14.115820,-47.0,53.0,-59.0,19.0,-25.0,14.0,-6.0,-52.0,-16.0,-72.0,10.0,-35.0,-23.91,52.81,-32.75,30.7,-20.1,26.29,-19.939999999999998,-46.67,-11.91,-65.48,20.119999999999997,-37.3
2025-07-30T19:18:14.124048,-13.0,-45.0,-37.0,-49.0,44.0,43.0,0.0,-29.0,60.0,-88.0,-5.0,-81.0,10.09,-45.19,-10.75,-37.3,48.9,55.29,-13.94,-23.67,64.09,-81.48,5.119999999999999,-83.3
2025-07-30T19:18:14.128385,-20.0,35.0,-32.0,-83.0,-18.0,-9.0,21.0,21.0,33.0,-74.0,47.0,-31.0,3.09,34.81,-5.75,-71.3,-13.1,3.289999999999999,7.0600000000000005,26.33,37.09,-67.48,57.12,-33.3
2025-07-30T19:18:14.136288,-39.0,-6.0,62.0,-10.0,7.0,-1.0,12.0,-20.0,-27.0,-29.0,43.0,-126.0,-15.91,-6.19,88.25,1.6999999999999993,11.9,11.29,-1.9399999999999995,-14.67,-22.91,-22.48,53.12,-128.3
2025-07-30T19:18:14.140613,23.0,-72.0,24.0,-38.0,-3.0,-62.0,24.0,-6.0,-26.0,-25.0,69.0,-56.0,46.09,-72.19,50.25,-26.3,1.9000000000000004,-49.71,10.06,-0.6699999999999999,-21.91,-18.48,79.12,-58.3
2025-07-30T19:18:14.148453,14.0,50.0,47.0,-15.0,-2.0,-31.0,-47.0,9.0,-25.0,-61.0,66.0,8.0,37.09,49.81,73.25,-3.3000000000000007,2.9000000000000004,-18.71,-60.94,14.33,-20.91,-54.480000000000004,76.12,5.7
2025-07-30T19:18:14.152719,-36.0,-18.0,30.0,14.0,-40.0,-17.0,-35.0,56.0,-26.0,7.0,57.0,-84.0,-12.91,-18.19,56.25,25.7,-35.1,-4.710000000000001,-48.94,61.33,-21.91,13.52,67.12,-86.3
2025-07-30T19:18:14.160700,-37.0,58.0,10.0,51.0,29.0,-77.0,-26.0,-5.0,-20.0,-1.0,39.0,-30.0,-13.91,57.81,36.25,62.7,33.9,-64.71000000000001,-39.94,0.33000000000000007,-15.91,5.52,49.12,-32.3
2025-07-30T19:18:14.164968,6.0,54.0,3.0,-8.0,-21.0,-41.0,-23.0,-30.0,-5.0,-62.0,29.0,7.0,29.09,53.81,29.25,3.6999999999999993,-16.1,-28.71,-36.94,-24.67,-0.9100000000000001,-55.480000000000004,39.12,4.7
2025-07-30T19:18:14.173079,-35.0,65.0,-42.0,-91.0,14.0,24.0,-33.0,15.0,-35.0,-64.0,38.0,-86.0,-11.91,64.81,-15.75,-79.3,18.9,36.29,-46.94,20.33,-30.91,-57.480000000000004,48.12,-88.3
2025-07-30T19:18:14.177245,1.0,24.0,-114.0,9.0,-7.0,-66.0,16.0,14.0,-13.0,-18.0,47.0,-85.0,24.09,23.81,-87.75,20.7,-2.0999999999999996,-53.71,2.0600000000000005,19.33,-8.91,-11.48,57.12,-87.3
2025-07-30T19:18:14.185300,19.0,106.0,-68.0,-30.0,-13.0,-11.0,4.0,92.0,-32.0,-41.0,50.0,-50.0,42.09,105.81,-41.75,-18.3,-8.1,1.2899999999999991,-9.94,97.33,-27.91,-34.480000000000004,60.12,-52.3
2025-07-30T19:18:14.189471,38.0,40.0,-58.0,4.0,-37.0,-8.0,51.0,13.0,-17.0,-72.0,-5.0,-47.0,61.09,39.81,-31.75,15.7,-32.1,4.289999999999999,37.06,18.33,-12.91,-65.48,5.119999999999999,-49.3
2025-07-30T19:18:14.193537,31.0,-25.0,-81.0,-48.0,3.0,-33.0,33.0,48.0,28.0,-31.0,-23.0,-54.0,54.09,-25.19,-54.75,-36.3,7.9,-20.71,19.060000000000002,53.33,32.09,-24.48,-12.88,-56.3
2025-07-30T19:18:14.201782,59.0,-25.0,25.0,-3.0,-31.0,-33.0,27.0,-67.0,-41.0,-51.0,-22.0,-61.0,82.09,-25.19,51.25,8.7,-26.1,-20.71,13.06,-61.67,-36.91,-44.480000000000004,-11.88,-63.3
2025-07-30T19:18:14.205864,-44.0,9.0,-36.0,7.0,30.0,2.0,52.0,5.0,20.0,24.0,24.0,-42.0,-20.91,8.81,-9.75,18.7,34.9,14.29,38.06,10.33,24.09,30.52,34.12,-44.3
2025-07-30T19:18:14.214033,-53.0,6.0,-22.0,30.0,-83.0,45.0,-7.0,25.0,1.0,-29.0,39.0,-33.0,-29.91,5.81,4.25,41.7,-78.1,57.29,-20.939999999999998,30.33,5.09,-22.48,49.12,-35.3
2025-07-30T19:18:14.218207,-104.0,-48.0,-69.0,-88.0,-59.0,20.0,-61.0,43.0,50.0,15.0,80.0,-77.0,-80.91,-48.19,-42.75,-76.3,-54.1,32.29,-74.94,48.33,54.09,21.52,90.12,-79.3
2025-07-30T19:18:14.226414,-58.0,49.0,-47.0,-45.0,33.0,5.0,-40.0,13.0,9.0,-31.0,40.0,-49.0,-34.91,48.81,-20.75,-33.3,37.9,17.29,-53.94,18.33,13.09,-24.48,50.12,-51.3
2025-07-30T19:18:14.230400,-76.0,48.0,-58.0,-71.0,31.0,-86.0,-46.0,-23.0,-1.0,-36.0,49.0,-16.0,-52.91,47.81,-31.75,-59.3,35.9,-73.71000000000001,-59.94,-17.67,3.09,-29.48,59.12,-18.3
2025-07-30T19:18:14.238594,-10.0,53.0,-62.0,8.0,-37.0,-39.0,40.0,1.0,30.0,-62.0,48.0,-34.0,13.09,52.81,-35.75,19.7,-32.1,-26.71,26.060000000000002,6.33,34.09,-55.480000000000004,58.12,-36.3
2025-07-30T19:18:14.242708,46.0,65.0,-89.0,-14.0,-70.0,-21.0,7.0,-50.0,-7.0,-53.0,-33.0,-9.0,69.09,64.81,-62.75,-2.3000000000000007,-65.1,-8.71,-6.9399999999999995,-44.67,-2.91,-46.480000000000004,-22.880000000000003,-11.3
2025-07-30T19:18:14.250843,21.0,78.0,-26.0,15.0,-52.0,-45.0,6.0,11.0,-41.0,35.0,44.0,-47.0,44.09,77.81,0.25,26.7,-47.1,-32.71,-7.9399999999999995,16.33,-36.91,41.519999999999996,54.12,-49.3
2025-07-30T19:18:14.255121,-4.0,-13.0,-37.0,-1.0,1.0,28.0,69.0,35.0,-22.0,-64.0,76.0,-61.0,19.09,-13.19,-10.75,10.7,5.9,40.29,55.06,40.33,-17.91,-57.480000000000004,86.12,-63.3
2025-07-30T19:18:14.263278,-1.0,-41.0,-50.0,0.0,-27.0,-23.0,31.0,73.0,2.0,-120.0,33.0,-49.0,22.09,-41.19,-23.75,11.7,-22.1,-10.71,17.060000000000002,78.33,6.09,-113.48,43.12,-51.3
2025-07-30T19:18:14.267545,-19.0,6.0,15.0,-5.0,29.0,2.0,103.0,60.0,-31.0,8.0,34.0,7.0,4.09,5.81,41.25,6.699999999999999,33.9,14.29,89.06,65.33,-26.91,14.52,44.12,4.7
2025-07-30T19:18:14.275494,47.0,-1.0,65.0,-6.0,62.0,-30.0,25.0,-19.0,-21.0,-40.0,73.0,-46.0,70.09,-1.19,91.25,5.699999999999999,66.9,-17.71,11.06,-13.67,-16.91,-33.480000000000004,83.12,-48.3
2025-07-30T19:18:14.279748,7.0,-29.0,-5.0,-50.0,10.0,-25.0,23.0,-12.0,-43.0,-39.0,41.0,-42.0,30.09,-29.19,21.25,-38.3,14.9,-12.71,9.06,-6.67,-38.91,-32.480000000000004,51.12,-44.3
2025-07-30T19:18:14.287725,-59.0,-4.0,14.0,-72.0,-6.0,-30.0,34.0,8.0,-12.0,-90.0,32.0,-12.0,-35.91,-4.19,40.25,-60.3,-1.0999999999999996,-17.71,20.060000000000002,13.33,-7.91,-83.48,42.12,-14.3
2025-07-30T19:18:14.292102,-35.0,107.0,36.0,-5.0,-44.0,-59.0,-26.0,-47.0,2.0,-73.0,20.0,-13.0,-11.91,106.81,62.25,6.699999999999999,-39.1,-46.71,-39.94,-41.67,6.09,-66.48,30.119999999999997,-15.3
2025-07-30T19:18:14.300097,-24.0,67.0,-21.0,-46.0,35.0,-39.0,69.0,-39.0,12.0,-57.0,31.0,-2.0,-0.9100000000000001,66.81,5.25,-34.3,39.9,-26.71,55.06,-33.67,16.09,-50.480000000000004,41.12,-4.3
2025-07-30T19:18:14.304314,-8.0,46.0,-44.0,-24.0,-47.0,-4.0,9.0,-15.0,45.0,14.0,80.0,-8.0,15.09,45.81,-17.75,-12.3,-42.1,8.29,-4.9399999999999995,-9.67,49.09,20.52,90.12,-10.3
2025-07-30T19:18:14.312365,46.0,68.0,-62.0,-21.0,-9.0,-59.0,-53.0,-26.0,-37.0,-28.0,-28.0,-32.0,69.09,67.81,-35.75,-9.3,-4.1,-46.71,-66.94,-20.67,-32.91,-21.48,-17.880000000000003,-34.3
2025-07-30T19:18:14.317125,2.0,1.0,-61.0,-78.0,-19.0,-2.0,11.0,-95.0,-7.0,-20.0,-2.0,-37.0,25.09,0.81,-34.75,-66.3,-14.1,10.29,-2.9399999999999995,-89.67,-2.91,-13.48,8.12,-39.3
2025-07-30T19:18:14.324490,-31.0,-54.0,-82.0,-5.0,25.0,12.0,2.0,-37.0,-70.0,-58.0,85.0,-4.0,-7.91,-54.19,-55.75,6.699999999999999,29.9,24.29,-11.94,-31.67,-65.91,-51.480000000000004,95.12,-6.3
2025-07-30T19:18:14.329513,-21.0,-13.0,-10.0,-7.0,-36.0,-36.0,-15.0,-96.0,18.0,-76.0,6.0,-32.0,2.09,-13.19,16.25,4.699999999999999,-31.1,-23.71,-28.939999999999998,-90.67,22.09,-69.48,16.119999999999997,-34.3
2025-07-30T19:18:14.336895,-39.0,-28.0,10.0,-25.0,15.0,4.0,56.0,-51.0,12.0,-30.0,-69.0,-17.0,-15.91,-28.19,36.25,-13.3,19.9,16.29,42.06,-45.67,16.09,-23.48,-58.88,-19.3
2025-07-30T19:18:14.341788,-23.0,-84.0,-41.0,-30.0,13.0,-74.0,-30.0,-66.0,26.0,-48.0,-47.0,104.0,0.08999999999999986,-84.19,-14.75,-18.3,17.9,-61.71,-43.94,-60.67,30.09,-41.480000000000004,-36.88,101.7
2025-07-30T19:18:14.349075,-50.0,-5.0,-4.0,-72.0,-43.0,-18.0,-23.0,54.0,-17.0,-19.0,-34.0,74.0,-26.91,-5.19,22.25,-60.3,-38.1,-5.710000000000001,-36.94,59.33,-12.91,-12.48,-23.880000000000003,71.7
2025-07-30T19:18:14.353992,-68.0,66.0,-38.0,33.0,-39.0,-30.0,11.0,-5.0,-26.0,-75.0,-91.0,-19.0,-44.91,65.81,-11.75,44.7,-34.1,-17.71,-2.9399999999999995,0.33000000000000007,-21.91,-68.48,-80.88,-21.3
2025-07-30T19:18:14.361520,-17.0,51.0,-75.0,-9.0,-41.0,12.0,9.0,-1.0,30.0,-2.0,-18.0,32.0,6.09,50.81,-48.75,2.6999999999999993,-36.1,24.29,-4.9399999999999995,4.33,34.09,4.52,-7.880000000000001,29.7
2025-07-30T19:18:14.366133,35.0,75.0,-53.0,-26.0,-61.0,35.0,-21.0,-1.0,1.0,-37.0,46.0,7.0,58.09,74.81,-26.75,-14.3,-56.1,47.29,-34.94,4.33,5.09,-30.48,56.12,4.7
2025-07-30T19:18:14.373598,-1.0,-15.0,-57.0,9.0,-32.0,-32.0,-1.0,-20.0,-10.0,57.0,-44.0,-17.0,22.09,-15.19,-30.75,20.7,-27.1,-19.71,-14.94,-14.67,-5.91,63.519999999999996,-33.88,-19.3
2025-07-30T19:18:14.377987,-5.0,-22.0,-85.0,-52.0,11.0,-11.0,41.0,53.0,25.0,-71.0,20.0,-13.0,18.09,-22.19,-58.75,-40.3,15.9,1.2899999999999991,27.060000000000002,58.33,29.09,-64.48,30.119999999999997,-15.3
2025-07-30T19:18:14.382424,3.0,-9.0,38.0,33.0,-8.0,-3.0,-24.0,10.0,51.0,-26.0,-84.0,44.0,26.09,-9.19,64.25,44.7,-3.0999999999999996,9.29,-37.94,15.33,55.09,-19.48,-73.88,41.7
2025-07-30T19:18:14.390723,1.0,-69.0,-39.0,36.0,-1.0,-78.0,-10.0,-54.0,-2.0,-4.0,-66.0,32.0,24.09,-69.19,-12.75,47.7,3.9000000000000004,-65.71000000000001,-23.939999999999998,-48.67,2.09,2.5199999999999996,-55.88,29.7
2025-07-30T19:18:14.395305,-4.0,54.0,67.0,57.0,-12.0,-2.0,-80.0,69.0,-44.0,5.0,-16.0,15.0,19.09,53.81,93.25,68.7,-7.1,10.29,-93.94,74.33,-39.91,11.52,-5.880000000000001,12.7
2025-07-30T19:18:14.402757,-56.0,33.0,4.0,-27.0,15.0,-52.0,60.0,-41.0,-21.0,67.0,-23.0,29.0,-32.91,32.81,30.25,-15.3,19.9,-39.71,46.06,-35.67,-16.91,73.52,-12.88,26.7
2025-07-30T19:18:14.406680,-35.0,26.0,-37.0,0.0,12.0,-65.0,19.0,21.0,-56.0,23.0,-47.0,76.0,-11.91,25.81,-10.75,11.7,16.9,-52.71,5.0600000000000005,26.33,-51.91,29.52,-36.88,73.7
2025-07-30T19:18:14.415120,-71.0,35.0,-35.0,-27.0,-2.0,-35.0,-67.0,-1.0,19.0,-56.0,-44.0,105.0,-47.91,34.81,-8.75,-15.3,2.9000000000000004,-22.71,-80.94,4.33,23.09,-49.480000000000004,-33.88,102.7
2025-07-30T19:18:14.419029,-37.0,6.0,-124.0,-36.0,-12.0,7.0,-23.0,43.0,-50.0,-10.0,8.0,-5.0,-13.91,5.81,-97.75,-24.3,-7.1,19.29,-36.94,48.33,-45.91,-3.4800000000000004,18.119999999999997,-7.3
2025-07-30T19:18:14.427161,-47.0,32.0,-70.0,-15.0,-13.0,-30.0,55.0,-12.0,-19.0,-48.0,-62.0,52.0,-23.91,31.81,-43.75,-3.3000000000000007,-8.1,-17.71,41.06,-6.67,-14.91,-41.480000000000004,-51.88,49.7
2025-07-30T19:18:14.431281,4.0,34.0,-33.0,-2.0,14.0,-6.0,20.0,-67.0,8.0,46.0,-37.0,-50.0,27.09,33.81,-6.75,9.7,18.9,6.289999999999999,6.0600000000000005,-61.67,12.09,52.519999999999996,-26.880000000000003,-52.3
2025-07-30T19:18:14.439322,-52.0,41.0,-45.0,-89.0,15.0,-2.0,-8.0,-18.0,-37.0,17.0,-61.0,-4.0,-28.91,40.81,-18.75,-77.3,19.9,10.29,-21.939999999999998,-12.67,-32.91,23.52,-50.88,-6.3
2025-07-30T19:18:14.443553,53.0,-11.0,-83.0,-18.0,-13.0,-54.0,66.0,25.0,-12.0,-37.0,-2.0,3.0,76.09,-11.19,-56.75,-6.300000000000001,-8.1,-41.71,52.06,30.33,-7.91,-30.48,8.12,0.7000000000000002
2025-07-30T19:18:14.451683,48.0,23.0,-96.0,-37.0,33.0,-126.0,22.0,17.0,-6.0,-39.0,-54.0,25.0,71.09,22.81,-69.75,-25.3,37.9,-113.71000000000001,8.06,22.33,-1.9100000000000001,-32.480000000000004,-43.88,22.7
2025-07-30T19:18:14.455788,-21.0,-55.0,-65.0,-15.0,-4.0,-20.0,9.0,57.0,54.0,-26.0,11.0,90.0,2.09,-55.19,-38.75,-3.3000000000000007,0.9000000000000004,-7.710000000000001,-4.9399999999999995,62.33,58.09,-19.48,21.119999999999997,87.7
2025-07-30T19:18:14.463931,22.0,-26.0,-40.0,-4.0,-14.0,-10.0,-19.0,47.0,34.0,9.0,-15.0,43.0,45.09,-26.19,-13.75,7.699999999999999,-9.1,2.289999999999999,-32.94,52.33,38.09,15.52,-4.880000000000001,40.7
2025-07-30T19:18:14.468271,-40.0,-40.0,48.0,9.0,-30.0,22.0,7.0,-74.0,-35.0,-47.0,-4.0,56.0,-16.91,-40.19,74.25,20.7,-25.1,34.29,-6.9399999999999995,-68.67,-30.91,-40.480000000000004,6.119999999999999,53.7
2025-07-30T19:18:14.476132,39.0,36.0,-25.0,-35.0,-27.0,3.0,-9.0,50.0,-42.0,-12.0,-63.0,58.0,62.09,35.81,1.25,-23.3,-22.1,15.29,-22.939999999999998,55.33,-37.91,-5.48,-52.88,55.7
2025-07-30T19:18:14.480270,-61.0,-40.0,11.0,-72.0,85.0,0.0,-12.0,-51.0,-45.0,6.0,-75.0,57.0,-37.91,-40.19,37.25,-60.3,89.9,12.29,-25.939999999999998,-45.67,-40.91,12.52,-64.88,54.7
2025-07-30T19:18:14.488493,-50.0,-10.0,-14.0,-61.0,18.0,-33.0,-18.0,-2.0,-25.0,-16.0,25.0,-50.0,-26.91,-10.19,12.25,-49.3,22.9,-20.71,-31.939999999999998,3.33,-20.91,-9.48,35.12,-52.3
2025-07-30T19:18:14.492675,-39.0,51.0,-72.0,-8.0,0.0,-74.0,-42.0,-13.0,-19.0,47.0,-61.0,91.0,-15.91,50.81,-45.75,3.6999999999999993,4.9,-61.71,-55.94,-7.67,-14.91,53.519999999999996,-50.88,88.7
2025-07-30T19:18:14.500728,-53.0,67.0,-70.0,2.0,-3.0,-62.0,66.0,-37.0,-32.0,52.0,-75.0,-84.0,-29.91,66.81,-43.75,13.7,1.9000000000000004,-49.71,52.06,-31.67,-27.91,58.519999999999996,-64.88,-86.3
2025-07-30T19:18:14.504926,-51.0,72.0,-15.0,10.0,-58.0,-40.0,77.0,27.0,60.0,33.0,-38.0,6.0,-27.91,71.81,11.25,21.7,-53.1,-27.71,63.06,32.33,64.09,39.519999999999996,-27.880000000000003,3.7
2025-07-30T19:18:14.512944,40.0,31.0,-37.0,-80.0,-4.0,-7.0,-13.0,-13.0,-51.0,-2.0,5.0,24.0,63.09,30.81,-10.75,-68.3,0.9000000000000004,5.289999999999999,-26.939999999999998,-7.67,-46.91,4.52,15.12,21.7
2025-07-30T19:18:14.517340,-13.0,56.0,-113.0,-40.0,-23.0,-15.0,41.0,-53.0,-55.0,38.0,-63.0,54.0,10.09,55.81,-86.75,-28.3,-18.1,-2.710000000000001,27.060000000000002,-47.67,-50.91,44.519999999999996,-52.88,51.7
2025-07-30T19:18:14.525367,-2.0,-3.0,-58.0,44.0,4.0,-50.0,4.0,-28.0,87.0,32.0,-33.0,17.0,21.09,-3.19,-31.75,55.7,8.9,-37.71,-9.94,-22.67,91.09,38.519999999999996,-22.880000000000003,14.7
2025-07-30T19:18:14.529524,57.0,-62.0,-30.0,-20.0,-27.0,-31.0,18.0,-29.0,-69.0,0.0,-17.0,62.0,80.09,-62.19,-3.75,-8.3,-22.1,-18.71,4.0600000000000005,-23.67,-64.91,6.52,-6.880000000000001,59.7
2025-07-30T19:18:14.537653,10.0,22.0,18.0,-10.0,-16.0,22.0,35.0,-50.0,22.0,36.0,-36.0,-21.0,33.09,21.81,44.25,1.6999999999999993,-11.1,34.29,21.060000000000002,-44.67,26.09,42.519999999999996,-25.880000000000003,-23.3
2025-07-30T19:18:14.541893,-15.0,24.0,-24.0,-61.0,73.0,22.0,-53.0,17.0,-4.0,65.0,-28.0,23.0,8.09,23.81,2.25,-49.3,77.9,34.29,-66.94,22.33,0.08999999999999986,71.52,-17.880000000000003,20.7
2025-07-30T19:18:14.545905,-27.0,54.0,30.0,-24.0,0.0,4.0,13.0,26.0,26.0,36.0,-76.0,90.0,-3.91,53.81,56.25,-12.3,4.9,16.29,-0.9399999999999995,31.33,30.09,42.519999999999996,-65.88,87.7
2025-07-30T19:18:14.554160,-69.0,-29.0,36.0,-3.0,52.0,37.0,-13.0,10.0,-5.0,7.0,6.0,52.0,-45.91,-29.19,62.25,8.7,56.9,49.29,-26.939999999999998,15.33,-0.9100000000000001,13.52,16.119999999999997,49.7
2025-07-30T19:18:14.558544,-32.0,70.0,10.0,29.0,-42.0,-10.0,78.0,-4.0,2.0,45.0,-53.0,-26.0,-8.91,69.81,36.25,40.7,-37.1,2.289999999999999,64.06,1.33,6.09,51.519999999999996,-42.88,-28.3
2025-07-30T19:18:14.566582,-9.0,118.0,-50.0,-57.0,-36.0,22.0,-51.0,-1.0,18.0,47.0,-74.0,90.0,14.09,117.81,-23.75,-45.3,-31.1,34.29,-64.94,4.33,22.09,53.519999999999996,-63.88,87.7
2025-07-30T19:18:14.574384,-40.0,50.0,-115.0,-10.0,54.0,-12.0,-21.0,-53.0,10.0,-86.0,-50.0,23.0,-16.91,49.81,-88.75,1.6999999999999993,58.9,0.28999999999999915,-34.94,-47.67,14.09,-79.48,-39.88,20.7
2025-07-30T19:18:14.578625,-40.0,-35.0,-70.0,-59.0,47.0,-39.0,-46.0,23.0,-25.0,19.0,-27.0,20.0,-16.91,-35.19,-43.75,-47.3,51.9,-26.71,-59.94,28.33,-20.91,25.52,-16.880000000000003,17.7
2025-07-30T19:18:14.582984,-15.0,13.0,-18.0,66.0,-7.0,-40.0,-46.0,12.0,-6.0,0.0,-25.0,-21.0,8.09,12.81,8.25,77.7,-2.0999999999999996,-27.71,-59.94,17.33,-1.9100000000000001,6.52,-14.88,-23.3
2025-07-30T19:18:14.590898,-61.0,-62.0,-25.0,-12.0,-55.0,-54.0,0.0,17.0,-63.0,18.0,-19.0,98.0,-37.91,-62.19,1.25,-0.3000000000000007,-50.1,-41.71,-13.94,22.33,-58.91,24.52,-8.88,95.7
2025-07-30T19:18:14.594979,-89.0,63.0,-17.0,-9.0,-56.0,59.0,-3.0,-18.0,2.0,30.0,-57.0,-18.0,-65.91,62.81,9.25,2.6999999999999993,-51.1,71.28999999999999,-16.939999999999998,-12.67,6.09,36.519999999999996,-46.88,-20.3
2025-07-30T19:18:14.603574,-15.0,6.0,-65.0,-40.0,-6.0,-10.0,61.0,-4.0,39.0,54.0,-14.0,-13.0,8.09,5.81,-38.75,-28.3,-1.0999999999999996,2.289999999999999,47.06,1.33,43.09,60.519999999999996,-3.880000000000001,-15.3
2025-07-30T19:18:14.607201,-47.0,51.0,-9.0,-2.0,-31.0,-7.0,-58.0,29.0,27.0,30.0,-6.0,-5.0,-23.91,50.81,17.25,9.7,-26.1,5.289999999999999,-71.94,34.33,31.09,36.519999999999996,4.119999999999999,-7.3
2025-07-30T19:18:14.615411,-57.0,-29.0,-68.0,13.0,-99.0,-13.0,21.0,-5.0,-75.0,-21.0,4.0,-7.0,-33.91,-29.19,-41.75,24.7,-94.1,-0.7100000000000009,7.0600000000000005,0.33000000000000007,-70.91,-14.48,14.12,-9.3
2025-07-30T19:18:14.619786,-37.0,91.0,-68.0,-17.0,21.0,46.0,-68.0,4.0,58.0,14.0,8.0,64.0,-13.91,90.81,-41.75,-5.300000000000001,25.9,58.29,-81.94,9.33,62.09,20.52,18.119999999999997,61.7
2025-07-30T19:18:14.627804,-67.0,19.0,-37.0,-53.0,-43.0,-13.0,66.0,15.0,19.0,4.0,-20.0,-18.0,-43.91,18.81,-10.75,-41.3,-38.1,-0.7100000000000009,52.06,20.33,23.09,10.52,-9.88,-20.3
2025-07-30T19:18:14.631943,-58.0,55.0,-41.0,-108.0,71.0,0.0,47.0,-23.0,-6.0,-40.0,4.0,56.0,-34.91,54.81,-14.75,-96.3,75.9,12.29,33.06,-17.67,-1.9100000000000001,-33.480000000000004,14.12,53.7
2025-07-30T19:18:14.639965,10.0,-23.0,-90.0,-51.0,6.0,-40.0,24.0,-15.0,-4.0,43.0,-29.0,80.0,33.09,-23.19,-63.75,-39.3,10.9,-27.71,10.06,-9.67,0.08999999999999986,49.519999999999996,-18.880000000000003,77.7
2025-07-30T19:18:14.644367,4.0,-11.0,-76.0,38.0,-35.0,-19.0,42.0,12.0,19.0,3.0,-16.0,64.0,27.09,-11.19,-49.75,49.7,-30.1,-6.710000000000001,28.060000000000002,17.33,23.09,9.52,-5.880000000000001,61.7
2025-07-30T19:18:14.652373,-53.0,-18.0,-45.0,3.0,-59.0,-69.0,90.0,-23.0,-9.0,-4.0,-28.0,29.0,-29.91,-18.19,-18.75,14.7,-54.1,-56.71,76.06,-17.67,-4.91,2.5199999999999996,-17.880000000000003,26.7
2025-07-30T19:18:14.656633,35.0,-84.0,-75.0,-27.0,6.0,-9.0,50.0,69.0,-22.0,-5.0,-54.0,18.0,58.09,-84.19,-48.75,-15.3,10.9,3.289999999999999,36.06,74.33,-17.91,1.5199999999999996,-43.88,15.7
2025-07-30T19:18:14.664463,-21.0,5.0,-90.0,-36.0,11.0,25.0,-29.0,59.0,1.0,-21.0,-11.0,-8.0,2.09,4.81,-63.75,-24.3,15.9,37.29,-42.94,64.33,5.09,-14.48,-0.8800000000000008,-10.3
2025-07-30T19:18:14.668744,32.0,-3.0,-107.0,68.0,-29.0,1.0,-11.0,35.0,-1.0,-2.0,-42.0,47.0,55.09,-3.19,-80.75,79.7,-24.1,13.29,-24.939999999999998,40.33,3.09,4.52,-31.880000000000003,44.7
2025-07-30T19:18:14.676719,11.0,-54.0,-29.0,-32.0,2.0,15.0,-7.0,-47.0,1.0,46.0,-44.0,90.0,34.09,-54.19,-2.75,-20.3,6.9,27.29,-20.939999999999998,-41.67,5.09,52.519999999999996,-33.88,87.7
2025-07-30T19:18:14.680993,1.0,-55.0,-102.0,-9.0,-18.0,-74.0,-62.0,55.0,-29.0,49.0,-58.0,-18.0,24.09,-55.19,-75.75,2.6999999999999993,-13.1,-61.71,-75.94,60.33,-24.91,55.519999999999996,-47.88,-20.3
2025-07-30T19:18:14.685385,-6.0,-66.0,32.0,-47.0,-55.0,44.0,37.0,-16.0,34.0,-4.0,-23.0,7.0,17.09,-66.19,58.25,-35.3,-50.1,56.29,23.060000000000002,-10.67,38.09,2.5199999999999996,-12.88,4.7
2025-07-30T19:18:14.693424,-100.0,-76.0,-8.0,-63.0,-13.0,57.0,98.0,-18.0,-32.0,50.0,-14.0,21.0,-76.91,-76.19,18.25,-51.3,-8.1,69.28999999999999,84.06,-12.67,-27.91,56.519999999999996,-3.880000000000001,18.7
2025-07-30T19:18:14.697521,-112.0,34.0,29.0,-62.0,91.0,37.0,7.0,25.0,82.0,31.0,-34.0,37.0,-88.91,33.81,55.25,-50.3,95.9,49.29,-6.9399999999999995,30.33,86.09,37.519999999999996,-23.880000000000003,34.7
2025-07-30T19:18:14.705621,-114.0,9.0,-89.0,-29.0,63.0,-87.0,20.0,22.0,-35.0,-22.0,-70.0,28.0,-90.91,8.81,-62.75,-17.3,67.9,-74.71000000000001,6.0600000000000005,27.33,-30.91,-15.48,-59.88,25.7
2025-07-30T19:18:14.709749,-7.0,66.0,-56.0,73.0,24.0,-58.0,51.0,-13.0,18.0,-49.0,1.0,32.0,16.09,65.81,-29.75,84.7,28.9,-45.71,37.06,-7.67,22.09,-42.480000000000004,11.12,29.7
2025-07-30T19:18:14.717911,67.0,-39.0,-57.0,16.0,29.0,-68.0,14.0,-30.0,51.0,-6.0,-42.0,46.0,90.09,-39.19,-30.75,27.7,33.9,-55.71,0.0600000000000005,-24.67,55.09,0.5199999999999996,-31.880000000000003,43.7
2025-07-30T19:18:14.725971,-49.0,-13.0,-3.0,-5.0,-11.0,-1.0,11.0,-78.0,-29.0,-29.0,-62.0,13.0,-25.91,-13.19,23.25,6.699999999999999,-6.1,11.29,-2.9399999999999995,-72.67,-24.91,-22.48,-51.88,10.7
2025-07-30T19:18:14.730248,-3.0,-56.0,-11.0,-20.0,-24.0,11.0,0.0,-5.0,15.0,30.0,-40.0,36.0,20.09,-56.19,15.25,-8.3,-19.1,23.29,-13.94,0.33000000000000007,19.09,36.519999999999996,-29.880000000000003,33.7
2025-07-30T19:18:14.734185,-49.0,-19.0,10.0,-70.0,60.0,-20.0,-2.0,0.0,-35.0,-4.0,7.0,-8.0,-25.91,-19.19,36.25,-58.3,64.9,-7.710000000000001,-15.94,5.33,-30.91,2.5199999999999996,17.119999999999997,-10.3
2025-07-30T19:18:14.742317,-90.0,13.0,3.0,-99.0,51.0,11.0,60.0,6.0,29.0,1.0,-2.0,64.0,-66.91,12.81,29.25,-87.3,55.9,23.29,46.06,11.33,33.09,7.52,8.12,61.7
2025-07-30T19:18:14.746690,5.0,55.0,-76.0,-12.0,72.0,-18.0,56.0,-48.0,-35.0,-42.0,-37.0,-48.0,28.09,54.81,-49.75,-0.3000000000000007,76.9,-5.710000000000001,42.06,-42.67,-30.91,-35.480000000000004,-26.880000000000003,-50.3
2025-07-30T19:18:14.754675,-82.0,13.0,-65.0,15.0,-15.0,-17.0,32.0,15.0,-77.0,64.0,-61.0,-23.0,-58.91,12.81,-38.75,26.7,-10.1,-4.710000000000001,18.060000000000002,20.33,-72.91,70.52,-50.88,-25.3
2025-07-30T19:18:14.759077,61.0,26.0,-89.0,2.0,55.0,-76.0,-7.0,-51.0,9.0,20.0,39.0,23.0,84.09,25.81,-62.75,13.7,59.9,-63.71,-20.939999999999998,-45.67,13.09,26.52,49.12,20.7
2025-07-30T19:18:14.767006,40.0,100.0,-73.0,-17.0,12.0,32.0,-3.0,-30.0,-11.0,40.0,27.0,-36.0,63.09,99.81,-46.75,-5.300000000000001,16.9,44.29,-16.939999999999998,-24.67,-6.91,46.519999999999996,37.12,-38.3
2025-07-30T19:18:14.771474,-9.0,-34.0,-87.0,28.0,-76.0,-5.0,4.0,-49.0,19.0,11.0,70.0,-62.0,14.09,-34.19,-60.75,39.7,-71.1,7.289999999999999,-9.94,-43.67,23.09,17.52,80.12,-64.3
2025-07-30T19:18:14.779324,43.0,-59.0,-16.0,-20.0,-28.0,-17.0,89.0,-53.0,-2.0,-91.0,1.0,8.0,66.09,-59.19,10.25,-8.3,-23.1,-4.710000000000001,75.06,-47.67,2.09,-84.48,11.12,5.7
2025-07-30T19:18:14.783646,4.0,21.0,-44.0,-5.0,17.0,-30.0,-32.0,6.0,8.0,-44.0,21.0,-62.0,27.09,20.81,-17.75,6.699999999999999,21.9,-17.71,-45.94,11.33,12.09,-37.480000000000004,31.119999999999997,-64.3
2025-07-30T19:18:14.791579,39.0,-16.0,-30.0,-21.0,-81.0,30.0,52.0,23.0,-7.0,-66.0,-13.0,27.0,62.09,-16.19,-3.75,-9.3,-76.1,42.29,38.06,28.33,-2.91,-59.480000000000004,-2.880000000000001,24.7
2025-07-30T19:18:14.795671,-51.0,-24.0,-17.0,-51.0,7.0,0.0,64.0,-25.0,35.0,-87.0,-23.0,21.0,-27.91,-24.19,9.25,-39.3,11.9,12.29,50.06,-19.67,39.09,-80.48,-12.88,18.7
2025-07-30T19:18:14.803745,-83.0,57.0,47.0,-26.0,57.0,-19.0,8.0,-5.0,49.0,-78.0,-35.0,8.0,-59.91,56.81,73.25,-14.3,61.9,-6.710000000000001,-5.9399999999999995,0.33000000000000007,53.09,-71.48,-24.880000000000003,5.7
2025-07-30T19:18:14.807982,-44.0,31.0,50.0,-72.0,1.0,-32.0,0.0,5.0,-22.0,-56.0,29.0,25.0,-20.91,30.81,76.25,-60.3,5.9,-19.71,-13.94,10.33,-17.91,-49.480000000000004,39.12,22.7
2025-07-30T19:18:14.816000,-111.0,93.0,-77.0,-39.0,0.0,-45.0,6.0,-60.0,19.0,-56.0,53.0,24.0,-87.91,92.81,-50.75,-27.3,4.9,-32.71,-7.9399999999999995,-54.67,23.09,-49.480000000000004,63.12,21.7
2025-07-30T19:18:14.820471,-40.0,42.0,14.0,64.0,-9.0,-13.0,-6.0,24.0,-4.0,-11.0,17.0,68.0,-16.91,41.81,40.25,75.7,-4.1,-0.7100000000000009,-19.939999999999998,29.33,0.08999999999999986,-4.48,27.119999999999997,65.7
2025-07-30T19:18:14.828192,-79.0,77.0,-63.0,13.0,8.0,-36.0,24.0,-87.0,25.0,-77.0,-35.0,30.0,-55.91,76.81,-36.75,24.7,12.9,-23.71,10.06,-81.67,29.09,-70.48,-24.880000000000003,27.7
2025-07-30T19:18:14.832582,-38.0,30.0,-56.0,-31.0,2.0,5.0,-9.0,-31.0,-10.0,-52.0,-35.0,25.0,-14.91,29.81,-29.75,-19.3,6.9,17.29,-22.939999999999998,-25.67,-5.91,-45.480000000000004,-24.880000000000003,22.7
2025-07-30T19:18:14.836940,9.0,-8.0,-68.0,-66.0,-30.0,13.0,53.0,8.0,-49.0,-34.0,-6.0,8.0,32.09,-8.19,-41.75,-54.3,-25.1,25.29,39.06,13.33,-44.91,-27.48,4.119999999999999,5.7
2025-07-30T19:18:14.844707,-41.0,0.0,-27.0,-95.0,-9.0,-7.0,51.0,6.0,20.0,9.0,-75.0,16.0,-17.91,-0.19,-0.75,-83.3,-4.1,5.289999999999999,37.06,11.33,24.09,15.52,-64.88,13.7
2025-07-30T19:18:14.848883,-17.0,-73.0,-31.0,-39.0,-32.0,27.0,43.0,-65.0,50.0,31.0,-58.0,35.0,6.09,-73.19,-4.75,-27.3,-27.1,39.29,29.060000000000002,-59.67,54.09,37.519999999999996,-47.88,32.7
2025-07-30T19:18:14.857200,54.0,-38.0,-31.0,-98.0,47.0,-2.0,-1.0,-60.0,-9.0,49.0,-54.0,32.0,77.09,-38.19,-4.75,-86.3,51.9,10.29,-14.94,-54.67,-4.91,55.519999999999996,-43.88,29.7
2025-07-30T19:18:14.861171,37.0,45.0,31.0,-24.0,-22.0,-16.0,15.0,-43.0,-10.0,5.0,-36.0,78.0,60.09,44.81,57.25,-12.3,-17.1,-3.710000000000001,1.0600000000000005,-37.67,-5.91,11.52,-25.880000000000003,75.7
2025-07-30T19:18:14.869542,-30.0,-27.0,-42.0,-63.0,-21.0,-37.0,95.0,16.0,26.0,-12.0,-69.0,39.0,-6.91,-27.19,-15.75,-51.3,-16.1,-24.71,81.06,21.33,30.09,-5.48,-58.88,36.7
2025-07-30T19:18:14.873969,-121.0,41.0,-11.0,-1.0,21.0,-45.0,-53.0,-25.0,55.0,-19.0,-46.0,6.0,-97.91,40.81,15.25,10.7,25.9,-32.71,-66.94,-19.67,59.09,-12.48,-35.88,3.7
2025-07-30T19:18:14.881783,-55.0,3.0,-42.0,-60.0,-15.0,46.0,26.0,33.0,-20.0,-81.0,-16.0,47.0,-31.91,2.81,-15.75,-48.3,-10.1,58.29,12.06,38.33,-15.91,-74.48,-5.880000000000001,44.7
2025-07-30T19:18:14.886163,35.0,107.0,-64.0,-62.0,34.0,30.0,86.0,-56.0,-50.0,5.0,-16.0,-43.0,58.09,106.81,-37.75,-50.3,38.9,42.29,72.06,-50.67,-45.91,11.52,-5.880000000000001,-45.3
2025-07-30T19:18:14.893996,52.0,-1.0,-29.0,25.0,1.0,31.0,28.0,43.0,10.0,-16.0,-60.0,38.0,75.09,-1.19,-2.75,36.7,5.9,43.29,14.06,48.33,14.09,-9.48,-49.88,35.7
2025-07-30T19:18:14.898464,-40.0,5.0,0.0,38.0,-22.0,-72.0,74.0,-17.0,-10.0,-15.0,-10.0,53.0,-16.91,4.81,26.25,49.7,-17.1,-59.71,60.06,-11.67,-5.91,-8.48,0.11999999999999922,50.7
2025-07-30T19:18:14.906303,-18.0,-1.0,-38.0,28.0,30.0,25.0,15.0,0.0,23.0,7.0,2.0,36.0,5.09,-1.19,-11.75,39.7,34.9,37.29,1.0600000000000005,5.33,27.09,13.52,12.12,33.7
2025-07-30T19:18:14.910562,-34.0,-18.0,9.0,-31.0,-28.0,-28.0,35.0,-32.0,14.0,36.0,-58.0,-53.0,-10.91,-18.19,35.25,-19.3,-23.1,-15.71,21.060000000000002,-26.67,18.09,42.519999999999996,-47.88,-55.3
2025-07-30T19:18:14.918529,-53.0,16.0,-13.0,-7.0,31.0,-16.0,13.0,-92.0,-14.0,-10.0,-40.0,2.0,-29.91,15.81,13.25,4.699999999999999,35.9,-3.710000000000001,-0.9399999999999995,-86.67,-9.91,-3.4800000000000004,-29.880000000000003,-0.2999999999999998
2025-07-30T19:18:14.922870,-78.0,23.0,2.0,-1.0,11.0,15.0,48.0,-53.0,-36.0,6.0,-41.0,23.0,-54.91,22.81,28.25,10.7,15.9,27.29,34.06,-47.67,-31.91,12.52,-30.880000000000003,20.7
2025-07-30T19:18:14.930767,-52.0,3.0,-1.0,-11.0,25.0,25.0,63.0,-28.0,-13.0,-9.0,-27.0,15.0,-28.91,2.81,25.25,0.6999999999999993,29.9,37.29,49.06,-22.67,-8.91,-2.4800000000000004,-16.880000000000003,12.7
2025-07-30T19:18:14.935173,-100.0,41.0,14.0,26.0,-43.0,-40.0,28.0,44.0,-16.0,-34.0,-91.0,44.0,-76.91,40.81,40.25,37.7,-38.1,-27.71,14.06,49.33,-11.91,-27.48,-80.88,41.7
2025-07-30T19:18:14.943179,18.0,59.0,-81.0,-33.0,51.0,22.0,24.0,-99.0,-9.0,10.0,-6.0,-29.0,41.09,58.81,-54.75,-21.3,55.9,34.29,10.06,-93.67,-4.91,16.52,4.119999999999999,-31.3
2025-07-30T19:18:14.947396,-46.0,27.0,-84.0,-64.0,44.0,7.0,67.0,0.0,36.0,23.0,-57.0,73.0,-22.91,26.81,-57.75,-52.3,48.9,19.29,53.06,5.33,40.09,29.52,-46.88,70.7
2025-07-30T19:18:14.955370,-22.0,38.0,-41.0,-41.0,24.0,42.0,-57.0,41.0,76.0,32.0,-18.0,26.0,1.0899999999999999,37.81,-14.75,-29.3,28.9,54.29,-70.94,46.33,80.09,38.519999999999996,-7.880000000000001,23.7
2025-07-30T19:18:14.959637,49.0,23.0,-40.0,-12.0,-3.0,-49.0,-26.0,-4.0,-3.0,26.0,2.0,62.0,72.09,22.81,-13.75,-0.3000000000000007,1.9000000000000004,-36.71,-39.94,1.33,1.0899999999999999,32.519999999999996,12.12,59.7
2025-07-30T19:18:14.967733,-31.0,0.0,-52.0,6.0,-26.0,-79.0,25.0,-54.0,7.0,35.0,-34.0,28.0,-7.91,-0.19,-25.75,17.7,-21.1,-66.71000000000001,11.06,-48.67,11.09,41.519999999999996,-23.880000000000003,25.7
2025-07-30T19:18:14.971878,16.0,47.0,-10.0,-47.0,-83.0,-6.0,-22.0,-106.0,-1.0,-18.0,-3.0,9.0,39.09,46.81,16.25,-35.3,-78.1,6.289999999999999,-35.94,-100.67,3.09,-11.48,7.119999999999999,6.7
2025-07-30T19:18:14.979880,-33.0,4.0,-21.0,17.0,-50.0,21.0,25.0,-27.0,33.0,99.0,-58.0,11.0,-9.91,3.81,5.25,28.7,-45.1,33.29,11.06,-21.67,37.09,105.52,-47.88,8.7
2025-07-30T19:18:14.984143,-2.0,33.0,-2.0,-114.0,-40.0,-22.0,-32.0,-63.0,-17.0,-20.0,-15.0,30.0,21.09,32.81,24.25,-102.3,-35.1,-9.71,-45.94,-57.67,-12.91,-13.48,-4.880000000000001,27.7
2025-07-30T19:18:14.992291,-59.0,-36.0,-19.0,17.0,-31.0,-69.0,-6.0,2.0,51.0,9.0,-55.0,91.0,-35.91,-36.19,7.25,28.7,-26.1,-56.71,-19.939999999999998,7.33,55.09,15.52,-44.88,88.7
2025-07-30T19:18:14.996639,-111.0,-26.0,26.0,-19.0,-18.0,-23.0,-61.0,-25.0,52.0,25.0,-8.0,73.0,-87.91,-26.19,52.25,-7.300000000000001,-13.1,-10.71,-74.94,-19.67,56.09,31.52,2.119999999999999,70.7
2025-07-30T19:18:15.004452,29.0,1.0,40.0,-88.0,-4.0,-30.0,40.0,1.0,17.0,-13.0,-104.0,84.0,52.09,0.81,66.25,-76.3,0.9000000000000004,-17.71,26.060000000000002,6.33,21.09,-6.48,-93.88,81.7
2025-07-30T19:18:15.008708,-38.0,53.0,-19.0,-16.0,-39.0,21.0,-78.0,8.0,38.0,-73.0,36.0,46.0,-14.91,52.81,7.25,-4.300000000000001,-34.1,33.29,-91.94,13.33,42.09,-66.48,46.12,43.7
2025-07-30T19:18:15.016695,-57.0,25.0,-73.0,-5.0,59.0,-48.0,11.0,21.0,-6.0,-34.0,16.0,47.0,-33.91,24.81,-46.75,6.699999999999999,63.9,-35.71,-2.9399999999999995,26.33,-1.9100000000000001,-27.48,26.119999999999997,44.7
2025-07-30T19:18:15.021247,-50.0,35.0,-109.0,-30.0,-81.0,-78.0,-14.0,-69.0,16.0,-47.0,-44.0,3.0,-26.91,34.81,-82.75,-18.3,-76.1,-65.71000000000001,-27.939999999999998,-63.67,20.09,-40.480000000000004,-33.88,0.7000000000000002
2025-07-30T19:18:15.028965,-8.0,50.0,-32.0,-19.0,-63.0,10.0,-34.0,19.0,3.0,14.0,-17.0,-31.0,15.09,49.81,-5.75,-7.300000000000001,-58.1,22.29,-47.94,24.33,7.09,20.52,-6.880000000000001,-33.3
2025-07-30T19:18:15.033384,75.0,-39.0,-8.0,-43.0,16.0,-26.0,22.0,23.0,60.0,37.0,-55.0,4.0,98.09,-39.19,18.25,-31.3,20.9,-13.71,8.06,28.33,64.09,43.519999999999996,-44.88,1.7000000000000002
2025-07-30T19:18:15.041315,-15.0,-20.0,-18.0,-110.0,38.0,-49.0,-7.0,-17.0,18.0,-14.0,-32.0,31.0,8.09,-20.19,8.25,-98.3,42.9,-36.71,-20.939999999999998,-11.67,22.09,-7.48,-21.880000000000003,28.7
2025-07-30T19:18:15.045561,-34.0,-18.0,-1.0,-1.0,-36.0,-17.0,17.0,-28.0,-15.0,-16.0,-25.0,52.0,-10.91,-18.19,25.25,10.7,-31.1,-4.710000000000001,3.0600000000000005,-22.67,-10.91,-9.48,-14.88,49.7
2025-07-30T19:18:15.049672,-45.0,7.0,2.0,-17.0,6.0,23.0,34.0,70.0,-4.0,3.0,-18.0,23.0,-21.91,6.81,28.25,-5.300000000000001,10.9,35.29,20.060000000000002,75.33,0.08999999999999986,9.52,-7.880000000000001,20.7
2025-07-30T19:18:15.057857,-81.0,59.0,-3.0,-29.0,42.0,-31.0,-10.0,-30.0,-37.0,-26.0,-75.0,-5.0,-57.91,58.81,23.25,-17.3,46.9,-18.71,-23.939999999999998,-24.67,-32.91,-19.48,-64.88,-7.3
2025-07-30T19:18:15.062101,-63.0,52.0,-60.0,9.0,7.0,-54.0,16.0,2.0,-19.0,10.0,3.0,-31.0,-39.91,51.81,-33.75,20.7,11.9,-41.71,2.0600000000000005,7.33,-14.91,16.52,13.12,-33.3
2025-07-30T19:18:15.069968,-25.0,21.0,-86.0,-11.0,-28.0,-49.0,10.0,-1.0,39.0,49.0,-41.0,-56.0,-1.9100000000000001,20.81,-59.75,0.6999999999999993,-23.1,-36.71,-3.9399999999999995,4.33,43.09,55.519999999999996,-30.880000000000003,-58.3
2025-07-30T19:18:15.074128,-25.0,58.0,-6.0,51.0,-47.0,42.0,54.0,77.0,-10.0,-29.0,75.0,-32.0,-1.9100000000000001,57.81,20.25,62.7,-42.1,54.29,40.06,82.33,-5.91,-22.48,85.12,-34.3
2025-07-30T19:18:15.082414,-21.0,15.0,-64.0,-44.0,-59.0,19.0,52.0,16.0,-88.0,13.0,60.0,-13.0,2.09,14.81,-37.75,-32.3,-54.1,31.29,38.06,21.33,-83.91,19.52,70.12,-15.3
2025-07-30T19:18:15.086769,46.0,-25.0,-23.0,-75.0,80.0,-30.0,59.0,28.0,22.0,24.0,64.0,-56.0,69.09,-25.19,3.25,-63.3,84.9,-17.71,45.06,33.33,26.09,30.52,74.12,-58.3
2025-07-30T19:18:15.094637,-48.0,-50.0,7.0,27.0,36.0,-24.0,-66.0,28.0,-36.0,20.0,5.0,30.0,-24.91,-50.19,33.25,38.7,40.9,-11.71,-79.94,33.33,-31.91,26.52,15.12,27.7
2025-07-30T19:18:15.098737,-50.0,-10.0,13.0,-38.0,1.0,-13.0,76.0,-84.0,-18.0,3.0,24.0,-57.0,-26.91,-10.19,39.25,-26.3,5.9,-0.7100000000000009,62.06,-78.67,-13.91,9.52,34.12,-59.3
2025-07-30T19:18:15.107095,-71.0,-17.0,-87.0,27.0,-16.0,-98.0,39.0,-27.0,-37.0,122.0,41.0,-14.0,-47.91,-17.19,-60.75,38.7,-11.1,-85.71000000000001,25.060000000000002,-21.67,-32.91,128.52,51.12,-16.3
2025-07-30T19:18:15.111048,32.0,57.0,-35.0,-30.0,2.0,-75.0,46.0,-11.0,-42.0,28.0,-23.0,-20.0,55.09,56.81,-8.75,-18.3,6.9,-62.71,32.06,-5.67,-37.91,34.519999999999996,-12.88,-22.3
2025-07-30T19:18:15.119234,-5.0,-37.0,-52.0,-89.0,-48.0,-20.0,-71.0,-26.0,41.0,4.0,11.0,-6.0,18.09,-37.19,-25.75,-77.3,-43.1,-7.710000000000001,-84.94,-20.67,45.09,10.52,21.119999999999997,-8.3
2025-07-30T19:18:15.123291,19.0,-30.0,-73.0,-79.0,53.0,-19.0,-10.0,-44.0,-5.0,8.0,54.0,-11.0,42.09,-30.19,-46.75,-67.3,57.9,-6.710000000000001,-23.939999999999998,-38.67,-0.9100000000000001,14.52,64.12,-13.3
2025-07-30T19:18:15.131440,20.0,-19.0,-5.0,-77.0,68.0,22.0,-39.0,-11.0,-7.0,35.0,56.0,-77.0,43.09,-19.19,21.25,-65.3,72.9,34.29,-52.94,-5.67,-2.91,41.519999999999996,66.12,-79.3
2025-07-30T19:18:15.135676,-18.0,17.0,-5.0,71.0,14.0,-24.0,21.0,-40.0,11.0,-14.0,116.0,-8.0,5.09,16.81,21.25,82.7,18.9,-11.71,7.0600000000000005,-34.67,15.09,-7.48,126.12,-10.3
2025-07-30T19:18:15.143876,-86.0,25.0,-43.0,-34.0,-30.0,-26.0,-7.0,-35.0,38.0,-2.0,54.0,-11.0,-62.91,24.81,-16.75,-22.3,-25.1,-13.71,-20.939999999999998,-29.67,42.09,4.52,64.12,-13.3
2025-07-30T19:18:15.147931,-31.0,110.0,-9.0,-41.0,-76.0,69.0,35.0,-52.0,11.0,18.0,20.0,-57.0,-7.91,109.81,17.25,-29.3,-71.1,81.28999999999999,21.060000000000002,-46.67,15.09,24.52,30.119999999999997,-59.3
2025-07-30T19:18:15.156191,-52.0,59.0,-96.0,-29.0,-81.0,-42.0,-19.0,10.0,72.0,6.0,67.0,-18.0,-28.91,58.81,-69.75,-17.3,-76.1,-29.71,-32.94,15.33,76.09,12.52,77.12,-20.3
2025-07-30T19:18:15.160185,-25.0,76.0,28.0,40.0,-50.0,33.0,-19.0,-64.0,13.0,-4.0,79.0,-44.0,-1.9100000000000001,75.81,54.25,51.7,-45.1,45.29,-32.94,-58.67,17.09,2.5199999999999996,89.12,-46.3
2025-07-30T19:18:15.168429,7.0,21.0,-31.0,-54.0,36.0,-48.0,-20.0,-49.0,0.0,38.0,55.0,22.0,30.09,20.81,-4.75,-42.3,40.9,-35.71,-33.94,-43.67,4.09,44.519999999999996,65.12,19.7
2025-07-30T19:18:15.172596,8.0,-41.0,13.0,12.0,-54.0,18.0,0.0,-12.0,47.0,-38.0,-28.0,-54.0,31.09,-41.19,39.25,23.7,-49.1,30.29,-13.94,-6.67,51.09,-31.48,-17.880000000000003,-56.3
2025-07-30T19:18:15.180706,-8.0,-14.0,-61.0,-32.0,-70.0,-37.0,-38.0,50.0,24.0,-14.0,-98.0,-30.0,15.09,-14.19,-34.75,-20.3,-65.1,-24.71,-51.94,55.33,28.09,-7.48,-87.88,-32.3
2025-07-30T19:18:15.184921,-5.0,-27.0,-6.0,24.0,-55.0,11.0,10.0,24.0,10.0,53.0,84.0,-13.0,18.09,-27.19,20.25,35.7,-50.1,23.29,-3.9399999999999995,29.33,14.09,59.519999999999996,94.12,-15.3
2025-07-30T19:18:15.193122,-86.0,26.0,-88.0,-43.0,-44.0,-8.0,-31.0,-22.0,33.0,33.0,71.0,-8.0,-62.91,25.81,-61.75,-31.3,-39.1,4.289999999999999,-44.94,-16.67,37.09,39.519999999999996,81.12,-10.3
2025-07-30T19:18:15.197253,-52.0,50.0,-33.0,17.0,28.0,37.0,20.0,59.0,65.0,40.0,20.0,-39.0,-28.91,49.81,-6.75,28.7,32.9,49.29,6.0600000000000005,64.33,69.09,46.519999999999996,30.119999999999997,-41.3
2025-07-30T19:18:15.205279,-47.0,29.0,-51.0,1.0,21.0,-27.0,-31.0,26.0,8.0,3.0,35.0,21.0,-23.91,28.81,-24.75,12.7,25.9,-14.71,-44.94,31.33,12.09,9.52,45.12,18.7
2025-07-30T19:18:15.209364,46.0,51.0,-38.0,-15.0,-19.0,7.0,2.0,-57.0,3.0,-6.0,-43.0,-52.0,69.09,50.81,-11.75,-3.3000000000000007,-14.1,19.29,-11.94,-51.67,7.09,0.5199999999999996,-32.88,-54.3
2025-07-30T19:18:15.217586,22.0,18.0,-63.0,62.0,7.0,-39.0,20.0,-13.0,33.0,-38.0,17.0,-55.0,45.09,17.81,-36.75,73.7,11.9,-26.71,6.0600000000000005,-7.67,37.09,-31.48,27.119999999999997,-57.3
2025-07-30T19:18:15.221672,30.0,-41.0,-91.0,9.0,15.0,-45.0,-16.0,35.0,-10.0,-120.0,23.0,-42.0,53.09,-41.19,-64.75,20.7,19.9,-32.71,-29.939999999999998,40.33,-5.91,-113.48,33.12,-44.3
2025-07-30T19:18:15.229695,31.0,2.0,-20.0,-21.0,-14.0,2.0,-34.0,1.0,40.0,-11.0,56.0,14.0,54.09,1.81,6.25,-9.3,-9.1,14.29,-47.94,6.33,44.09,-4.48,66.12,11.7
2025-07-30T19:18:15.233983,-53.0,-48.0,40.0,-45.0,-13.0,54.0,-38.0,-9.0,0.0,-4.0,10.0,26.0,-29.91,-48.19,66.25,-33.3,-8.1,66.28999999999999,-51.94,-3.67,4.09,2.5199999999999996,20.119999999999997,23.7
2025-07-30T19:18:15.242138,23.0,6.0,-13.0,5.0,10.0,-5.0,8.0,-20.0,0.0,-9.0,55.0,-49.0,46.09,5.81,13.25,16.7,14.9,7.289999999999999,-5.9399999999999995,-14.67,4.09,-2.4800000000000004,65.12,-51.3
2025-07-30T19:18:15.246370,-4.0,4.0,29.0,-13.0,-9.0,-8.0,-8.0,-8.0,4.0,-30.0,30.0,71.0,19.09,3.81,55.25,-1.3000000000000007,-4.1,4.289999999999999,-21.939999999999998,-2.67,8.09,-23.48,40.12,68.7
2025-07-30T19:18:15.254257,-9.0,-66.0,14.0,-83.0,-34.0,13.0,-29.0,-28.0,6.0,-25.0,-35.0,40.0,14.09,-66.19,40.25,-71.3,-29.1,25.29,-42.94,-22.67,10.09,-18.48,-24.880000000000003,37.7
2025-07-30T19:18:15.258657,-26.0,-34.0,22.0,-111.0,12.0,-28.0,48.0,-41.0,39.0,-47.0,-56.0,10.0,-2.91,-34.19,48.25,-99.3,16.9,-15.71,34.06,-35.67,43.09,-40.480000000000004,-45.88,7.7
2025-07-30T19:18:15.262809,-72.0,30.0,64.0,-43.0,10.0,-26.0,-41.0,36.0,28.0,5.0,-25.0,2.0,-48.91,29.81,90.25,-31.3,14.9,-13.71,-54.94,41.33,32.09,11.52,-14.88,-0.2999999999999998
2025-07-30T19:18:15.270693,-60.0,78.0,74.0,44.0,-51.0,-47.0,0.0,19.0,68.0,6.0,-45.0,-6.0,-36.91,77.81,100.25,55.7,-46.1,-34.71,-13.94,24.33,72.09,12.52,-34.88,-8.3
2025-07-30T19:18:15.278962,-94.0,21.0,-32.0,-79.0,-23.0,-69.0,-20.0,-39.0,27.0,30.0,-65.0,-40.0,-70.91,20.81,-5.75,-67.3,-18.1,-56.71,-33.94,-33.67,31.09,36.519999999999996,-54.88,-42.3
2025-07-30T19:18:15.283232,-132.0,66.0,-96.0,-3.0,-65.0,-16.0,-35.0,-51.0,91.0,-34.0,-18.0,19.0,-108.91,65.81,-69.75,8.7,-60.1,-3.710000000000001,-48.94,-45.67,95.09,-27.48,-7.880000000000001,16.7
2025-07-30T19:18:15.287267,2.0,56.0,-30.0,-44.0,-71.0,-52.0,46.0,30.0,16.0,39.0,-7.0,6.0,25.09,55.81,-3.75,-32.3,-66.1,-39.71,32.06,35.33,20.09,45.519999999999996,3.119999999999999,3.7
2025-07-30T19:18:15.295305,35.0,-10.0,-107.0,12.0,1.0,-19.0,7.0,-38.0,29.0,22.0,-33.0,13.0,58.09,-10.19,-80.75,23.7,5.9,-6.710000000000001,-6.9399999999999995,-32.67,33.09,28.52,-22.880000000000003,10.7
2025-07-30T19:18:15.299388,5.0,-12.0,43.0,-14.0,67.0,5.0,0.0,-16.0,-26.0,76.0,-71.0,115.0,28.09,-12.19,69.25,-2.3000000000000007,71.9,17.29,-13.94,-10.67,-21.91,82.52,-60.88,112.7
2025-07-30T19:18:15.307679,-24.0,-46.0,35.0,14.0,23.0,-56.0,-10.0,-2.0,-20.0,-17.0,-30.0,-18.0,-0.9100000000000001,-46.19,61.25,25.7,27.9,-43.71,-23.939999999999998,3.33,-15.91,-10.48,-19.880000000000003,-20.3
2025-07-30T19:18:15.311709,-21.0,-43.0,-33.0,-45.0,-7.0,-85.0,-3.0,3.0,-22.0,-2.0,-41.0,41.0,2.09,-43.19,-6.75,-33.3,-2.0999999999999996,-72.71000000000001,-16.939999999999998,8.33,-17.91,4.52,-30.880000000000003,38.7
2025-07-30T19:18:15.319888,-59.0,-15.0,-3.0,-52.0,-64.0,-40.0,36.0,8.0,11.0,-22.0,-48.0,128.0,-35.91,-15.19,23.25,-40.3,-59.1,-27.71,22.060000000000002,13.33,15.09,-15.48,-37.88,125.7
2025-07-30T19:18:15.323964,-78.0,29.0,55.0,36.0,21.0,4.0,-3.0,-30.0,-6.0,-15.0,-70.0,57.0,-54.91,28.81,81.25,47.7,25.9,16.29,-16.939999999999998,-24.67,-1.9100000000000001,-8.48,-59.88,54.7
2025-07-30T19:18:15.332254,-28.0,24.0,-98.0,40.0,-56.0,-16.0,55.0,-1.0,1.0,42.0,-13.0,44.0,-4.91,23.81,-71.75,51.7,-51.1,-3.710000000000001,41.06,4.33,5.09,48.519999999999996,-2.880000000000001,41.7
2025-07-30T19:18:15.336397,-42.0,21.0,-81.0,-34.0,-29.0,20.0,-25.0,28.0,15.0,22.0,-28.0,39.0,-18.91,20.81,-54.75,-22.3,-24.1,32.29,-38.94,33.33,19.09,28.52,-17.880000000000003,36.7
