--------------------------- Texture Only

=== SVM (RBF) — Test Metrics ===
Accuracy      : 0.8727
Precision(macro): 0.8786
Recall(macro) : 0.8727
F1 (macro)    : 0.8715
F1 (micro)    : 0.8727

Confusion Matrix (rows=true, cols=pred):
[[250   0   0   0   0   0]
 [  0 208   0  40   0   2]
 [  0   0 187   0   4  59]
 [  0   6   2 241   0   1]
 [  0   0   0   0 244   6]
 [  0   0  16   0  55 179]]

Classification Report:
              precision    recall  f1-score   support

           0       1.00      1.00      1.00       250
           1       0.97      0.83      0.90       250
           2       0.91      0.75      0.82       250
           3       0.86      0.96      0.91       250
           4       0.81      0.98      0.88       250
           5       0.72      0.72      0.72       250

    accuracy                           0.87      1500
   macro avg       0.88      0.87      0.87      1500
weighted avg       0.88      0.87      0.87      1500

--------------------------- Material Only

=== SVM (RBF) — Test Metrics ===
Accuracy      : 0.6567
Precision(macro): 0.6687
Recall(macro) : 0.6567
F1 (macro)    : 0.6571
F1 (micro)    : 0.6567

Confusion Matrix (rows=true, cols=pred):
[[181 113   0   0   6]
 [150 142   0   0   8]
 [  0   0 241  52   7]
 [  0   0  53 231  16]
 [ 20   2   4  84 190]]

Classification Report:
              precision    recall  f1-score   support

           0       0.52      0.60      0.56       300
           1       0.55      0.47      0.51       300
           2       0.81      0.80      0.81       300
           3       0.63      0.77      0.69       300
           4       0.84      0.63      0.72       300

    accuracy                           0.66      1500
   macro avg       0.67      0.66      0.66      1500
weighted avg       0.67      0.66      0.66      1500

--------------------------- Combined

X_train: (3600, 168) | X_test: (1500, 168) | n_classes: 30

=== Combined (mat,tex) SVM — Test Metrics ===
Accuracy        : 0.5507
Precision (macro): 0.5898
Recall (macro)   : 0.5507
F1 (macro)       : 0.5455
F1 (micro)       : 0.5507

Confusion Matrix (rows=true, cols=pred):
[[18 27  0  0  5  0  0  0  0  0  0  0  0  0  0  0  0  0  0  0  0  0  0  0
   0  0  0  0  0  0]
 [24 17  0  0  9  0  0  0  0  0  0  0  0  0  0  0  0  0  0  0  0  0  0  0
   0  0  0  0  0  0]
 [ 0  0 35 15  0  0  0  0  0  0  0  0  0  0  0  0  0  0  0  0  0  0  0  0
   0  0  0  0  0  0]
 [ 0  0  7 39  4  0  0  0  0  0  0  0  0  0  0  0  0  0  0  0  0  0  0  0
   0  0  0  0  0  0]
 [ 1 11  0  4 34  0  0  0  0  0  0  0  0  0  0  0  0  0  0  0  0  0  0  0
   0  0  0  0  0  0]
 [ 0  0  0  0  0 21 19  0  0  0  0  0  0  0  0  6  4  0  0  0  0  0  0  0
   0  0  0  0  0  0]
 [ 0  0  0  0  0 25 18  0  0  0  0  0  0  0  0  3  4  0  0  0  0  0  0  0
   0  0  0  0  0  0]
 [ 0  0  0  0  0  0  0 38 11  0  0  0  0  0  0  0  0  0  0  0  0  0  0  0
   0  0  0  1  0  0]
 [ 0  0  0  0  0  0  0  1 22 17  0  0  0  0  0  0  0 10  0  0  0  0  0  0
   0  0  0  0  0  0]
 [ 0  0  0  0  0 10  0  0  0 30  0  0  0  0  0  0  0 10  0  0  0  0  0  0
   0  0  0  0  0  0]
 [ 0  0  0  0  0  0  0  0  0  0 28 18  0  0  0  0  0  0  0  0  0  0  0  0
   0  4  0  0  0  0]
 [ 0  0  0  0  0  0  0  0  0  0  5 38  0  0  0  0  0  0  0  0  0  0  0  0
   0  7  0  0  0  0]
 [ 0  0  0  0  0  0  0  0  0  0  0  0 22  9  0  0  0  0  0  0  0  0  8  0
   0  0  0  6  5  0]
 [ 0  0  0  0  0  0  0  0  0  0  0  0  0 41  0  0  0  0  0  0  0  0  1  2
   0  0  0  3  3  0]
 [ 0  0  0  0  0  0  0  0  1  0  0  0  0  1  9  0  0  0  0  0  0  0  0  1
   0  0  0  1 34  3]
 [ 0  0  0  0  0  0  0  0  0  0  0  0  0  0  0 11 39  0  0  0  0  0  0  0
   0  0  0  0  0  0]
 [ 0  0  0  0  0  0  0  0  0  0  0  0  0  0  0  3 47  0  0  0  0  0  0  0
   0  0  0  0  0  0]
 [ 0  0  0  0  0  0  0  0  3  2  0  0  0  0  0  0  0 35 10  0  0  0  0  0
   0  0  0  0  0  0]
 [ 0  0  0  0  0  0  0  0  2  0  0  0  0  1  1  0  0 10 36  0  0  0  0  0
   0  0  0  0  0  0]
 [ 0  0  0  0  0  0  0  0  0  0  0  0  0  0  0  1  0  0 20 29  0  0  0  0
   0  0  0  0  0  0]
 [ 0  0  0  0  0  0  0  0  0  0  0  0  0  0  0  0  0  0  0  0 21 29  0  0
   0  0  0  0  0  0]
 [ 0  0  0  0  0  0  0  0  0  0  0  0  0  0  0  0  0  0  0  0 40 10  0  0
   0  0  0  0  0  0]
 [ 0  0  0  0  0  0  0  0  0  0  0  0  1  0  0  0  0  0  0  0  0  0 42  6
   0  0  0  1  0  0]
 [ 0  0  0  0  0  0  0  0  0  0  0  0  0  0  0  0  0  0  0  0  0  0  4 42
   0  0  0  4  0  0]
 [ 0  0  0  0  0  0  0  0  0  0  0  0  0  0  1  0  0  0  0  0  0  0  1 11
  33  0  0  1  3  0]
 [ 0  0  0  0  0  0  0  0  0  0  0  8  0  0  0  0  0  0  0  0  0  0  0  0
   0 33  9  0  0  0]
 [ 0  0  0  0  0  0  0  0  0  0  0  1  0  0  0  0  0  0  0  0  3 12  0  0
   0 25  9  0  0  0]
 [ 0  0  0  0  0  0  0  0  0  0  0  0  5  0  0  0  0  0  0  0  0  0 15  5
   0  0  0 18  7  0]
 [ 0  0  0  0  0  0  0  0  0  0  0  0  0  0  0  0  0  0  0  0  0  0 26 10
   0  0  0  2 12  0]
 [ 0  0  0  0  0  0  0  0  0  0  1  0  0  0  1  0  0  0  0  0  0  0  0  2
   1  0  0  0  7 38]]

Classification Report (per combined class):
              precision    recall  f1-score   support

 mat=0|tex=0       0.42      0.36      0.39        50
 mat=0|tex=1       0.31      0.34      0.32        50
 mat=0|tex=2       0.83      0.70      0.76        50
 mat=0|tex=3       0.67      0.78      0.72        50
 mat=0|tex=4       0.65      0.68      0.67        50
 mat=1|tex=0       0.38      0.42      0.40        50
 mat=1|tex=1       0.49      0.36      0.41        50
 mat=1|tex=2       0.97      0.76      0.85        50
 mat=1|tex=3       0.56      0.44      0.49        50
 mat=1|tex=4       0.61      0.60      0.61        50
 mat=2|tex=0       0.82      0.56      0.67        50
 mat=2|tex=1       0.58      0.76      0.66        50
 mat=2|tex=2       0.79      0.44      0.56        50
 mat=2|tex=3       0.79      0.82      0.80        50
 mat=2|tex=4       0.75      0.18      0.29        50
 mat=3|tex=0       0.46      0.22      0.30        50
 mat=3|tex=1       0.50      0.94      0.65        50
 mat=3|tex=2       0.54      0.70      0.61        50
 mat=3|tex=3       0.55      0.72      0.62        50
 mat=3|tex=4       1.00      0.58      0.73        50
 mat=4|tex=0       0.33      0.42      0.37        50
 mat=4|tex=1       0.20      0.20      0.20        50
 mat=4|tex=2       0.43      0.84      0.57        50
 mat=4|tex=3       0.53      0.84      0.65        50
 mat=4|tex=4       0.97      0.66      0.79        50
 mat=5|tex=0       0.48      0.66      0.55        50
 mat=5|tex=1       0.50      0.18      0.26        50
 mat=5|tex=2       0.49      0.36      0.41        50
 mat=5|tex=3       0.17      0.24      0.20        50
 mat=5|tex=4       0.93      0.76      0.84        50

    accuracy                           0.55      1500
   macro avg       0.59      0.55      0.55      1500
weighted avg       0.59      0.55      0.55      1500