timestamp,x1,y1,z1,x2,y2,z2,x3,y3,z3,x4,y4,z4,x1_calib,y1_calib,z1_calib,x2_calib,y2_calib,z2_calib,x3_calib,y3_calib,z3_calib,x4_calib,y4_calib,z4_calib
2025-07-28T15:46:14.532688,69.0,-72.0,-18.0,-17.0,27.0,30.0,-8.0,13.0,4.0,13.0,56.0,-65.0,78.63,-61.59,-43.56,-44.5,29.64,6.399999999999999,8.5,7.72,20.07,19.83,51.81,-70.16
2025-07-28T15:46:14.537129,41.0,-11.0,-43.0,9.0,13.0,-35.0,21.0,21.0,-21.0,-38.0,7.0,2.0,50.63,-0.5899999999999999,-68.56,-18.5,15.64,-58.6,37.5,15.719999999999999,-4.93,-31.17,2.8099999999999996,-3.16
2025-07-28T15:46:14.545012,-27.0,-46.0,22.0,26.0,19.0,-32.0,29.0,25.0,-2.0,-29.0,38.0,-60.0,-17.369999999999997,-35.59,-3.5599999999999987,-1.5,21.64,-55.6,45.5,19.72,14.07,-22.17,33.81,-65.16
2025-07-28T15:46:14.549170,8.0,-36.0,23.0,54.0,21.0,32.0,32.0,25.0,-29.0,19.0,59.0,-6.0,17.630000000000003,-25.59,-2.5599999999999987,26.5,23.64,8.399999999999999,48.5,19.72,-12.93,25.83,54.81,-11.16
2025-07-28T15:46:14.558505,-41.0,-27.0,10.0,52.0,-36.0,47.0,30.0,-46.0,-29.0,12.0,38.0,-26.0,-31.369999999999997,-16.59,-15.559999999999999,24.5,-33.36,23.4,46.5,-51.28,-12.93,18.83,33.81,-31.16
2025-07-28T15:46:14.561871,-79.0,23.0,113.0,78.0,-17.0,24.0,-48.0,-16.0,-16.0,-13.0,31.0,-33.0,-69.37,33.41,87.44,50.5,-14.36,0.3999999999999986,-31.5,-21.28,0.07000000000000028,-6.17,26.81,-38.16
2025-07-28T15:46:14.569473,-16.0,-2.0,4.0,3.0,19.0,105.0,23.0,-51.0,3.0,-41.0,8.0,-6.0,-6.369999999999999,8.41,-21.56,-24.5,21.64,81.4,39.5,-56.28,19.07,-34.17,3.8099999999999996,-11.16
2025-07-28T15:46:14.574005,32.0,-84.0,12.0,62.0,2.0,86.0,-39.0,-39.0,-25.0,-41.0,68.0,34.0,41.63,-73.59,-13.559999999999999,34.5,4.640000000000001,62.4,-22.5,-44.28,-8.93,-34.17,63.81,28.84
2025-07-28T15:46:14.581915,-45.0,62.0,71.0,3.0,28.0,5.0,-21.0,39.0,5.0,-68.0,-21.0,53.0,-35.37,72.41,45.44,-24.5,30.64,-18.6,-4.5,33.72,21.07,-61.17,-25.19,47.84
2025-07-28T15:46:14.586030,-67.0,20.0,-40.0,-19.0,-4.0,28.0,-4.0,28.0,-40.0,-28.0,-34.0,62.0,-57.37,30.41,-65.56,-46.5,-1.3599999999999999,4.399999999999999,12.5,22.72,-23.93,-21.17,-38.19,56.84
2025-07-28T15:46:14.594303,-85.0,-68.0,-44.0,27.0,60.0,-8.0,-59.0,-27.0,-41.0,-85.0,-42.0,22.0,-75.37,-57.59,-69.56,-0.5,62.64,-31.6,-42.5,-32.28,-24.93,-78.17,-46.19,16.84
2025-07-28T15:46:14.598462,-4.0,32.0,25.0,51.0,-12.0,15.0,-7.0,24.0,-26.0,-28.0,-51.0,76.0,5.630000000000001,42.41,-0.5599999999999987,23.5,-9.36,-8.600000000000001,9.5,18.72,-9.93,-21.17,-55.19,70.84
2025-07-28T15:46:14.606497,6.0,-11.0,17.0,21.0,-68.0,129.0,-54.0,-8.0,-10.0,-65.0,-37.0,41.0,15.63,-0.5899999999999999,-8.559999999999999,-6.5,-65.36,105.4,-37.5,-13.280000000000001,6.07,-58.17,-41.19,35.84
2025-07-28T15:46:14.610707,14.0,-40.0,-28.0,-3.0,-13.0,53.0,-11.0,-5.0,-34.0,-27.0,-49.0,40.0,23.630000000000003,-29.59,-53.56,-30.5,-10.36,29.4,5.5,-10.280000000000001,-17.93,-20.17,-53.19,34.84
2025-07-28T15:46:14.618814,55.0,-11.0,3.0,37.0,-14.0,20.0,-30.0,39.0,-26.0,-23.0,-118.0,20.0,64.63,-0.5899999999999999,-22.56,9.5,-11.36,-3.6000000000000014,-13.5,33.72,-9.93,-16.17,-122.19,14.84
2025-07-28T15:46:14.623027,-43.0,-50.0,132.0,20.0,-6.0,4.0,-44.0,46.0,13.0,-9.0,-42.0,54.0,-33.37,-39.59,106.44,-7.5,-3.36,-19.6,-27.5,40.72,29.07,-2.17,-46.19,48.84
2025-07-28T15:46:14.631072,-85.0,-38.0,68.0,69.0,50.0,31.0,8.0,50.0,-35.0,-27.0,-25.0,-19.0,-75.37,-27.59,42.44,41.5,52.64,7.399999999999999,24.5,44.72,-18.93,-20.17,-29.19,-24.16
2025-07-28T15:46:14.635290,-48.0,-17.0,71.0,55.0,19.0,22.0,-18.0,-9.0,4.0,-16.0,-41.0,55.0,-38.37,-6.59,45.44,27.5,21.64,-1.6000000000000014,-1.5,-14.280000000000001,20.07,-9.17,-45.19,49.84
2025-07-28T15:46:14.643415,-50.0,38.0,61.0,27.0,40.0,-44.0,1.0,-24.0,-25.0,-2.0,4.0,30.0,-40.37,48.41,35.44,-0.5,42.64,-67.6,17.5,-29.28,-8.93,4.83,-0.1900000000000004,24.84
2025-07-28T15:46:14.647526,-83.0,-22.0,33.0,62.0,3.0,30.0,25.0,52.0,-75.0,36.0,-25.0,3.0,-73.37,-11.59,7.440000000000001,34.5,5.640000000000001,6.399999999999999,41.5,46.72,-58.93,42.83,-29.19,-2.16
2025-07-28T15:46:14.651533,-64.0,16.0,35.0,60.0,76.0,-47.0,-69.0,4.0,-13.0,57.0,-55.0,65.0,-54.37,26.41,9.440000000000001,32.5,78.64,-70.6,-52.5,-1.2800000000000002,3.0700000000000003,63.83,-59.19,59.84
2025-07-28T15:46:14.659920,-41.0,13.0,-6.0,41.0,-19.0,8.0,-39.0,16.0,29.0,28.0,14.0,53.0,-31.369999999999997,23.41,-31.56,13.5,-16.36,-15.600000000000001,-22.5,10.719999999999999,45.07,34.83,9.809999999999999,47.84
2025-07-28T15:46:14.663790,4.0,55.0,-37.0,74.0,-49.0,68.0,1.0,70.0,-18.0,29.0,-19.0,-4.0,13.63,65.41,-62.56,46.5,-46.36,44.4,17.5,64.72,-1.9299999999999997,35.83,-23.19,-9.16
2025-07-28T15:46:14.672097,-42.0,25.0,-58.0,5.0,-6.0,89.0,4.0,33.0,-7.0,26.0,-85.0,29.0,-32.37,35.41,-83.56,-22.5,-3.36,65.4,20.5,27.72,9.07,32.83,-89.19,23.84
2025-07-28T15:46:14.676102,33.0,56.0,1.0,-34.0,-35.0,53.0,-30.0,-23.0,-33.0,32.0,-33.0,-11.0,42.63,66.41,-24.56,-61.5,-32.36,29.4,-13.5,-28.28,-16.93,38.83,-37.19,-16.16
2025-07-28T15:46:14.684259,-31.0,4.0,-40.0,18.0,10.0,40.0,-6.0,-21.0,-70.0,14.0,-40.0,32.0,-21.369999999999997,14.41,-65.56,-9.5,12.64,16.4,10.5,-26.28,-53.93,20.83,-44.19,26.84
2025-07-28T15:46:14.688660,27.0,17.0,10.0,23.0,12.0,48.0,-55.0,13.0,-47.0,16.0,-20.0,68.0,36.63,27.41,-15.559999999999999,-4.5,14.64,24.4,-38.5,7.72,-30.93,22.83,-24.19,62.84
2025-07-28T15:46:14.696716,34.0,-83.0,81.0,1.0,39.0,3.0,61.0,3.0,-51.0,88.0,46.0,-4.0,43.63,-72.59,55.44,-26.5,41.64,-20.6,77.5,-2.2800000000000002,-34.93,94.83,41.81,-9.16
2025-07-28T15:46:14.700763,0.0,-83.0,65.0,28.0,-59.0,-14.0,-51.0,52.0,-66.0,18.0,-15.0,5.0,9.63,-72.59,39.44,0.5,-56.36,-37.6,-34.5,46.72,-49.93,24.83,-19.19,-0.16000000000000014
2025-07-28T15:46:14.708850,25.0,-61.0,102.0,44.0,37.0,45.0,43.0,5.0,-25.0,30.0,59.0,-17.0,34.63,-50.59,76.44,16.5,39.64,21.4,59.5,-0.28000000000000025,-8.93,36.83,54.81,-22.16
2025-07-28T15:46:14.713164,-61.0,-73.0,51.0,19.0,-39.0,15.0,-26.0,-71.0,1.0,76.0,-36.0,-92.0,-51.37,-62.59,25.44,-8.5,-36.36,-8.600000000000001,-9.5,-76.28,17.07,82.83,-40.19,-97.16
2025-07-28T15:46:14.721332,-35.0,66.0,80.0,55.0,-36.0,7.0,-14.0,51.0,-27.0,88.0,-45.0,-37.0,-25.369999999999997,76.41,54.44,27.5,-33.36,-16.6,2.5,45.72,-10.93,94.83,-49.19,-42.16
2025-07-28T15:46:14.725317,-124.0,33.0,60.0,89.0,-63.0,69.0,13.0,27.0,-22.0,-22.0,-20.0,-3.0,-114.37,43.41,34.44,61.5,-60.36,45.4,29.5,21.72,-5.93,-15.17,-24.19,-8.16
2025-07-28T15:46:14.733610,7.0,66.0,-18.0,-46.0,33.0,5.0,-37.0,-14.0,-49.0,74.0,-25.0,-54.0,16.630000000000003,76.41,-43.56,-73.5,35.64,-18.6,-20.5,-19.28,-32.93,80.83,-29.19,-59.16
2025-07-28T15:46:14.737677,-2.0,-54.0,33.0,1.0,-49.0,6.0,53.0,21.0,-54.0,-8.0,-23.0,-16.0,7.630000000000001,-43.59,7.440000000000001,-26.5,-46.36,-17.6,69.5,15.719999999999999,-37.93,-1.17,-27.19,-21.16
2025-07-28T15:46:14.745921,-26.0,-80.0,12.0,46.0,81.0,30.0,62.0,-5.0,-49.0,28.0,-48.0,-57.0,-16.369999999999997,-69.59,-13.559999999999999,18.5,83.64,6.399999999999999,78.5,-10.280000000000001,-32.93,34.83,-52.19,-62.16
2025-07-28T15:46:14.749961,-55.0,-49.0,100.0,61.0,-33.0,-27.0,-30.0,-78.0,1.0,-20.0,-11.0,-32.0,-45.37,-38.59,74.44,33.5,-30.36,-50.6,-13.5,-83.28,17.07,-13.17,-15.190000000000001,-37.16
2025-07-28T15:46:14.757989,7.0,-52.0,58.0,84.0,-24.0,53.0,-14.0,24.0,-82.0,71.0,20.0,-42.0,16.630000000000003,-41.59,32.44,56.5,-21.36,29.4,2.5,18.72,-65.93,77.83,15.809999999999999,-47.16
2025-07-28T15:46:14.762355,-90.0,-26.0,38.0,20.0,-64.0,53.0,33.0,25.0,-72.0,19.0,-23.0,-21.0,-80.37,-15.59,12.440000000000001,-7.5,-61.36,29.4,49.5,19.72,-55.93,25.83,-27.19,-26.16
2025-07-28T15:46:14.770357,-49.0,-15.0,-4.0,87.0,-17.0,74.0,7.0,26.0,20.0,46.0,-42.0,-78.0,-39.37,-4.59,-29.56,59.5,-14.36,50.4,23.5,20.72,36.07,52.83,-46.19,-83.16
2025-07-28T15:46:14.774553,-82.0,-7.0,-20.0,56.0,90.0,8.0,-66.0,-4.0,-31.0,14.0,0.0,-11.0,-72.37,3.41,-45.56,28.5,92.64,-15.600000000000001,-49.5,-9.280000000000001,-14.93,20.83,-4.19,-16.16
2025-07-28T15:46:14.782518,-76.0,58.0,29.0,34.0,-27.0,8.0,1.0,-11.0,-51.0,65.0,56.0,-29.0,-66.37,68.41,3.4400000000000013,6.5,-24.36,-15.600000000000001,17.5,-16.28,-34.93,71.83,51.81,-34.16
2025-07-28T15:46:14.786983,11.0,7.0,-3.0,76.0,-15.0,-7.0,13.0,55.0,-44.0,51.0,78.0,0.0,20.630000000000003,17.41,-28.56,48.5,-12.36,-30.6,29.5,49.72,-27.93,57.83,73.81,-5.16
2025-07-28T15:46:14.790789,63.0,16.0,25.0,78.0,4.0,64.0,16.0,-67.0,-1.0,37.0,-23.0,-35.0,72.63,26.41,-0.5599999999999987,50.5,6.640000000000001,40.4,32.5,-72.28,15.07,43.83,-27.19,-40.16
2025-07-28T15:46:14.799075,1.0,-46.0,-59.0,80.0,-69.0,-46.0,32.0,-58.0,-35.0,-68.0,50.0,-51.0,10.63,-35.59,-84.56,52.5,-66.36,-69.6,48.5,-63.28,-18.93,-61.17,45.81,-56.16
2025-07-28T15:46:14.807176,-74.0,-17.0,4.0,47.0,-16.0,102.0,16.0,23.0,-47.0,-35.0,51.0,-13.0,-64.37,-6.59,-21.56,19.5,-13.36,78.4,32.5,17.72,-30.93,-28.17,46.81,-18.16
2025-07-28T15:46:14.811379,-40.0,-46.0,14.0,-14.0,-41.0,54.0,5.0,2.0,28.0,-53.0,29.0,-22.0,-30.369999999999997,-35.59,-11.559999999999999,-41.5,-38.36,30.4,21.5,-3.2800000000000002,44.07,-46.17,24.81,-27.16
2025-07-28T15:46:14.819283,-113.0,-4.0,22.0,40.0,79.0,99.0,-10.0,31.0,-23.0,-60.0,124.0,27.0,-103.37,6.41,-3.5599999999999987,12.5,81.64,75.4,6.5,25.72,-6.93,-53.17,119.81,21.84
2025-07-28T15:46:14.823630,-67.0,-23.0,6.0,10.0,2.0,51.0,-28.0,-17.0,34.0,-23.0,-4.0,-44.0,-57.37,-12.59,-19.56,-17.5,4.640000000000001,27.4,-11.5,-22.28,50.07,-16.17,-8.190000000000001,-49.16
2025-07-28T15:46:14.827625,-21.0,2.0,46.0,20.0,40.0,13.0,-36.0,22.0,37.0,-59.0,63.0,-14.0,-11.37,12.41,20.44,-7.5,42.64,-10.600000000000001,-19.5,16.72,53.07,-52.17,58.81,-19.16
2025-07-28T15:46:14.836066,-93.0,22.0,50.0,81.0,-89.0,-1.0,-15.0,-10.0,26.0,-43.0,52.0,-10.0,-83.37,32.41,24.44,53.5,-86.36,-24.6,1.5,-15.280000000000001,42.07,-36.17,47.81,-15.16
2025-07-28T15:46:14.839920,5.0,12.0,2.0,53.0,-47.0,56.0,-26.0,49.0,-10.0,-42.0,54.0,-39.0,14.63,22.41,-23.56,25.5,-44.36,32.4,-9.5,43.72,6.07,-35.17,49.81,-44.16
2025-07-28T15:46:14.848197,38.0,-14.0,-14.0,15.0,-8.0,-11.0,-77.0,-5.0,54.0,4.0,-6.0,-14.0,47.63,-3.59,-39.56,-12.5,-5.359999999999999,-34.6,-60.5,-10.280000000000001,70.07,10.83,-10.190000000000001,-19.16
2025-07-28T15:46:14.856135,-24.0,-85.0,-32.0,-13.0,-55.0,33.0,-46.0,13.0,-16.0,-56.0,53.0,-25.0,-14.37,-74.59,-57.56,-40.5,-52.36,9.399999999999999,-29.5,7.72,0.07000000000000028,-49.17,48.81,-30.16
2025-07-28T15:46:14.860428,15.0,-27.0,15.0,42.0,-35.0,29.0,-35.0,-13.0,-23.0,47.0,24.0,-76.0,24.630000000000003,-16.59,-10.559999999999999,14.5,-32.36,5.399999999999999,-18.5,-18.28,-6.93,53.83,19.81,-81.16
2025-07-28T15:46:14.864544,-41.0,-30.0,28.0,-35.0,49.0,24.0,-49.0,65.0,-41.0,-50.0,43.0,-5.0,-31.369999999999997,-19.59,2.4400000000000013,-62.5,51.64,0.3999999999999986,-32.5,59.72,-24.93,-43.17,38.81,-10.16
2025-07-28T15:46:14.872803,-64.0,-38.0,54.0,62.0,2.0,-42.0,28.0,-42.0,-4.0,-49.0,29.0,-37.0,-54.37,-27.59,28.44,34.5,4.640000000000001,-65.6,44.5,-47.28,12.07,-42.17,24.81,-42.16
2025-07-28T15:46:14.876770,5.0,61.0,4.0,3.0,-37.0,34.0,60.0,44.0,-5.0,-41.0,18.0,-6.0,14.63,71.41,-21.56,-24.5,-34.36,10.399999999999999,76.5,38.72,11.07,-34.17,13.809999999999999,-11.16
2025-07-28T15:46:14.885183,-40.0,-18.0,-15.0,12.0,12.0,27.0,-68.0,-62.0,-48.0,-24.0,-53.0,-22.0,-30.369999999999997,-7.59,-40.56,-15.5,14.64,3.3999999999999986,-51.5,-67.28,-31.93,-17.17,-57.19,-27.16
2025-07-28T15:46:14.889060,17.0,22.0,1.0,32.0,-70.0,18.0,9.0,7.0,-6.0,-39.0,15.0,-25.0,26.630000000000003,32.41,-24.56,4.5,-67.36,-5.600000000000001,25.5,1.7199999999999998,10.07,-32.17,10.809999999999999,-30.16
2025-07-28T15:46:14.897407,-20.0,-40.0,43.0,68.0,-21.0,91.0,30.0,8.0,-34.0,-82.0,47.0,-25.0,-10.37,-29.59,17.44,40.5,-18.36,67.4,46.5,2.7199999999999998,-17.93,-75.17,42.81,-30.16
2025-07-28T15:46:14.901517,-51.0,-82.0,-17.0,15.0,-20.0,60.0,52.0,26.0,-24.0,-65.0,-20.0,16.0,-41.37,-71.59,-42.56,-12.5,-17.36,36.4,68.5,20.72,-7.93,-58.17,-24.19,10.84
2025-07-28T15:46:14.909579,65.0,-103.0,46.0,0.0,5.0,57.0,-53.0,-49.0,-22.0,-25.0,-37.0,-86.0,74.63,-92.59,20.44,-27.5,7.640000000000001,33.4,-36.5,-54.28,-5.93,-18.17,-41.19,-91.16
2025-07-28T15:46:14.913970,-9.0,-38.0,19.0,35.0,16.0,9.0,-13.0,-14.0,28.0,12.0,75.0,-52.0,0.6300000000000008,-27.59,-6.559999999999999,7.5,18.64,-14.600000000000001,3.5,-19.28,44.07,18.83,70.81,-57.16
2025-07-28T15:46:14.921907,0.0,60.0,64.0,92.0,-33.0,-1.0,9.0,-23.0,-23.0,-24.0,11.0,-27.0,9.63,70.41,38.44,64.5,-30.36,-24.6,25.5,-28.28,-6.93,-17.17,6.81,-32.16
2025-07-28T15:46:14.926528,-74.0,15.0,68.0,56.0,-56.0,5.0,4.0,2.0,-37.0,-28.0,44.0,-29.0,-64.37,25.41,42.44,28.5,-53.36,-18.6,20.5,-3.2800000000000002,-20.93,-21.17,39.81,-34.16
2025-07-28T15:46:14.934166,-92.0,-25.0,25.0,82.0,65.0,-10.0,26.0,17.0,-17.0,22.0,21.0,-12.0,-82.37,-14.59,-0.5599999999999987,54.5,67.64,-33.6,42.5,11.719999999999999,-0.9299999999999997,28.83,16.81,-17.16
2025-07-28T15:46:14.938341,-89.0,97.0,16.0,47.0,-34.0,-25.0,-49.0,12.0,20.0,-33.0,31.0,-10.0,-79.37,107.41,-9.559999999999999,19.5,-31.36,-48.6,-32.5,6.72,36.07,-26.17,26.81,-15.16
2025-07-28T15:46:14.946449,30.0,20.0,-15.0,113.0,-66.0,47.0,-31.0,17.0,-21.0,-82.0,-24.0,28.0,39.63,30.41,-40.56,85.5,-63.36,23.4,-14.5,11.719999999999999,-4.93,-75.17,-28.19,22.84
2025-07-28T15:46:14.950839,33.0,-103.0,45.0,3.0,-3.0,89.0,-94.0,59.0,-35.0,-33.0,-4.0,10.0,42.63,-92.59,19.44,-24.5,-0.3599999999999999,65.4,-77.5,53.72,-18.93,-26.17,-8.190000000000001,4.84
2025-07-28T15:46:14.958743,-4.0,-100.0,-70.0,31.0,-74.0,17.0,-19.0,-71.0,24.0,-42.0,49.0,42.0,5.630000000000001,-89.59,-95.56,3.5,-71.36,-6.600000000000001,-2.5,-76.28,40.07,-35.17,44.81,36.84
2025-07-28T15:46:14.962864,23.0,-64.0,5.0,16.0,-8.0,47.0,-105.0,20.0,-86.0,-32.0,50.0,20.0,32.63,-53.59,-20.56,-11.5,-5.359999999999999,23.4,-88.5,14.719999999999999,-69.93,-25.17,45.81,14.84
2025-07-28T15:46:14.970962,47.0,-88.0,63.0,48.0,-50.0,-14.0,-11.0,3.0,-45.0,7.0,38.0,-33.0,56.63,-77.59,37.44,20.5,-47.36,-37.6,5.5,-2.2800000000000002,-28.93,13.83,33.81,-38.16
2025-07-28T15:46:14.975241,12.0,-53.0,47.0,43.0,3.0,29.0,-20.0,-10.0,19.0,14.0,13.0,-5.0,21.630000000000003,-42.59,21.44,15.5,5.640000000000001,5.399999999999999,-3.5,-15.280000000000001,35.07,20.83,8.809999999999999,-10.16
2025-07-28T15:46:14.983417,-4.0,26.0,34.0,57.0,-39.0,46.0,-45.0,75.0,-52.0,-36.0,55.0,-80.0,5.630000000000001,36.41,8.440000000000001,29.5,-36.36,22.4,-28.5,69.72,-35.93,-29.17,50.81,-85.16
2025-07-28T15:46:14.987534,-54.0,-4.0,78.0,106.0,24.0,53.0,-15.0,25.0,-34.0,-89.0,70.0,82.0,-44.37,6.41,52.44,78.5,26.64,29.4,1.5,19.72,-17.93,-82.17,65.81,76.84
2025-07-28T15:46:14.995586,-4.0,31.0,44.0,85.0,-13.0,105.0,-35.0,-31.0,-8.0,-56.0,48.0,-51.0,5.630000000000001,41.41,18.44,57.5,-10.36,81.4,-18.5,-36.28,8.07,-49.17,43.81,-56.16
2025-07-28T15:46:14.999834,-39.0,-10.0,-31.0,-4.0,108.0,31.0,-54.0,14.0,10.0,-107.0,-24.0,72.0,-29.369999999999997,0.41000000000000014,-56.56,-31.5,110.64,7.399999999999999,-37.5,8.719999999999999,26.07,-100.17,-28.19,66.84
2025-07-28T15:46:15.007851,1.0,-43.0,-31.0,89.0,-37.0,39.0,26.0,-62.0,-54.0,-48.0,19.0,-25.0,10.63,-32.59,-56.56,61.5,-34.36,15.399999999999999,42.5,-67.28,-37.93,-41.17,14.809999999999999,-30.16
2025-07-28T15:46:15.012060,80.0,-22.0,52.0,109.0,21.0,3.0,61.0,-39.0,-72.0,-24.0,-8.0,-37.0,89.63,-11.59,26.44,81.5,23.64,-20.6,77.5,-44.28,-55.93,-17.17,-12.190000000000001,-42.16
2025-07-28T15:46:15.020257,-49.0,45.0,67.0,50.0,-50.0,12.0,40.0,-83.0,-108.0,-41.0,60.0,-33.0,-39.37,55.41,41.44,22.5,-47.36,-11.600000000000001,56.5,-88.28,-91.93,-34.17,55.81,-38.16
2025-07-28T15:46:15.024525,-63.0,30.0,50.0,16.0,-64.0,50.0,10.0,54.0,29.0,-22.0,1.0,-11.0,-53.37,40.41,24.44,-11.5,-61.36,26.4,26.5,48.72,45.07,-15.17,-3.1900000000000004,-16.16
2025-07-28T15:46:15.032465,-81.0,42.0,-46.0,-15.0,-49.0,37.0,-18.0,-95.0,35.0,-19.0,13.0,14.0,-71.37,52.41,-71.56,-42.5,-46.36,13.399999999999999,-1.5,-100.28,51.07,-12.17,8.809999999999999,8.84
2025-07-28T15:46:15.036670,-35.0,30.0,-19.0,-22.0,15.0,68.0,4.0,-29.0,26.0,-43.0,22.0,-31.0,-25.369999999999997,40.41,-44.56,-49.5,17.64,44.4,20.5,-34.28,42.07,-36.17,17.81,-36.16
2025-07-28T15:46:15.044685,15.0,62.0,-2.0,-27.0,76.0,-24.0,-17.0,-26.0,-28.0,36.0,-17.0,-26.0,24.630000000000003,72.41,-27.56,-54.5,78.64,-47.6,-0.5,-31.28,-11.93,42.83,-21.19,-31.16
2025-07-28T15:46:15.048873,19.0,-68.0,-44.0,91.0,65.0,4.0,-22.0,49.0,-7.0,5.0,28.0,-17.0,28.630000000000003,-57.59,-69.56,63.5,67.64,-19.6,-5.5,43.72,9.07,11.83,23.81,-22.16
2025-07-28T15:46:15.057095,-1.0,-77.0,-22.0,40.0,4.0,-6.0,20.0,-32.0,-13.0,-15.0,-7.0,-12.0,8.63,-66.59,-47.56,12.5,6.640000000000001,-29.6,36.5,-37.28,3.0700000000000003,-8.17,-11.190000000000001,-17.16
2025-07-28T15:46:15.061243,-13.0,-45.0,-8.0,65.0,-37.0,46.0,-1.0,8.0,0.0,0.0,-23.0,-54.0,-3.369999999999999,-34.59,-33.56,37.5,-34.36,22.4,15.5,2.7199999999999998,16.07,6.83,-27.19,-59.16
2025-07-28T15:46:15.065339,9.0,-67.0,5.0,47.0,-11.0,15.0,12.0,34.0,34.0,-43.0,25.0,1.0,18.630000000000003,-56.59,-20.56,19.5,-8.36,-8.600000000000001,28.5,28.72,50.07,-36.17,20.81,-4.16
2025-07-28T15:46:15.073376,-29.0,-75.0,-25.0,65.0,25.0,39.0,3.0,-8.0,-50.0,-18.0,-25.0,11.0,-19.369999999999997,-64.59,-50.56,37.5,27.64,15.399999999999999,19.5,-13.280000000000001,-33.93,-11.17,-29.19,5.84
2025-07-28T15:46:15.081336,0.0,-25.0,-8.0,8.0,-12.0,24.0,-23.0,10.0,-36.0,-23.0,107.0,6.0,9.63,-14.59,-33.56,-19.5,-9.36,0.3999999999999986,-6.5,4.72,-19.93,-16.17,102.81,0.8399999999999999
2025-07-28T15:46:15.085840,16.0,-61.0,41.0,24.0,10.0,-20.0,25.0,2.0,-7.0,-58.0,18.0,-35.0,25.630000000000003,-50.59,15.440000000000001,-3.5,12.64,-43.6,41.5,-3.2800000000000002,9.07,-51.17,13.809999999999999,-40.16
2025-07-28T15:46:15.093854,-94.0,-61.0,61.0,44.0,-7.0,-9.0,-13.0,50.0,-36.0,-16.0,30.0,-68.0,-84.37,-50.59,35.44,16.5,-4.359999999999999,-32.6,3.5,44.72,-19.93,-9.17,25.81,-73.16
2025-07-28T15:46:15.098179,-67.0,-51.0,57.0,40.0,-73.0,-51.0,-37.0,-69.0,-25.0,-111.0,21.0,-42.0,-57.37,-40.59,31.44,12.5,-70.36,-74.6,-20.5,-74.28,-8.93,-104.17,16.81,-47.16
2025-07-28T15:46:15.106142,-70.0,24.0,32.0,28.0,-19.0,122.0,20.0,37.0,-62.0,-20.0,93.0,-12.0,-60.37,34.41,6.440000000000001,0.5,-16.36,98.4,36.5,31.72,-45.93,-13.17,88.81,-17.16
2025-07-28T15:46:15.110765,-109.0,66.0,-8.0,-1.0,-3.0,38.0,23.0,4.0,22.0,-46.0,41.0,-51.0,-99.37,76.41,-33.56,-28.5,-0.3599999999999999,14.399999999999999,39.5,-1.2800000000000002,38.07,-39.17,36.81,-56.16
2025-07-28T15:46:15.114347,11.0,-55.0,-2.0,-20.0,1.0,45.0,7.0,-13.0,41.0,-69.0,-15.0,-47.0,20.630000000000003,-44.59,-27.56,-47.5,3.64,21.4,23.5,-18.28,57.07,-62.17,-19.19,-52.16
2025-07-28T15:46:15.122949,-10.0,-14.0,-53.0,9.0,-23.0,-6.0,-14.0,28.0,-34.0,-30.0,9.0,21.0,-0.3699999999999992,-3.59,-78.56,-18.5,-20.36,-29.6,2.5,22.72,-17.93,-23.17,4.81,15.84
2025-07-28T15:46:15.126613,30.0,41.0,-1.0,65.0,-44.0,3.0,3.0,29.0,-40.0,-1.0,-8.0,-55.0,39.63,51.41,-26.56,37.5,-41.36,-20.6,19.5,23.72,-23.93,5.83,-12.190000000000001,-60.16
2025-07-28T15:46:15.135082,11.0,2.0,-23.0,68.0,-20.0,-16.0,13.0,49.0,-36.0,7.0,4.0,25.0,20.630000000000003,12.41,-48.56,40.5,-17.36,-39.6,29.5,43.72,-19.93,13.83,-0.1900000000000004,19.84
2025-07-28T15:46:15.138945,59.0,90.0,40.0,40.0,-74.0,42.0,-57.0,25.0,11.0,-57.0,53.0,-36.0,68.63,100.41,14.440000000000001,12.5,-71.36,18.4,-40.5,19.72,27.07,-50.17,48.81,-41.16
2025-07-28T15:46:15.147519,28.0,-82.0,14.0,56.0,-49.0,50.0,61.0,-20.0,-86.0,-72.0,90.0,-36.0,37.63,-71.59,-11.559999999999999,28.5,-46.36,26.4,77.5,-25.28,-69.93,-65.17,85.81,-41.16
2025-07-28T15:46:15.151340,3.0,-88.0,44.0,-65.0,-23.0,88.0,-12.0,7.0,4.0,-41.0,20.0,-42.0,12.63,-77.59,18.44,-92.5,-20.36,64.4,4.5,1.7199999999999998,20.07,-34.17,15.809999999999999,-47.16
2025-07-28T15:46:15.159685,-102.0,-41.0,46.0,29.0,3.0,34.0,-2.0,-17.0,-63.0,-51.0,1.0,11.0,-92.37,-30.59,20.44,1.5,5.640000000000001,10.399999999999999,14.5,-22.28,-46.93,-44.17,-3.1900000000000004,5.84
2025-07-28T15:46:15.163499,-36.0,-54.0,63.0,-12.0,10.0,-3.0,43.0,29.0,-51.0,2.0,93.0,3.0,-26.369999999999997,-43.59,37.44,-39.5,12.64,-26.6,59.5,23.72,-34.93,8.83,88.81,-2.16
2025-07-28T15:46:15.171889,14.0,-51.0,20.0,4.0,52.0,28.0,3.0,-69.0,-25.0,-28.0,-1.0,-31.0,23.630000000000003,-40.59,-5.559999999999999,-23.5,54.64,4.399999999999999,19.5,-74.28,-8.93,-21.17,-5.19,-36.16
2025-07-28T15:46:15.175967,7.0,-48.0,40.0,-10.0,-19.0,21.0,-43.0,-20.0,-40.0,17.0,67.0,-26.0,16.630000000000003,-37.59,14.440000000000001,-37.5,-16.36,-2.6000000000000014,-26.5,-25.28,-23.93,23.83,62.81,-31.16
2025-07-28T15:46:15.184009,-38.0,-24.0,82.0,17.0,16.0,29.0,7.0,-1.0,-6.0,-75.0,-45.0,-60.0,-28.369999999999997,-13.59,56.44,-10.5,18.64,5.399999999999999,23.5,-6.28,10.07,-68.17,-49.19,-65.16
2025-07-28T15:46:15.188218,-59.0,5.0,10.0,86.0,-11.0,33.0,-7.0,-53.0,-32.0,-23.0,15.0,-47.0,-49.37,15.41,-15.559999999999999,58.5,-8.36,9.399999999999999,9.5,-58.28,-15.93,-16.17,10.809999999999999,-52.16
2025-07-28T15:46:15.196307,22.0,28.0,78.0,45.0,22.0,91.0,62.0,-44.0,42.0,-21.0,-7.0,-31.0,31.630000000000003,38.41,52.44,17.5,24.64,67.4,78.5,-49.28,58.07,-14.17,-11.190000000000001,-36.16
2025-07-28T15:46:15.200557,-41.0,38.0,47.0,26.0,-58.0,38.0,-6.0,17.0,36.0,-70.0,71.0,30.0,-31.369999999999997,48.41,21.44,-1.5,-55.36,14.399999999999999,10.5,11.719999999999999,52.07,-63.17,66.81,24.84
2025-07-28T15:46:15.208509,-75.0,-35.0,-3.0,0.0,11.0,64.0,-48.0,35.0,16.0,17.0,13.0,-12.0,-65.37,-24.59,-28.56,-27.5,13.64,40.4,-31.5,29.72,32.07,23.83,8.809999999999999,-17.16
2025-07-28T15:46:15.212816,-17.0,33.0,-23.0,30.0,-9.0,87.0,-64.0,25.0,17.0,-52.0,3.0,42.0,-7.369999999999999,43.41,-48.56,2.5,-6.359999999999999,63.4,-47.5,19.72,33.07,-45.17,-1.1900000000000004,36.84
2025-07-28T15:46:15.220731,-54.0,49.0,-46.0,47.0,40.0,26.0,-53.0,-86.0,6.0,-44.0,5.0,67.0,-44.37,59.41,-71.56,19.5,42.64,2.3999999999999986,-36.5,-91.28,22.07,-37.17,0.8099999999999996,61.84
2025-07-28T15:46:15.225064,-53.0,27.0,-9.0,-33.0,-55.0,6.0,29.0,4.0,-45.0,-53.0,67.0,25.0,-43.37,37.41,-34.56,-60.5,-52.36,-17.6,45.5,-1.2800000000000002,-28.93,-46.17,62.81,19.84
2025-07-28T15:46:15.233050,51.0,67.0,-2.0,65.0,47.0,12.0,-35.0,-47.0,-30.0,-48.0,57.0,-25.0,60.63,77.41,-27.56,37.5,49.64,-11.600000000000001,-18.5,-52.28,-13.93,-41.17,52.81,-30.16
2025-07-28T15:46:15.237404,-4.0,-84.0,-30.0,34.0,15.0,13.0,-27.0,50.0,54.0,-29.0,-9.0,-13.0,5.630000000000001,-73.59,-55.56,6.5,17.64,-10.600000000000001,-10.5,44.72,70.07,-22.17,-13.190000000000001,-18.16
2025-07-28T15:46:15.245466,-20.0,-102.0,48.0,60.0,-13.0,46.0,-31.0,4.0,-12.0,-7.0,110.0,7.0,-10.37,-91.59,22.44,32.5,-10.36,22.4,-14.5,-1.2800000000000002,4.07,-0.16999999999999993,105.81,1.8399999999999999
2025-07-28T15:46:15.249607,-12.0,-6.0,92.0,31.0,24.0,30.0,-4.0,62.0,-31.0,-31.0,68.0,-51.0,-2.369999999999999,4.41,66.44,3.5,26.64,6.399999999999999,12.5,56.72,-14.93,-24.17,63.81,-56.16
2025-07-28T15:46:15.257697,-70.0,-11.0,61.0,28.0,-38.0,33.0,-32.0,-29.0,-47.0,-110.0,55.0,-6.0,-60.37,-0.5899999999999999,35.44,0.5,-35.36,9.399999999999999,-15.5,-34.28,-30.93,-103.17,50.81,-11.16
2025-07-28T15:46:15.262009,-30.0,77.0,120.0,-34.0,27.0,45.0,-53.0,36.0,-31.0,-54.0,-34.0,26.0,-20.369999999999997,87.41,94.44,-61.5,29.64,21.4,-36.5,30.72,-14.93,-47.17,-38.19,20.84
2025-07-28T15:46:15.269952,-65.0,19.0,-43.0,49.0,-4.0,-41.0,-21.0,-20.0,-4.0,-106.0,-55.0,-16.0,-55.37,29.41,-68.56,21.5,-1.3599999999999999,-64.6,-4.5,-25.28,12.07,-99.17,-59.19,-21.16
2025-07-28T15:46:15.274198,-13.0,36.0,-27.0,73.0,-8.0,37.0,-39.0,-44.0,17.0,-49.0,11.0,36.0,-3.369999999999999,46.41,-52.56,45.5,-5.359999999999999,13.399999999999999,-22.5,-49.28,33.07,-42.17,6.81,30.84
2025-07-28T15:46:15.282225,-73.0,-19.0,-48.0,-4.0,-11.0,65.0,-42.0,13.0,12.0,-5.0,41.0,-12.0,-63.37,-8.59,-73.56,-31.5,-8.36,41.4,-25.5,7.72,28.07,1.83,36.81,-17.16
2025-07-28T15:46:15.286464,-12.0,-14.0,1.0,-18.0,37.0,72.0,-5.0,-3.0,-57.0,1.0,56.0,-39.0,-2.369999999999999,-3.59,-24.56,-45.5,39.64,48.4,11.5,-8.280000000000001,-40.93,7.83,51.81,-44.16
2025-07-28T15:46:15.294425,-35.0,-20.0,26.0,-4.0,-83.0,26.0,-6.0,49.0,-22.0,-35.0,-2.0,-54.0,-25.369999999999997,-9.59,0.4400000000000013,-31.5,-80.36,2.3999999999999986,10.5,43.72,-5.93,-28.17,-6.19,-59.16
2025-07-28T15:46:15.298663,14.0,-35.0,48.0,-1.0,39.0,25.0,-27.0,-5.0,-16.0,-94.0,38.0,-64.0,23.630000000000003,-24.59,22.44,-28.5,41.64,1.3999999999999986,-10.5,-10.280000000000001,0.07000000000000028,-87.17,33.81,-69.16
2025-07-28T15:46:15.302760,11.0,-37.0,70.0,25.0,-21.0,-28.0,-1.0,-58.0,-36.0,-5.0,26.0,-53.0,20.630000000000003,-26.59,44.44,-2.5,-18.36,-51.6,15.5,-63.28,-19.93,1.83,21.81,-58.16
2025-07-28T15:46:15.310965,12.0,-32.0,86.0,21.0,23.0,-16.0,-24.0,4.0,2.0,-61.0,75.0,-45.0,21.630000000000003,-21.59,60.44,-6.5,25.64,-39.6,-7.5,-1.2800000000000002,18.07,-54.17,70.81,-50.16
2025-07-28T15:46:15.315079,3.0,-89.0,-30.0,-22.0,2.0,4.0,-24.0,5.0,4.0,-14.0,-7.0,1.0,12.63,-78.59,-55.56,-49.5,4.640000000000001,-19.6,-7.5,-0.28000000000000025,20.07,-7.17,-11.190000000000001,-4.16
2025-07-28T15:46:15.323252,19.0,-85.0,104.0,47.0,-38.0,-7.0,11.0,-43.0,-34.0,-62.0,21.0,39.0,28.630000000000003,-74.59,78.44,19.5,-35.36,-30.6,27.5,-48.28,-17.93,-55.17,16.81,33.84
2025-07-28T15:46:15.327534,-50.0,-69.0,102.0,63.0,-8.0,-13.0,-17.0,35.0,-44.0,-31.0,68.0,17.0,-40.37,-58.59,76.44,35.5,-5.359999999999999,-36.6,-0.5,29.72,-27.93,-24.17,63.81,11.84
2025-07-28T15:46:15.335470,-61.0,-36.0,5.0,59.0,-8.0,-2.0,4.0,-43.0,5.0,-1.0,41.0,38.0,-51.37,-25.59,-20.56,31.5,-5.359999999999999,-25.6,20.5,-48.28,21.07,5.83,36.81,32.84
2025-07-28T15:46:15.339649,-13.0,22.0,74.0,44.0,-47.0,77.0,-71.0,-16.0,7.0,-65.0,1.0,63.0,-3.369999999999999,32.41,48.44,16.5,-44.36,53.4,-54.5,-21.28,23.07,-58.17,-3.1900000000000004,57.84
2025-07-28T15:46:15.347647,7.0,0.0,39.0,45.0,13.0,-9.0,-15.0,30.0,-41.0,-16.0,6.0,66.0,16.630000000000003,10.41,13.440000000000001,17.5,15.64,-32.6,1.5,24.72,-24.93,-9.17,1.8099999999999996,60.84
2025-07-28T15:46:15.351962,40.0,23.0,58.0,44.0,41.0,52.0,-77.0,-18.0,-22.0,-49.0,-37.0,-4.0,49.63,33.41,32.44,16.5,43.64,28.4,-60.5,-23.28,-5.93,-42.17,-41.19,-9.16
2025-07-28T15:46:15.359921,-58.0,68.0,30.0,-18.0,15.0,75.0,4.0,4.0,15.0,-13.0,57.0,2.0,-48.37,78.41,4.440000000000001,-45.5,17.64,51.4,20.5,-1.2800000000000002,31.07,-6.17,52.81,-3.16
2025-07-28T15:46:15.364358,-17.0,-43.0,26.0,14.0,-87.0,11.0,-57.0,-40.0,-24.0,62.0,-65.0,-15.0,-7.369999999999999,-32.59,0.4400000000000013,-13.5,-84.36,-12.600000000000001,-40.5,-45.28,-7.93,68.83,-69.19,-20.16
2025-07-28T15:46:15.372426,15.0,-18.0,40.0,100.0,82.0,61.0,-19.0,-31.0,-29.0,4.0,-25.0,106.0,24.630000000000003,-7.59,14.440000000000001,72.5,84.64,37.4,-2.5,-36.28,-12.93,10.83,-29.19,100.84
2025-07-28T15:46:15.376684,43.0,-97.0,-17.0,-8.0,95.0,41.0,-39.0,-4.0,18.0,41.0,-22.0,33.0,52.63,-86.59,-42.56,-35.5,97.64,17.4,-22.5,-9.280000000000001,34.07,47.83,-26.19,27.84
2025-07-28T15:46:15.384663,-26.0,3.0,85.0,61.0,40.0,4.0,-44.0,22.0,12.0,41.0,-8.0,28.0,-16.369999999999997,13.41,59.44,33.5,42.64,-19.6,-27.5,16.72,28.07,47.83,-12.190000000000001,22.84
2025-07-28T15:46:15.388956,-64.0,-61.0,64.0,38.0,-79.0,4.0,-84.0,-1.0,-5.0,-46.0,66.0,15.0,-54.37,-50.59,38.44,10.5,-76.36,-19.6,-67.5,-6.28,11.07,-39.17,61.81,9.84
2025-07-28T15:46:15.396869,38.0,-11.0,28.0,82.0,70.0,-32.0,-71.0,40.0,-57.0,64.0,-27.0,75.0,47.63,-0.5899999999999999,2.4400000000000013,54.5,72.64,-55.6,-54.5,34.72,-40.93,70.83,-31.19,69.84
2025-07-28T15:46:15.401108,-94.0,-54.0,58.0,-6.0,-27.0,29.0,29.0,14.0,-55.0,49.0,35.0,80.0,-84.37,-43.59,32.44,-33.5,-24.36,5.399999999999999,45.5,8.719999999999999,-38.93,55.83,30.81,74.84
2025-07-28T15:46:15.405135,-25.0,-35.0,78.0,38.0,-30.0,74.0,-33.0,21.0,-8.0,41.0,-67.0,97.0,-15.37,-24.59,52.44,10.5,-27.36,50.4,-16.5,15.719999999999999,8.07,47.83,-71.19,91.84
2025-07-28T15:46:15.413513,-21.0,-21.0,-21.0,51.0,-41.0,5.0,26.0,46.0,-4.0,16.0,6.0,-20.0,-11.37,-10.59,-46.56,23.5,-38.36,-18.6,42.5,40.72,12.07,22.83,1.8099999999999996,-25.16
2025-07-28T15:46:15.417411,-9.0,-5.0,4.0,36.0,1.0,1.0,-50.0,27.0,-54.0,61.0,-98.0,-13.0,0.6300000000000008,5.41,-21.56,8.5,3.64,-22.6,-33.5,21.72,-37.93,67.83,-102.19,-18.16
2025-07-28T15:46:15.425688,-5.0,-11.0,-39.0,31.0,76.0,85.0,-71.0,18.0,-19.0,61.0,-73.0,68.0,4.630000000000001,-0.5899999999999999,-64.56,3.5,78.64,61.4,-54.5,12.719999999999999,-2.9299999999999997,67.83,-77.19,62.84
2025-07-28T15:46:15.429757,10.0,6.0,-60.0,42.0,15.0,5.0,-48.0,30.0,-23.0,82.0,-58.0,36.0,19.630000000000003,16.41,-85.56,14.5,17.64,-18.6,-31.5,24.72,-6.93,88.83,-62.19,30.84
2025-07-28T15:46:15.437808,-45.0,-58.0,8.0,103.0,29.0,3.0,-49.0,45.0,-57.0,3.0,-59.0,35.0,-35.37,-47.59,-17.56,75.5,31.64,-20.6,-32.5,39.72,-40.93,9.83,-63.19,29.84
2025-07-28T15:46:15.442142,-6.0,-37.0,44.0,-13.0,-4.0,-34.0,5.0,46.0,0.0,54.0,-67.0,79.0,3.630000000000001,-26.59,18.44,-40.5,-1.3599999999999999,-57.6,21.5,40.72,16.07,60.83,-71.19,73.84
2025-07-28T15:46:15.450294,34.0,-57.0,56.0,73.0,-78.0,25.0,-46.0,46.0,-9.0,-32.0,-15.0,19.0,43.63,-46.59,30.44,45.5,-75.36,1.3999999999999986,-29.5,40.72,7.07,-25.17,-19.19,13.84
2025-07-28T15:46:15.454403,-78.0,-32.0,39.0,76.0,-37.0,44.0,8.0,54.0,-78.0,13.0,-56.0,66.0,-68.37,-21.59,13.440000000000001,48.5,-34.36,20.4,24.5,48.72,-61.93,19.83,-60.19,60.84
2025-07-28T15:46:15.462493,-57.0,-40.0,48.0,59.0,-60.0,12.0,-61.0,-3.0,-55.0,29.0,8.0,61.0,-47.37,-29.59,22.44,31.5,-57.36,-11.600000000000001,-44.5,-8.280000000000001,-38.93,35.83,3.8099999999999996,55.84
2025-07-28T15:46:15.466797,-8.0,-41.0,30.0,-33.0,20.0,97.0,-8.0,-96.0,-60.0,-59.0,-35.0,8.0,1.6300000000000008,-30.59,4.440000000000001,-60.5,22.64,73.4,8.5,-101.28,-43.93,-52.17,-39.19,2.84
2025-07-28T15:46:15.474619,-49.0,-52.0,77.0,-23.0,3.0,33.0,-8.0,67.0,-87.0,8.0,-4.0,64.0,-39.37,-41.59,51.44,-50.5,5.640000000000001,9.399999999999999,8.5,61.72,-70.93,14.83,-8.190000000000001,58.84
2025-07-28T15:46:15.479143,-84.0,-17.0,17.0,49.0,-18.0,53.0,1.0,20.0,-21.0,29.0,-46.0,26.0,-74.37,-6.59,-8.559999999999999,21.5,-15.36,29.4,17.5,14.719999999999999,-4.93,35.83,-50.19,20.84
2025-07-28T15:46:15.486834,-30.0,0.0,43.0,5.0,6.0,73.0,26.0,15.0,-34.0,5.0,8.0,44.0,-20.369999999999997,10.41,17.44,-22.5,8.64,49.4,42.5,9.719999999999999,-17.93,11.83,3.8099999999999996,38.84
2025-07-28T15:46:15.491401,-60.0,17.0,47.0,59.0,-2.0,-43.0,-9.0,46.0,-14.0,-18.0,35.0,-55.0,-50.37,27.41,21.44,31.5,0.6400000000000001,-66.6,7.5,40.72,2.0700000000000003,-11.17,30.81,-60.16
2025-07-28T15:46:15.499254,-39.0,28.0,-2.0,122.0,26.0,-29.0,19.0,58.0,-3.0,77.0,44.0,-36.0,-29.369999999999997,38.41,-27.56,94.5,28.64,-52.6,35.5,52.72,13.07,83.83,39.81,-41.16
2025-07-28T15:46:15.503535,-18.0,6.0,2.0,-3.0,-17.0,4.0,65.0,23.0,-9.0,-21.0,35.0,8.0,-8.37,16.41,-23.56,-30.5,-14.36,-19.6,81.5,17.72,7.07,-14.17,30.81,2.84
2025-07-28T15:46:15.511490,89.0,-4.0,-49.0,29.0,8.0,30.0,2.0,-31.0,-14.0,30.0,33.0,-46.0,98.63,6.41,-74.56,1.5,10.64,6.399999999999999,18.5,-36.28,2.0700000000000003,36.83,28.81,-51.16
2025-07-28T15:46:15.515844,30.0,17.0,-38.0,30.0,-63.0,-21.0,16.0,-9.0,-44.0,26.0,38.0,-19.0,39.63,27.41,-63.56,2.5,-60.36,-44.6,32.5,-14.280000000000001,-27.93,32.83,33.81,-24.16
2025-07-28T15:46:15.523775,47.0,-11.0,-40.0,-35.0,48.0,23.0,-43.0,-68.0,-18.0,31.0,-24.0,7.0,56.63,-0.5899999999999999,-65.56,-62.5,50.64,-0.6000000000000014,-26.5,-73.28,-1.9299999999999997,37.83,-28.19,1.8399999999999999
2025-07-28T15:46:15.528064,21.0,-72.0,59.0,31.0,38.0,49.0,0.0,-11.0,26.0,-3.0,44.0,-31.0,30.630000000000003,-61.59,33.44,3.5,40.64,25.4,16.5,-16.28,42.07,3.83,39.81,-36.16
2025-07-28T15:46:15.532054,-44.0,34.0,71.0,37.0,32.0,13.0,21.0,0.0,-41.0,62.0,38.0,-54.0,-34.37,44.41,45.44,9.5,34.64,-10.600000000000001,37.5,-5.28,-24.93,68.83,33.81,-59.16
2025-07-28T15:46:15.540487,-50.0,-47.0,44.0,29.0,11.0,-10.0,28.0,-3.0,-76.0,31.0,49.0,20.0,-40.37,-36.59,18.44,1.5,13.64,-33.6,44.5,-8.280000000000001,-59.93,37.83,44.81,14.84
2025-07-28T15:46:15.544378,-8.0,99.0,15.0,40.0,22.0,45.0,62.0,70.0,-15.0,87.0,12.0,-7.0,1.6300000000000008,109.41,-10.559999999999999,12.5,24.64,21.4,78.5,64.72,1.0700000000000003,93.83,7.81,-12.16
2025-07-28T15:46:15.552493,-28.0,6.0,-21.0,20.0,25.0,43.0,44.0,47.0,-31.0,23.0,16.0,8.0,-18.369999999999997,16.41,-46.56,-7.5,27.64,19.4,60.5,41.72,-14.93,29.83,11.809999999999999,2.84
2025-07-28T15:46:15.556724,-6.0,19.0,-78.0,42.0,58.0,16.0,-60.0,44.0,-80.0,38.0,19.0,17.0,3.630000000000001,29.41,-103.56,14.5,60.64,-7.600000000000001,-43.5,38.72,-63.93,44.83,14.809999999999999,11.84
2025-07-28T15:46:15.564975,19.0,-48.0,5.0,-6.0,80.0,53.0,-29.0,6.0,18.0,70.0,95.0,-41.0,28.630000000000003,-37.59,-20.56,-33.5,82.64,29.4,-12.5,0.7199999999999998,34.07,76.83,90.81,-46.16
2025-07-28T15:46:15.568985,22.0,-55.0,17.0,48.0,46.0,-20.0,-20.0,14.0,25.0,19.0,57.0,-30.0,31.630000000000003,-44.59,-8.559999999999999,20.5,48.64,-43.6,-3.5,8.719999999999999,41.07,25.83,52.81,-35.16
2025-07-28T15:46:15.577268,-58.0,-38.0,39.0,22.0,26.0,-18.0,41.0,-41.0,-69.0,78.0,26.0,-26.0,-48.37,-27.59,13.440000000000001,-5.5,28.64,-41.6,57.5,-46.28,-52.93,84.83,21.81,-31.16
2025-07-28T15:46:15.581344,-21.0,-7.0,29.0,89.0,-46.0,35.0,-68.0,-39.0,-63.0,47.0,26.0,4.0,-11.37,3.41,3.4400000000000013,61.5,-43.36,11.399999999999999,-51.5,-44.28,-46.93,53.83,21.81,-1.1600000000000001
2025-07-28T15:46:15.589533,-76.0,27.0,63.0,90.0,-21.0,1.0,-14.0,-56.0,43.0,39.0,23.0,-11.0,-66.37,37.41,37.44,62.5,-18.36,-22.6,2.5,-61.28,59.07,45.83,18.81,-16.16
2025-07-28T15:46:15.593753,-17.0,7.0,63.0,90.0,-13.0,7.0,10.0,7.0,-77.0,-7.0,76.0,-15.0,-7.369999999999999,17.41,37.44,62.5,-10.36,-16.6,26.5,1.7199999999999998,-60.93,-0.16999999999999993,71.81,-20.16
2025-07-28T15:46:15.601710,-45.0,24.0,99.0,30.0,3.0,9.0,51.0,22.0,-7.0,-26.0,2.0,22.0,-35.37,34.41,73.44,2.5,5.640000000000001,-14.600000000000001,67.5,16.72,9.07,-19.17,-2.1900000000000004,16.84
2025-07-28T15:46:15.606097,-102.0,53.0,56.0,54.0,-53.0,28.0,23.0,-11.0,-90.0,-99.0,-55.0,34.0,-92.37,63.41,30.44,26.5,-50.36,4.399999999999999,39.5,-16.28,-73.93,-92.17,-59.19,28.84
2025-07-28T15:46:15.614125,-68.0,-44.0,11.0,-15.0,-1.0,96.0,-18.0,-41.0,38.0,-67.0,-12.0,1.0,-58.37,-33.59,-14.559999999999999,-42.5,1.6400000000000001,72.4,-1.5,-46.28,54.07,-60.17,-16.19,-4.16
2025-07-28T15:46:15.618359,-25.0,-3.0,-51.0,39.0,-9.0,58.0,-35.0,-3.0,21.0,-31.0,-42.0,20.0,-15.37,7.41,-76.56,11.5,-6.359999999999999,34.4,-18.5,-8.280000000000001,37.07,-24.17,-46.19,14.84
2025-07-28T15:46:15.626397,48.0,-7.0,24.0,0.0,35.0,14.0,-118.0,-20.0,-15.0,-19.0,5.0,53.0,57.63,3.41,-1.5599999999999987,-27.5,37.64,-9.600000000000001,-101.5,-25.28,1.0700000000000003,-12.17,0.8099999999999996,47.84
2025-07-28T15:46:15.630462,-4.0,-17.0,0.0,-52.0,58.0,85.0,40.0,60.0,29.0,31.0,-33.0,48.0,5.630000000000001,-6.59,-25.56,-79.5,60.64,61.4,56.5,54.72,45.07,37.83,-37.19,42.84
2025-07-28T15:46:15.638600,62.0,-48.0,56.0,10.0,-17.0,28.0,37.0,-58.0,-35.0,30.0,-82.0,40.0,71.63,-37.59,30.44,-17.5,-14.36,4.399999999999999,53.5,-63.28,-18.93,36.83,-86.19,34.84
2025-07-28T15:46:15.642696,38.0,32.0,18.0,120.0,-68.0,12.0,-62.0,-75.0,-29.0,31.0,-34.0,-22.0,47.63,42.41,-7.559999999999999,92.5,-65.36,-11.600000000000001,-45.5,-80.28,-12.93,37.83,-38.19,-27.16
2025-07-28T15:46:15.650832,-38.0,-34.0,55.0,-47.0,-2.0,43.0,2.0,58.0,10.0,4.0,-42.0,31.0,-28.369999999999997,-23.59,29.44,-74.5,0.6400000000000001,19.4,18.5,52.72,26.07,10.83,-46.19,25.84
2025-07-28T15:46:15.655224,-24.0,-57.0,33.0,39.0,14.0,66.0,37.0,35.0,-46.0,-18.0,-88.0,33.0,-14.37,-46.59,7.440000000000001,11.5,16.64,42.4,53.5,29.72,-29.93,-11.17,-92.19,27.84
2025-07-28T15:46:15.663204,-44.0,33.0,-11.0,40.0,-4.0,28.0,-153.0,5.0,-50.0,16.0,29.0,4.0,-34.37,43.41,-36.56,12.5,-1.3599999999999999,4.399999999999999,-136.5,-0.28000000000000025,-33.93,22.83,24.81,-1.1600000000000001
2025-07-28T15:46:15.667423,-51.0,69.0,-23.0,59.0,-4.0,-14.0,-39.0,90.0,-46.0,23.0,-9.0,110.0,-41.37,79.41,-48.56,31.5,-1.3599999999999999,-37.6,-22.5,84.72,-29.93,29.83,-13.190000000000001,104.84
2025-07-28T15:46:15.675459,43.0,19.0,-38.0,34.0,-38.0,15.0,-85.0,0.0,-33.0,21.0,-61.0,23.0,52.63,29.41,-63.56,6.5,-35.36,-8.600000000000001,-68.5,-5.28,-16.93,27.83,-65.19,17.84
2025-07-28T15:46:15.679708,5.0,-11.0,-25.0,58.0,20.0,6.0,-28.0,32.0,-59.0,28.0,-1.0,51.0,14.63,-0.5899999999999999,-50.56,30.5,22.64,-17.6,-11.5,26.72,-42.93,34.83,-5.19,45.84
2025-07-28T15:46:15.687707,-4.0,-112.0,80.0,13.0,-8.0,4.0,-12.0,15.0,-25.0,13.0,-34.0,-29.0,5.630000000000001,-101.59,54.44,-14.5,-5.359999999999999,-19.6,4.5,9.719999999999999,-8.93,19.83,-38.19,-34.16
2025-07-28T15:46:15.692346,48.0,-56.0,34.0,-4.0,6.0,23.0,-2.0,51.0,-45.0,56.0,-17.0,85.0,57.63,-45.59,8.440000000000001,-31.5,8.64,-0.6000000000000014,14.5,45.72,-28.93,62.83,-21.19,79.84
2025-07-28T15:46:15.699901,30.0,-40.0,40.0,-10.0,11.0,27.0,-1.0,-60.0,-34.0,-4.0,-46.0,28.0,39.63,-29.59,14.440000000000001,-37.5,13.64,3.3999999999999986,15.5,-65.28,-17.93,2.83,-50.19,22.84
2025-07-28T15:46:15.704252,-37.0,-49.0,42.0,27.0,-26.0,15.0,-17.0,0.0,-74.0,38.0,-15.0,53.0,-27.369999999999997,-38.59,16.44,-0.5,-23.36,-8.600000000000001,-0.5,-5.28,-57.93,44.83,-19.19,47.84
2025-07-28T15:46:15.712221,-22.0,37.0,51.0,35.0,38.0,-54.0,20.0,108.0,-49.0,50.0,26.0,85.0,-12.37,47.41,25.44,7.5,40.64,-77.6,36.5,102.72,-32.93,56.83,21.81,79.84
2025-07-28T15:46:15.716421,-126.0,12.0,-7.0,38.0,-1.0,38.0,-7.0,20.0,-111.0,51.0,65.0,11.0,-116.37,22.41,-32.56,10.5,1.6400000000000001,14.399999999999999,9.5,14.719999999999999,-94.93,57.83,60.81,5.84
2025-07-28T15:46:15.720484,22.0,7.0,-1.0,28.0,-2.0,45.0,-31.0,62.0,-5.0,3.0,1.0,64.0,31.630000000000003,17.41,-26.56,0.5,0.6400000000000001,21.4,-14.5,56.72,11.07,9.83,-3.1900000000000004,58.84
2025-07-28T15:46:15.728883,28.0,38.0,-58.0,73.0,-31.0,33.0,26.0,99.0,-96.0,-21.0,-17.0,-1.0,37.63,48.41,-83.56,45.5,-28.36,9.399999999999999,42.5,93.72,-79.93,-14.17,-21.19,-6.16
2025-07-28T15:46:15.732838,-15.0,28.0,73.0,34.0,-34.0,60.0,52.0,-24.0,-7.0,55.0,-40.0,-39.0,-5.369999999999999,38.41,47.44,6.5,-31.36,36.4,68.5,-29.28,9.07,61.83,-44.19,-44.16
2025-07-28T15:46:15.740951,-9.0,-34.0,83.0,-9.0,32.0,72.0,-1.0,-7.0,-14.0,41.0,-11.0,-40.0,0.6300000000000008,-23.59,57.44,-36.5,34.64,48.4,15.5,-12.280000000000001,2.0700000000000003,47.83,-15.190000000000001,-45.16
2025-07-28T15:46:15.745105,10.0,-28.0,86.0,56.0,94.0,111.0,-8.0,50.0,-13.0,48.0,51.0,4.0,19.630000000000003,-17.59,60.44,28.5,96.64,87.4,8.5,44.72,3.0700000000000003,54.83,46.81,-1.1600000000000001
2025-07-28T15:46:15.753366,-3.0,-6.0,35.0,27.0,-4.0,-41.0,-66.0,18.0,-70.0,22.0,22.0,-87.0,6.630000000000001,4.41,9.440000000000001,-0.5,-1.3599999999999999,-64.6,-49.5,12.719999999999999,-53.93,28.83,17.81,-92.16
2025-07-28T15:46:15.757685,43.0,-45.0,60.0,-9.0,156.0,-1.0,-38.0,13.0,-65.0,-51.0,22.0,-73.0,52.63,-34.59,34.44,-36.5,158.64,-24.6,-21.5,7.72,-48.93,-44.17,17.81,-78.16
2025-07-28T15:46:15.765619,-50.0,-78.0,63.0,-18.0,27.0,14.0,-8.0,34.0,-55.0,-90.0,33.0,-66.0,-40.37,-67.59,37.44,-45.5,29.64,-9.600000000000001,8.5,28.72,-38.93,-83.17,28.81,-71.16
2025-07-28T15:46:15.769860,-27.0,-40.0,65.0,81.0,-85.0,58.0,-4.0,-13.0,-19.0,1.0,64.0,-38.0,-17.369999999999997,-29.59,39.44,53.5,-82.36,34.4,12.5,-18.28,-2.9299999999999997,7.83,59.81,-43.16
2025-07-28T15:46:15.777920,-44.0,63.0,56.0,60.0,45.0,11.0,-80.0,18.0,-1.0,-12.0,5.0,-66.0,-34.37,73.41,30.44,32.5,47.64,-12.600000000000001,-63.5,12.719999999999999,15.07,-5.17,0.8099999999999996,-71.16
2025-07-28T15:46:15.782291,-29.0,36.0,45.0,-23.0,-31.0,4.0,-53.0,42.0,17.0,-90.0,12.0,-44.0,-19.369999999999997,46.41,19.44,-50.5,-28.36,-19.6,-36.5,36.72,33.07,-83.17,7.81,-49.16
2025-07-28T15:46:15.790076,-58.0,84.0,-14.0,9.0,74.0,40.0,13.0,-6.0,-15.0,-52.0,71.0,-52.0,-48.37,94.41,-39.56,-18.5,76.64,16.4,29.5,-11.280000000000001,1.0700000000000003,-45.17,66.81,-57.16
2025-07-28T15:46:15.794472,-28.0,-37.0,-33.0,16.0,-51.0,-41.0,56.0,2.0,-31.0,-22.0,26.0,22.0,-18.369999999999997,-26.59,-58.56,-11.5,-48.36,-64.6,72.5,-3.2800000000000002,-14.93,-15.17,21.81,16.84
2025-07-28T15:46:15.802376,39.0,2.0,2.0,59.0,16.0,26.0,40.0,51.0,-39.0,-79.0,58.0,-56.0,48.63,12.41,-23.56,31.5,18.64,2.3999999999999986,56.5,45.72,-22.93,-72.17,53.81,-61.16
2025-07-28T15:46:15.806621,-19.0,19.0,79.0,47.0,-88.0,37.0,18.0,-33.0,-28.0,-21.0,17.0,-40.0,-9.37,29.41,53.44,19.5,-85.36,13.399999999999999,34.5,-38.28,-11.93,-14.17,12.809999999999999,-45.16
2025-07-28T15:46:15.814703,-88.0,-58.0,-35.0,77.0,-36.0,92.0,-31.0,5.0,-69.0,-27.0,10.0,-28.0,-78.37,-47.59,-60.56,49.5,-33.36,68.4,-14.5,-0.28000000000000025,-52.93,-20.17,5.81,-33.16
2025-07-28T15:46:15.818938,5.0,-1.0,-13.0,35.0,24.0,-5.0,-2.0,18.0,-109.0,-99.0,64.0,-73.0,14.63,9.41,-38.56,7.5,26.64,-28.6,14.5,12.719999999999999,-92.93,-92.17,59.81,-78.16
2025-07-28T15:46:15.827084,-29.0,17.0,35.0,11.0,22.0,67.0,-50.0,-64.0,-50.0,15.0,14.0,-78.0,-19.369999999999997,27.41,9.440000000000001,-16.5,24.64,43.4,-33.5,-69.28,-33.93,21.83,9.809999999999999,-83.16
2025-07-28T15:46:15.831352,-73.0,43.0,10.0,-6.0,21.0,44.0,9.0,-16.0,-8.0,-57.0,13.0,-46.0,-63.37,53.41,-15.559999999999999,-33.5,23.64,20.4,25.5,-21.28,8.07,-50.17,8.809999999999999,-51.16
2025-07-28T15:46:15.839381,20.0,51.0,-37.0,32.0,10.0,32.0,-32.0,19.0,-12.0,-83.0,55.0,-109.0,29.630000000000003,61.41,-62.56,4.5,12.64,8.399999999999999,-15.5,13.719999999999999,4.07,-76.17,50.81,-114.16
2025-07-28T15:46:15.843568,-12.0,-34.0,25.0,63.0,11.0,40.0,61.0,15.0,-4.0,-80.0,81.0,-34.0,-2.369999999999999,-23.59,-0.5599999999999987,35.5,13.64,16.4,77.5,9.719999999999999,12.07,-73.17,76.81,-39.16
2025-07-28T15:46:15.851579,-19.0,-80.0,-32.0,69.0,-63.0,19.0,-44.0,-70.0,-50.0,-81.0,59.0,-36.0,-9.37,-69.59,-57.56,41.5,-60.36,-4.600000000000001,-27.5,-75.28,-33.93,-74.17,54.81,-41.16
2025-07-28T15:46:15.855746,47.0,4.0,28.0,35.0,-2.0,89.0,-39.0,-32.0,-2.0,-32.0,8.0,-70.0,56.63,14.41,2.4400000000000013,7.5,0.6400000000000001,65.4,-22.5,-37.28,14.07,-25.17,3.8099999999999996,-75.16
2025-07-28T15:46:15.863773,63.0,36.0,65.0,88.0,64.0,10.0,-2.0,-46.0,-3.0,31.0,50.0,-29.0,72.63,46.41,39.44,60.5,66.64,-13.600000000000001,14.5,-51.28,13.07,37.83,45.81,-34.16
2025-07-28T15:46:15.868173,59.0,-93.0,70.0,30.0,-33.0,62.0,-59.0,7.0,-1.0,-49.0,62.0,-58.0,68.63,-82.59,44.44,2.5,-30.36,38.4,-42.5,1.7199999999999998,15.07,-42.17,57.81,-63.16
2025-07-28T15:46:15.876262,-30.0,-62.0,12.0,38.0,35.0,34.0,1.0,-20.0,-45.0,-18.0,88.0,-57.0,-20.369999999999997,-51.59,-13.559999999999999,10.5,37.64,10.399999999999999,17.5,-25.28,-28.93,-11.17,83.81,-62.16
2025-07-28T15:46:15.880472,-27.0,-18.0,91.0,6.0,3.0,34.0,10.0,45.0,26.0,57.0,67.0,-25.0,-17.369999999999997,-7.59,65.44,-21.5,5.640000000000001,10.399999999999999,26.5,39.72,42.07,63.83,62.81,-30.16
2025-07-28T15:46:15.888429,-54.0,-19.0,53.0,55.0,-51.0,4.0,-2.0,-18.0,-40.0,-105.0,41.0,-28.0,-44.37,-8.59,27.44,27.5,-48.36,-19.6,14.5,-23.28,-23.93,-98.17,36.81,-33.16
2025-07-28T15:46:15.892696,-34.0,-35.0,-21.0,42.0,-5.0,-10.0,-42.0,47.0,29.0,-40.0,18.0,-25.0,-24.369999999999997,-24.59,-46.56,14.5,-2.36,-33.6,-25.5,41.72,45.07,-33.17,13.809999999999999,-30.16
2025-07-28T15:46:15.900825,-30.0,58.0,-45.0,25.0,36.0,21.0,-43.0,-66.0,-56.0,-118.0,-6.0,-52.0,-20.369999999999997,68.41,-70.56,-2.5,38.64,-2.6000000000000014,-26.5,-71.28,-39.93,-111.17,-10.190000000000001,-57.16
2025-07-28T15:46:15.905037,61.0,22.0,-25.0,78.0,29.0,-2.0,-35.0,-5.0,-22.0,-43.0,67.0,-82.0,70.63,32.41,-50.56,50.5,31.64,-25.6,-18.5,-10.280000000000001,-5.93,-36.17,62.81,-87.16
2025-07-28T15:46:15.912985,42.0,10.0,-8.0,25.0,-30.0,-15.0,14.0,-4.0,-43.0,-32.0,16.0,-40.0,51.63,20.41,-33.56,-2.5,-27.36,-38.6,30.5,-9.280000000000001,-26.93,-25.17,11.809999999999999,-45.16
2025-07-28T15:46:15.917327,-17.0,-76.0,-20.0,4.0,-28.0,-25.0,-20.0,-39.0,-49.0,-94.0,81.0,-29.0,-7.369999999999999,-65.59,-45.56,-23.5,-25.36,-48.6,-3.5,-44.28,-32.93,-87.17,76.81,-34.16
2025-07-28T15:46:15.921490,34.0,-62.0,33.0,0.0,-76.0,3.0,-21.0,5.0,-8.0,-23.0,-1.0,-34.0,43.63,-51.59,7.440000000000001,-27.5,-73.36,-20.6,-4.5,-0.28000000000000025,8.07,-16.17,-5.19,-39.16
2025-07-28T15:46:15.929527,70.0,58.0,7.0,26.0,-47.0,-2.0,22.0,-2.0,11.0,-68.0,49.0,-92.0,79.63,68.41,-18.56,-1.5,-44.36,-25.6,38.5,-7.28,27.07,-61.17,44.81,-97.16
2025-07-28T15:46:15.933530,28.0,11.0,46.0,13.0,-26.0,22.0,43.0,-20.0,23.0,-28.0,5.0,-36.0,37.63,21.41,20.44,-14.5,-23.36,-1.6000000000000014,59.5,-25.28,39.07,-21.17,0.8099999999999996,-41.16
2025-07-28T15:46:15.941614,-50.0,7.0,55.0,20.0,-9.0,86.0,-54.0,18.0,36.0,-56.0,13.0,-44.0,-40.37,17.41,29.44,-7.5,-6.359999999999999,62.4,-37.5,12.719999999999999,52.07,-49.17,8.809999999999999,-49.16
2025-07-28T15:46:15.945868,-5.0,-26.0,75.0,24.0,6.0,56.0,-36.0,-57.0,-44.0,-48.0,34.0,-24.0,4.630000000000001,-15.59,49.44,-3.5,8.64,32.4,-19.5,-62.28,-27.93,-41.17,29.81,-29.16
2025-07-28T15:46:15.953952,34.0,-58.0,39.0,58.0,23.0,1.0,12.0,-3.0,37.0,-57.0,41.0,-69.0,43.63,-47.59,13.440000000000001,30.5,25.64,-22.6,28.5,-8.280000000000001,53.07,-50.17,36.81,-74.16
2025-07-28T15:46:15.958369,16.0,-32.0,65.0,9.0,41.0,-41.0,-12.0,-81.0,23.0,-15.0,15.0,-30.0,25.630000000000003,-21.59,39.44,-18.5,43.64,-64.6,4.5,-86.28,39.07,-8.17,10.809999999999999,-35.16
2025-07-28T15:46:15.966358,-24.0,-91.0,19.0,80.0,77.0,-95.0,-3.0,-12.0,-59.0,-25.0,102.0,16.0,-14.37,-80.59,-6.559999999999999,52.5,79.64,-118.6,13.5,-17.28,-42.93,-18.17,97.81,10.84
2025-07-28T15:46:15.970518,-7.0,28.0,48.0,15.0,-32.0,13.0,2.0,8.0,28.0,-30.0,49.0,8.0,2.630000000000001,38.41,22.44,-12.5,-29.36,-10.600000000000001,18.5,2.7199999999999998,44.07,-23.17,44.81,2.84
2025-07-28T15:46:15.978427,-106.0,4.0,17.0,13.0,-11.0,-27.0,16.0,36.0,-18.0,-2.0,57.0,-53.0,-96.37,14.41,-8.559999999999999,-14.5,-8.36,-50.6,32.5,30.72,-1.9299999999999997,4.83,52.81,-58.16
2025-07-28T15:46:15.982733,-56.0,45.0,-55.0,39.0,0.0,-22.0,-1.0,-45.0,-70.0,-48.0,21.0,-53.0,-46.37,55.41,-80.56,11.5,2.64,-45.6,15.5,-50.28,-53.93,-41.17,16.81,-58.16
2025-07-28T15:46:15.991020,-18.0,22.0,-54.0,-8.0,-46.0,6.0,-73.0,37.0,-22.0,-89.0,50.0,-96.0,-8.37,32.41,-79.56,-35.5,-43.36,-17.6,-56.5,31.72,-5.93,-82.17,45.81,-101.16
2025-07-28T15:46:15.995182,5.0,71.0,-70.0,-25.0,-8.0,-37.0,-43.0,-35.0,-15.0,-87.0,6.0,-49.0,14.63,81.41,-95.56,-52.5,-5.359999999999999,-60.6,-26.5,-40.28,1.0700000000000003,-80.17,1.8099999999999996,-54.16
2025-07-28T15:46:16.003084,-29.0,47.0,-55.0,11.0,-9.0,42.0,-30.0,-53.0,-51.0,-15.0,56.0,-76.0,-19.369999999999997,57.41,-80.56,-16.5,-6.359999999999999,18.4,-13.5,-58.28,-34.93,-8.17,51.81,-81.16
2025-07-28T15:46:16.007570,24.0,-7.0,-40.0,55.0,1.0,9.0,-55.0,6.0,27.0,-27.0,28.0,-30.0,33.63,3.41,-65.56,27.5,3.64,-14.600000000000001,-38.5,0.7199999999999998,43.07,-20.17,23.81,-35.16
2025-07-28T15:46:16.015450,13.0,27.0,-18.0,85.0,-28.0,-38.0,8.0,7.0,10.0,-11.0,102.0,-35.0,22.630000000000003,37.41,-43.56,57.5,-25.36,-61.6,24.5,1.7199999999999998,26.07,-4.17,97.81,-40.16
2025-07-28T15:46:16.019805,19.0,-84.0,-97.0,119.0,11.0,-3.0,-25.0,-16.0,10.0,-16.0,93.0,-54.0,28.630000000000003,-73.59,-122.56,91.5,13.64,-26.6,-8.5,-21.28,26.07,-9.17,88.81,-59.16
2025-07-28T15:46:16.027713,32.0,-19.0,63.0,47.0,-52.0,33.0,-83.0,-10.0,22.0,16.0,76.0,-47.0,41.63,-8.59,37.44,19.5,-49.36,9.399999999999999,-66.5,-15.280000000000001,38.07,22.83,71.81,-52.16
2025-07-28T15:46:16.032054,1.0,1.0,45.0,89.0,-48.0,71.0,-33.0,-68.0,-75.0,-73.0,-22.0,-55.0,10.63,11.41,19.44,61.5,-45.36,47.4,-16.5,-73.28,-58.93,-66.17,-26.19,-60.16
2025-07-28T15:46:16.039928,-65.0,-44.0,61.0,63.0,32.0,16.0,-68.0,4.0,-30.0,-68.0,86.0,-26.0,-55.37,-33.59,35.44,35.5,34.64,-7.600000000000001,-51.5,-1.2800000000000002,-13.93,-61.17,81.81,-31.16
2025-07-28T15:46:16.044235,-23.0,67.0,58.0,38.0,87.0,39.0,-16.0,-3.0,-38.0,-66.0,71.0,-113.0,-13.37,77.41,32.44,10.5,89.64,15.399999999999999,0.5,-8.280000000000001,-21.93,-59.17,66.81,-118.16
2025-07-28T15:46:16.052309,-54.0,19.0,-96.0,-35.0,27.0,-21.0,-10.0,7.0,-26.0,25.0,63.0,-13.0,-44.37,29.41,-121.56,-62.5,29.64,-44.6,6.5,1.7199999999999998,-9.93,31.83,58.81,-18.16
2025-07-28T15:46:16.056422,33.0,32.0,43.0,110.0,6.0,-66.0,44.0,37.0,-25.0,7.0,44.0,-67.0,42.63,42.41,17.44,82.5,8.64,-89.6,60.5,31.72,-8.93,13.83,39.81,-72.16
2025-07-28T15:46:16.060451,-13.0,-3.0,-41.0,46.0,4.0,-13.0,-63.0,11.0,0.0,-20.0,74.0,-65.0,-3.369999999999999,7.41,-66.56,18.5,6.640000000000001,-36.6,-46.5,5.72,16.07,-13.17,69.81,-70.16
2025-07-28T15:46:16.068817,20.0,63.0,-10.0,44.0,-35.0,37.0,-67.0,-47.0,-70.0,-43.0,84.0,-52.0,29.630000000000003,73.41,-35.56,16.5,-32.36,13.399999999999999,-50.5,-52.28,-53.93,-36.17,79.81,-57.16
2025-07-28T15:46:16.076834,58.0,-36.0,-18.0,83.0,-6.0,35.0,-70.0,-56.0,22.0,17.0,45.0,-25.0,67.63,-25.59,-43.56,55.5,-3.36,11.399999999999999,-53.5,-61.28,38.07,23.83,40.81,-30.16
2025-07-28T15:46:16.081129,94.0,-86.0,-10.0,39.0,-48.0,57.0,21.0,14.0,-9.0,-34.0,17.0,-46.0,103.63,-75.59,-35.56,11.5,-45.36,33.4,37.5,8.719999999999999,7.07,-27.17,12.809999999999999,-51.16
2025-07-28T15:46:16.085069,-26.0,-55.0,38.0,36.0,41.0,1.0,-32.0,-59.0,-119.0,-76.0,9.0,-58.0,-16.369999999999997,-44.59,12.440000000000001,8.5,43.64,-22.6,-15.5,-64.28,-102.93,-69.17,4.81,-63.16
2025-07-28T15:46:16.093220,6.0,-11.0,25.0,-49.0,40.0,15.0,-13.0,40.0,-109.0,-27.0,44.0,-36.0,15.63,-0.5899999999999999,-0.5599999999999987,-76.5,42.64,-8.600000000000001,3.5,34.72,-92.93,-20.17,39.81,-41.16
2025-07-28T15:46:16.101469,-72.0,-34.0,-36.0,121.0,-57.0,41.0,-81.0,-29.0,-26.0,-2.0,39.0,-89.0,-62.37,-23.59,-61.56,93.5,-54.36,17.4,-64.5,-34.28,-9.93,4.83,34.81,-94.16
2025-07-28T15:46:16.105586,29.0,76.0,21.0,69.0,25.0,1.0,-18.0,-19.0,34.0,-25.0,89.0,-2.0,38.63,86.41,-4.559999999999999,41.5,27.64,-22.6,-1.5,-24.28,50.07,-18.17,84.81,-7.16
2025-07-28T15:46:16.109634,33.0,-56.0,-23.0,51.0,-58.0,41.0,-75.0,-69.0,-77.0,-9.0,39.0,-73.0,42.63,-45.59,-48.56,23.5,-55.36,17.4,-58.5,-74.28,-60.93,-2.17,34.81,-78.16
2025-07-28T15:46:16.117964,-6.0,-110.0,61.0,-4.0,18.0,-7.0,-19.0,17.0,-25.0,0.0,80.0,-32.0,3.630000000000001,-99.59,35.44,-31.5,20.64,-30.6,-2.5,11.719999999999999,-8.93,6.83,75.81,-37.16
2025-07-28T15:46:16.121941,38.0,36.0,46.0,86.0,-27.0,68.0,-75.0,101.0,-121.0,-34.0,-17.0,-75.0,47.63,46.41,20.44,58.5,-24.36,44.4,-58.5,95.72,-104.93,-27.17,-21.19,-80.16
2025-07-28T15:46:16.130166,-40.0,-14.0,35.0,34.0,37.0,-21.0,-25.0,30.0,-81.0,-55.0,64.0,-72.0,-30.369999999999997,-3.59,9.440000000000001,6.5,39.64,-44.6,-8.5,24.72,-64.93,-48.17,59.81,-77.16
2025-07-28T15:46:16.134221,-49.0,46.0,-3.0,24.0,33.0,-12.0,-15.0,2.0,-34.0,-87.0,-16.0,-44.0,-39.37,56.41,-28.56,-3.5,35.64,-35.6,1.5,-3.2800000000000002,-17.93,-80.17,-20.19,-49.16
2025-07-28T15:46:16.142484,-47.0,-13.0,10.0,51.0,54.0,-13.0,29.0,32.0,-36.0,-53.0,95.0,-82.0,-37.37,-2.59,-15.559999999999999,23.5,56.64,-36.6,45.5,26.72,-19.93,-46.17,90.81,-87.16
2025-07-28T15:46:16.146530,-6.0,76.0,-39.0,101.0,-39.0,-44.0,21.0,-28.0,-42.0,-23.0,-7.0,-35.0,3.630000000000001,86.41,-64.56,73.5,-36.36,-67.6,37.5,-33.28,-25.93,-16.17,-11.190000000000001,-40.16
2025-07-28T15:46:16.154850,-14.0,3.0,-42.0,2.0,-43.0,-55.0,-13.0,-17.0,-44.0,3.0,31.0,-37.0,-4.369999999999999,13.41,-67.56,-25.5,-40.36,-78.6,3.5,-22.28,-27.93,9.83,26.81,-42.16
2025-07-28T15:46:16.158803,77.0,-39.0,-12.0,28.0,-34.0,26.0,9.0,33.0,-2.0,-34.0,116.0,-28.0,86.63,-28.59,-37.56,0.5,-31.36,2.3999999999999986,25.5,27.72,14.07,-27.17,111.81,-33.16
2025-07-28T15:46:16.167042,-19.0,-85.0,-20.0,14.0,26.0,-20.0,-18.0,47.0,-12.0,-65.0,53.0,-56.0,-9.37,-74.59,-45.56,-13.5,28.64,-43.6,-1.5,41.72,4.07,-58.17,48.81,-61.16
2025-07-28T15:46:16.171095,-52.0,66.0,71.0,-8.0,-11.0,-35.0,1.0,-12.0,-27.0,16.0,18.0,-17.0,-42.37,76.41,45.44,-35.5,-8.36,-58.6,17.5,-17.28,-10.93,22.83,13.809999999999999,-22.16
2025-07-28T15:46:16.179479,-10.0,3.0,25.0,-44.0,-20.0,-35.0,12.0,-33.0,-12.0,-46.0,31.0,-26.0,-0.3699999999999992,13.41,-0.5599999999999987,-71.5,-17.36,-58.6,28.5,-38.28,4.07,-39.17,26.81,-31.16
2025-07-28T15:46:16.183387,-18.0,44.0,-28.0,87.0,37.0,-44.0,-68.0,-71.0,-93.0,-48.0,52.0,-48.0,-8.37,54.41,-53.56,59.5,39.64,-67.6,-51.5,-76.28,-76.93,-41.17,47.81,-53.16
2025-07-28T15:46:16.191557,-28.0,-39.0,-32.0,27.0,-3.0,2.0,-72.0,22.0,-85.0,-51.0,77.0,-38.0,-18.369999999999997,-28.59,-57.56,-0.5,-0.3599999999999999,-21.6,-55.5,16.72,-68.93,-44.17,72.81,-43.16
2025-07-28T15:46:16.195681,-7.0,14.0,-41.0,62.0,-41.0,20.0,14.0,48.0,6.0,-19.0,86.0,-32.0,2.630000000000001,24.41,-66.56,34.5,-38.36,-3.6000000000000014,30.5,42.72,22.07,-12.17,81.81,-37.16
2025-07-28T15:46:16.203890,30.0,-44.0,6.0,-48.0,-9.0,-14.0,-61.0,28.0,-15.0,0.0,89.0,-62.0,39.63,-33.59,-19.56,-75.5,-6.359999999999999,-37.6,-44.5,22.72,1.0700000000000003,6.83,84.81,-67.16
2025-07-28T15:46:16.208177,-10.0,-21.0,-1.0,85.0,3.0,-1.0,24.0,19.0,-48.0,-17.0,79.0,-39.0,-0.3699999999999992,-10.59,-26.56,57.5,5.640000000000001,-24.6,40.5,13.719999999999999,-31.93,-10.17,74.81,-44.16
2025-07-28T15:46:16.216011,5.0,-17.0,6.0,-2.0,6.0,40.0,-42.0,25.0,10.0,-49.0,-29.0,-75.0,14.63,-6.59,-19.56,-29.5,8.64,16.4,-25.5,19.72,26.07,-42.17,-33.19,-80.16
2025-07-28T15:46:16.220514,74.0,-39.0,-52.0,-12.0,-48.0,0.0,-67.0,-5.0,-80.0,-37.0,98.0,-106.0,83.63,-28.59,-77.56,-39.5,-45.36,-23.6,-50.5,-10.280000000000001,-63.93,-30.17,93.81,-111.16
2025-07-28T15:46:16.228470,25.0,-95.0,30.0,9.0,49.0,-35.0,-32.0,62.0,-99.0,-10.0,62.0,-23.0,34.63,-84.59,4.440000000000001,-18.5,51.64,-58.6,-15.5,56.72,-82.93,-3.17,57.81,-28.16
2025-07-28T15:46:16.232629,67.0,-66.0,-8.0,152.0,-33.0,36.0,-34.0,-3.0,-54.0,-28.0,3.0,-49.0,76.63,-55.59,-33.56,124.5,-30.36,12.399999999999999,-17.5,-8.280000000000001,-37.93,-21.17,-1.1900000000000004,-54.16
2025-07-28T15:46:16.240799,-37.0,10.0,56.0,7.0,18.0,7.0,-58.0,64.0,-23.0,-61.0,-13.0,-18.0,-27.369999999999997,20.41,30.44,-20.5,20.64,-16.6,-41.5,58.72,-6.93,-54.17,-17.19,-23.16
2025-07-28T15:46:16.244992,-4.0,14.0,-22.0,76.0,-26.0,-7.0,-11.0,-13.0,-107.0,-29.0,87.0,-114.0,5.630000000000001,24.41,-47.56,48.5,-23.36,-30.6,5.5,-18.28,-90.93,-22.17,82.81,-119.16
2025-07-28T15:46:16.252960,16.0,69.0,13.0,9.0,-88.0,21.0,-8.0,-4.0,-61.0,-98.0,0.0,-73.0,25.630000000000003,79.41,-12.559999999999999,-18.5,-85.36,-2.6000000000000014,8.5,-9.280000000000001,-44.93,-91.17,-4.19,-78.16
2025-07-28T15:46:16.257317,26.0,9.0,16.0,-13.0,-10.0,-17.0,27.0,-12.0,-52.0,-4.0,-7.0,-71.0,35.63,19.41,-9.559999999999999,-40.5,-7.359999999999999,-40.6,43.5,-17.28,-35.93,2.83,-11.190000000000001,-76.16
2025-07-28T15:46:16.265255,70.0,-8.0,-43.0,17.0,-40.0,27.0,39.0,17.0,-74.0,-55.0,48.0,15.0,79.63,2.41,-68.56,-10.5,-37.36,3.3999999999999986,55.5,11.719999999999999,-57.93,-48.17,43.81,9.84
2025-07-28T15:46:16.269599,23.0,-49.0,-56.0,14.0,25.0,35.0,-38.0,-73.0,-57.0,-65.0,24.0,-52.0,32.63,-38.59,-81.56,-13.5,27.64,11.399999999999999,-21.5,-78.28,-40.93,-58.17,19.81,-57.16
2025-07-28T15:46:16.277459,84.0,-52.0,21.0,81.0,-1.0,-2.0,-56.0,10.0,-40.0,14.0,61.0,-74.0,93.63,-41.59,-4.559999999999999,53.5,1.6400000000000001,-25.6,-39.5,4.72,-23.93,20.83,56.81,-79.16
2025-07-28T15:46:16.281813,49.0,-59.0,42.0,12.0,47.0,5.0,-17.0,-7.0,-47.0,5.0,85.0,-65.0,58.63,-48.59,16.44,-15.5,49.64,-18.6,-0.5,-12.280000000000001,-30.93,11.83,80.81,-70.16
2025-07-28T15:46:16.285893,25.0,-52.0,2.0,36.0,6.0,-25.0,24.0,-3.0,-47.0,-86.0,91.0,8.0,34.63,-41.59,-23.56,8.5,8.64,-48.6,40.5,-8.280000000000001,-30.93,-79.17,86.81,2.84
2025-07-28T15:46:16.294197,40.0,17.0,44.0,-64.0,2.0,-70.0,-32.0,-20.0,-92.0,-23.0,60.0,-108.0,49.63,27.41,18.44,-91.5,4.640000000000001,-93.6,-15.5,-25.28,-75.93,-16.17,55.81,-113.16
2025-07-28T15:46:16.302131,79.0,-60.0,43.0,103.0,-50.0,0.0,60.0,-43.0,-79.0,-23.0,106.0,-39.0,88.63,-49.59,17.44,75.5,-47.36,-23.6,76.5,-48.28,-62.93,-16.17,101.81,-44.16
2025-07-28T15:46:16.306316,19.0,11.0,26.0,89.0,-2.0,25.0,-2.0,-24.0,-3.0,-28.0,53.0,-35.0,28.630000000000003,21.41,0.4400000000000013,61.5,0.6400000000000001,1.3999999999999986,14.5,-29.28,13.07,-21.17,48.81,-40.16
2025-07-28T15:46:16.310348,-63.0,39.0,46.0,-4.0,7.0,25.0,-14.0,31.0,-7.0,-116.0,66.0,-58.0,-53.37,49.41,20.44,-31.5,9.64,1.3999999999999986,2.5,25.72,9.07,-109.17,61.81,-63.16
2025-07-28T15:46:16.318650,-78.0,36.0,-5.0,108.0,-39.0,58.0,-26.0,26.0,-33.0,-35.0,5.0,-24.0,-68.37,46.41,-30.56,80.5,-36.36,34.4,-9.5,20.72,-16.93,-28.17,0.8099999999999996,-29.16
2025-07-28T15:46:16.322615,42.0,-1.0,-59.0,20.0,-41.0,11.0,-29.0,-42.0,-62.0,2.0,49.0,-68.0,51.63,9.41,-84.56,-7.5,-38.36,-12.600000000000001,-12.5,-47.28,-45.93,8.83,44.81,-73.16
2025-07-28T15:46:16.330971,46.0,23.0,-19.0,69.0,37.0,-32.0,2.0,-12.0,-83.0,-62.0,-20.0,-61.0,55.63,33.41,-44.56,41.5,39.64,-55.6,18.5,-17.28,-66.93,-55.17,-24.19,-66.16
2025-07-28T15:46:16.334928,104.0,2.0,-51.0,77.0,-30.0,17.0,12.0,-32.0,-60.0,-27.0,72.0,-9.0,113.63,12.41,-76.56,49.5,-27.36,-6.600000000000001,28.5,-37.28,-43.93,-20.17,67.81,-14.16
2025-07-28T15:46:16.343335,55.0,-19.0,64.0,43.0,-89.0,11.0,-75.0,-27.0,23.0,-50.0,20.0,-22.0,64.63,-8.59,38.44,15.5,-86.36,-12.600000000000001,-58.5,-32.28,39.07,-43.17,15.809999999999999,-27.16
2025-07-28T15:46:16.347293,-51.0,-19.0,70.0,-8.0,10.0,-4.0,-18.0,-39.0,5.0,-81.0,46.0,-1.0,-41.37,-8.59,44.44,-35.5,12.64,-27.6,-1.5,-44.28,21.07,-74.17,41.81,-6.16
2025-07-28T15:46:16.355362,-10.0,-64.0,66.0,59.0,-52.0,28.0,-96.0,27.0,4.0,-10.0,36.0,-57.0,-0.3699999999999992,-53.59,40.44,31.5,-49.36,4.399999999999999,-79.5,21.72,20.07,-3.17,31.81,-62.16
2025-07-28T15:46:16.359569,47.0,29.0,36.0,68.0,37.0,-10.0,0.0,-1.0,35.0,-34.0,25.0,-35.0,56.63,39.41,10.440000000000001,40.5,39.64,-33.6,16.5,-6.28,51.07,-27.17,20.81,-40.16
2025-07-28T15:46:16.367772,-51.0,31.0,8.0,44.0,-42.0,-57.0,-45.0,13.0,-91.0,-75.0,56.0,-36.0,-41.37,41.41,-17.56,16.5,-39.36,-80.6,-28.5,7.72,-74.93,-68.17,51.81,-41.16
2025-07-28T15:46:16.371921,64.0,48.0,-51.0,26.0,5.0,-65.0,-23.0,85.0,-12.0,-108.0,82.0,-60.0,73.63,58.41,-76.56,-1.5,7.640000000000001,-88.6,-6.5,79.72,4.07,-101.17,77.81,-65.16
2025-07-28T15:46:16.379954,-6.0,-67.0,-50.0,68.0,-71.0,-61.0,-2.0,-31.0,31.0,-30.0,8.0,-53.0,3.630000000000001,-56.59,-75.56,40.5,-68.36,-84.6,14.5,-36.28,47.07,-23.17,3.8099999999999996,-58.16
2025-07-28T15:46:16.384295,-29.0,-45.0,-55.0,10.0,-46.0,0.0,-59.0,-32.0,-35.0,-1.0,46.0,-72.0,-19.369999999999997,-34.59,-80.56,-17.5,-43.36,-23.6,-42.5,-37.28,-18.93,5.83,41.81,-77.16
2025-07-28T15:46:16.392335,-24.0,-11.0,-23.0,12.0,-71.0,4.0,-5.0,-19.0,-58.0,-69.0,86.0,-36.0,-14.37,-0.5899999999999999,-48.56,-15.5,-68.36,-19.6,11.5,-24.28,-41.93,-62.17,81.81,-41.16
2025-07-28T15:46:16.396477,43.0,-25.0,29.0,46.0,-1.0,37.0,26.0,35.0,15.0,-41.0,73.0,-23.0,52.63,-14.59,3.4400000000000013,18.5,1.6400000000000001,13.399999999999999,42.5,29.72,31.07,-34.17,68.81,-28.16
2025-07-28T15:46:16.404521,-18.0,-45.0,44.0,-26.0,13.0,-5.0,-14.0,-24.0,-54.0,-82.0,11.0,9.0,-8.37,-34.59,18.44,-53.5,15.64,-28.6,2.5,-29.28,-37.93,-75.17,6.81,3.84
2025-07-28T15:46:16.408758,63.0,45.0,48.0,59.0,17.0,26.0,-6.0,-23.0,-9.0,-37.0,32.0,-77.0,72.63,55.41,22.44,31.5,19.64,2.3999999999999986,10.5,-28.28,7.07,-30.17,27.81,-82.16
2025-07-28T15:46:16.416936,-55.0,70.0,72.0,36.0,21.0,-48.0,-47.0,-30.0,-22.0,-57.0,36.0,-91.0,-45.37,80.41,46.44,8.5,23.64,-71.6,-30.5,-35.28,-5.93,-50.17,31.81,-96.16
2025-07-28T15:46:16.421064,-43.0,45.0,-36.0,108.0,64.0,58.0,-17.0,0.0,-23.0,4.0,-17.0,-69.0,-33.37,55.41,-61.56,80.5,66.64,34.4,-0.5,-5.28,-6.93,10.83,-21.19,-74.16
2025-07-28T15:46:16.429144,-33.0,-2.0,-17.0,-7.0,-17.0,1.0,3.0,50.0,-20.0,10.0,-2.0,-28.0,-23.369999999999997,8.41,-42.56,-34.5,-14.36,-22.6,19.5,44.72,-3.9299999999999997,16.83,-6.19,-33.16
2025-07-28T15:46:16.433413,-58.0,61.0,-69.0,-5.0,-80.0,-3.0,-14.0,42.0,-29.0,-66.0,18.0,-65.0,-48.37,71.41,-94.56,-32.5,-77.36,-26.6,2.5,36.72,-12.93,-59.17,13.809999999999999,-70.16
2025-07-28T15:46:16.441301,-47.0,40.0,0.0,32.0,73.0,17.0,12.0,13.0,-38.0,61.0,37.0,-81.0,-37.37,50.41,-25.56,4.5,75.64,-6.600000000000001,28.5,7.72,-21.93,67.83,32.81,-86.16
2025-07-28T15:46:16.445588,-64.0,18.0,19.0,3.0,32.0,25.0,32.0,-15.0,-4.0,-51.0,-22.0,-90.0,-54.37,28.41,-6.559999999999999,-24.5,34.64,1.3999999999999986,48.5,-20.28,12.07,-44.17,-26.19,-95.16
2025-07-28T15:46:16.453450,-5.0,88.0,1.0,6.0,-4.0,-16.0,-82.0,90.0,-17.0,-26.0,46.0,-91.0,4.630000000000001,98.41,-24.56,-21.5,-1.3599999999999999,-39.6,-65.5,84.72,-0.9299999999999997,-19.17,41.81,-96.16
2025-07-28T15:46:16.457709,17.0,-41.0,-14.0,34.0,-19.0,19.0,-1.0,6.0,4.0,2.0,67.0,-43.0,26.630000000000003,-30.59,-39.56,6.5,-16.36,-4.600000000000001,15.5,0.7199999999999998,20.07,8.83,62.81,-48.16
2025-07-28T15:46:16.461891,-9.0,26.0,-106.0,12.0,-51.0,-23.0,-44.0,16.0,-6.0,10.0,88.0,-2.0,0.6300000000000008,36.41,-131.56,-15.5,-48.36,-46.6,-27.5,10.719999999999999,10.07,16.83,83.81,-7.16
2025-07-28T15:46:16.470286,-48.0,60.0,-18.0,-10.0,48.0,10.0,67.0,-6.0,35.0,-2.0,105.0,-31.0,-38.37,70.41,-43.56,-37.5,50.64,-13.600000000000001,83.5,-11.280000000000001,51.07,4.83,100.81,-36.16
2025-07-28T15:46:16.474300,6.0,14.0,-25.0,5.0,17.0,-12.0,-33.0,5.0,-99.0,-43.0,35.0,-38.0,15.63,24.41,-50.56,-22.5,19.64,-35.6,-16.5,-0.28000000000000025,-82.93,-36.17,30.81,-43.16
2025-07-28T15:46:16.482461,39.0,55.0,4.0,38.0,5.0,-73.0,-67.0,-18.0,-40.0,18.0,69.0,-35.0,48.63,65.41,-21.56,10.5,7.640000000000001,-96.6,-50.5,-23.28,-23.93,24.83,64.81,-40.16
2025-07-28T15:46:16.486447,31.0,-8.0,-35.0,90.0,0.0,1.0,-26.0,-4.0,-113.0,21.0,66.0,-42.0,40.63,2.41,-60.56,62.5,2.64,-22.6,-9.5,-9.280000000000001,-96.93,27.83,61.81,-47.16
2025-07-28T15:46:16.494688,-25.0,75.0,-12.0,110.0,-22.0,-7.0,-64.0,12.0,-42.0,-50.0,110.0,-62.0,-15.37,85.41,-37.56,82.5,-19.36,-30.6,-47.5,6.72,-25.93,-43.17,105.81,-67.16
2025-07-28T15:46:16.498801,-20.0,-51.0,-30.0,86.0,-67.0,-10.0,-88.0,1.0,-52.0,16.0,6.0,-96.0,-10.37,-40.59,-55.56,58.5,-64.36,-33.6,-71.5,-4.28,-35.93,22.83,1.8099999999999996,-101.16
2025-07-28T15:46:16.507000,0.0,-38.0,7.0,22.0,-53.0,52.0,-61.0,-6.0,-78.0,-58.0,24.0,-72.0,9.63,-27.59,-18.56,-5.5,-50.36,28.4,-44.5,-11.280000000000001,-61.93,-51.17,19.81,-77.16
2025-07-28T15:46:16.511232,-1.0,-5.0,-33.0,37.0,-83.0,-18.0,48.0,20.0,-34.0,-49.0,73.0,-60.0,8.63,5.41,-58.56,9.5,-80.36,-41.6,64.5,14.719999999999999,-17.93,-42.17,68.81,-65.16
2025-07-28T15:46:16.519267,16.0,-87.0,18.0,41.0,-30.0,12.0,16.0,32.0,-46.0,-36.0,40.0,-104.0,25.630000000000003,-76.59,-7.559999999999999,13.5,-27.36,-11.600000000000001,32.5,26.72,-29.93,-29.17,35.81,-109.16
2025-07-28T15:46:16.523613,4.0,-52.0,43.0,53.0,48.0,-30.0,28.0,-26.0,-18.0,21.0,71.0,-62.0,13.63,-41.59,17.44,25.5,50.64,-53.6,44.5,-31.28,-1.9299999999999997,27.83,66.81,-67.16
2025-07-28T15:46:16.531554,-46.0,87.0,59.0,35.0,-4.0,4.0,-42.0,-19.0,-14.0,-49.0,72.0,-64.0,-36.37,97.41,33.44,7.5,-1.3599999999999999,-19.6,-25.5,-24.28,2.0700000000000003,-42.17,67.81,-69.16
2025-07-28T15:46:16.535724,63.0,-29.0,10.0,80.0,22.0,25.0,-37.0,22.0,-57.0,1.0,23.0,-53.0,72.63,-18.59,-15.559999999999999,52.5,24.64,1.3999999999999986,-20.5,16.72,-40.93,7.83,18.81,-58.16
2025-07-28T15:46:16.543763,-27.0,-10.0,-74.0,35.0,-95.0,19.0,-45.0,-38.0,-34.0,34.0,94.0,-20.0,-17.369999999999997,0.41000000000000014,-99.56,7.5,-92.36,-4.600000000000001,-28.5,-43.28,-17.93,40.83,89.81,-25.16
2025-07-28T15:46:16.548138,46.0,83.0,-11.0,21.0,-30.0,9.0,-12.0,-36.0,-37.0,-52.0,71.0,-40.0,55.63,93.41,-36.56,-6.5,-27.36,-14.600000000000001,4.5,-41.28,-20.93,-45.17,66.81,-45.16
2025-07-28T15:46:16.556272,88.0,-30.0,-56.0,23.0,30.0,11.0,-21.0,45.0,11.0,-61.0,87.0,-47.0,97.63,-19.59,-81.56,-4.5,32.64,-12.600000000000001,-4.5,39.72,27.07,-54.17,82.81,-52.16
2025-07-28T15:46:16.560437,52.0,-19.0,-8.0,0.0,-24.0,-11.0,-38.0,-11.0,31.0,-62.0,57.0,-37.0,61.63,-8.59,-33.56,-27.5,-21.36,-34.6,-21.5,-16.28,47.07,-55.17,52.81,-42.16
2025-07-28T15:46:16.568329,2.0,-30.0,-38.0,42.0,13.0,-60.0,-18.0,-40.0,-3.0,-84.0,60.0,-77.0,11.63,-19.59,-63.56,14.5,15.64,-83.6,-1.5,-45.28,13.07,-77.17,55.81,-82.16
2025-07-28T15:46:16.572586,-41.0,-16.0,68.0,120.0,-37.0,19.0,-38.0,42.0,-32.0,-15.0,61.0,-87.0,-31.369999999999997,-5.59,42.44,92.5,-34.36,-4.600000000000001,-21.5,36.72,-15.93,-8.17,56.81,-92.16
2025-07-28T15:46:16.580476,-20.0,50.0,50.0,-29.0,-7.0,24.0,6.0,-21.0,-89.0,-58.0,6.0,-13.0,-10.37,60.41,24.44,-56.5,-4.359999999999999,0.3999999999999986,22.5,-26.28,-72.93,-51.17,1.8099999999999996,-18.16
2025-07-28T15:46:16.584851,-37.0,53.0,64.0,3.0,-53.0,-2.0,-11.0,43.0,-6.0,-40.0,2.0,-12.0,-27.369999999999997,63.41,38.44,-24.5,-50.36,-25.6,5.5,37.72,10.07,-33.17,-2.1900000000000004,-17.16
2025-07-28T15:46:16.592822,-20.0,20.0,43.0,69.0,12.0,42.0,-5.0,-2.0,-39.0,-34.0,67.0,-67.0,-10.37,30.41,17.44,41.5,14.64,18.4,11.5,-7.28,-22.93,-27.17,62.81,-72.16
2025-07-28T15:46:16.597203,-48.0,48.0,78.0,48.0,-19.0,20.0,-63.0,9.0,-8.0,-54.0,11.0,-42.0,-38.37,58.41,52.44,20.5,-16.36,-3.6000000000000014,-46.5,3.7199999999999998,8.07,-47.17,6.81,-47.16
2025-07-28T15:46:16.605250,-54.0,6.0,3.0,-31.0,-20.0,29.0,-77.0,42.0,-3.0,-49.0,7.0,-2.0,-44.37,16.41,-22.56,-58.5,-17.36,5.399999999999999,-60.5,36.72,13.07,-42.17,2.8099999999999996,-7.16
2025-07-28T15:46:16.609496,-18.0,-9.0,-7.0,-21.0,13.0,30.0,-2.0,35.0,21.0,39.0,-64.0,-3.0,-8.37,1.4100000000000001,-32.56,-48.5,15.64,6.399999999999999,14.5,29.72,37.07,45.83,-68.19,-8.16
2025-07-28T15:46:16.613636,-60.0,35.0,-3.0,3.0,-45.0,20.0,-63.0,40.0,6.0,13.0,-16.0,-39.0,-50.37,45.41,-28.56,-24.5,-42.36,-3.6000000000000014,-46.5,34.72,22.07,19.83,-20.19,-44.16
2025-07-28T15:46:16.621689,56.0,0.0,42.0,-34.0,-17.0,66.0,-29.0,31.0,-77.0,12.0,76.0,-27.0,65.63,10.41,16.44,-61.5,-14.36,42.4,-12.5,25.72,-60.93,18.83,71.81,-32.16
2025-07-28T15:46:16.625732,10.0,27.0,-12.0,38.0,-21.0,-57.0,13.0,56.0,-4.0,30.0,48.0,31.0,19.630000000000003,37.41,-37.56,10.5,-18.36,-80.6,29.5,50.72,12.07,36.83,43.81,25.84
2025-07-28T15:46:16.634052,-6.0,-29.0,-60.0,27.0,11.0,47.0,-47.0,-28.0,-66.0,25.0,-4.0,28.0,3.630000000000001,-18.59,-85.56,-0.5,13.64,23.4,-30.5,-33.28,-49.93,31.83,-8.190000000000001,22.84
2025-07-28T15:46:16.638438,-48.0,-34.0,-15.0,35.0,-23.0,30.0,-14.0,53.0,-34.0,7.0,0.0,-5.0,-38.37,-23.59,-40.56,7.5,-20.36,6.399999999999999,2.5,47.72,-17.93,13.83,-4.19,-10.16
2025-07-28T15:46:16.646366,-33.0,75.0,-13.0,27.0,-23.0,15.0,39.0,-32.0,-74.0,25.0,-8.0,-18.0,-23.369999999999997,85.41,-38.56,-0.5,-20.36,-8.600000000000001,55.5,-37.28,-57.93,31.83,-12.190000000000001,-23.16
2025-07-28T15:46:16.650336,-59.0,-12.0,-73.0,35.0,-68.0,-1.0,-28.0,53.0,6.0,30.0,-17.0,54.0,-49.37,-1.5899999999999999,-98.56,7.5,-65.36,-24.6,-11.5,47.72,22.07,36.83,-21.19,48.84
2025-07-28T15:46:16.658591,34.0,45.0,-37.0,49.0,-2.0,15.0,-60.0,40.0,-8.0,34.0,-60.0,33.0,43.63,55.41,-62.56,21.5,0.6400000000000001,-8.600000000000001,-43.5,34.72,8.07,40.83,-64.19,27.84
2025-07-28T15:46:16.664029,48.0,-66.0,-27.0,-29.0,39.0,-13.0,-68.0,43.0,-39.0,52.0,-21.0,9.0,57.63,-55.59,-52.56,-56.5,41.64,-36.6,-51.5,37.72,-22.93,58.83,-25.19,3.84
2025-07-28T15:46:16.670756,52.0,-39.0,72.0,21.0,-8.0,-33.0,-41.0,-3.0,5.0,42.0,-15.0,-27.0,61.63,-28.59,46.44,-6.5,-5.359999999999999,-56.6,-24.5,-8.280000000000001,21.07,48.83,-19.19,-32.16
2025-07-28T15:46:16.674832,41.0,-54.0,19.0,55.0,0.0,4.0,-7.0,0.0,-34.0,88.0,-21.0,-10.0,50.63,-43.59,-6.559999999999999,27.5,2.64,-19.6,9.5,-5.28,-17.93,94.83,-25.19,-15.16
2025-07-28T15:46:16.682980,5.0,-84.0,0.0,90.0,14.0,-51.0,-39.0,19.0,-11.0,57.0,-42.0,72.0,14.63,-73.59,-25.56,62.5,16.64,-74.6,-22.5,13.719999999999999,5.07,63.83,-46.19,66.84
2025-07-28T15:46:16.687387,44.0,-68.0,99.0,65.0,-58.0,-60.0,-88.0,63.0,18.0,10.0,44.0,94.0,53.63,-57.59,73.44,37.5,-55.36,-83.6,-71.5,57.72,34.07,16.83,39.81,88.84
2025-07-28T15:46:16.695354,-10.0,-83.0,69.0,50.0,-66.0,62.0,-5.0,-47.0,40.0,54.0,-39.0,130.0,-0.3699999999999992,-72.59,43.44,22.5,-63.36,38.4,11.5,-52.28,56.07,60.83,-43.19,124.84
2025-07-28T15:46:16.699600,33.0,17.0,47.0,-20.0,15.0,-4.0,-25.0,-36.0,64.0,23.0,4.0,97.0,42.63,27.41,21.44,-47.5,17.64,-27.6,-8.5,-41.28,80.07,29.83,-0.1900000000000004,91.84
2025-07-28T15:46:16.707639,-43.0,76.0,53.0,-22.0,14.0,7.0,-18.0,-3.0,26.0,15.0,-7.0,67.0,-33.37,86.41,27.44,-49.5,16.64,-16.6,-1.5,-8.280000000000001,42.07,21.83,-11.190000000000001,61.84
2025-07-28T15:46:16.711881,9.0,9.0,56.0,26.0,23.0,-10.0,-35.0,-17.0,24.0,55.0,-20.0,176.0,18.630000000000003,19.41,30.44,-1.5,25.64,-33.6,-18.5,-22.28,40.07,61.83,-24.19,170.84
2025-07-28T15:46:16.719893,-38.0,-9.0,44.0,14.0,17.0,0.0,-32.0,-97.0,20.0,67.0,11.0,121.0,-28.369999999999997,1.4100000000000001,18.44,-13.5,19.64,-23.6,-15.5,-102.28,36.07,73.83,6.81,115.84
2025-07-28T15:46:16.724163,-52.0,-69.0,48.0,61.0,17.0,-14.0,-21.0,12.0,64.0,21.0,8.0,158.0,-42.37,-58.59,22.44,33.5,19.64,-37.6,-4.5,6.72,80.07,27.83,3.8099999999999996,152.84
2025-07-28T15:46:16.732251,-14.0,-7.0,38.0,33.0,-53.0,-31.0,-95.0,15.0,79.0,101.0,32.0,162.0,-4.369999999999999,3.41,12.440000000000001,5.5,-50.36,-54.6,-78.5,9.719999999999999,95.07,107.83,27.81,156.84
2025-07-28T15:46:16.736500,78.0,-62.0,27.0,82.0,-25.0,11.0,12.0,83.0,94.0,98.0,-42.0,182.0,87.63,-51.59,1.4400000000000013,54.5,-22.36,-12.600000000000001,28.5,77.72,110.07,104.83,-46.19,176.84
2025-07-28T15:46:16.744408,129.0,-22.0,49.0,80.0,-62.0,29.0,1.0,36.0,63.0,87.0,10.0,110.0,138.63,-11.59,23.44,52.5,-59.36,5.399999999999999,17.5,30.72,79.07,93.83,5.81,104.84
2025-07-28T15:46:16.748586,9.0,-47.0,103.0,18.0,29.0,58.0,77.0,2.0,22.0,199.0,-39.0,90.0,18.630000000000003,-36.59,77.44,-9.5,31.64,34.4,93.5,-3.2800000000000002,38.07,205.83,-43.19,84.84
2025-07-28T15:46:16.756689,-5.0,24.0,92.0,100.0,61.0,31.0,55.0,-41.0,57.0,206.0,53.0,140.0,4.630000000000001,34.41,66.44,72.5,63.64,7.399999999999999,71.5,-46.28,73.07,212.83,48.81,134.84
2025-07-28T15:46:16.761027,72.0,64.0,68.0,99.0,-25.0,16.0,61.0,-9.0,98.0,156.0,19.0,199.0,81.63,74.41,42.44,71.5,-22.36,-7.600000000000001,77.5,-14.280000000000001,114.07,162.83,14.809999999999999,193.84
2025-07-28T15:46:16.769154,104.0,1.0,32.0,134.0,-67.0,45.0,34.0,-11.0,103.0,171.0,-94.0,180.0,113.63,11.41,6.440000000000001,106.5,-64.36,21.4,50.5,-16.28,119.07,177.83,-98.19,174.84
2025-07-28T15:46:16.773446,137.0,56.0,52.0,93.0,-23.0,40.0,47.0,-19.0,132.0,24.0,-22.0,144.0,146.63,66.41,26.44,65.5,-20.36,16.4,63.5,-24.28,148.07,30.83,-26.19,138.84
2025-07-28T15:46:16.781288,117.0,-15.0,153.0,40.0,-40.0,75.0,-5.0,14.0,128.0,65.0,42.0,164.0,126.63,-4.59,127.44,12.5,-37.36,51.4,11.5,8.719999999999999,144.07,71.83,37.81,158.84
2025-07-28T15:46:16.785556,45.0,-18.0,126.0,70.0,-16.0,55.0,-2.0,77.0,101.0,130.0,-74.0,156.0,54.63,-7.59,100.44,42.5,-13.36,31.4,14.5,71.72,117.07,136.83,-78.19,150.84
2025-07-28T15:46:16.793658,63.0,12.0,88.0,147.0,13.0,-31.0,27.0,-10.0,76.0,97.0,25.0,122.0,72.63,22.41,62.44,119.5,15.64,-54.6,43.5,-15.280000000000001,92.07,103.83,20.81,116.84
2025-07-28T15:46:16.798023,107.0,131.0,43.0,110.0,-2.0,52.0,77.0,4.0,43.0,94.0,67.0,148.0,116.63,141.41,17.44,82.5,0.6400000000000001,28.4,93.5,-1.2800000000000002,59.07,100.83,62.81,142.84
2025-07-28T15:46:16.806054,99.0,18.0,24.0,150.0,-39.0,8.0,71.0,-21.0,74.0,92.0,14.0,110.0,108.63,28.41,-1.5599999999999987,122.5,-36.36,-15.600000000000001,87.5,-26.28,90.07,98.83,9.809999999999999,104.84
2025-07-28T15:46:16.810183,155.0,43.0,54.0,183.0,-4.0,92.0,9.0,-12.0,74.0,177.0,21.0,105.0,164.63,53.41,28.44,155.5,-1.3599999999999999,68.4,25.5,-17.28,90.07,183.83,16.81,99.84
2025-07-28T15:46:16.818215,124.0,86.0,115.0,135.0,16.0,61.0,103.0,-6.0,19.0,117.0,60.0,187.0,133.63,96.41,89.44,107.5,18.64,37.4,119.5,-11.280000000000001,35.07,123.83,55.81,181.84
2025-07-28T15:46:16.822348,65.0,111.0,199.0,164.0,-16.0,-8.0,-9.0,-7.0,9.0,114.0,152.0,133.0,74.63,121.41,173.44,136.5,-13.36,-31.6,7.5,-12.280000000000001,25.07,120.83,147.81,127.84
2025-07-28T15:46:16.830509,78.0,90.0,68.0,187.0,-54.0,15.0,-68.0,1.0,68.0,155.0,155.0,144.0,87.63,100.41,42.44,159.5,-51.36,-8.600000000000001,-51.5,-4.28,84.07,161.83,150.81,138.84
2025-07-28T15:46:16.834619,154.0,198.0,101.0,190.0,53.0,-88.0,36.0,61.0,62.0,139.0,173.0,238.0,163.63,208.41,75.44,162.5,55.64,-111.6,52.5,55.72,78.07,145.83,168.81,232.84
2025-07-28T15:46:16.843012,155.0,123.0,145.0,138.0,-57.0,-22.0,73.0,-44.0,1.0,169.0,130.0,107.0,164.63,133.41,119.44,110.5,-54.36,-45.6,89.5,-49.28,17.07,175.83,125.81,101.84
2025-07-28T15:46:16.851059,164.0,130.0,152.0,176.0,15.0,-14.0,49.0,6.0,75.0,296.0,263.0,84.0,173.63,140.41,126.44,148.5,17.64,-37.6,65.5,0.7199999999999998,91.07,302.83,258.81,78.84
2025-07-28T15:46:16.855331,165.0,231.0,28.0,243.0,-60.0,62.0,49.0,-63.0,-11.0,164.0,178.0,132.0,174.63,241.41,2.4400000000000013,215.5,-57.36,38.4,65.5,-68.28,5.07,170.83,173.81,126.84
2025-07-28T15:46:16.863319,207.0,112.0,69.0,191.0,-1.0,1.0,11.0,-109.0,-15.0,227.0,157.0,155.0,216.63,122.41,43.44,163.5,1.6400000000000001,-22.6,27.5,-114.28,1.0700000000000003,233.83,152.81,149.84
2025-07-28T15:46:16.867559,188.0,110.0,129.0,144.0,-2.0,42.0,43.0,-45.0,-31.0,193.0,164.0,227.0,197.63,120.41,103.44,116.5,0.6400000000000001,18.4,59.5,-50.28,-14.93,199.83,159.81,221.84
2025-07-28T15:46:16.875578,192.0,254.0,114.0,164.0,-38.0,4.0,96.0,-71.0,-31.0,226.0,259.0,173.0,201.63,264.41,88.44,136.5,-35.36,-19.6,112.5,-76.28,-14.93,232.83,254.81,167.84
2025-07-28T15:46:16.879789,227.0,172.0,78.0,165.0,-47.0,28.0,-7.0,35.0,9.0,182.0,257.0,92.0,236.63,182.41,52.44,137.5,-44.36,4.399999999999999,9.5,29.72,25.07,188.83,252.81,86.84
2025-07-28T15:46:16.887828,195.0,208.0,71.0,140.0,29.0,35.0,45.0,6.0,-76.0,178.0,258.0,82.0,204.63,218.41,45.44,112.5,31.64,11.399999999999999,61.5,0.7199999999999998,-59.93,184.83,253.81,76.84
2025-07-28T15:46:16.892237,157.0,137.0,136.0,140.0,7.0,97.0,33.0,17.0,-10.0,219.0,194.0,90.0,166.63,147.41,110.44,112.5,9.64,73.4,49.5,11.719999999999999,6.07,225.83,189.81,84.84
2025-07-28T15:46:16.900263,154.0,106.0,70.0,156.0,-60.0,-116.0,54.0,8.0,42.0,280.0,199.0,116.0,163.63,116.41,44.44,128.5,-57.36,-139.6,70.5,2.7199999999999998,58.07,286.83,194.81,110.84
2025-07-28T15:46:16.908189,141.0,233.0,108.0,195.0,24.0,-9.0,175.0,-34.0,-30.0,240.0,125.0,97.0,150.63,243.41,82.44,167.5,26.64,-32.6,191.5,-39.28,-13.93,246.83,120.81,91.84
2025-07-28T15:46:16.912633,101.0,214.0,42.0,171.0,20.0,-29.0,26.0,-51.0,18.0,182.0,167.0,202.0,110.63,224.41,16.44,143.5,22.64,-52.6,42.5,-56.28,34.07,188.83,162.81,196.84
2025-07-28T15:46:16.920563,197.0,169.0,46.0,219.0,19.0,33.0,40.0,-4.0,-47.0,141.0,167.0,148.0,206.63,179.41,20.44,191.5,21.64,9.399999999999999,56.5,-9.280000000000001,-30.93,147.83,162.81,142.84
2025-07-28T15:46:16.924979,103.0,143.0,121.0,194.0,-78.0,-47.0,65.0,-30.0,57.0,152.0,241.0,142.0,112.63,153.41,95.44,166.5,-75.36,-70.6,81.5,-35.28,73.07,158.83,236.81,136.84
2025-07-28T15:46:16.932983,135.0,237.0,13.0,159.0,-45.0,30.0,32.0,-53.0,-5.0,135.0,223.0,75.0,144.63,247.41,-12.559999999999999,131.5,-42.36,6.399999999999999,48.5,-58.28,11.07,141.83,218.81,69.84
2025-07-28T15:46:16.937263,105.0,191.0,28.0,133.0,-8.0,-25.0,22.0,-19.0,-21.0,214.0,236.0,69.0,114.63,201.41,2.4400000000000013,105.5,-5.359999999999999,-48.6,38.5,-24.28,-4.93,220.83,231.81,63.84
2025-07-28T15:46:16.945216,200.0,145.0,76.0,248.0,-56.0,-5.0,29.0,8.0,-14.0,210.0,139.0,147.0,209.63,155.41,50.44,220.5,-53.36,-28.6,45.5,2.7199999999999998,2.0700000000000003,216.83,134.81,141.84
2025-07-28T15:46:16.949587,161.0,208.0,76.0,258.0,-78.0,-21.0,20.0,-46.0,46.0,258.0,166.0,93.0,170.63,218.41,50.44,230.5,-75.36,-44.6,36.5,-51.28,62.07,264.83,161.81,87.84
2025-07-28T15:46:16.957476,76.0,192.0,88.0,230.0,33.0,-3.0,86.0,-63.0,-72.0,230.0,136.0,139.0,85.63,202.41,62.44,202.5,35.64,-26.6,102.5,-68.28,-55.93,236.83,131.81,133.84
2025-07-28T15:46:16.961665,92.0,264.0,92.0,151.0,-5.0,11.0,77.0,62.0,-65.0,220.0,161.0,98.0,101.63,274.41,66.44,123.5,-2.36,-12.600000000000001,93.5,56.72,-48.93,226.83,156.81,92.84
2025-07-28T15:46:16.969759,173.0,182.0,101.0,235.0,-54.0,-72.0,23.0,6.0,-87.0,298.0,126.0,91.0,182.63,192.41,75.44,207.5,-51.36,-95.6,39.5,0.7199999999999998,-70.93,304.83,121.81,85.84
2025-07-28T15:46:16.977924,215.0,149.0,140.0,145.0,9.0,-6.0,74.0,16.0,-17.0,203.0,173.0,178.0,224.63,159.41,114.44,117.5,11.64,-29.6,90.5,10.719999999999999,-0.9299999999999997,209.83,168.81,172.84
2025-07-28T15:46:16.982238,80.0,207.0,134.0,152.0,-53.0,-35.0,54.0,27.0,-30.0,105.0,308.0,133.0,89.63,217.41,108.44,124.5,-50.36,-58.6,70.5,21.72,-13.93,111.83,303.81,127.84
2025-07-28T15:46:16.990121,86.0,164.0,47.0,216.0,68.0,3.0,-14.0,-20.0,4.0,130.0,228.0,53.0,95.63,174.41,21.44,188.5,70.64,-20.6,2.5,-25.28,20.07,136.83,223.81,47.84
2025-07-28T15:46:16.994463,164.0,192.0,52.0,188.0,-17.0,15.0,32.0,42.0,-46.0,187.0,158.0,37.0,173.63,202.41,26.44,160.5,-14.36,-8.600000000000001,48.5,36.72,-29.93,193.83,153.81,31.84
2025-07-28T15:46:17.002501,166.0,93.0,103.0,157.0,23.0,48.0,8.0,34.0,-6.0,258.0,187.0,52.0,175.63,103.41,77.44,129.5,25.64,24.4,24.5,28.72,10.07,264.83,182.81,46.84
2025-07-28T15:46:17.006860,57.0,191.0,157.0,168.0,52.0,-62.0,22.0,-32.0,-68.0,260.0,226.0,114.0,66.63,201.41,131.44,140.5,54.64,-85.6,38.5,-37.28,-51.93,266.83,221.81,108.84
2025-07-28T15:46:17.014777,112.0,222.0,21.0,218.0,13.0,-44.0,24.0,-15.0,18.0,224.0,252.0,-7.0,121.63,232.41,-4.559999999999999,190.5,15.64,-67.6,40.5,-20.28,34.07,230.83,247.81,-12.16
2025-07-28T15:46:17.019147,120.0,101.0,16.0,175.0,-85.0,-18.0,26.0,41.0,-33.0,196.0,194.0,202.0,129.63,111.41,-9.559999999999999,147.5,-82.36,-41.6,42.5,35.72,-16.93,202.83,189.81,196.84
2025-07-28T15:46:17.027222,147.0,156.0,121.0,187.0,6.0,-9.0,47.0,11.0,-52.0,164.0,192.0,151.0,156.63,166.41,95.44,159.5,8.64,-32.6,63.5,5.72,-35.93,170.83,187.81,145.84
2025-07-28T15:46:17.035158,155.0,224.0,102.0,225.0,30.0,-56.0,13.0,-70.0,-52.0,133.0,196.0,174.0,164.63,234.41,76.44,197.5,32.64,-79.6,29.5,-75.28,-35.93,139.83,191.81,168.84
2025-07-28T15:46:17.039431,163.0,223.0,90.0,136.0,-48.0,-1.0,11.0,-22.0,-60.0,120.0,186.0,27.0,172.63,233.41,64.44,108.5,-45.36,-24.6,27.5,-27.28,-43.93,126.83,181.81,21.84
2025-07-28T15:46:17.047585,185.0,233.0,33.0,171.0,4.0,-64.0,63.0,-23.0,-53.0,213.0,175.0,80.0,194.63,243.41,7.440000000000001,143.5,6.640000000000001,-87.6,79.5,-28.28,-36.93,219.83,170.81,74.84
2025-07-28T15:46:17.051760,101.0,152.0,6.0,214.0,-100.0,-28.0,84.0,-28.0,-47.0,185.0,163.0,21.0,110.63,162.41,-19.56,186.5,-97.36,-51.6,100.5,-33.28,-30.93,191.83,158.81,15.84
2025-07-28T15:46:17.059911,132.0,238.0,112.0,189.0,-9.0,59.0,-9.0,-13.0,-7.0,232.0,201.0,101.0,141.63,248.41,86.44,161.5,-6.359999999999999,35.4,7.5,-18.28,9.07,238.83,196.81,95.84
2025-07-28T15:46:17.064162,88.0,228.0,-13.0,175.0,-41.0,-33.0,98.0,0.0,-49.0,202.0,240.0,100.0,97.63,238.41,-38.56,147.5,-38.36,-56.6,114.5,-5.28,-32.93,208.83,235.81,94.84
2025-07-28T15:46:17.072174,172.0,254.0,70.0,233.0,30.0,-15.0,89.0,14.0,-95.0,170.0,229.0,126.0,181.63,264.41,44.44,205.5,32.64,-38.6,105.5,8.719999999999999,-78.93,176.83,224.81,120.84
2025-07-28T15:46:17.076546,108.0,189.0,95.0,170.0,-113.0,-12.0,102.0,-18.0,3.0,165.0,211.0,184.0,117.63,199.41,69.44,142.5,-110.36,-35.6,118.5,-23.28,19.07,171.83,206.81,178.84
2025-07-28T15:46:17.084507,80.0,210.0,57.0,128.0,-7.0,-71.0,2.0,39.0,-70.0,200.0,269.0,78.0,89.63,220.41,31.44,100.5,-4.359999999999999,-94.6,18.5,33.72,-53.93,206.83,264.81,72.84
2025-07-28T15:46:17.088597,102.0,282.0,45.0,214.0,30.0,-73.0,51.0,-15.0,-26.0,123.0,227.0,103.0,111.63,292.41,19.44,186.5,32.64,-96.6,67.5,-20.28,-9.93,129.83,222.81,97.84
2025-07-28T15:46:17.096705,226.0,180.0,4.0,121.0,-82.0,6.0,25.0,-16.0,-75.0,186.0,196.0,98.0,235.63,190.41,-21.56,93.5,-79.36,-17.6,41.5,-21.28,-58.93,192.83,191.81,92.84
2025-07-28T15:46:17.104804,204.0,170.0,70.0,216.0,-44.0,14.0,23.0,25.0,-74.0,198.0,228.0,76.0,213.63,180.41,44.44,188.5,-41.36,-9.600000000000001,39.5,19.72,-57.93,204.83,223.81,70.84
2025-07-28T15:46:17.109173,157.0,228.0,75.0,135.0,48.0,-78.0,102.0,35.0,-28.0,133.0,120.0,25.0,166.63,238.41,49.44,107.5,50.64,-101.6,118.5,29.72,-11.93,139.83,115.81,19.84
2025-07-28T15:46:17.117116,62.0,251.0,6.0,218.0,6.0,-31.0,41.0,0.0,-53.0,180.0,185.0,162.0,71.63,261.41,-19.56,190.5,8.64,-54.6,57.5,-5.28,-36.93,186.83,180.81,156.84
2025-07-28T15:46:17.121428,127.0,250.0,14.0,269.0,13.0,-12.0,0.0,51.0,-108.0,177.0,181.0,124.0,136.63,260.41,-11.559999999999999,241.5,15.64,-35.6,16.5,45.72,-91.93,183.83,176.81,118.84
2025-07-28T15:46:17.129343,155.0,198.0,107.0,164.0,36.0,-6.0,8.0,-2.0,-124.0,175.0,145.0,88.0,164.63,208.41,81.44,136.5,38.64,-29.6,24.5,-7.28,-107.93,181.83,140.81,82.84
2025-07-28T15:46:17.133649,45.0,227.0,95.0,100.0,75.0,-47.0,45.0,-21.0,-107.0,104.0,138.0,117.0,54.63,237.41,69.44,72.5,77.64,-70.6,61.5,-26.28,-90.93,110.83,133.81,111.84
2025-07-28T15:46:17.141798,143.0,326.0,70.0,210.0,18.0,-54.0,40.0,29.0,-91.0,126.0,227.0,111.0,152.63,336.41,44.44,182.5,20.64,-77.6,56.5,23.72,-74.93,132.83,222.81,105.84
2025-07-28T15:46:17.146036,185.0,200.0,70.0,166.0,-62.0,6.0,20.0,12.0,-49.0,197.0,212.0,109.0,194.63,210.41,44.44,138.5,-59.36,-17.6,36.5,6.72,-32.93,203.83,207.81,103.84
2025-07-28T15:46:17.154066,161.0,259.0,51.0,187.0,19.0,-50.0,8.0,-12.0,-65.0,210.0,237.0,5.0,170.63,269.41,25.44,159.5,21.64,-73.6,24.5,-17.28,-48.93,216.83,232.81,-0.16000000000000014
2025-07-28T15:46:17.158152,145.0,237.0,87.0,188.0,-28.0,11.0,63.0,16.0,-42.0,258.0,176.0,112.0,154.63,247.41,61.44,160.5,-25.36,-12.600000000000001,79.5,10.719999999999999,-25.93,264.83,171.81,106.84
2025-07-28T15:46:17.166481,135.0,266.0,56.0,152.0,-102.0,10.0,-6.0,1.0,-84.0,252.0,160.0,37.0,144.63,276.41,30.44,124.5,-99.36,-13.600000000000001,10.5,-4.28,-67.93,258.83,155.81,31.84
2025-07-28T15:46:17.174490,138.0,211.0,-12.0,143.0,-2.0,11.0,13.0,19.0,-49.0,203.0,128.0,49.0,147.63,221.41,-37.56,115.5,0.6400000000000001,-12.600000000000001,29.5,13.719999999999999,-32.93,209.83,123.81,43.84
2025-07-28T15:46:17.178862,121.0,105.0,83.0,142.0,-47.0,-76.0,96.0,-1.0,-80.0,246.0,174.0,140.0,130.63,115.41,57.44,114.5,-44.36,-99.6,112.5,-6.28,-63.93,252.83,169.81,134.84
2025-07-28T15:46:17.186907,88.0,321.0,103.0,226.0,-73.0,-32.0,67.0,-56.0,-7.0,145.0,148.0,136.0,97.63,331.41,77.44,198.5,-70.36,-55.6,83.5,-61.28,9.07,151.83,143.81,130.84
2025-07-28T15:46:17.191035,81.0,247.0,3.0,162.0,6.0,32.0,-40.0,13.0,-42.0,125.0,298.0,119.0,90.63,257.41,-22.56,134.5,8.64,8.399999999999999,-23.5,7.72,-25.93,131.83,293.81,113.84
2025-07-28T15:46:17.199201,161.0,249.0,-1.0,132.0,-67.0,-59.0,-10.0,42.0,-47.0,145.0,181.0,176.0,170.63,259.41,-26.56,104.5,-64.36,-82.6,6.5,36.72,-30.93,151.83,176.81,170.84
2025-07-28T15:46:17.203450,187.0,221.0,81.0,290.0,-77.0,-34.0,9.0,56.0,-55.0,159.0,184.0,102.0,196.63,231.41,55.44,262.5,-74.36,-57.6,25.5,50.72,-38.93,165.83,179.81,96.84
2025-07-28T15:46:17.211476,80.0,191.0,56.0,180.0,7.0,-24.0,51.0,64.0,-86.0,244.0,257.0,49.0,89.63,201.41,30.44,152.5,9.64,-47.6,67.5,58.72,-69.93,250.83,252.81,43.84
2025-07-28T15:46:17.215695,103.0,233.0,-16.0,104.0,6.0,-57.0,95.0,-35.0,-37.0,212.0,208.0,84.0,112.63,243.41,-41.56,76.5,8.64,-80.6,111.5,-40.28,-20.93,218.83,203.81,78.84
2025-07-28T15:46:17.223670,229.0,292.0,106.0,150.0,10.0,6.0,12.0,53.0,-111.0,201.0,137.0,38.0,238.63,302.41,80.44,122.5,12.64,-17.6,28.5,47.72,-94.93,207.83,132.81,32.84
2025-07-28T15:46:17.227886,183.0,222.0,97.0,219.0,-20.0,5.0,14.0,26.0,-11.0,191.0,195.0,89.0,192.63,232.41,71.44,191.5,-17.36,-18.6,30.5,20.72,5.07,197.83,190.81,83.84
2025-07-28T15:46:17.236088,121.0,196.0,83.0,170.0,-19.0,7.0,42.0,62.0,-100.0,194.0,242.0,116.0,130.63,206.41,57.44,142.5,-16.36,-16.6,58.5,56.72,-83.93,200.83,237.81,110.84
2025-07-28T15:46:17.244158,145.0,276.0,26.0,197.0,34.0,-31.0,-7.0,21.0,-29.0,196.0,181.0,143.0,154.63,286.41,0.4400000000000013,169.5,36.64,-54.6,9.5,15.719999999999999,-12.93,202.83,176.81,137.84
2025-07-28T15:46:17.248417,229.0,296.0,-22.0,164.0,5.0,5.0,34.0,2.0,-75.0,178.0,262.0,89.0,238.63,306.41,-47.56,136.5,7.640000000000001,-18.6,50.5,-3.2800000000000002,-58.93,184.83,257.81,83.84
2025-07-28T15:46:17.256389,144.0,207.0,79.0,208.0,-9.0,-52.0,42.0,25.0,-15.0,163.0,199.0,127.0,153.63,217.41,53.44,180.5,-6.359999999999999,-75.6,58.5,19.72,1.0700000000000003,169.83,194.81,121.84
2025-07-28T15:46:17.260763,104.0,237.0,17.0,212.0,66.0,-36.0,28.0,21.0,-67.0,174.0,179.0,108.0,113.63,247.41,-8.559999999999999,184.5,68.64,-59.6,44.5,15.719999999999999,-50.93,180.83,174.81,102.84
2025-07-28T15:46:17.268826,58.0,233.0,-7.0,153.0,83.0,28.0,-29.0,50.0,-55.0,218.0,192.0,41.0,67.63,243.41,-32.56,125.5,85.64,4.399999999999999,-12.5,44.72,-38.93,224.83,187.81,35.84
2025-07-28T15:46:17.273030,220.0,194.0,25.0,92.0,-10.0,-25.0,0.0,11.0,-47.0,154.0,174.0,13.0,229.63,204.41,-0.5599999999999987,64.5,-7.359999999999999,-48.6,16.5,5.72,-30.93,160.83,169.81,7.84
2025-07-28T15:46:17.281109,197.0,242.0,88.0,176.0,4.0,-75.0,-12.0,87.0,-93.0,228.0,160.0,99.0,206.63,252.41,62.44,148.5,6.640000000000001,-98.6,4.5,81.72,-76.93,234.83,155.81,93.84
2025-07-28T15:46:17.285416,94.0,187.0,62.0,173.0,-1.0,-17.0,70.0,3.0,-52.0,168.0,197.0,76.0,103.63,197.41,36.44,145.5,1.6400000000000001,-40.6,86.5,-2.2800000000000002,-35.93,174.83,192.81,70.84
2025-07-28T15:46:17.293393,139.0,313.0,15.0,96.0,-20.0,6.0,12.0,26.0,-117.0,121.0,140.0,134.0,148.63,323.41,-10.559999999999999,68.5,-17.36,-17.6,28.5,20.72,-100.93,127.83,135.81,128.84
2025-07-28T15:46:17.297844,45.0,260.0,40.0,171.0,-37.0,-79.0,-36.0,12.0,-105.0,94.0,188.0,165.0,54.63,270.41,14.440000000000001,143.5,-34.36,-102.6,-19.5,6.72,-88.93,100.83,183.81,159.84
2025-07-28T15:46:17.305593,148.0,240.0,-16.0,190.0,-3.0,9.0,7.0,54.0,-114.0,181.0,252.0,88.0,157.63,250.41,-41.56,162.5,-0.3599999999999999,-14.600000000000001,23.5,48.72,-97.93,187.83,247.81,82.84
2025-07-28T15:46:17.309694,142.0,299.0,107.0,196.0,-53.0,6.0,1.0,61.0,-33.0,118.0,301.0,72.0,151.63,309.41,81.44,168.5,-50.36,-17.6,17.5,55.72,-16.93,124.83,296.81,66.84
2025-07-28T15:46:17.318028,49.0,185.0,105.0,166.0,69.0,-28.0,5.0,-5.0,-64.0,124.0,230.0,59.0,58.63,195.41,79.44,138.5,71.64,-51.6,21.5,-10.280000000000001,-47.93,130.83,225.81,53.84
2025-07-28T15:46:17.325939,118.0,236.0,81.0,102.0,-29.0,-60.0,5.0,51.0,-118.0,181.0,231.0,50.0,127.63,246.41,55.44,74.5,-26.36,-83.6,21.5,45.72,-101.93,187.83,226.81,44.84
2025-07-28T15:46:17.330409,76.0,286.0,23.0,170.0,-65.0,-13.0,94.0,14.0,-40.0,273.0,191.0,69.0,85.63,296.41,-2.5599999999999987,142.5,-62.36,-36.6,110.5,8.719999999999999,-23.93,279.83,186.81,63.84
2025-07-28T15:46:17.338427,157.0,277.0,7.0,135.0,-4.0,-50.0,48.0,60.0,-69.0,169.0,255.0,26.0,166.63,287.41,-18.56,107.5,-1.3599999999999999,-73.6,64.5,54.72,-52.93,175.83,250.81,20.84
2025-07-28T15:46:17.342615,164.0,179.0,-5.0,120.0,21.0,-10.0,19.0,-61.0,-37.0,207.0,216.0,86.0,173.63,189.41,-30.56,92.5,23.64,-33.6,35.5,-66.28,-20.93,213.83,211.81,80.84
2025-07-28T15:46:17.350635,252.0,177.0,-23.0,129.0,-48.0,-36.0,71.0,8.0,-60.0,236.0,248.0,74.0,261.63,187.41,-48.56,101.5,-45.36,-59.6,87.5,2.7199999999999998,-43.93,242.83,243.81,68.84
2025-07-28T15:46:17.354914,96.0,237.0,58.0,121.0,24.0,-41.0,31.0,-66.0,-77.0,150.0,194.0,139.0,105.63,247.41,32.44,93.5,26.64,-64.6,47.5,-71.28,-60.93,156.83,189.81,133.84
2025-07-28T15:46:17.363050,59.0,294.0,-6.0,220.0,-43.0,19.0,75.0,-45.0,-69.0,98.0,233.0,70.0,68.63,304.41,-31.56,192.5,-40.36,-4.600000000000001,91.5,-50.28,-52.93,104.83,228.81,64.84
2025-07-28T15:46:17.367261,132.0,260.0,12.0,112.0,-5.0,7.0,61.0,0.0,-149.0,74.0,217.0,90.0,141.63,270.41,-13.559999999999999,84.5,-2.36,-16.6,77.5,-5.28,-132.93,80.83,212.81,84.84
2025-07-28T15:46:17.375267,175.0,219.0,31.0,196.0,-9.0,72.0,11.0,11.0,-40.0,107.0,249.0,107.0,184.63,229.41,5.440000000000001,168.5,-6.359999999999999,48.4,27.5,5.72,-23.93,113.83,244.81,101.84
2025-07-28T15:46:17.379617,153.0,212.0,52.0,175.0,-26.0,-68.0,-6.0,16.0,-65.0,119.0,221.0,70.0,162.63,222.41,26.44,147.5,-23.36,-91.6,10.5,10.719999999999999,-48.93,125.83,216.81,64.84
2025-07-28T15:46:17.387528,101.0,169.0,19.0,196.0,-33.0,-66.0,22.0,45.0,-33.0,155.0,277.0,15.0,110.63,179.41,-6.559999999999999,168.5,-30.36,-89.6,38.5,39.72,-16.93,161.83,272.81,9.84
2025-07-28T15:46:17.392272,141.0,308.0,17.0,239.0,-46.0,2.0,134.0,12.0,-6.0,224.0,184.0,67.0,150.63,318.41,-8.559999999999999,211.5,-43.36,-21.6,150.5,6.72,10.07,230.83,179.81,61.84
2025-07-28T15:46:17.399911,178.0,303.0,-25.0,175.0,16.0,-38.0,0.0,-29.0,-77.0,213.0,173.0,132.0,187.63,313.41,-50.56,147.5,18.64,-61.6,16.5,-34.28,-60.93,219.83,168.81,126.84
2025-07-28T15:46:17.403915,198.0,192.0,78.0,130.0,35.0,0.0,-33.0,11.0,-82.0,87.0,208.0,92.0,207.63,202.41,52.44,102.5,37.64,-23.6,-16.5,5.72,-65.93,93.83,203.81,86.84
2025-07-28T15:46:17.412310,83.0,220.0,70.0,199.0,-13.0,-85.0,66.0,3.0,-17.0,191.0,103.0,115.0,92.63,230.41,44.44,171.5,-10.36,-108.6,82.5,-2.2800000000000002,-0.9299999999999997,197.83,98.81,109.84
2025-07-28T15:46:17.420358,141.0,334.0,19.0,193.0,-70.0,23.0,76.0,58.0,-49.0,132.0,144.0,78.0,150.63,344.41,-6.559999999999999,165.5,-67.36,-0.6000000000000014,92.5,52.72,-32.93,138.83,139.81,72.84
2025-07-28T15:46:17.424636,13.0,288.0,-13.0,170.0,79.0,-27.0,-31.0,57.0,-79.0,105.0,175.0,129.0,22.630000000000003,298.41,-38.56,142.5,81.64,-50.6,-14.5,51.72,-62.93,111.83,170.81,123.84
2025-07-28T15:46:17.432629,191.0,229.0,-5.0,68.0,-4.0,-44.0,38.0,-62.0,-85.0,186.0,260.0,42.0,200.63,239.41,-30.56,40.5,-1.3599999999999999,-67.6,54.5,-67.28,-68.93,192.83,255.81,36.84
2025-07-28T15:46:17.436834,142.0,224.0,98.0,183.0,44.0,3.0,53.0,101.0,-121.0,177.0,217.0,103.0,151.63,234.41,72.44,155.5,46.64,-20.6,69.5,95.72,-104.93,183.83,212.81,97.84
2025-07-28T15:46:17.444897,142.0,241.0,44.0,96.0,-40.0,-25.0,53.0,25.0,-123.0,218.0,280.0,11.0,151.63,251.41,18.44,68.5,-37.36,-48.6,69.5,19.72,-106.93,224.83,275.81,5.84
2025-07-28T15:46:17.449438,67.0,279.0,19.0,164.0,-7.0,-16.0,6.0,-13.0,-77.0,221.0,167.0,9.0,76.63,289.41,-6.559999999999999,136.5,-4.359999999999999,-39.6,22.5,-18.28,-60.93,227.83,162.81,3.84
2025-07-28T15:46:17.457153,140.0,320.0,-1.0,130.0,50.0,-52.0,-14.0,46.0,-49.0,199.0,200.0,64.0,149.63,330.41,-26.56,102.5,52.64,-75.6,2.5,40.72,-32.93,205.83,195.81,58.84
2025-07-28T15:46:17.461534,215.0,228.0,-9.0,240.0,-52.0,-65.0,-27.0,69.0,-26.0,179.0,171.0,168.0,224.63,238.41,-34.56,212.5,-49.36,-88.6,-10.5,63.72,-9.93,185.83,166.81,162.84
2025-07-28T15:46:17.469514,136.0,213.0,51.0,120.0,-72.0,-18.0,70.0,13.0,10.0,175.0,179.0,164.0,145.63,223.41,25.44,92.5,-69.36,-41.6,86.5,7.72,26.07,181.83,174.81,158.84
2025-07-28T15:46:17.473558,97.0,186.0,92.0,172.0,25.0,-5.0,4.0,-11.0,-107.0,103.0,314.0,103.0,106.63,196.41,66.44,144.5,27.64,-28.6,20.5,-16.28,-90.93,109.83,309.81,97.84
2025-07-28T15:46:17.481682,87.0,286.0,-34.0,123.0,-1.0,-96.0,31.0,-20.0,-73.0,124.0,249.0,96.0,96.63,296.41,-59.56,95.5,1.6400000000000001,-119.6,47.5,-25.28,-56.93,130.83,244.81,90.84
2025-07-28T15:46:17.489767,148.0,322.0,-50.0,147.0,-18.0,28.0,-22.0,34.0,-90.0,151.0,235.0,33.0,157.63,332.41,-75.56,119.5,-15.36,4.399999999999999,-5.5,28.72,-73.93,157.83,230.81,27.84
2025-07-28T15:46:17.494131,166.0,169.0,49.0,228.0,39.0,13.0,39.0,44.0,-71.0,159.0,203.0,44.0,175.63,179.41,23.44,200.5,41.64,-10.600000000000001,55.5,38.72,-54.93,165.83,198.81,38.84
2025-07-28T15:46:17.502130,80.0,283.0,65.0,115.0,40.0,11.0,35.0,50.0,-63.0,177.0,218.0,-18.0,89.63,293.41,39.44,87.5,42.64,-12.600000000000001,51.5,44.72,-46.93,183.83,213.81,-23.16
2025-07-28T15:46:17.506407,42.0,308.0,-5.0,150.0,53.0,0.0,105.0,-9.0,-119.0,207.0,95.0,18.0,51.63,318.41,-30.56,122.5,55.64,-23.6,121.5,-14.280000000000001,-102.93,213.83,90.81,12.84
2025-07-28T15:46:17.514518,182.0,299.0,-1.0,220.0,20.0,-48.0,34.0,11.0,-66.0,126.0,205.0,16.0,191.63,309.41,-26.56,192.5,22.64,-71.6,50.5,5.72,-49.93,132.83,200.81,10.84
2025-07-28T15:46:17.518720,150.0,162.0,9.0,126.0,-71.0,-20.0,22.0,-15.0,-74.0,175.0,139.0,98.0,159.63,172.41,-16.56,98.5,-68.36,-43.6,38.5,-20.28,-57.93,181.83,134.81,92.84
2025-07-28T15:46:17.526732,171.0,127.0,95.0,155.0,8.0,24.0,62.0,-11.0,-117.0,131.0,229.0,30.0,180.63,137.41,69.44,127.5,10.64,0.3999999999999986,78.5,-16.28,-100.93,137.83,224.81,24.84
2025-07-28T15:46:17.531119,74.0,239.0,96.0,133.0,45.0,-8.0,-39.0,5.0,-86.0,90.0,155.0,43.0,83.63,249.41,70.44,105.5,47.64,-31.6,-22.5,-0.28000000000000025,-69.93,96.83,150.81,37.84
2025-07-28T15:46:17.539159,106.0,189.0,-37.0,108.0,1.0,-6.0,3.0,-14.0,-60.0,26.0,169.0,83.0,115.63,199.41,-62.56,80.5,3.64,-29.6,19.5,-19.28,-43.93,32.83,164.81,77.84
2025-07-28T15:46:17.543323,98.0,224.0,9.0,111.0,-4.0,-34.0,64.0,8.0,-84.0,96.0,216.0,102.0,107.63,234.41,-16.56,83.5,-1.3599999999999999,-57.6,80.5,2.7199999999999998,-67.93,102.83,211.81,96.84
2025-07-28T15:46:17.551451,131.0,119.0,-55.0,165.0,-63.0,43.0,25.0,-12.0,-68.0,59.0,210.0,65.0,140.63,129.41,-80.56,137.5,-60.36,19.4,41.5,-17.28,-51.93,65.83,205.81,59.84
2025-07-28T15:46:17.555653,160.0,122.0,105.0,62.0,52.0,-15.0,73.0,57.0,-50.0,82.0,206.0,71.0,169.63,132.41,79.44,34.5,54.64,-38.6,89.5,51.72,-33.93,88.83,201.81,65.84
2025-07-28T15:46:17.563647,65.0,147.0,56.0,108.0,35.0,-56.0,31.0,3.0,-70.0,89.0,172.0,52.0,74.63,157.41,30.44,80.5,37.64,-79.6,47.5,-2.2800000000000002,-53.93,95.83,167.81,46.84
2025-07-28T15:46:17.567969,-49.0,130.0,94.0,96.0,35.0,-25.0,72.0,-4.0,-40.0,46.0,44.0,54.0,-39.37,140.41,68.44,68.5,37.64,-48.6,88.5,-9.280000000000001,-23.93,52.83,39.81,48.84
2025-07-28T15:46:17.575896,31.0,119.0,-16.0,58.0,-38.0,-8.0,44.0,28.0,-6.0,20.0,139.0,109.0,40.63,129.41,-41.56,30.5,-35.36,-31.6,60.5,22.72,10.07,26.83,134.81,103.84
2025-07-28T15:46:17.580280,146.0,62.0,-5.0,125.0,-72.0,-3.0,67.0,5.0,-65.0,56.0,15.0,44.0,155.63,72.41,-30.56,97.5,-69.36,-26.6,83.5,-0.28000000000000025,-48.93,62.83,10.809999999999999,38.84
2025-07-28T15:46:17.588156,33.0,33.0,-5.0,53.0,20.0,14.0,-31.0,34.0,-22.0,35.0,70.0,89.0,42.63,43.41,-30.56,25.5,22.64,-9.600000000000001,-14.5,28.72,-5.93,41.83,65.81,83.84
2025-07-28T15:46:17.592513,50.0,59.0,70.0,35.0,28.0,-36.0,-10.0,-12.0,-30.0,54.0,69.0,34.0,59.63,69.41,44.44,7.5,30.64,-59.6,6.5,-17.28,-13.93,60.83,64.81,28.84
2025-07-28T15:46:17.600444,-12.0,-10.0,96.0,51.0,14.0,-27.0,54.0,-35.0,-120.0,80.0,118.0,60.0,-2.369999999999999,0.41000000000000014,70.44,23.5,16.64,-50.6,70.5,-40.28,-103.93,86.83,113.81,54.84
2025-07-28T15:46:17.604682,-32.0,77.0,54.0,54.0,-13.0,6.0,15.0,-28.0,-19.0,72.0,73.0,79.0,-22.369999999999997,87.41,28.44,26.5,-10.36,-17.6,31.5,-33.28,-2.9299999999999997,78.83,68.81,73.84
2025-07-28T15:46:17.612716,-5.0,85.0,-10.0,41.0,-8.0,-171.0,32.0,8.0,-84.0,34.0,92.0,39.0,4.630000000000001,95.41,-35.56,13.5,-5.359999999999999,-194.6,48.5,2.7199999999999998,-67.93,40.83,87.81,33.84
2025-07-28T15:46:17.617020,-48.0,32.0,57.0,92.0,-61.0,-51.0,36.0,52.0,-113.0,26.0,52.0,75.0,-38.37,42.41,31.44,64.5,-58.36,-74.6,52.5,46.72,-96.93,32.83,47.81,69.84
2025-07-28T15:46:17.625065,72.0,52.0,37.0,9.0,-101.0,12.0,79.0,-6.0,-88.0,33.0,-6.0,15.0,81.63,62.41,11.440000000000001,-18.5,-98.36,-11.600000000000001,95.5,-11.280000000000001,-71.93,39.83,-10.190000000000001,9.84
2025-07-28T15:46:17.629345,38.0,28.0,-40.0,55.0,11.0,2.0,-10.0,-15.0,-74.0,-23.0,14.0,40.0,47.63,38.41,-65.56,27.5,13.64,-21.6,6.5,-20.28,-57.93,-16.17,9.809999999999999,34.84
2025-07-28T15:46:17.637500,38.0,16.0,-6.0,118.0,-29.0,-29.0,-46.0,-6.0,-59.0,-55.0,-40.0,12.0,47.63,26.41,-31.56,90.5,-26.36,-52.6,-29.5,-11.280000000000001,-42.93,-48.17,-44.19,6.84
2025-07-28T15:46:17.641584,-6.0,-10.0,26.0,65.0,-27.0,84.0,-21.0,-11.0,-11.0,-3.0,-21.0,50.0,3.630000000000001,0.41000000000000014,0.4400000000000013,37.5,-24.36,60.4,-4.5,-16.28,5.07,3.83,-25.19,44.84
2025-07-28T15:46:17.649630,12.0,4.0,95.0,49.0,-11.0,21.0,53.0,-37.0,-2.0,-30.0,24.0,88.0,21.630000000000003,14.41,69.44,21.5,-8.36,-2.6000000000000014,69.5,-42.28,14.07,-23.17,19.81,82.84
2025-07-28T15:46:17.653865,-17.0,-113.0,54.0,-67.0,30.0,25.0,-12.0,-69.0,-5.0,-14.0,-35.0,27.0,-7.369999999999999,-102.59,28.44,-94.5,32.64,1.3999999999999986,4.5,-74.28,11.07,-7.17,-39.19,21.84
2025-07-28T15:46:17.661917,-25.0,-32.0,0.0,80.0,-36.0,-13.0,-17.0,11.0,-34.0,39.0,19.0,60.0,-15.37,-21.59,-25.56,52.5,-33.36,-36.6,-0.5,5.72,-17.93,45.83,14.809999999999999,54.84
2025-07-28T15:46:17.666321,-47.0,29.0,41.0,47.0,-7.0,26.0,10.0,66.0,14.0,-25.0,-1.0,-9.0,-37.37,39.41,15.440000000000001,19.5,-4.359999999999999,2.3999999999999986,26.5,60.72,30.07,-18.17,-5.19,-14.16
2025-07-28T15:46:17.674334,-3.0,76.0,7.0,32.0,-32.0,32.0,-2.0,-23.0,0.0,28.0,-71.0,-18.0,6.630000000000001,86.41,-18.56,4.5,-29.36,8.399999999999999,14.5,-28.28,16.07,34.83,-75.19,-23.16
2025-07-28T15:46:17.678581,-23.0,33.0,0.0,39.0,31.0,-16.0,21.0,20.0,-33.0,37.0,-32.0,-17.0,-13.37,43.41,-25.56,11.5,33.64,-39.6,37.5,14.719999999999999,-16.93,43.83,-36.19,-22.16
2025-07-28T15:46:17.682802,-10.0,1.0,-33.0,-4.0,5.0,3.0,7.0,-52.0,-73.0,24.0,-9.0,5.0,-0.3699999999999992,11.41,-58.56,-31.5,7.640000000000001,-20.6,23.5,-57.28,-56.93,30.83,-13.190000000000001,-0.16000000000000014
2025-07-28T15:46:17.690614,-45.0,19.0,-47.0,14.0,33.0,21.0,-12.0,32.0,2.0,48.0,-2.0,-1.0,-35.37,29.41,-72.56,-13.5,35.64,-2.6000000000000014,4.5,26.72,18.07,54.83,-6.19,-6.16
2025-07-28T15:46:17.698710,-43.0,51.0,10.0,12.0,30.0,-22.0,-27.0,-6.0,-139.0,3.0,-11.0,-55.0,-33.37,61.41,-15.559999999999999,-15.5,32.64,-45.6,-10.5,-11.280000000000001,-122.93,9.83,-15.190000000000001,-60.16
2025-07-28T15:46:17.702933,21.0,45.0,-73.0,57.0,-56.0,16.0,-78.0,-31.0,-64.0,59.0,-42.0,-80.0,30.630000000000003,55.41,-98.56,29.5,-53.36,-7.600000000000001,-61.5,-36.28,-47.93,65.83,-46.19,-85.16
2025-07-28T15:46:17.707470,9.0,-37.0,-82.0,78.0,-55.0,27.0,16.0,19.0,-18.0,77.0,35.0,-131.0,18.630000000000003,-26.59,-107.56,50.5,-52.36,3.3999999999999986,32.5,13.719999999999999,-1.9299999999999997,83.83,30.81,-136.16
2025-07-28T15:46:17.715319,-20.0,12.0,69.0,39.0,-62.0,3.0,-27.0,22.0,-18.0,63.0,6.0,-63.0,-10.37,22.41,43.44,11.5,-59.36,-20.6,-10.5,16.72,-1.9299999999999997,69.83,1.8099999999999996,-68.16
2025-07-28T15:46:17.719340,11.0,-68.0,27.0,-37.0,-12.0,8.0,-28.0,36.0,-65.0,-6.0,7.0,-10.0,20.630000000000003,-57.59,1.4400000000000013,-64.5,-9.36,-15.600000000000001,-11.5,30.72,-48.93,0.8300000000000001,2.8099999999999996,-15.16
2025-07-28T15:46:17.727439,7.0,-63.0,33.0,27.0,34.0,41.0,-17.0,44.0,-36.0,-20.0,81.0,-66.0,16.630000000000003,-52.59,7.440000000000001,-0.5,36.64,17.4,-0.5,38.72,-19.93,-13.17,76.81,-71.16
2025-07-28T15:46:17.731616,-18.0,-95.0,32.0,-27.0,5.0,5.0,-20.0,22.0,-66.0,-12.0,1.0,-25.0,-8.37,-84.59,6.440000000000001,-54.5,7.640000000000001,-18.6,-3.5,16.72,-49.93,-5.17,-3.1900000000000004,-30.16
2025-07-28T15:46:17.739774,-56.0,-47.0,35.0,-40.0,48.0,-38.0,-51.0,48.0,-47.0,36.0,37.0,-122.0,-46.37,-36.59,9.440000000000001,-67.5,50.64,-61.6,-34.5,42.72,-30.93,42.83,32.81,-127.16
2025-07-28T15:46:17.743880,-90.0,5.0,24.0,65.0,41.0,21.0,21.0,-64.0,-41.0,33.0,34.0,-48.0,-80.37,15.41,-1.5599999999999987,37.5,43.64,-2.6000000000000014,37.5,-69.28,-24.93,39.83,29.81,-53.16
2025-07-28T15:46:17.751979,-16.0,58.0,-34.0,58.0,9.0,29.0,0.0,56.0,-37.0,29.0,60.0,-47.0,-6.369999999999999,68.41,-59.56,30.5,11.64,5.399999999999999,16.5,50.72,-20.93,35.83,55.81,-52.16
2025-07-28T15:46:17.756171,43.0,31.0,1.0,32.0,-66.0,2.0,18.0,35.0,-30.0,-43.0,72.0,15.0,52.63,41.41,-24.56,4.5,-63.36,-21.6,34.5,29.72,-13.93,-36.17,67.81,9.84
2025-07-28T15:46:17.764399,80.0,-64.0,-63.0,53.0,6.0,2.0,28.0,-5.0,-61.0,5.0,55.0,-10.0,89.63,-53.59,-88.56,25.5,8.64,-21.6,44.5,-10.280000000000001,-44.93,11.83,50.81,-15.16
2025-07-28T15:46:17.768601,16.0,18.0,16.0,53.0,-36.0,40.0,-21.0,4.0,-2.0,19.0,3.0,26.0,25.630000000000003,28.41,-9.559999999999999,25.5,-33.36,16.4,-4.5,-1.2800000000000002,14.07,25.83,-1.1900000000000004,20.84
2025-07-28T15:46:17.776630,32.0,3.0,-39.0,34.0,-32.0,83.0,-2.0,-10.0,-87.0,2.0,21.0,19.0,41.63,13.41,-64.56,6.5,-29.36,59.4,14.5,-15.280000000000001,-70.93,8.83,16.81,13.84
2025-07-28T15:46:17.780984,29.0,-52.0,-23.0,30.0,65.0,25.0,19.0,-6.0,-127.0,-70.0,0.0,-8.0,38.63,-41.59,-48.56,2.5,67.64,1.3999999999999986,35.5,-11.280000000000001,-110.93,-63.17,-4.19,-13.16
2025-07-28T15:46:17.788836,80.0,-28.0,-25.0,61.0,17.0,-18.0,4.0,35.0,-34.0,59.0,-38.0,-73.0,89.63,-17.59,-50.56,33.5,19.64,-41.6,20.5,29.72,-17.93,65.83,-42.19,-78.16
2025-07-28T15:46:17.793165,12.0,-7.0,71.0,92.0,-44.0,-9.0,33.0,2.0,-105.0,40.0,-81.0,-6.0,21.630000000000003,3.41,45.44,64.5,-41.36,-32.6,49.5,-3.2800000000000002,-88.93,46.83,-85.19,-11.16
2025-07-28T15:46:17.801182,44.0,-44.0,62.0,101.0,42.0,12.0,43.0,28.0,-106.0,93.0,-38.0,11.0,53.63,-33.59,36.44,73.5,44.64,-11.600000000000001,59.5,22.72,-89.93,99.83,-42.19,5.84
2025-07-28T15:46:17.805566,-38.0,8.0,19.0,33.0,32.0,-23.0,-39.0,-36.0,-29.0,42.0,-26.0,35.0,-28.369999999999997,18.41,-6.559999999999999,5.5,34.64,-46.6,-22.5,-41.28,-12.93,48.83,-30.19,29.84
2025-07-28T15:46:17.813510,-82.0,-29.0,77.0,68.0,-28.0,-4.0,-34.0,37.0,-29.0,-9.0,5.0,4.0,-72.37,-18.59,51.44,40.5,-25.36,-27.6,-17.5,31.72,-12.93,-2.17,0.8099999999999996,-1.1600000000000001
2025-07-28T15:46:17.817794,-59.0,43.0,78.0,14.0,-70.0,42.0,58.0,36.0,-11.0,83.0,30.0,-21.0,-49.37,53.41,52.44,-13.5,-67.36,18.4,74.5,30.72,5.07,89.83,25.81,-26.16
2025-07-28T15:46:17.825636,-45.0,5.0,-31.0,-6.0,8.0,-10.0,-40.0,-50.0,-6.0,86.0,38.0,-13.0,-35.37,15.41,-56.56,-33.5,10.64,-33.6,-23.5,-55.28,10.07,92.83,33.81,-18.16
2025-07-28T15:46:17.829870,-79.0,76.0,8.0,25.0,16.0,55.0,-13.0,17.0,-17.0,50.0,-13.0,37.0,-69.37,86.41,-17.56,-2.5,18.64,31.4,3.5,11.719999999999999,-0.9299999999999997,56.83,-17.19,31.84
2025-07-28T15:46:17.838140,77.0,39.0,-25.0,-24.0,-17.0,-75.0,-73.0,-64.0,-64.0,-16.0,32.0,-83.0,86.63,49.41,-50.56,-51.5,-14.36,-98.6,-56.5,-69.28,-47.93,-9.17,27.81,-88.16
2025-07-28T15:46:17.842465,-5.0,37.0,-22.0,79.0,51.0,5.0,-25.0,-42.0,-14.0,-20.0,31.0,-13.0,4.630000000000001,47.41,-47.56,51.5,53.64,-18.6,-8.5,-47.28,2.0700000000000003,-13.17,26.81,-18.16
2025-07-28T15:46:17.850447,79.0,-16.0,24.0,83.0,-46.0,-15.0,-19.0,-6.0,27.0,60.0,48.0,-74.0,88.63,-5.59,-1.5599999999999987,55.5,-43.36,-38.6,-2.5,-11.280000000000001,43.07,66.83,43.81,-79.16
2025-07-28T15:46:17.854525,-85.0,-46.0,56.0,2.0,-78.0,10.0,-43.0,-64.0,17.0,29.0,90.0,-85.0,-75.37,-35.59,30.44,-25.5,-75.36,-13.600000000000001,-26.5,-69.28,33.07,35.83,85.81,-90.16
2025-07-28T15:46:17.862406,-51.0,-41.0,55.0,24.0,-80.0,2.0,-42.0,26.0,-11.0,25.0,-8.0,-28.0,-41.37,-30.59,29.44,-3.5,-77.36,-21.6,-25.5,20.72,5.07,31.83,-12.190000000000001,-33.16
2025-07-28T15:46:17.866947,17.0,35.0,-43.0,-34.0,68.0,33.0,25.0,-17.0,-57.0,-3.0,16.0,-60.0,26.630000000000003,45.41,-68.56,-61.5,70.64,9.399999999999999,41.5,-22.28,-40.93,3.83,11.809999999999999,-65.16
2025-07-28T15:46:17.874890,10.0,52.0,30.0,36.0,19.0,-52.0,-17.0,-108.0,-3.0,7.0,58.0,-22.0,19.630000000000003,62.41,4.440000000000001,8.5,21.64,-75.6,-0.5,-113.28,13.07,13.83,53.81,-27.16
2025-07-28T15:46:17.879095,43.0,-67.0,28.0,52.0,-61.0,-18.0,-15.0,63.0,-88.0,27.0,82.0,-85.0,52.63,-56.59,2.4400000000000013,24.5,-58.36,-41.6,1.5,57.72,-71.93,33.83,77.81,-90.16
2025-07-28T15:46:17.887203,68.0,-15.0,7.0,64.0,-42.0,-47.0,-20.0,46.0,-45.0,41.0,6.0,-54.0,77.63,-4.59,-18.56,36.5,-39.36,-70.6,-3.5,40.72,-28.93,47.83,1.8099999999999996,-59.16
2025-07-28T15:46:17.891321,-22.0,-24.0,38.0,90.0,-12.0,20.0,18.0,-31.0,-51.0,-2.0,37.0,-74.0,-12.37,-13.59,12.440000000000001,62.5,-9.36,-3.6000000000000014,34.5,-36.28,-34.93,4.83,32.81,-79.16
2025-07-28T15:46:17.895407,-26.0,-7.0,21.0,13.0,-35.0,12.0,-16.0,-32.0,-54.0,-6.0,-8.0,-75.0,-16.369999999999997,3.41,-4.559999999999999,-14.5,-32.36,-11.600000000000001,0.5,-37.28,-37.93,0.8300000000000001,-12.190000000000001,-80.16
2025-07-28T15:46:17.903597,-20.0,-1.0,-3.0,-4.0,-20.0,19.0,-48.0,-4.0,-25.0,-63.0,53.0,-91.0,-10.37,9.41,-28.56,-31.5,-17.36,-4.600000000000001,-31.5,-9.280000000000001,-8.93,-56.17,48.81,-96.16
2025-07-28T15:46:17.907712,-43.0,59.0,0.0,10.0,13.0,-9.0,-37.0,39.0,-57.0,-73.0,91.0,-93.0,-33.37,69.41,-25.56,-17.5,15.64,-32.6,-20.5,33.72,-40.93,-66.17,86.81,-98.16
2025-07-28T15:46:17.916020,70.0,78.0,47.0,34.0,13.0,20.0,-51.0,-49.0,13.0,-28.0,14.0,-25.0,79.63,88.41,21.44,6.5,15.64,-3.6000000000000014,-34.5,-54.28,29.07,-21.17,9.809999999999999,-30.16
2025-07-28T15:46:17.919971,-14.0,-19.0,-43.0,91.0,-52.0,-34.0,-15.0,7.0,-20.0,35.0,28.0,5.0,-4.369999999999999,-8.59,-68.56,63.5,-49.36,-57.6,1.5,1.7199999999999998,-3.9299999999999997,41.83,23.81,-0.16000000000000014
2025-07-28T15:46:17.928109,58.0,103.0,-11.0,21.0,62.0,-43.0,-46.0,50.0,-51.0,-35.0,80.0,-17.0,67.63,113.41,-36.56,-6.5,64.64,-66.6,-29.5,44.72,-34.93,-28.17,75.81,-22.16
2025-07-28T15:46:17.932320,-9.0,-22.0,-46.0,3.0,-42.0,52.0,-48.0,-26.0,-47.0,-98.0,85.0,16.0,0.6300000000000008,-11.59,-71.56,-24.5,-39.36,28.4,-31.5,-31.28,-30.93,-91.17,80.81,10.84
2025-07-28T15:46:17.940457,60.0,-74.0,-44.0,27.0,-48.0,-28.0,-5.0,-38.0,13.0,23.0,36.0,-20.0,69.63,-63.59,-69.56,-0.5,-45.36,-51.6,11.5,-43.28,29.07,29.83,31.81,-25.16
2025-07-28T15:46:17.944902,-41.0,-78.0,-44.0,86.0,61.0,67.0,-110.0,-54.0,11.0,-58.0,2.0,-18.0,-31.369999999999997,-67.59,-69.56,58.5,63.64,43.4,-93.5,-59.28,27.07,-51.17,-2.1900000000000004,-23.16
2025-07-28T15:46:17.952738,-25.0,39.0,40.0,21.0,49.0,-29.0,-132.0,-21.0,-55.0,-26.0,28.0,-46.0,-15.37,49.41,14.440000000000001,-6.5,51.64,-52.6,-115.5,-26.28,-38.93,-19.17,23.81,-51.16
2025-07-28T15:46:17.957302,-76.0,86.0,-49.0,57.0,45.0,50.0,-2.0,-8.0,-75.0,26.0,-3.0,8.0,-66.37,96.41,-74.56,29.5,47.64,26.4,14.5,-13.280000000000001,-58.93,32.83,-7.19,2.84
2025-07-28T15:46:17.964922,-24.0,7.0,-14.0,57.0,69.0,-27.0,20.0,-43.0,1.0,-73.0,95.0,-36.0,-14.37,17.41,-39.56,29.5,71.64,-50.6,36.5,-48.28,17.07,-66.17,90.81,-41.16
2025-07-28T15:46:17.969429,11.0,-1.0,-9.0,99.0,-32.0,15.0,48.0,28.0,-61.0,-121.0,23.0,66.0,20.630000000000003,9.41,-34.56,71.5,-29.36,-8.600000000000001,64.5,22.72,-44.93,-114.17,18.81,60.84
2025-07-28T15:46:17.977252,47.0,-72.0,5.0,43.0,-75.0,24.0,37.0,-49.0,-116.0,10.0,84.0,85.0,56.63,-61.59,-20.56,15.5,-72.36,0.3999999999999986,53.5,-54.28,-99.93,16.83,79.81,79.84
2025-07-28T15:46:17.981548,60.0,-10.0,20.0,50.0,-13.0,72.0,9.0,-48.0,-53.0,-67.0,63.0,-25.0,69.63,0.41000000000000014,-5.559999999999999,22.5,-10.36,48.4,25.5,-53.28,-36.93,-60.17,58.81,-30.16
2025-07-28T15:46:17.989553,-99.0,-31.0,66.0,-15.0,50.0,44.0,9.0,-5.0,-6.0,-32.0,85.0,-38.0,-89.37,-20.59,40.44,-42.5,52.64,20.4,25.5,-10.280000000000001,10.07,-25.17,80.81,-43.16
2025-07-28T15:46:17.993926,-29.0,-88.0,35.0,-10.0,59.0,43.0,-20.0,67.0,-26.0,2.0,13.0,27.0,-19.369999999999997,-77.59,9.440000000000001,-37.5,61.64,19.4,-3.5,61.72,-9.93,8.83,8.809999999999999,21.84
2025-07-28T15:46:18.001995,-12.0,41.0,4.0,-59.0,1.0,-4.0,26.0,-63.0,-27.0,-30.0,1.0,14.0,-2.369999999999999,51.41,-21.56,-86.5,3.64,-27.6,42.5,-68.28,-10.93,-23.17,-3.1900000000000004,8.84
2025-07-28T15:46:18.006286,-43.0,41.0,75.0,-17.0,22.0,-25.0,25.0,17.0,-41.0,23.0,-40.0,-21.0,-33.37,51.41,49.44,-44.5,24.64,-48.6,41.5,11.719999999999999,-24.93,29.83,-44.19,-26.16
2025-07-28T15:46:18.014268,-46.0,34.0,39.0,57.0,2.0,36.0,10.0,-18.0,-87.0,9.0,-2.0,26.0,-36.37,44.41,13.440000000000001,29.5,4.640000000000001,12.399999999999999,26.5,-23.28,-70.93,15.83,-6.19,20.84
2025-07-28T15:46:18.018514,-56.0,102.0,35.0,71.0,-10.0,-80.0,-42.0,17.0,-29.0,30.0,-66.0,46.0,-46.37,112.41,9.440000000000001,43.5,-7.359999999999999,-103.6,-25.5,11.719999999999999,-12.93,36.83,-70.19,40.84
2025-07-28T15:46:18.026548,-2.0,-16.0,-48.0,-18.0,-26.0,-28.0,10.0,14.0,-24.0,-9.0,-7.0,5.0,7.630000000000001,-5.59,-73.56,-45.5,-23.36,-51.6,26.5,8.719999999999999,-7.93,-2.17,-11.190000000000001,-0.16000000000000014
2025-07-28T15:46:18.030923,-21.0,36.0,-25.0,41.0,-15.0,43.0,-11.0,8.0,-26.0,30.0,-21.0,34.0,-11.37,46.41,-50.56,13.5,-12.36,19.4,5.5,2.7199999999999998,-9.93,36.83,-25.19,28.84
2025-07-28T15:46:18.038866,133.0,-69.0,-95.0,89.0,-107.0,22.0,-9.0,-16.0,-18.0,96.0,-30.0,26.0,142.63,-58.59,-120.56,61.5,-104.36,-1.6000000000000014,7.5,-21.28,-1.9299999999999997,102.83,-34.19,20.84
2025-07-28T15:46:18.043080,31.0,-33.0,16.0,-14.0,42.0,48.0,-2.0,-32.0,33.0,30.0,-1.0,12.0,40.63,-22.59,-9.559999999999999,-41.5,44.64,24.4,14.5,-37.28,49.07,36.83,-5.19,6.84
2025-07-28T15:46:18.051027,-90.0,-41.0,28.0,51.0,-12.0,11.0,-57.0,-58.0,-43.0,39.0,-65.0,11.0,-80.37,-30.59,2.4400000000000013,23.5,-9.36,-12.600000000000001,-40.5,-63.28,-26.93,45.83,-69.19,5.84
2025-07-28T15:46:18.055258,-3.0,23.0,-2.0,31.0,1.0,0.0,-8.0,-16.0,-10.0,26.0,14.0,30.0,6.630000000000001,33.41,-27.56,3.5,3.64,-23.6,8.5,-21.28,6.07,32.83,9.809999999999999,24.84
2025-07-28T15:46:18.063425,-7.0,44.0,25.0,46.0,36.0,-31.0,-11.0,62.0,-15.0,38.0,-22.0,63.0,2.630000000000001,54.41,-0.5599999999999987,18.5,38.64,-54.6,5.5,56.72,1.0700000000000003,44.83,-26.19,57.84
2025-07-28T15:46:18.067569,-35.0,-52.0,2.0,11.0,-75.0,-26.0,-39.0,-8.0,-25.0,-13.0,-23.0,8.0,-25.369999999999997,-41.59,-23.56,-16.5,-72.36,-49.6,-22.5,-13.280000000000001,-8.93,-6.17,-27.19,2.84
2025-07-28T15:46:18.075706,138.0,24.0,-44.0,50.0,-36.0,-15.0,14.0,28.0,-57.0,36.0,-4.0,15.0,147.63,34.41,-69.56,22.5,-33.36,-38.6,30.5,22.72,-40.93,42.83,-8.190000000000001,9.84
2025-07-28T15:46:18.079974,20.0,-41.0,-20.0,-46.0,-48.0,26.0,-70.0,30.0,-63.0,38.0,-3.0,66.0,29.630000000000003,-30.59,-45.56,-73.5,-45.36,2.3999999999999986,-53.5,24.72,-46.93,44.83,-7.19,60.84
2025-07-28T15:46:18.087729,94.0,-79.0,103.0,21.0,9.0,36.0,-84.0,-74.0,-56.0,16.0,-109.0,74.0,103.63,-68.59,77.44,-6.5,11.64,12.399999999999999,-67.5,-79.28,-39.93,22.83,-113.19,68.84
2025-07-28T15:46:18.092498,-5.0,-15.0,-21.0,28.0,25.0,-25.0,-16.0,20.0,-46.0,62.0,-4.0,22.0,4.630000000000001,-4.59,-46.56,0.5,27.64,-48.6,0.5,14.719999999999999,-29.93,68.83,-8.190000000000001,16.84
2025-07-28T15:46:18.100178,-5.0,-12.0,25.0,55.0,-83.0,-71.0,-26.0,-44.0,-73.0,-12.0,20.0,7.0,4.630000000000001,-1.5899999999999999,-0.5599999999999987,27.5,-80.36,-94.6,-9.5,-49.28,-56.93,-5.17,15.809999999999999,1.8399999999999999
2025-07-28T15:46:18.104415,-27.0,19.0,64.0,70.0,67.0,-31.0,-34.0,-62.0,-38.0,45.0,-128.0,9.0,-17.369999999999997,29.41,38.44,42.5,69.64,-54.6,-17.5,-67.28,-21.93,51.83,-132.19,3.84
2025-07-28T15:46:18.112484,-48.0,16.0,12.0,49.0,23.0,-26.0,-70.0,-6.0,-16.0,31.0,-55.0,-17.0,-38.37,26.41,-13.559999999999999,21.5,25.64,-49.6,-53.5,-11.280000000000001,0.07000000000000028,37.83,-59.19,-22.16
2025-07-28T15:46:18.116746,70.0,47.0,-47.0,30.0,-31.0,63.0,-47.0,-9.0,-32.0,-28.0,-39.0,47.0,79.63,57.41,-72.56,2.5,-28.36,39.4,-30.5,-14.280000000000001,-15.93,-21.17,-43.19,41.84
2025-07-28T15:46:18.120817,23.0,4.0,-36.0,49.0,26.0,-5.0,-52.0,2.0,-122.0,-74.0,-3.0,33.0,32.63,14.41,-61.56,21.5,28.64,-28.6,-35.5,-3.2800000000000002,-105.93,-67.17,-7.19,27.84
2025-07-28T15:46:18.128781,48.0,3.0,-25.0,18.0,17.0,29.0,-82.0,15.0,-25.0,-48.0,-2.0,7.0,57.63,13.41,-50.56,-9.5,19.64,5.399999999999999,-65.5,9.719999999999999,-8.93,-41.17,-6.19,1.8399999999999999
2025-07-28T15:46:18.132938,-43.0,-91.0,62.0,21.0,-39.0,-4.0,43.0,23.0,-45.0,40.0,-10.0,45.0,-33.37,-80.59,36.44,-6.5,-36.36,-27.6,59.5,17.72,-28.93,46.83,-14.190000000000001,39.84
2025-07-28T15:46:18.141240,-11.0,-101.0,45.0,67.0,69.0,-31.0,34.0,69.0,18.0,-20.0,19.0,-29.0,-1.3699999999999992,-90.59,19.44,39.5,71.64,-54.6,50.5,63.72,34.07,-13.17,14.809999999999999,-34.16
2025-07-28T15:46:18.149171,25.0,-30.0,18.0,39.0,-77.0,-29.0,-4.0,-12.0,-30.0,14.0,-48.0,-24.0,34.63,-19.59,-7.559999999999999,11.5,-74.36,-52.6,12.5,-17.28,-13.93,20.83,-52.19,-29.16
2025-07-28T15:46:18.153443,1.0,69.0,44.0,28.0,-38.0,8.0,-47.0,-24.0,-56.0,55.0,-37.0,32.0,10.63,79.41,18.44,0.5,-35.36,-15.600000000000001,-30.5,-29.28,-39.93,61.83,-41.19,26.84
2025-07-28T15:46:18.157554,-41.0,-7.0,-31.0,32.0,-33.0,49.0,57.0,-7.0,-14.0,6.0,49.0,40.0,-31.369999999999997,3.41,-56.56,4.5,-30.36,25.4,73.5,-12.280000000000001,2.0700000000000003,12.83,44.81,34.84
2025-07-28T15:46:18.165876,-29.0,37.0,-58.0,-22.0,2.0,46.0,-2.0,47.0,-45.0,0.0,-39.0,-11.0,-19.369999999999997,47.41,-83.56,-49.5,4.640000000000001,22.4,14.5,41.72,-28.93,6.83,-43.19,-16.16
2025-07-28T15:46:18.169826,-3.0,6.0,-53.0,-22.0,-13.0,-18.0,-52.0,-24.0,40.0,26.0,10.0,39.0,6.630000000000001,16.41,-78.56,-49.5,-10.36,-41.6,-35.5,-29.28,56.07,32.83,5.81,33.84
2025-07-28T15:46:18.178074,0.0,-26.0,55.0,42.0,0.0,29.0,6.0,-4.0,-75.0,2.0,-32.0,13.0,9.63,-15.59,29.44,14.5,2.64,5.399999999999999,22.5,-9.280000000000001,-58.93,8.83,-36.19,7.84
2025-07-28T15:46:18.182258,21.0,-20.0,-45.0,67.0,-10.0,-12.0,1.0,-16.0,-86.0,15.0,36.0,-33.0,30.630000000000003,-9.59,-70.56,39.5,-7.359999999999999,-35.6,17.5,-21.28,-69.93,21.83,31.81,-38.16
2025-07-28T15:46:18.190496,8.0,-36.0,-20.0,-25.0,-43.0,-60.0,-49.0,33.0,-25.0,13.0,-19.0,-40.0,17.630000000000003,-25.59,-45.56,-52.5,-40.36,-83.6,-32.5,27.72,-8.93,19.83,-23.19,-45.16
2025-07-28T15:46:18.194922,64.0,-23.0,65.0,63.0,-61.0,-10.0,-78.0,-79.0,-64.0,40.0,-38.0,-39.0,73.63,-12.59,39.44,35.5,-58.36,-33.6,-61.5,-84.28,-47.93,46.83,-42.19,-44.16
2025-07-28T15:46:18.202569,-42.0,-70.0,42.0,-19.0,-4.0,-2.0,-65.0,-50.0,-40.0,-22.0,7.0,-23.0,-32.37,-59.59,16.44,-46.5,-1.3599999999999999,-25.6,-48.5,-55.28,-23.93,-15.17,2.8099999999999996,-28.16
2025-07-28T15:46:18.207845,-40.0,40.0,29.0,38.0,67.0,-45.0,19.0,-28.0,-48.0,-7.0,-57.0,-50.0,-30.369999999999997,50.41,3.4400000000000013,10.5,69.64,-68.6,35.5,-33.28,-31.93,-0.16999999999999993,-61.19,-55.16
2025-07-28T15:46:18.214904,15.0,38.0,55.0,-17.0,39.0,-38.0,-61.0,9.0,-6.0,19.0,34.0,-49.0,24.630000000000003,48.41,29.44,-44.5,41.64,-61.6,-44.5,3.7199999999999998,10.07,25.83,29.81,-54.16
2025-07-28T15:46:18.219261,15.0,26.0,-29.0,142.0,55.0,-50.0,-33.0,-53.0,-3.0,-21.0,-41.0,-14.0,24.630000000000003,36.41,-54.56,114.5,57.64,-73.6,-16.5,-58.28,13.07,-14.17,-45.19,-19.16
2025-07-28T15:46:18.227128,86.0,-54.0,-38.0,51.0,-16.0,30.0,-44.0,-39.0,-11.0,-48.0,-83.0,-105.0,95.63,-43.59,-63.56,23.5,-13.36,6.399999999999999,-27.5,-44.28,5.07,-41.17,-87.19,-110.16
2025-07-28T15:46:18.231487,-2.0,-37.0,30.0,34.0,8.0,4.0,-17.0,63.0,8.0,32.0,-36.0,-39.0,7.630000000000001,-26.59,4.440000000000001,6.5,10.64,-19.6,-0.5,57.72,24.07,38.83,-40.19,-44.16
2025-07-28T15:46:18.239394,-2.0,-79.0,49.0,-45.0,58.0,29.0,4.0,43.0,-44.0,88.0,53.0,-18.0,7.630000000000001,-68.59,23.44,-72.5,60.64,5.399999999999999,20.5,37.72,-27.93,94.83,48.81,-23.16
2025-07-28T15:46:18.243653,-33.0,-100.0,47.0,-2.0,49.0,97.0,-67.0,7.0,-13.0,-36.0,36.0,-56.0,-23.369999999999997,-89.59,21.44,-29.5,51.64,73.4,-50.5,1.7199999999999998,3.0700000000000003,-29.17,31.81,-61.16
2025-07-28T15:46:18.251708,-36.0,4.0,73.0,64.0,75.0,13.0,14.0,10.0,-22.0,15.0,65.0,-37.0,-26.369999999999997,14.41,47.44,36.5,77.64,-10.600000000000001,30.5,4.72,-5.93,21.83,60.81,-42.16
2025-07-28T15:46:18.256037,-26.0,-12.0,56.0,27.0,77.0,-62.0,-30.0,-62.0,-107.0,-6.0,70.0,-9.0,-16.369999999999997,-1.5899999999999999,30.44,-0.5,79.64,-85.6,-13.5,-67.28,-90.93,0.8300000000000001,65.81,-14.16
2025-07-28T15:46:18.263993,23.0,-1.0,0.0,27.0,-58.0,-60.0,-42.0,-24.0,-66.0,19.0,14.0,-96.0,32.63,9.41,-25.56,-0.5,-55.36,-83.6,-25.5,-29.28,-49.93,25.83,9.809999999999999,-101.16
2025-07-28T15:46:18.268268,-28.0,-25.0,-40.0,55.0,-27.0,-7.0,12.0,9.0,-66.0,-74.0,37.0,-51.0,-18.369999999999997,-14.59,-65.56,27.5,-24.36,-30.6,28.5,3.7199999999999998,-49.93,-67.17,32.81,-56.16
2025-07-28T15:46:18.276462,-10.0,60.0,-29.0,-23.0,-57.0,47.0,-17.0,40.0,-30.0,-13.0,52.0,-67.0,-0.3699999999999992,70.41,-54.56,-50.5,-54.36,23.4,-0.5,34.72,-13.93,-6.17,47.81,-72.16
2025-07-28T15:46:18.280569,62.0,-24.0,-30.0,10.0,54.0,56.0,-50.0,-41.0,-103.0,0.0,28.0,-41.0,71.63,-13.59,-55.56,-17.5,56.64,32.4,-33.5,-46.28,-86.93,6.83,23.81,-46.16
2025-07-28T15:46:18.288515,-10.0,-31.0,-49.0,0.0,34.0,-88.0,-71.0,-24.0,-7.0,22.0,24.0,-54.0,-0.3699999999999992,-20.59,-74.56,-27.5,36.64,-111.6,-54.5,-29.28,9.07,28.83,19.81,-59.16
2025-07-28T15:46:18.292914,68.0,0.0,2.0,60.0,81.0,6.0,-14.0,-19.0,-54.0,-30.0,51.0,-10.0,77.63,10.41,-23.56,32.5,83.64,-17.6,2.5,-24.28,-37.93,-23.17,46.81,-15.16
2025-07-28T15:46:18.300748,33.0,-79.0,7.0,71.0,-83.0,-13.0,-24.0,2.0,-39.0,-63.0,50.0,2.0,42.63,-68.59,-18.56,43.5,-80.36,-36.6,-7.5,-3.2800000000000002,-22.93,-56.17,45.81,-3.16
2025-07-28T15:46:18.305289,57.0,-28.0,-12.0,76.0,-39.0,33.0,-41.0,50.0,26.0,-77.0,53.0,-67.0,66.63,-17.59,-37.56,48.5,-36.36,9.399999999999999,-24.5,44.72,42.07,-70.17,48.81,-72.16
2025-07-28T15:46:18.313068,7.0,-16.0,-16.0,23.0,-69.0,9.0,-35.0,-1.0,-70.0,-54.0,14.0,-58.0,16.630000000000003,-5.59,-41.56,-4.5,-66.36,-14.600000000000001,-18.5,-6.28,-53.93,-47.17,9.809999999999999,-63.16
2025-07-28T15:46:18.317406,40.0,-5.0,-46.0,28.0,-68.0,43.0,-36.0,24.0,-64.0,-36.0,56.0,-38.0,49.63,5.41,-71.56,0.5,-65.36,19.4,-19.5,18.72,-47.93,-29.17,51.81,-43.16
2025-07-28T15:46:18.325246,-31.0,4.0,23.0,-7.0,18.0,8.0,-24.0,21.0,-19.0,-91.0,58.0,-70.0,-21.369999999999997,14.41,-2.5599999999999987,-34.5,20.64,-15.600000000000001,-7.5,15.719999999999999,-2.9299999999999997,-84.17,53.81,-75.16
2025-07-28T15:46:18.329637,-77.0,-30.0,71.0,15.0,32.0,61.0,-60.0,58.0,-101.0,-27.0,71.0,-41.0,-67.37,-19.59,45.44,-12.5,34.64,37.4,-43.5,52.72,-84.93,-20.17,66.81,-46.16
2025-07-28T15:46:18.337590,-51.0,20.0,43.0,21.0,27.0,-21.0,27.0,-34.0,-15.0,-46.0,93.0,-32.0,-41.37,30.41,17.44,-6.5,29.64,-44.6,43.5,-39.28,1.0700000000000003,-39.17,88.81,-37.16
2025-07-28T15:46:18.341950,-76.0,37.0,-6.0,35.0,1.0,-30.0,-15.0,49.0,-27.0,-4.0,6.0,-84.0,-66.37,47.41,-31.56,7.5,3.64,-53.6,1.5,43.72,-10.93,2.83,1.8099999999999996,-89.16
2025-07-28T15:46:18.345933,-47.0,50.0,-21.0,22.0,24.0,2.0,-34.0,-27.0,-64.0,-63.0,8.0,19.0,-37.37,60.41,-46.56,-5.5,26.64,-21.6,-17.5,-32.28,-47.93,-56.17,3.8099999999999996,13.84
2025-07-28T15:46:18.354102,22.0,-21.0,5.0,44.0,73.0,-6.0,-12.0,-28.0,-30.0,-58.0,-37.0,37.0,31.630000000000003,-10.59,-20.56,16.5,75.64,-29.6,4.5,-33.28,-13.93,-51.17,-41.19,31.84
2025-07-28T15:46:18.358199,64.0,25.0,-24.0,71.0,-36.0,24.0,-1.0,1.0,-102.0,-13.0,21.0,45.0,73.63,35.41,-49.56,43.5,-33.36,0.3999999999999986,15.5,-4.28,-85.93,-6.17,16.81,39.84
2025-07-28T15:46:18.366566,-8.0,-51.0,-21.0,-39.0,-21.0,29.0,-38.0,1.0,-3.0,-20.0,11.0,5.0,1.6300000000000008,-40.59,-46.56,-66.5,-18.36,5.399999999999999,-21.5,-4.28,13.07,-13.17,6.81,-0.16000000000000014
2025-07-28T15:46:18.370507,80.0,-36.0,-31.0,38.0,-2.0,3.0,-46.0,-16.0,-79.0,-68.0,-17.0,27.0,89.63,-25.59,-56.56,10.5,0.6400000000000001,-20.6,-29.5,-21.28,-62.93,-61.17,-21.19,21.84
2025-07-28T15:46:18.378833,54.0,-19.0,-33.0,-6.0,-30.0,8.0,41.0,-96.0,21.0,-50.0,30.0,-14.0,63.63,-8.59,-58.56,-33.5,-27.36,-15.600000000000001,57.5,-101.28,37.07,-43.17,25.81,-19.16
2025-07-28T15:46:18.382807,43.0,-4.0,19.0,91.0,52.0,-49.0,4.0,-44.0,-3.0,-90.0,-37.0,0.0,52.63,6.41,-6.559999999999999,63.5,54.64,-72.6,20.5,-49.28,13.07,-83.17,-41.19,-5.16
2025-07-28T15:46:18.391012,-2.0,-52.0,2.0,56.0,-7.0,60.0,-13.0,-20.0,-33.0,-4.0,-37.0,41.0,7.630000000000001,-41.59,-23.56,28.5,-4.359999999999999,36.4,3.5,-25.28,-16.93,2.83,-41.19,35.84
2025-07-28T15:46:18.395262,40.0,-85.0,55.0,63.0,4.0,-22.0,-25.0,-45.0,-56.0,40.0,-17.0,8.0,49.63,-74.59,29.44,35.5,6.640000000000001,-45.6,-8.5,-50.28,-39.93,46.83,-21.19,2.84
2025-07-28T15:46:18.403200,-36.0,-49.0,23.0,23.0,0.0,81.0,1.0,10.0,-22.0,-21.0,46.0,-15.0,-26.369999999999997,-38.59,-2.5599999999999987,-4.5,2.64,57.4,17.5,4.72,-5.93,-14.17,41.81,-20.16
2025-07-28T15:46:18.407523,33.0,-53.0,68.0,119.0,-35.0,32.0,27.0,2.0,-61.0,43.0,-35.0,52.0,42.63,-42.59,42.44,91.5,-32.36,8.399999999999999,43.5,-3.2800000000000002,-44.93,49.83,-39.19,46.84
2025-07-28T15:46:18.415471,-46.0,9.0,64.0,65.0,-30.0,27.0,39.0,19.0,-60.0,-12.0,-59.0,1.0,-36.37,19.41,38.44,37.5,-27.36,3.3999999999999986,55.5,13.719999999999999,-43.93,-5.17,-63.19,-4.16
2025-07-28T15:46:18.419861,-81.0,63.0,21.0,12.0,42.0,-46.0,-11.0,16.0,-30.0,24.0,-62.0,-13.0,-71.37,73.41,-4.559999999999999,-15.5,44.64,-69.6,5.5,10.719999999999999,-13.93,30.83,-66.19,-18.16
2025-07-28T15:46:18.427820,-50.0,-14.0,-31.0,14.0,134.0,65.0,14.0,14.0,17.0,-70.0,26.0,37.0,-40.37,-3.59,-56.56,-13.5,136.64,41.4,30.5,8.719999999999999,33.07,-63.17,21.81,31.84
2025-07-28T15:46:18.432212,18.0,23.0,-6.0,-14.0,44.0,-11.0,-60.0,1.0,-84.0,57.0,-3.0,7.0,27.630000000000003,33.41,-31.56,-41.5,46.64,-34.6,-43.5,-4.28,-67.93,63.83,-7.19,1.8399999999999999
2025-07-28T15:46:18.440104,-36.0,-7.0,-13.0,-33.0,11.0,-24.0,-21.0,-1.0,4.0,14.0,-20.0,14.0,-26.369999999999997,3.41,-38.56,-60.5,13.64,-47.6,-4.5,-6.28,20.07,20.83,-24.19,8.84
2025-07-28T15:46:18.444425,47.0,-41.0,-60.0,41.0,53.0,-6.0,-115.0,46.0,4.0,0.0,35.0,53.0,56.63,-30.59,-85.56,13.5,55.64,-29.6,-98.5,40.72,20.07,6.83,30.81,47.84
2025-07-28T15:46:18.452480,25.0,8.0,1.0,62.0,-30.0,79.0,-33.0,-18.0,-26.0,38.0,-37.0,13.0,34.63,18.41,-24.56,34.5,-27.36,55.4,-16.5,-23.28,-9.93,44.83,-41.19,7.84
2025-07-28T15:46:18.456626,10.0,-23.0,26.0,58.0,16.0,43.0,17.0,-30.0,-33.0,46.0,-34.0,-20.0,19.630000000000003,-12.59,0.4400000000000013,30.5,18.64,19.4,33.5,-35.28,-16.93,52.83,-38.19,-25.16
2025-07-28T15:46:18.464683,-29.0,-10.0,82.0,35.0,53.0,88.0,-30.0,-25.0,15.0,-8.0,32.0,-13.0,-19.369999999999997,0.41000000000000014,56.44,7.5,55.64,64.4,-13.5,-30.28,31.07,-1.17,27.81,-18.16
2025-07-28T15:46:18.469044,-4.0,-27.0,-6.0,-6.0,66.0,46.0,-18.0,27.0,-14.0,16.0,24.0,24.0,5.630000000000001,-16.59,-31.56,-33.5,68.64,22.4,-1.5,21.72,2.0700000000000003,22.83,19.81,18.84
2025-07-28T15:46:18.477057,-8.0,-1.0,-41.0,73.0,-9.0,-48.0,-43.0,38.0,-75.0,29.0,-44.0,-20.0,1.6300000000000008,9.41,-66.56,45.5,-6.359999999999999,-71.6,-26.5,32.72,-58.93,35.83,-48.19,-25.16
2025-07-28T15:46:18.481173,38.0,4.0,-7.0,34.0,20.0,-21.0,-9.0,26.0,-70.0,9.0,2.0,41.0,47.63,14.41,-32.56,6.5,22.64,-44.6,7.5,20.72,-53.93,15.83,-2.1900000000000004,35.84
2025-07-28T15:46:18.489134,-18.0,69.0,-29.0,-3.0,18.0,-19.0,31.0,-64.0,2.0,56.0,-49.0,-55.0,-8.37,79.41,-54.56,-30.5,20.64,-42.6,47.5,-69.28,18.07,62.83,-53.19,-60.16
2025-07-28T15:46:18.493374,-20.0,13.0,-32.0,91.0,2.0,20.0,-55.0,-41.0,-28.0,-31.0,-27.0,-18.0,-10.37,23.41,-57.56,63.5,4.640000000000001,-3.6000000000000014,-38.5,-46.28,-11.93,-24.17,-31.19,-23.16
2025-07-28T15:46:18.501473,2.0,-83.0,-48.0,102.0,5.0,-20.0,-2.0,-10.0,-38.0,57.0,-55.0,25.0,11.63,-72.59,-73.56,74.5,7.640000000000001,-43.6,14.5,-15.280000000000001,-21.93,63.83,-59.19,19.84
2025-07-28T15:46:18.505808,6.0,-59.0,84.0,69.0,-24.0,33.0,-52.0,-11.0,-40.0,23.0,-55.0,-49.0,15.63,-48.59,58.44,41.5,-21.36,9.399999999999999,-35.5,-16.28,-23.93,29.83,-59.19,-54.16
2025-07-28T15:46:18.509727,3.0,-63.0,29.0,48.0,26.0,87.0,-51.0,12.0,35.0,14.0,58.0,-32.0,12.63,-52.59,3.4400000000000013,20.5,28.64,63.4,-34.5,6.72,51.07,20.83,53.81,-37.16
2025-07-28T15:46:18.517970,-30.0,-90.0,54.0,-55.0,7.0,50.0,-5.0,26.0,8.0,36.0,-28.0,-56.0,-20.369999999999997,-79.59,28.44,-82.5,9.64,26.4,11.5,20.72,24.07,42.83,-32.19,-61.16
2025-07-28T15:46:18.522402,-46.0,16.0,0.0,1.0,37.0,-30.0,-45.0,-53.0,10.0,-11.0,28.0,3.0,-36.37,26.41,-25.56,-26.5,39.64,-53.6,-28.5,-58.28,26.07,-4.17,23.81,-2.16
2025-07-28T15:46:18.530221,-27.0,-18.0,59.0,72.0,-3.0,-6.0,-76.0,-2.0,-53.0,46.0,-4.0,27.0,-17.369999999999997,-7.59,33.44,44.5,-0.3599999999999999,-29.6,-59.5,-7.28,-36.93,52.83,-8.190000000000001,21.84
2025-07-28T15:46:18.534377,15.0,10.0,25.0,39.0,90.0,-27.0,-20.0,-26.0,-56.0,25.0,21.0,-15.0,24.630000000000003,20.41,-0.5599999999999987,11.5,92.64,-50.6,-3.5,-31.28,-39.93,31.83,16.81,-20.16
2025-07-28T15:46:18.542483,6.0,-36.0,48.0,63.0,5.0,6.0,-19.0,-13.0,-73.0,-1.0,-15.0,-14.0,15.63,-25.59,22.44,35.5,7.640000000000001,-17.6,-2.5,-18.28,-56.93,5.83,-19.19,-19.16
2025-07-28T15:46:18.546972,45.0,-45.0,76.0,78.0,-100.0,-61.0,68.0,26.0,27.0,-59.0,22.0,-92.0,54.63,-34.59,50.44,50.5,-97.36,-84.6,84.5,20.72,43.07,-52.17,17.81,-97.16
2025-07-28T15:46:18.554834,-44.0,46.0,-45.0,72.0,-23.0,45.0,21.0,-30.0,-59.0,-25.0,104.0,-52.0,-34.37,56.41,-70.56,44.5,-20.36,21.4,37.5,-35.28,-42.93,-18.17,99.81,-57.16
2025-07-28T15:46:18.559427,44.0,33.0,-51.0,-16.0,-6.0,-14.0,19.0,45.0,-27.0,-41.0,44.0,-55.0,53.63,43.41,-76.56,-43.5,-3.36,-37.6,35.5,39.72,-10.93,-34.17,39.81,-60.16
2025-07-28T15:46:18.567255,89.0,-68.0,-11.0,-50.0,85.0,65.0,-94.0,-79.0,30.0,-68.0,45.0,-23.0,98.63,-57.59,-36.56,-77.5,87.64,41.4,-77.5,-84.28,46.07,-61.17,40.81,-28.16
2025-07-28T15:46:18.571610,-68.0,-25.0,1.0,22.0,-25.0,-53.0,1.0,12.0,-34.0,-37.0,23.0,-2.0,-58.37,-14.59,-24.56,-5.5,-22.36,-76.6,17.5,6.72,-17.93,-30.17,18.81,-7.16
2025-07-28T15:46:18.579498,-22.0,14.0,30.0,86.0,40.0,4.0,17.0,-18.0,-44.0,-86.0,36.0,-88.0,-12.37,24.41,4.440000000000001,58.5,42.64,-19.6,33.5,-23.28,-27.93,-79.17,31.81,-93.16
2025-07-28T15:46:18.583693,59.0,-26.0,66.0,47.0,33.0,-37.0,-9.0,15.0,-31.0,38.0,1.0,13.0,68.63,-15.59,40.44,19.5,35.64,-60.6,7.5,9.719999999999999,-14.93,44.83,-3.1900000000000004,7.84
2025-07-28T15:46:18.591749,34.0,-10.0,23.0,-18.0,-26.0,-38.0,-62.0,-30.0,-66.0,-68.0,32.0,-45.0,43.63,0.41000000000000014,-2.5599999999999987,-45.5,-23.36,-61.6,-45.5,-35.28,-49.93,-61.17,27.81,-50.16
2025-07-28T15:46:18.596047,-8.0,-87.0,42.0,76.0,-23.0,54.0,28.0,-94.0,-20.0,-30.0,43.0,-32.0,1.6300000000000008,-76.59,16.44,48.5,-20.36,30.4,44.5,-99.28,-3.9299999999999997,-23.17,38.81,-37.16
2025-07-28T15:46:18.603887,-34.0,12.0,30.0,59.0,-6.0,14.0,9.0,43.0,39.0,-72.0,11.0,-36.0,-24.369999999999997,22.41,4.440000000000001,31.5,-3.36,-9.600000000000001,25.5,37.72,55.07,-65.17,6.81,-41.16
2025-07-28T15:46:18.608215,-24.0,15.0,-32.0,10.0,11.0,78.0,-24.0,70.0,44.0,-62.0,71.0,-6.0,-14.37,25.41,-57.56,-17.5,13.64,54.4,-7.5,64.72,60.07,-55.17,66.81,-11.16
2025-07-28T15:46:18.616305,2.0,8.0,13.0,22.0,12.0,-47.0,-19.0,9.0,16.0,-47.0,71.0,-64.0,11.63,18.41,-12.559999999999999,-5.5,14.64,-70.6,-2.5,3.7199999999999998,32.07,-40.17,66.81,-69.16
2025-07-28T15:46:18.620452,-18.0,32.0,-3.0,43.0,57.0,22.0,70.0,-4.0,30.0,-75.0,31.0,-87.0,-8.37,42.41,-28.56,15.5,59.64,-1.6000000000000014,86.5,-9.280000000000001,46.07,-68.17,26.81,-92.16
2025-07-28T15:46:18.628472,9.0,2.0,-15.0,-34.0,-21.0,46.0,0.0,32.0,-51.0,-37.0,25.0,-8.0,18.630000000000003,12.41,-40.56,-61.5,-18.36,22.4,16.5,26.72,-34.93,-30.17,20.81,-13.16
2025-07-28T15:46:18.632801,-67.0,-21.0,-6.0,37.0,34.0,-7.0,-12.0,13.0,33.0,-68.0,4.0,26.0,-57.37,-10.59,-31.56,9.5,36.64,-30.6,4.5,7.72,49.07,-61.17,-0.1900000000000004,20.84
2025-07-28T15:46:18.640841,-18.0,14.0,30.0,8.0,66.0,26.0,-21.0,-9.0,7.0,-82.0,77.0,-48.0,-8.37,24.41,4.440000000000001,-19.5,68.64,2.3999999999999986,-4.5,-14.280000000000001,23.07,-75.17,72.81,-53.16
2025-07-28T15:46:18.645061,31.0,36.0,-23.0,105.0,-8.0,20.0,15.0,1.0,-26.0,-32.0,26.0,16.0,40.63,46.41,-48.56,77.5,-5.359999999999999,-3.6000000000000014,31.5,-4.28,-9.93,-25.17,21.81,10.84
2025-07-28T15:46:18.653132,88.0,-43.0,-6.0,14.0,-47.0,7.0,-54.0,10.0,-45.0,-54.0,34.0,-11.0,97.63,-32.59,-31.56,-13.5,-44.36,-16.6,-37.5,4.72,-28.93,-47.17,29.81,-16.16
2025-07-28T15:46:18.657431,104.0,-33.0,13.0,-1.0,0.0,22.0,-30.0,-44.0,-31.0,-88.0,-15.0,-38.0,113.63,-22.59,-12.559999999999999,-28.5,2.64,-1.6000000000000014,-13.5,-49.28,-14.93,-81.17,-19.19,-43.16
2025-07-28T15:46:18.665279,-21.0,6.0,53.0,43.0,-31.0,67.0,-27.0,84.0,-35.0,2.0,8.0,-21.0,-11.37,16.41,27.44,15.5,-28.36,43.4,-10.5,78.72,-18.93,8.83,3.8099999999999996,-26.16
2025-07-28T15:46:18.669581,38.0,-8.0,49.0,-18.0,109.0,0.0,28.0,32.0,31.0,-31.0,24.0,-29.0,47.63,2.41,23.44,-45.5,111.64,-23.6,44.5,26.72,47.07,-24.17,19.81,-34.16
2025-07-28T15:46:18.677554,-56.0,-40.0,25.0,-31.0,30.0,7.0,-12.0,9.0,1.0,-18.0,-4.0,27.0,-46.37,-29.59,-0.5599999999999987,-58.5,32.64,-16.6,4.5,3.7199999999999998,17.07,-11.17,-8.190000000000001,21.84
2025-07-28T15:46:18.681936,-20.0,-3.0,58.0,21.0,19.0,17.0,-52.0,24.0,-27.0,-92.0,83.0,-57.0,-10.37,7.41,32.44,-6.5,21.64,-6.600000000000001,-35.5,18.72,-10.93,-85.17,78.81,-62.16
2025-07-28T15:46:18.690071,-83.0,36.0,18.0,22.0,-19.0,-61.0,-13.0,-33.0,-64.0,-73.0,-13.0,-53.0,-73.37,46.41,-7.559999999999999,-5.5,-16.36,-84.6,3.5,-38.28,-47.93,-66.17,-17.19,-58.16
2025-07-28T15:46:18.694147,109.0,-39.0,3.0,19.0,-28.0,78.0,-95.0,2.0,-9.0,-39.0,68.0,-16.0,118.63,-28.59,-22.56,-8.5,-25.36,54.4,-78.5,-3.2800000000000002,7.07,-32.17,63.81,-21.16
2025-07-28T15:46:18.698479,51.0,44.0,2.0,4.0,28.0,57.0,-42.0,-114.0,-63.0,-54.0,5.0,-67.0,60.63,54.41,-23.56,-23.5,30.64,33.4,-25.5,-119.28,-46.93,-47.17,0.8099999999999996,-72.16
2025-07-28T15:46:18.706459,-9.0,20.0,-44.0,3.0,-14.0,87.0,-45.0,71.0,36.0,1.0,49.0,9.0,0.6300000000000008,30.41,-69.56,-24.5,-11.36,63.4,-28.5,65.72,52.07,7.83,44.81,3.84
2025-07-28T15:46:18.710798,59.0,8.0,-1.0,-3.0,-34.0,65.0,-18.0,-21.0,-2.0,-20.0,20.0,69.0,68.63,18.41,-26.56,-30.5,-31.36,41.4,-1.5,-26.28,14.07,-13.17,15.809999999999999,63.84
2025-07-28T15:46:18.718682,48.0,11.0,17.0,23.0,-40.0,24.0,-55.0,-1.0,-39.0,-49.0,-55.0,118.0,57.63,21.41,-8.559999999999999,-4.5,-37.36,0.3999999999999986,-38.5,-6.28,-22.93,-42.17,-59.19,112.84
2025-07-28T15:46:18.723108,79.0,-103.0,2.0,8.0,-27.0,77.0,-41.0,24.0,-26.0,-22.0,-9.0,31.0,88.63,-92.59,-23.56,-19.5,-24.36,53.4,-24.5,18.72,-9.93,-15.17,-13.190000000000001,25.84
2025-07-28T15:46:18.731034,66.0,-45.0,-11.0,98.0,33.0,-40.0,15.0,5.0,6.0,-21.0,25.0,69.0,75.63,-34.59,-36.56,70.5,35.64,-63.6,31.5,-0.28000000000000025,22.07,-14.17,20.81,63.84
2025-07-28T15:46:18.735452,40.0,-26.0,22.0,30.0,-9.0,36.0,-70.0,45.0,-12.0,7.0,18.0,61.0,49.63,-15.59,-3.5599999999999987,2.5,-6.359999999999999,12.399999999999999,-53.5,39.72,4.07,13.83,13.809999999999999,55.84
2025-07-28T15:46:18.743311,-1.0,-60.0,14.0,-9.0,-22.0,64.0,-4.0,-67.0,7.0,-29.0,17.0,97.0,8.63,-49.59,-11.559999999999999,-36.5,-19.36,40.4,12.5,-72.28,23.07,-22.17,12.809999999999999,91.84
2025-07-28T15:46:18.747725,13.0,-59.0,20.0,-41.0,10.0,57.0,55.0,-36.0,4.0,5.0,-42.0,21.0,22.630000000000003,-48.59,-5.559999999999999,-68.5,12.64,33.4,71.5,-41.28,20.07,11.83,-46.19,15.84
2025-07-28T15:46:18.755500,28.0,1.0,53.0,30.0,-2.0,65.0,-13.0,-11.0,-98.0,18.0,-75.0,26.0,37.63,11.41,27.44,2.5,0.6400000000000001,41.4,3.5,-16.28,-81.93,24.83,-79.19,20.84
2025-07-28T15:46:18.759776,-31.0,-37.0,30.0,61.0,-10.0,-23.0,-8.0,47.0,56.0,9.0,-27.0,1.0,-21.369999999999997,-26.59,4.440000000000001,33.5,-7.359999999999999,-46.6,8.5,41.72,72.07,15.83,-31.19,-4.16
2025-07-28T15:46:18.767890,-47.0,-23.0,56.0,-1.0,-42.0,13.0,-60.0,-21.0,-42.0,80.0,-23.0,36.0,-37.37,-12.59,30.44,-28.5,-39.36,-10.600000000000001,-43.5,-26.28,-25.93,86.83,-27.19,30.84
2025-07-28T15:46:18.772237,-45.0,-8.0,91.0,6.0,21.0,29.0,-15.0,3.0,0.0,67.0,26.0,45.0,-35.37,2.41,65.44,-21.5,23.64,5.399999999999999,1.5,-2.2800000000000002,16.07,73.83,21.81,39.84
2025-07-28T15:46:18.779966,-54.0,-3.0,34.0,38.0,-27.0,10.0,12.0,3.0,-4.0,17.0,-8.0,-25.0,-44.37,7.41,8.440000000000001,10.5,-24.36,-13.600000000000001,28.5,-2.2800000000000002,12.07,23.83,-12.190000000000001,-30.16
2025-07-28T15:46:18.784335,-24.0,-69.0,49.0,87.0,-39.0,57.0,-87.0,59.0,-52.0,45.0,-1.0,-1.0,-14.37,-58.59,23.44,59.5,-36.36,33.4,-70.5,53.72,-35.93,51.83,-5.19,-6.16
2025-07-28T15:46:18.788386,-92.0,2.0,18.0,-5.0,-11.0,13.0,-48.0,61.0,18.0,25.0,61.0,6.0,-82.37,12.41,-7.559999999999999,-32.5,-8.36,-10.600000000000001,-31.5,55.72,34.07,31.83,56.81,0.8399999999999999
2025-07-28T15:46:18.796582,-18.0,50.0,-11.0,-11.0,22.0,51.0,-81.0,-2.0,-77.0,88.0,50.0,-59.0,-8.37,60.41,-36.56,-38.5,24.64,27.4,-64.5,-7.28,-60.93,94.83,45.81,-64.16
2025-07-28T15:46:18.804618,29.0,-31.0,-1.0,70.0,28.0,-6.0,-26.0,38.0,-27.0,15.0,-1.0,-32.0,38.63,-20.59,-26.56,42.5,30.64,-29.6,-9.5,32.72,-10.93,21.83,-5.19,-37.16
2025-07-28T15:46:18.808865,11.0,-2.0,27.0,-17.0,-42.0,-5.0,-41.0,16.0,14.0,32.0,17.0,9.0,20.630000000000003,8.41,1.4400000000000013,-44.5,-39.36,-28.6,-24.5,10.719999999999999,30.07,38.83,12.809999999999999,3.84
2025-07-28T15:46:18.812887,26.0,-63.0,-16.0,8.0,-20.0,77.0,20.0,46.0,-48.0,31.0,32.0,-22.0,35.63,-52.59,-41.56,-19.5,-17.36,53.4,36.5,40.72,-31.93,37.83,27.81,-27.16
2025-07-28T15:46:18.821281,-7.0,-73.0,-28.0,-26.0,24.0,56.0,-12.0,14.0,-43.0,16.0,78.0,-20.0,2.630000000000001,-62.59,-53.56,-53.5,26.64,32.4,4.5,8.719999999999999,-26.93,22.83,73.81,-25.16
2025-07-28T15:46:18.825255,14.0,-71.0,98.0,12.0,-22.0,-48.0,42.0,0.0,17.0,-75.0,-15.0,-80.0,23.630000000000003,-60.59,72.44,-15.5,-19.36,-71.6,58.5,-5.28,33.07,-68.17,-19.19,-85.16
2025-07-28T15:46:18.833360,-52.0,-82.0,48.0,59.0,3.0,-25.0,-13.0,19.0,-46.0,-12.0,47.0,-2.0,-42.37,-71.59,22.44,31.5,5.640000000000001,-48.6,3.5,13.719999999999999,-29.93,-5.17,42.81,-7.16
2025-07-28T15:46:18.837449,-39.0,42.0,53.0,33.0,33.0,13.0,-7.0,-7.0,-70.0,46.0,21.0,-4.0,-29.369999999999997,52.41,27.44,5.5,35.64,-10.600000000000001,9.5,-12.280000000000001,-53.93,52.83,16.81,-9.16
2025-07-28T15:46:18.845761,18.0,68.0,90.0,-2.0,-61.0,-19.0,18.0,89.0,9.0,-86.0,62.0,-2.0,27.630000000000003,78.41,64.44,-29.5,-58.36,-42.6,34.5,83.72,25.07,-79.17,57.81,-7.16
2025-07-28T15:46:18.849925,-46.0,61.0,87.0,37.0,19.0,7.0,17.0,13.0,-72.0,-4.0,62.0,-83.0,-36.37,71.41,61.44,9.5,21.64,-16.6,33.5,7.72,-55.93,2.83,57.81,-88.16
2025-07-28T15:46:18.858165,-17.0,9.0,61.0,32.0,-4.0,-18.0,-36.0,-7.0,-105.0,-24.0,11.0,-25.0,-7.369999999999999,19.41,35.44,4.5,-1.3599999999999999,-41.6,-19.5,-12.280000000000001,-88.93,-17.17,6.81,-30.16
2025-07-28T15:46:18.862108,-29.0,70.0,36.0,62.0,-26.0,62.0,2.0,50.0,52.0,-77.0,31.0,-60.0,-19.369999999999997,80.41,10.440000000000001,34.5,-23.36,38.4,18.5,44.72,68.07,-70.17,26.81,-65.16
2025-07-28T15:46:18.870208,-54.0,48.0,62.0,23.0,-28.0,-8.0,12.0,-15.0,-15.0,-40.0,100.0,-20.0,-44.37,58.41,36.44,-4.5,-25.36,-31.6,28.5,-20.28,1.0700000000000003,-33.17,95.81,-25.16
2025-07-28T15:46:18.874664,24.0,-8.0,-20.0,-11.0,56.0,51.0,8.0,29.0,-6.0,-25.0,55.0,28.0,33.63,2.41,-45.56,-38.5,58.64,27.4,24.5,23.72,10.07,-18.17,50.81,22.84
2025-07-28T15:46:18.882508,0.0,-3.0,-87.0,-27.0,34.0,26.0,-34.0,-10.0,15.0,14.0,24.0,24.0,9.63,7.41,-112.56,-54.5,36.64,2.3999999999999986,-17.5,-15.280000000000001,31.07,20.83,19.81,18.84
2025-07-28T15:46:18.886823,-72.0,-40.0,-37.0,-72.0,-3.0,45.0,8.0,53.0,-11.0,-36.0,27.0,-13.0,-62.37,-29.59,-62.56,-99.5,-0.3599999999999999,21.4,24.5,47.72,5.07,-29.17,22.81,-18.16
2025-07-28T15:46:18.894805,4.0,-10.0,7.0,53.0,14.0,19.0,23.0,31.0,-20.0,-81.0,98.0,-20.0,13.63,0.41000000000000014,-18.56,25.5,16.64,-4.600000000000001,39.5,25.72,-3.9299999999999997,-74.17,93.81,-25.16
2025-07-28T15:46:18.899143,-25.0,-41.0,-43.0,-1.0,18.0,15.0,-50.0,-31.0,-32.0,-57.0,27.0,-26.0,-15.37,-30.59,-68.56,-28.5,20.64,-8.600000000000001,-33.5,-36.28,-15.93,-50.17,22.81,-31.16
2025-07-28T15:46:18.907089,51.0,-67.0,102.0,57.0,-10.0,72.0,-1.0,25.0,-40.0,-131.0,21.0,-22.0,60.63,-56.59,76.44,29.5,-7.359999999999999,48.4,15.5,19.72,-23.93,-124.17,16.81,-27.16
2025-07-28T15:46:18.911433,2.0,-75.0,70.0,-3.0,-59.0,-18.0,-36.0,-42.0,-44.0,-60.0,25.0,-53.0,11.63,-64.59,44.44,-30.5,-56.36,-41.6,-19.5,-47.28,-27.93,-53.17,20.81,-58.16
2025-07-28T15:46:18.919344,-101.0,-20.0,71.0,-11.0,34.0,-20.0,-40.0,-43.0,7.0,-90.0,10.0,-49.0,-91.37,-9.59,45.44,-38.5,36.64,-43.6,-23.5,-48.28,23.07,-83.17,5.81,-54.16
2025-07-28T15:46:18.923687,-21.0,44.0,72.0,16.0,42.0,56.0,-12.0,25.0,51.0,-109.0,48.0,-7.0,-11.37,54.41,46.44,-11.5,44.64,32.4,4.5,19.72,67.07,-102.17,43.81,-12.16
2025-07-28T15:46:18.931700,-91.0,57.0,48.0,73.0,30.0,14.0,-39.0,-15.0,-12.0,-60.0,113.0,-38.0,-81.37,67.41,22.44,45.5,32.64,-9.600000000000001,-22.5,-20.28,4.07,-53.17,108.81,-43.16
2025-07-28T15:46:18.935994,12.0,53.0,-14.0,21.0,-35.0,-7.0,-10.0,13.0,13.0,-40.0,9.0,-34.0,21.630000000000003,63.41,-39.56,-6.5,-32.36,-30.6,6.5,7.72,29.07,-33.17,4.81,-39.16
2025-07-28T15:46:18.943921,46.0,-28.0,18.0,19.0,2.0,79.0,-76.0,29.0,9.0,9.0,19.0,-45.0,55.63,-17.59,-7.559999999999999,-8.5,4.640000000000001,55.4,-59.5,23.72,25.07,15.83,14.809999999999999,-50.16
2025-07-28T15:46:18.948222,24.0,-81.0,-40.0,52.0,46.0,40.0,-48.0,34.0,7.0,0.0,-4.0,-64.0,33.63,-70.59,-65.56,24.5,48.64,16.4,-31.5,28.72,23.07,6.83,-8.190000000000001,-69.16
2025-07-28T15:46:18.956123,43.0,-57.0,-30.0,59.0,-9.0,57.0,-27.0,30.0,-23.0,-52.0,31.0,17.0,52.63,-46.59,-55.56,31.5,-6.359999999999999,33.4,-10.5,24.72,-6.93,-45.17,26.81,11.84
2025-07-28T15:46:18.960607,43.0,-82.0,68.0,-12.0,22.0,50.0,-40.0,77.0,4.0,-4.0,17.0,-8.0,52.63,-71.59,42.44,-39.5,24.64,26.4,-23.5,71.72,20.07,2.83,12.809999999999999,-13.16
2025-07-28T15:46:18.968366,105.0,11.0,111.0,-40.0,-33.0,39.0,-41.0,27.0,-9.0,10.0,-23.0,-86.0,114.63,21.41,85.44,-67.5,-30.36,15.399999999999999,-24.5,21.72,7.07,16.83,-27.19,-91.16
2025-07-28T15:46:18.972592,-6.0,-119.0,83.0,2.0,-2.0,36.0,-26.0,-2.0,-18.0,-26.0,-38.0,13.0,3.630000000000001,-108.59,57.44,-25.5,0.6400000000000001,12.399999999999999,-9.5,-7.28,-1.9299999999999997,-19.17,-42.19,7.84
2025-07-28T15:46:18.980667,-28.0,24.0,88.0,-21.0,28.0,30.0,-36.0,-39.0,-42.0,-35.0,12.0,-5.0,-18.369999999999997,34.41,62.44,-48.5,30.64,6.399999999999999,-19.5,-44.28,-25.93,-28.17,7.81,-10.16
2025-07-28T15:46:18.984898,-100.0,15.0,37.0,16.0,34.0,63.0,-35.0,-24.0,-17.0,5.0,82.0,-5.0,-90.37,25.41,11.440000000000001,-11.5,36.64,39.4,-18.5,-29.28,-0.9299999999999997,11.83,77.81,-10.16
2025-07-28T15:46:18.988939,-16.0,57.0,-23.0,20.0,38.0,21.0,-54.0,-31.0,-21.0,2.0,-4.0,-88.0,-6.369999999999999,67.41,-48.56,-7.5,40.64,-2.6000000000000014,-37.5,-36.28,-4.93,8.83,-8.190000000000001,-93.16
2025-07-28T15:46:18.997270,-95.0,35.0,71.0,11.0,-24.0,-28.0,-39.0,-7.0,-51.0,-22.0,40.0,-19.0,-85.37,45.41,45.44,-16.5,-21.36,-51.6,-22.5,-12.280000000000001,-34.93,-15.17,35.81,-24.16
2025-07-28T15:46:19.001299,85.0,22.0,-10.0,17.0,-79.0,59.0,0.0,26.0,-26.0,-62.0,84.0,-7.0,94.63,32.41,-35.56,-10.5,-76.36,35.4,16.5,20.72,-9.93,-55.17,79.81,-12.16
2025-07-28T15:46:19.009393,3.0,-88.0,-18.0,-27.0,29.0,37.0,-16.0,-3.0,7.0,-81.0,-7.0,-7.0,12.63,-77.59,-43.56,-54.5,31.64,13.399999999999999,0.5,-8.280000000000001,23.07,-74.17,-11.190000000000001,-12.16
2025-07-28T15:46:19.013553,6.0,-88.0,-19.0,-34.0,-24.0,72.0,-14.0,-18.0,-75.0,3.0,36.0,-29.0,15.63,-77.59,-44.56,-61.5,-21.36,48.4,2.5,-23.28,-58.93,9.83,31.81,-34.16
2025-07-28T15:46:19.021793,47.0,-47.0,-16.0,1.0,-6.0,7.0,-54.0,-20.0,-29.0,-22.0,17.0,-40.0,56.63,-36.59,-41.56,-26.5,-3.36,-16.6,-37.5,-25.28,-12.93,-15.17,12.809999999999999,-45.16
2025-07-28T15:46:19.025878,-5.0,-83.0,27.0,32.0,20.0,67.0,-45.0,18.0,-10.0,-7.0,15.0,-15.0,4.630000000000001,-72.59,1.4400000000000013,4.5,22.64,43.4,-28.5,12.719999999999999,6.07,-0.16999999999999993,10.809999999999999,-20.16
2025-07-28T15:46:19.034039,2.0,-72.0,42.0,68.0,10.0,-12.0,-45.0,60.0,-16.0,9.0,34.0,44.0,11.63,-61.59,16.44,40.5,12.64,-35.6,-28.5,54.72,0.07000000000000028,15.83,29.81,38.84
2025-07-28T15:46:19.038336,-32.0,-21.0,47.0,45.0,-29.0,-26.0,-30.0,49.0,-52.0,12.0,31.0,-9.0,-22.369999999999997,-10.59,21.44,17.5,-26.36,-49.6,-13.5,43.72,-35.93,18.83,26.81,-14.16
2025-07-28T15:46:19.046387,-65.0,-11.0,99.0,106.0,-67.0,47.0,-88.0,22.0,-51.0,-71.0,23.0,-22.0,-55.37,-0.5899999999999999,73.44,78.5,-64.36,23.4,-71.5,16.72,-34.93,-64.17,18.81,-27.16
2025-07-28T15:46:19.050473,-52.0,2.0,67.0,-49.0,-59.0,24.0,-63.0,34.0,-64.0,-31.0,-19.0,-49.0,-42.37,12.41,41.44,-76.5,-56.36,0.3999999999999986,-46.5,28.72,-47.93,-24.17,-23.19,-54.16
2025-07-28T15:46:19.058529,-37.0,2.0,-51.0,23.0,59.0,59.0,12.0,-26.0,-52.0,-5.0,95.0,-7.0,-27.369999999999997,12.41,-76.56,-4.5,61.64,35.4,28.5,-31.28,-35.93,1.83,90.81,-12.16
2025-07-28T15:46:19.063007,36.0,59.0,-32.0,14.0,41.0,-32.0,-27.0,66.0,-41.0,2.0,84.0,35.0,45.63,69.41,-57.56,-13.5,43.64,-55.6,-10.5,60.72,-24.93,8.83,79.81,29.84
2025-07-28T15:46:19.070971,27.0,-77.0,47.0,-11.0,48.0,35.0,-13.0,1.0,-85.0,-3.0,-6.0,15.0,36.63,-66.59,21.44,-38.5,50.64,11.399999999999999,3.5,-4.28,-68.93,3.83,-10.190000000000001,9.84
2025-07-28T15:46:19.075346,47.0,-55.0,6.0,10.0,48.0,-9.0,47.0,-23.0,-63.0,-75.0,48.0,-41.0,56.63,-44.59,-19.56,-17.5,50.64,-32.6,63.5,-28.28,-46.93,-68.17,43.81,-46.16
2025-07-28T15:46:19.083245,24.0,-24.0,9.0,78.0,-36.0,-44.0,5.0,-9.0,-90.0,-6.0,15.0,-40.0,33.63,-13.59,-16.56,50.5,-33.36,-67.6,21.5,-14.280000000000001,-73.93,0.8300000000000001,10.809999999999999,-45.16
2025-07-28T15:46:19.087574,46.0,-56.0,-9.0,76.0,-73.0,0.0,2.0,4.0,-94.0,-47.0,-10.0,-48.0,55.63,-45.59,-34.56,48.5,-70.36,-23.6,18.5,-1.2800000000000002,-77.93,-40.17,-14.190000000000001,-53.16
2025-07-28T15:46:19.095294,-1.0,-50.0,41.0,40.0,-30.0,9.0,-4.0,30.0,39.0,7.0,55.0,-27.0,8.63,-39.59,15.440000000000001,12.5,-27.36,-14.600000000000001,12.5,24.72,55.07,13.83,50.81,-32.16
2025-07-28T15:46:19.099709,58.0,10.0,23.0,-40.0,55.0,61.0,33.0,3.0,-41.0,-23.0,66.0,7.0,67.63,20.41,-2.5599999999999987,-67.5,57.64,37.4,49.5,-2.2800000000000002,-24.93,-16.17,61.81,1.8399999999999999
2025-07-28T15:46:19.107688,37.0,-32.0,70.0,15.0,-14.0,5.0,21.0,51.0,-55.0,-32.0,31.0,-20.0,46.63,-21.59,44.44,-12.5,-11.36,-18.6,37.5,45.72,-38.93,-25.17,26.81,-25.16
2025-07-28T15:46:19.111944,-32.0,-92.0,1.0,76.0,-25.0,86.0,-14.0,3.0,-7.0,-30.0,61.0,-48.0,-22.369999999999997,-81.59,-24.56,48.5,-22.36,62.4,2.5,-2.2800000000000002,9.07,-23.17,56.81,-53.16
2025-07-28T15:46:19.119937,22.0,-25.0,-24.0,39.0,-15.0,13.0,44.0,10.0,-14.0,-57.0,66.0,-4.0,31.630000000000003,-14.59,-49.56,11.5,-12.36,-10.600000000000001,60.5,4.72,2.0700000000000003,-50.17,61.81,-9.16
2025-07-28T15:46:19.124172,43.0,12.0,28.0,61.0,27.0,83.0,-11.0,11.0,5.0,-104.0,23.0,28.0,52.63,22.41,2.4400000000000013,33.5,29.64,59.4,5.5,5.72,21.07,-97.17,18.81,22.84
2025-07-28T15:46:19.128322,-43.0,-47.0,83.0,6.0,-12.0,80.0,-35.0,65.0,1.0,-74.0,52.0,-47.0,-33.37,-36.59,57.44,-21.5,-9.36,56.4,-18.5,59.72,17.07,-67.17,47.81,-52.16
2025-07-28T15:46:19.136433,4.0,-15.0,69.0,22.0,42.0,62.0,44.0,16.0,-82.0,-9.0,-8.0,47.0,13.63,-4.59,43.44,-5.5,44.64,38.4,60.5,10.719999999999999,-65.93,-2.17,-12.190000000000001,41.84
2025-07-28T15:46:19.140555,-22.0,23.0,62.0,42.0,-42.0,49.0,-19.0,-52.0,-39.0,25.0,30.0,-37.0,-12.37,33.41,36.44,14.5,-39.36,25.4,-2.5,-57.28,-22.93,31.83,25.81,-42.16
2025-07-28T15:46:19.148728,-105.0,-48.0,60.0,54.0,28.0,-13.0,14.0,30.0,-9.0,-91.0,-28.0,-13.0,-95.37,-37.59,34.44,26.5,30.64,-36.6,30.5,24.72,7.07,-84.17,-32.19,-18.16
2025-07-28T15:46:19.152778,-83.0,27.0,-20.0,1.0,-23.0,53.0,2.0,12.0,-17.0,-56.0,22.0,2.0,-73.37,37.41,-45.56,-26.5,-20.36,29.4,18.5,6.72,-0.9299999999999997,-49.17,17.81,-3.16
2025-07-28T15:46:19.161141,-34.0,-26.0,53.0,50.0,23.0,-3.0,-11.0,-41.0,-57.0,-40.0,9.0,-6.0,-24.369999999999997,-15.59,27.44,22.5,25.64,-26.6,5.5,-46.28,-40.93,-33.17,4.81,-11.16
2025-07-28T15:46:19.165089,-41.0,-42.0,-77.0,68.0,-21.0,47.0,9.0,4.0,-1.0,-47.0,13.0,-90.0,-31.369999999999997,-31.59,-102.56,40.5,-18.36,23.4,25.5,-1.2800000000000002,15.07,-40.17,8.809999999999999,-95.16
2025-07-28T15:46:19.173283,-45.0,16.0,25.0,127.0,10.0,46.0,16.0,-43.0,-58.0,-42.0,60.0,-18.0,-35.37,26.41,-0.5599999999999987,99.5,12.64,22.4,32.5,-48.28,-41.93,-35.17,55.81,-23.16
2025-07-28T15:46:19.177412,19.0,57.0,-3.0,6.0,-36.0,39.0,21.0,-48.0,-20.0,-13.0,9.0,-60.0,28.630000000000003,67.41,-28.56,-21.5,-33.36,15.399999999999999,37.5,-53.28,-3.9299999999999997,-6.17,4.81,-65.16
2025-07-28T15:46:19.185494,53.0,40.0,8.0,-11.0,-24.0,26.0,37.0,50.0,13.0,-19.0,38.0,-30.0,62.63,50.41,-17.56,-38.5,-21.36,2.3999999999999986,53.5,44.72,29.07,-12.17,33.81,-35.16
2025-07-28T15:46:19.189729,69.0,-58.0,36.0,-30.0,38.0,-26.0,60.0,3.0,55.0,-15.0,48.0,-33.0,78.63,-47.59,10.440000000000001,-57.5,40.64,-49.6,76.5,-2.2800000000000002,71.07,-8.17,43.81,-38.16
2025-07-28T15:46:19.197830,52.0,-34.0,-5.0,7.0,4.0,-14.0,-66.0,-15.0,26.0,-91.0,103.0,-25.0,61.63,-23.59,-30.56,-20.5,6.640000000000001,-37.6,-49.5,-20.28,42.07,-84.17,98.81,-30.16
2025-07-28T15:46:19.202156,-62.0,-5.0,85.0,-11.0,-10.0,0.0,-78.0,-56.0,-3.0,-4.0,7.0,-5.0,-52.37,5.41,59.44,-38.5,-7.359999999999999,-23.6,-61.5,-61.28,13.07,2.83,2.8099999999999996,-10.16
2025-07-28T15:46:19.210244,-88.0,-91.0,113.0,50.0,54.0,-4.0,95.0,-53.0,10.0,-48.0,22.0,34.0,-78.37,-80.59,87.44,22.5,56.64,-27.6,111.5,-58.28,26.07,-41.17,17.81,28.84
2025-07-28T15:46:19.214607,-79.0,19.0,56.0,15.0,-43.0,97.0,-43.0,-64.0,49.0,8.0,16.0,74.0,-69.37,29.41,30.44,-12.5,-40.36,73.4,-26.5,-69.28,65.07,14.83,11.809999999999999,68.84
2025-07-28T15:46:19.222364,-47.0,36.0,30.0,63.0,-38.0,36.0,-11.0,-26.0,-13.0,-91.0,27.0,6.0,-37.37,46.41,4.440000000000001,35.5,-35.36,12.399999999999999,5.5,-31.28,3.0700000000000003,-84.17,22.81,0.8399999999999999
2025-07-28T15:46:19.227171,-26.0,-7.0,11.0,30.0,-6.0,44.0,-50.0,-25.0,27.0,-58.0,41.0,37.0,-16.369999999999997,3.41,-14.559999999999999,2.5,-3.36,20.4,-33.5,-30.28,43.07,-51.17,36.81,31.84
2025-07-28T15:46:19.234689,90.0,-3.0,-30.0,26.0,4.0,-9.0,-4.0,-32.0,36.0,-48.0,14.0,22.0,99.63,7.41,-55.56,-1.5,6.640000000000001,-32.6,12.5,-37.28,52.07,-41.17,9.809999999999999,16.84
2025-07-28T15:46:19.239050,45.0,31.0,37.0,46.0,42.0,6.0,-64.0,-7.0,39.0,-22.0,-74.0,17.0,54.63,41.41,11.440000000000001,18.5,44.64,-17.6,-47.5,-12.280000000000001,55.07,-15.17,-78.19,11.84
2025-07-28T15:46:19.247005,-6.0,-80.0,34.0,40.0,-21.0,-25.0,-42.0,-86.0,-29.0,-96.0,29.0,56.0,3.630000000000001,-69.59,8.440000000000001,12.5,-18.36,-48.6,-25.5,-91.28,-12.93,-89.17,24.81,50.84
2025-07-28T15:46:19.251453,-27.0,-77.0,55.0,43.0,-34.0,25.0,-94.0,62.0,29.0,-114.0,-29.0,74.0,-17.369999999999997,-66.59,29.44,15.5,-31.36,1.3999999999999986,-77.5,56.72,45.07,-107.17,-33.19,68.84
2025-07-28T15:46:19.259314,-69.0,-90.0,39.0,54.0,-48.0,51.0,-51.0,-13.0,-28.0,-20.0,-25.0,27.0,-59.37,-79.59,13.440000000000001,26.5,-45.36,27.4,-34.5,-18.28,-11.93,-13.17,-29.19,21.84
2025-07-28T15:46:19.263627,-28.0,25.0,72.0,-23.0,-36.0,81.0,-70.0,16.0,2.0,-12.0,-9.0,-7.0,-18.369999999999997,35.41,46.44,-50.5,-33.36,57.4,-53.5,10.719999999999999,18.07,-5.17,-13.190000000000001,-12.16
2025-07-28T15:46:19.271612,-52.0,12.0,7.0,-4.0,16.0,-46.0,-39.0,-65.0,-29.0,-10.0,-105.0,52.0,-42.37,22.41,-18.56,-31.5,18.64,-69.6,-22.5,-70.28,-12.93,-3.17,-109.19,46.84
2025-07-28T15:46:19.275890,-57.0,51.0,-9.0,8.0,64.0,75.0,52.0,3.0,-16.0,-6.0,-38.0,26.0,-47.37,61.41,-34.56,-19.5,66.64,51.4,68.5,-2.2800000000000002,0.07000000000000028,0.8300000000000001,-42.19,20.84
2025-07-28T15:46:19.283907,-43.0,-46.0,9.0,-69.0,-62.0,45.0,-1.0,-38.0,-85.0,-36.0,-85.0,-25.0,-33.37,-35.59,-16.56,-96.5,-59.36,21.4,15.5,-43.28,-68.93,-29.17,-89.19,-30.16
2025-07-28T15:46:19.288169,-32.0,-26.0,-59.0,-27.0,19.0,-45.0,21.0,14.0,-42.0,-6.0,-66.0,-84.0,-22.369999999999997,-15.59,-84.56,-54.5,21.64,-68.6,37.5,8.719999999999999,-25.93,0.8300000000000001,-70.19,-89.16
2025-07-28T15:46:19.296062,11.0,-17.0,54.0,45.0,24.0,-4.0,-67.0,22.0,-18.0,40.0,-10.0,-32.0,20.630000000000003,-6.59,28.44,17.5,26.64,-27.6,-50.5,16.72,-1.9299999999999997,46.83,-14.190000000000001,-37.16
2025-07-28T15:46:19.300336,26.0,-41.0,-21.0,25.0,18.0,-42.0,15.0,-1.0,-5.0,16.0,44.0,-4.0,35.63,-30.59,-46.56,-2.5,20.64,-65.6,31.5,-6.28,11.07,22.83,39.81,-9.16
2025-07-28T15:46:19.308416,5.0,-76.0,-10.0,64.0,-39.0,9.0,6.0,21.0,-9.0,6.0,-60.0,-21.0,14.63,-65.59,-35.56,36.5,-36.36,-14.600000000000001,22.5,15.719999999999999,7.07,12.83,-64.19,-26.16
2025-07-28T15:46:19.312581,16.0,-28.0,-29.0,34.0,-49.0,22.0,-21.0,16.0,4.0,115.0,17.0,-25.0,25.630000000000003,-17.59,-54.56,6.5,-46.36,-1.6000000000000014,-4.5,10.719999999999999,20.07,121.83,12.809999999999999,-30.16
2025-07-28T15:46:19.316733,11.0,21.0,83.0,-8.0,7.0,68.0,-34.0,-14.0,-11.0,29.0,12.0,-2.0,20.630000000000003,31.41,57.44,-35.5,9.64,44.4,-17.5,-19.28,5.07,35.83,7.81,-7.16
2025-07-28T15:46:19.324878,49.0,-18.0,79.0,-16.0,-24.0,120.0,-11.0,17.0,57.0,-58.0,8.0,-4.0,58.63,-7.59,53.44,-43.5,-21.36,96.4,5.5,11.719999999999999,73.07,-51.17,3.8099999999999996,-9.16
2025-07-28T15:46:19.332939,-93.0,-65.0,106.0,-24.0,22.0,71.0,-18.0,-11.0,21.0,-60.0,76.0,13.0,-83.37,-54.59,80.44,-51.5,24.64,47.4,-1.5,-16.28,37.07,-53.17,71.81,7.84
2025-07-28T15:46:19.337307,-21.0,15.0,31.0,44.0,-22.0,13.0,52.0,-26.0,-33.0,-44.0,21.0,-57.0,-11.37,25.41,5.440000000000001,16.5,-19.36,-10.600000000000001,68.5,-31.28,-16.93,-37.17,16.81,-62.16
2025-07-28T15:46:19.345276,-61.0,45.0,11.0,11.0,54.0,-19.0,-36.0,-6.0,-72.0,-63.0,62.0,-55.0,-51.37,55.41,-14.559999999999999,-16.5,56.64,-42.6,-19.5,-11.280000000000001,-55.93,-56.17,57.81,-60.16
2025-07-28T15:46:19.349433,84.0,2.0,-26.0,31.0,-43.0,-36.0,-10.0,9.0,-2.0,-24.0,81.0,-22.0,93.63,12.41,-51.56,3.5,-40.36,-59.6,6.5,3.7199999999999998,14.07,-17.17,76.81,-27.16
2025-07-28T15:46:19.357568,12.0,-63.0,-4.0,33.0,-37.0,30.0,-10.0,15.0,26.0,-42.0,108.0,-12.0,21.630000000000003,-52.59,-29.56,5.5,-34.36,6.399999999999999,6.5,9.719999999999999,42.07,-35.17,103.81,-17.16
2025-07-28T15:46:19.361704,44.0,-59.0,102.0,21.0,31.0,-3.0,18.0,9.0,8.0,26.0,-5.0,-42.0,53.63,-48.59,76.44,-6.5,33.64,-26.6,34.5,3.7199999999999998,24.07,32.83,-9.190000000000001,-47.16
2025-07-28T15:46:19.365792,26.0,-35.0,57.0,-35.0,-72.0,44.0,-25.0,8.0,-11.0,-38.0,-40.0,-1.0,35.63,-24.59,31.44,-62.5,-69.36,20.4,-8.5,2.7199999999999998,5.07,-31.17,-44.19,-6.16
2025-07-28T15:46:19.374009,-83.0,-15.0,68.0,46.0,-10.0,34.0,-31.0,2.0,-20.0,-42.0,72.0,-53.0,-73.37,-4.59,42.44,18.5,-7.359999999999999,10.399999999999999,-14.5,-3.2800000000000002,-3.9299999999999997,-35.17,67.81,-58.16
2025-07-28T15:46:19.378093,-56.0,-29.0,91.0,-47.0,22.0,46.0,15.0,-18.0,-15.0,-95.0,29.0,-21.0,-46.37,-18.59,65.44,-74.5,24.64,22.4,31.5,-23.28,1.0700000000000003,-88.17,24.81,-26.16
2025-07-28T15:46:19.386239,-32.0,34.0,8.0,26.0,25.0,43.0,33.0,50.0,50.0,-39.0,5.0,4.0,-22.369999999999997,44.41,-17.56,-1.5,27.64,19.4,49.5,44.72,66.07,-32.17,0.8099999999999996,-1.1600000000000001
2025-07-28T15:46:19.390654,-45.0,1.0,-9.0,42.0,23.0,35.0,-47.0,19.0,-83.0,23.0,46.0,-20.0,-35.37,11.41,-34.56,14.5,25.64,11.399999999999999,-30.5,13.719999999999999,-66.93,29.83,41.81,-25.16
2025-07-28T15:46:19.398553,-91.0,-6.0,47.0,-18.0,-15.0,41.0,30.0,-5.0,9.0,-72.0,19.0,-28.0,-81.37,4.41,21.44,-45.5,-12.36,17.4,46.5,-10.280000000000001,25.07,-65.17,14.809999999999999,-33.16
2025-07-28T15:46:19.402928,78.0,-32.0,-59.0,21.0,22.0,101.0,-40.0,8.0,-32.0,-18.0,17.0,9.0,87.63,-21.59,-84.56,-6.5,24.64,77.4,-23.5,2.7199999999999998,-15.93,-11.17,12.809999999999999,3.84
2025-07-28T15:46:19.410929,-7.0,-68.0,-13.0,67.0,39.0,27.0,-30.0,60.0,-9.0,-57.0,34.0,-38.0,2.630000000000001,-57.59,-38.56,39.5,41.64,3.3999999999999986,-13.5,54.72,7.07,-50.17,29.81,-43.16
2025-07-28T15:46:19.415283,18.0,-110.0,55.0,33.0,65.0,8.0,-7.0,113.0,-51.0,-42.0,53.0,36.0,27.630000000000003,-99.59,29.44,5.5,67.64,-15.600000000000001,9.5,107.72,-34.93,-35.17,48.81,30.84
2025-07-28T15:46:19.423259,-123.0,-27.0,7.0,107.0,69.0,42.0,-1.0,-30.0,-62.0,-54.0,31.0,11.0,-113.37,-16.59,-18.56,79.5,71.64,18.4,15.5,-35.28,-45.93,-47.17,26.81,5.84
2025-07-28T15:46:19.427720,-47.0,-14.0,57.0,-6.0,-20.0,78.0,-35.0,-34.0,33.0,-23.0,46.0,-37.0,-37.37,-3.59,31.44,-33.5,-17.36,54.4,-18.5,-39.28,49.07,-16.17,41.81,-42.16
2025-07-28T15:46:19.435429,-67.0,40.0,-9.0,3.0,-7.0,41.0,-63.0,-37.0,-109.0,-70.0,80.0,0.0,-57.37,50.41,-34.56,-24.5,-4.359999999999999,17.4,-46.5,-42.28,-92.93,-63.17,75.81,-5.16
2025-07-28T15:46:19.439858,-42.0,4.0,-15.0,33.0,-3.0,53.0,16.0,-35.0,45.0,-76.0,-18.0,-79.0,-32.37,14.41,-40.56,5.5,-0.3599999999999999,29.4,32.5,-40.28,61.07,-69.17,-22.19,-84.16
2025-07-28T15:46:19.447761,-69.0,14.0,-31.0,-54.0,-83.0,43.0,17.0,-14.0,37.0,-28.0,12.0,-18.0,-59.37,24.41,-56.56,-81.5,-80.36,19.4,33.5,-19.28,53.07,-21.17,7.81,-23.16
2025-07-28T15:46:19.451902,-20.0,-31.0,2.0,18.0,-5.0,70.0,21.0,-9.0,1.0,-23.0,23.0,16.0,-10.37,-20.59,-23.56,-9.5,-2.36,46.4,37.5,-14.280000000000001,17.07,-16.17,18.81,10.84
2025-07-28T15:46:19.460024,6.0,14.0,-21.0,10.0,33.0,2.0,-21.0,-92.0,-15.0,12.0,84.0,-1.0,15.63,24.41,-46.56,-17.5,35.64,-21.6,-4.5,-97.28,1.0700000000000003,18.83,79.81,-6.16
2025-07-28T15:46:19.464308,70.0,-5.0,-30.0,39.0,88.0,41.0,-5.0,-68.0,-1.0,-78.0,-8.0,-44.0,79.63,5.41,-55.56,11.5,90.64,17.4,11.5,-73.28,15.07,-71.17,-12.190000000000001,-49.16
2025-07-28T15:46:19.472317,46.0,26.0,61.0,40.0,-11.0,-25.0,-40.0,22.0,-23.0,-87.0,18.0,-32.0,55.63,36.41,35.44,12.5,-8.36,-48.6,-23.5,16.72,-6.93,-80.17,13.809999999999999,-37.16
2025-07-28T15:46:19.476597,43.0,3.0,17.0,92.0,-15.0,-6.0,-4.0,-50.0,11.0,-64.0,-24.0,-30.0,52.63,13.41,-8.559999999999999,64.5,-12.36,-29.6,12.5,-55.28,27.07,-57.17,-28.19,-35.16
2025-07-28T15:46:19.484615,38.0,-91.0,60.0,88.0,-20.0,33.0,-9.0,-35.0,-5.0,-50.0,19.0,-21.0,47.63,-80.59,34.44,60.5,-17.36,9.399999999999999,7.5,-40.28,11.07,-43.17,14.809999999999999,-26.16
2025-07-28T15:46:19.488834,-70.0,-78.0,45.0,-14.0,-14.0,63.0,-44.0,-19.0,-8.0,-59.0,8.0,-23.0,-60.37,-67.59,19.44,-41.5,-11.36,39.4,-27.5,-24.28,8.07,-52.17,3.8099999999999996,-28.16
2025-07-28T15:46:19.496885,-61.0,-97.0,76.0,5.0,-47.0,-52.0,50.0,-90.0,3.0,-57.0,42.0,-30.0,-51.37,-86.59,50.44,-22.5,-44.36,-75.6,66.5,-95.28,19.07,-50.17,37.81,-35.16
2025-07-28T15:46:19.501084,-37.0,-29.0,82.0,8.0,-84.0,72.0,-37.0,-4.0,-21.0,-86.0,19.0,-58.0,-27.369999999999997,-18.59,56.44,-19.5,-81.36,48.4,-20.5,-9.280000000000001,-4.93,-79.17,14.809999999999999,-63.16
2025-07-28T15:46:19.505490,15.0,-38.0,49.0,-73.0,27.0,15.0,-33.0,8.0,30.0,-35.0,9.0,25.0,24.630000000000003,-27.59,23.44,-100.5,29.64,-8.600000000000001,-16.5,2.7199999999999998,46.07,-28.17,4.81,19.84
2025-07-28T15:46:19.513236,-11.0,42.0,72.0,22.0,-3.0,-3.0,-35.0,-61.0,7.0,-29.0,18.0,-47.0,-1.3699999999999992,52.41,46.44,-5.5,-0.3599999999999999,-26.6,-18.5,-66.28,23.07,-22.17,13.809999999999999,-52.16
2025-07-28T15:46:19.517708,-97.0,-20.0,44.0,5.0,-8.0,52.0,46.0,-22.0,8.0,-15.0,37.0,-4.0,-87.37,-9.59,18.44,-22.5,-5.359999999999999,28.4,62.5,-27.28,24.07,-8.17,32.81,-9.16
2025-07-28T15:46:19.525509,-36.0,21.0,56.0,102.0,50.0,31.0,-48.0,-30.0,36.0,-74.0,32.0,-40.0,-26.369999999999997,31.41,30.44,74.5,52.64,7.399999999999999,-31.5,-35.28,52.07,-67.17,27.81,-45.16
2025-07-28T15:46:19.529964,-57.0,-11.0,-79.0,56.0,1.0,-14.0,-38.0,-28.0,24.0,-31.0,17.0,-9.0,-47.37,-0.5899999999999999,-104.56,28.5,3.64,-37.6,-21.5,-33.28,40.07,-24.17,12.809999999999999,-14.16
2025-07-28T15:46:19.537951,-39.0,57.0,19.0,36.0,20.0,47.0,-24.0,1.0,51.0,-60.0,39.0,-45.0,-29.369999999999997,67.41,-6.559999999999999,8.5,22.64,23.4,-7.5,-4.28,67.07,-53.17,34.81,-50.16
2025-07-28T15:46:19.542207,15.0,75.0,-4.0,-49.0,13.0,56.0,-85.0,-35.0,-36.0,-71.0,13.0,-3.0,24.630000000000003,85.41,-29.56,-76.5,15.64,32.4,-68.5,-40.28,-19.93,-64.17,8.809999999999999,-8.16
2025-07-28T15:46:19.550102,15.0,-89.0,30.0,6.0,-6.0,54.0,-1.0,-13.0,23.0,-105.0,60.0,-51.0,24.630000000000003,-78.59,4.440000000000001,-21.5,-3.36,30.4,15.5,-18.28,39.07,-98.17,55.81,-56.16
2025-07-28T15:46:19.554284,45.0,-57.0,26.0,17.0,13.0,40.0,-78.0,-21.0,-23.0,-24.0,50.0,-63.0,54.63,-46.59,0.4400000000000013,-10.5,15.64,16.4,-61.5,-26.28,-6.93,-17.17,45.81,-68.16
2025-07-28T15:46:19.562519,-6.0,-39.0,126.0,29.0,10.0,-68.0,-80.0,-29.0,-3.0,19.0,13.0,-16.0,3.630000000000001,-28.59,100.44,1.5,12.64,-91.6,-63.5,-34.28,13.07,25.83,8.809999999999999,-21.16
2025-07-28T15:46:19.566462,-59.0,13.0,74.0,-34.0,-15.0,49.0,-49.0,0.0,74.0,4.0,1.0,57.0,-49.37,23.41,48.44,-61.5,-12.36,25.4,-32.5,-5.28,90.07,10.83,-3.1900000000000004,51.84
2025-07-28T15:46:19.574687,-86.0,-5.0,70.0,76.0,-16.0,19.0,-73.0,2.0,57.0,-102.0,85.0,-40.0,-76.37,5.41,44.44,48.5,-13.36,-4.600000000000001,-56.5,-3.2800000000000002,73.07,-95.17,80.81,-45.16
2025-07-28T15:46:19.578913,4.0,-8.0,82.0,38.0,-42.0,42.0,-4.0,-21.0,-1.0,-108.0,-16.0,-9.0,13.63,2.41,56.44,10.5,-39.36,18.4,12.5,-26.28,15.07,-101.17,-20.19,-14.16
2025-07-28T15:46:19.587049,-24.0,16.0,65.0,42.0,-84.0,116.0,-24.0,-19.0,62.0,-70.0,63.0,55.0,-14.37,26.41,39.44,14.5,-81.36,92.4,-7.5,-24.28,78.07,-63.17,58.81,49.84
2025-07-28T15:46:19.591293,-30.0,-39.0,-15.0,-27.0,-29.0,49.0,-63.0,11.0,-98.0,-15.0,97.0,-12.0,-20.369999999999997,-28.59,-40.56,-54.5,-26.36,25.4,-46.5,5.72,-81.93,-8.17,92.81,-17.16
2025-07-28T15:46:19.599340,7.0,11.0,9.0,-31.0,-9.0,73.0,-82.0,63.0,-83.0,-31.0,17.0,-5.0,16.630000000000003,21.41,-16.56,-58.5,-6.359999999999999,49.4,-65.5,57.72,-66.93,-24.17,12.809999999999999,-10.16
2025-07-28T15:46:19.603594,68.0,50.0,38.0,-1.0,-5.0,19.0,-10.0,22.0,-30.0,-39.0,-11.0,18.0,77.63,60.41,12.440000000000001,-28.5,-2.36,-4.600000000000001,6.5,16.72,-13.93,-32.17,-15.190000000000001,12.84
2025-07-28T15:46:19.611645,34.0,-15.0,31.0,79.0,78.0,-25.0,-17.0,2.0,17.0,-67.0,-85.0,18.0,43.63,-4.59,5.440000000000001,51.5,80.64,-48.6,-0.5,-3.2800000000000002,33.07,-60.17,-89.19,12.84
2025-07-28T15:46:19.615835,-32.0,-73.0,47.0,21.0,14.0,25.0,54.0,20.0,-29.0,-43.0,-26.0,26.0,-22.369999999999997,-62.59,21.44,-6.5,16.64,1.3999999999999986,70.5,14.719999999999999,-12.93,-36.17,-30.19,20.84
2025-07-28T15:46:19.623778,-50.0,1.0,86.0,32.0,-18.0,48.0,24.0,11.0,0.0,-43.0,-34.0,23.0,-40.37,11.41,60.44,4.5,-15.36,24.4,40.5,5.72,16.07,-36.17,-38.19,17.84
2025-07-28T15:46:19.628164,-22.0,-21.0,34.0,48.0,-38.0,31.0,-39.0,16.0,36.0,27.0,-111.0,-12.0,-12.37,-10.59,8.440000000000001,20.5,-35.36,7.399999999999999,-22.5,10.719999999999999,52.07,33.83,-115.19,-17.16
2025-07-28T15:46:19.636145,-95.0,-32.0,57.0,-49.0,-53.0,55.0,-29.0,-28.0,-47.0,-6.0,-63.0,36.0,-85.37,-21.59,31.44,-76.5,-50.36,31.4,-12.5,-33.28,-30.93,0.8300000000000001,-67.19,30.84
2025-07-28T15:46:19.640400,-56.0,-17.0,20.0,-42.0,46.0,12.0,-3.0,-49.0,2.0,20.0,-1.0,128.0,-46.37,-6.59,-5.559999999999999,-69.5,48.64,-11.600000000000001,13.5,-54.28,18.07,26.83,-5.19,122.84
2025-07-28T15:46:19.648319,-1.0,8.0,19.0,-8.0,36.0,18.0,-14.0,45.0,-11.0,29.0,1.0,12.0,8.63,18.41,-6.559999999999999,-35.5,38.64,-5.600000000000001,2.5,39.72,5.07,35.83,-3.1900000000000004,6.84
2025-07-28T15:46:19.652621,-18.0,114.0,-62.0,73.0,-16.0,15.0,11.0,-96.0,1.0,25.0,-140.0,111.0,-8.37,124.41,-87.56,45.5,-13.36,-8.600000000000001,27.5,-101.28,17.07,31.83,-144.19,105.84
2025-07-28T15:46:19.660671,8.0,78.0,-43.0,21.0,-28.0,-10.0,-67.0,-52.0,45.0,20.0,-54.0,6.0,17.630000000000003,88.41,-68.56,-6.5,-25.36,-33.6,-50.5,-57.28,61.07,26.83,-58.19,0.8399999999999999
2025-07-28T15:46:19.665055,23.0,-26.0,-8.0,63.0,-29.0,-4.0,-59.0,-25.0,10.0,-24.0,-59.0,27.0,32.63,-15.59,-33.56,35.5,-26.36,-27.6,-42.5,-30.28,26.07,-17.17,-63.19,21.84
2025-07-28T15:46:19.672997,34.0,-74.0,63.0,51.0,-55.0,51.0,-50.0,-110.0,24.0,29.0,-75.0,39.0,43.63,-63.59,37.44,23.5,-52.36,27.4,-33.5,-115.28,40.07,35.83,-79.19,33.84
2025-07-28T15:46:19.677293,-135.0,-2.0,53.0,-42.0,-12.0,38.0,-111.0,16.0,-5.0,3.0,-37.0,40.0,-125.37,8.41,27.44,-69.5,-9.36,14.399999999999999,-94.5,10.719999999999999,11.07,9.83,-41.19,34.84
2025-07-28T15:46:19.685249,-32.0,-7.0,52.0,15.0,-8.0,36.0,-33.0,50.0,-14.0,22.0,-17.0,9.0,-22.369999999999997,3.41,26.44,-12.5,-5.359999999999999,12.399999999999999,-16.5,44.72,2.0700000000000003,28.83,-21.19,3.84
2025-07-28T15:46:19.689512,-57.0,-8.0,12.0,4.0,36.0,36.0,-80.0,14.0,-57.0,48.0,-23.0,41.0,-47.37,2.41,-13.559999999999999,-23.5,38.64,12.399999999999999,-63.5,8.719999999999999,-40.93,54.83,-27.19,35.84
2025-07-28T15:46:19.697343,-53.0,87.0,36.0,34.0,16.0,32.0,-64.0,-49.0,52.0,9.0,-27.0,17.0,-43.37,97.41,10.440000000000001,6.5,18.64,8.399999999999999,-47.5,-54.28,68.07,15.83,-31.19,11.84
2025-07-28T15:46:19.701721,-9.0,18.0,8.0,60.0,3.0,-1.0,-17.0,36.0,-26.0,27.0,-40.0,38.0,0.6300000000000008,28.41,-17.56,32.5,5.640000000000001,-24.6,-0.5,30.72,-9.93,33.83,-44.19,32.84
2025-07-28T15:46:19.709641,71.0,29.0,18.0,50.0,18.0,-7.0,1.0,44.0,-41.0,18.0,-40.0,95.0,80.63,39.41,-7.559999999999999,22.5,20.64,-30.6,17.5,38.72,-24.93,24.83,-44.19,89.84
2025-07-28T15:46:19.714104,18.0,-15.0,-63.0,45.0,-22.0,-1.0,-40.0,44.0,-62.0,8.0,-58.0,55.0,27.630000000000003,-4.59,-88.56,17.5,-19.36,-24.6,-23.5,38.72,-45.93,14.83,-62.19,49.84
2025-07-28T15:46:19.721979,39.0,47.0,-6.0,-10.0,30.0,104.0,-4.0,-23.0,12.0,-25.0,-18.0,49.0,48.63,57.41,-31.56,-37.5,32.64,80.4,12.5,-28.28,28.07,-18.17,-22.19,43.84
2025-07-28T15:46:19.726323,10.0,-28.0,21.0,-26.0,46.0,52.0,-35.0,41.0,-44.0,77.0,-12.0,27.0,19.630000000000003,-17.59,-4.559999999999999,-53.5,48.64,28.4,-18.5,35.72,-27.93,83.83,-16.19,21.84
2025-07-28T15:46:19.730349,21.0,-77.0,-9.0,-9.0,15.0,36.0,22.0,60.0,-9.0,12.0,-18.0,18.0,30.630000000000003,-66.59,-34.56,-36.5,17.64,12.399999999999999,38.5,54.72,7.07,18.83,-22.19,12.84
2025-07-28T15:46:19.738602,12.0,-51.0,-40.0,-31.0,-18.0,36.0,-9.0,36.0,-14.0,-2.0,-7.0,45.0,21.630000000000003,-40.59,-65.56,-58.5,-15.36,12.399999999999999,7.5,30.72,2.0700000000000003,4.83,-11.190000000000001,39.84
2025-07-28T15:46:19.742763,-51.0,-33.0,13.0,54.0,-29.0,37.0,-3.0,31.0,19.0,-48.0,-25.0,63.0,-41.37,-22.59,-12.559999999999999,26.5,-26.36,13.399999999999999,13.5,25.72,35.07,-41.17,-29.19,57.84
2025-07-28T15:46:19.750831,-10.0,22.0,61.0,113.0,-10.0,29.0,32.0,24.0,-14.0,22.0,21.0,47.0,-0.3699999999999992,32.41,35.44,85.5,-7.359999999999999,5.399999999999999,48.5,18.72,2.0700000000000003,28.83,16.81,41.84
2025-07-28T15:46:19.754996,-94.0,-4.0,52.0,38.0,21.0,24.0,-37.0,-12.0,-79.0,5.0,-63.0,64.0,-84.37,6.41,26.44,10.5,23.64,0.3999999999999986,-20.5,-17.28,-62.93,11.83,-67.19,58.84
2025-07-28T15:46:19.763290,-66.0,-103.0,91.0,23.0,-68.0,86.0,-23.0,28.0,-43.0,38.0,-58.0,35.0,-56.37,-92.59,65.44,-4.5,-65.36,62.4,-6.5,22.72,-26.93,44.83,-62.19,29.84
2025-07-28T15:46:19.767180,-24.0,6.0,71.0,29.0,19.0,80.0,41.0,-39.0,41.0,-38.0,-49.0,65.0,-14.37,16.41,45.44,1.5,21.64,56.4,57.5,-44.28,57.07,-31.17,-53.19,59.84
2025-07-28T15:46:19.775410,-41.0,-6.0,15.0,105.0,34.0,23.0,10.0,-3.0,-69.0,-21.0,-35.0,70.0,-31.369999999999997,4.41,-10.559999999999999,77.5,36.64,-0.6000000000000014,26.5,-8.280000000000001,-52.93,-14.17,-39.19,64.84
2025-07-28T15:46:19.779505,-54.0,60.0,27.0,39.0,63.0,18.0,22.0,6.0,-29.0,18.0,-69.0,45.0,-44.37,70.41,1.4400000000000013,11.5,65.64,-5.600000000000001,38.5,0.7199999999999998,-12.93,24.83,-73.19,39.84
2025-07-28T15:46:19.787800,22.0,0.0,3.0,-2.0,-31.0,-11.0,-33.0,-23.0,-55.0,29.0,-40.0,9.0,31.630000000000003,10.41,-22.56,-29.5,-28.36,-34.6,-16.5,-28.28,-38.93,35.83,-44.19,3.84
2025-07-28T15:46:19.791773,-20.0,48.0,-5.0,91.0,29.0,28.0,11.0,-45.0,-41.0,-110.0,-19.0,19.0,-10.37,58.41,-30.56,63.5,31.64,4.399999999999999,27.5,-50.28,-24.93,-103.17,-23.19,13.84
2025-07-28T15:46:19.799924,38.0,-17.0,2.0,17.0,-9.0,96.0,32.0,-32.0,-60.0,47.0,35.0,34.0,47.63,-6.59,-23.56,-10.5,-6.359999999999999,72.4,48.5,-37.28,-43.93,53.83,30.81,28.84
2025-07-28T15:46:19.804076,40.0,-61.0,-8.0,64.0,-9.0,18.0,16.0,-7.0,39.0,28.0,-1.0,18.0,49.63,-50.59,-33.56,36.5,-6.359999999999999,-5.600000000000001,32.5,-12.280000000000001,55.07,34.83,-5.19,12.84
2025-07-28T15:46:19.812171,-5.0,-46.0,-38.0,-7.0,-37.0,-12.0,-2.0,-13.0,-27.0,48.0,-34.0,70.0,4.630000000000001,-35.59,-63.56,-34.5,-34.36,-35.6,14.5,-18.28,-10.93,54.83,-38.19,64.84
2025-07-28T15:46:19.816622,39.0,33.0,-72.0,17.0,56.0,54.0,15.0,-47.0,-42.0,32.0,-43.0,21.0,48.63,43.41,-97.56,-10.5,58.64,30.4,31.5,-52.28,-25.93,38.83,-47.19,15.84
2025-07-28T15:46:19.824550,9.0,-58.0,83.0,24.0,-10.0,-2.0,38.0,31.0,-25.0,-34.0,-28.0,65.0,18.630000000000003,-47.59,57.44,-3.5,-7.359999999999999,-25.6,54.5,25.72,-8.93,-27.17,-32.19,59.84
2025-07-28T15:46:19.828835,53.0,-35.0,48.0,49.0,57.0,13.0,45.0,-27.0,30.0,9.0,-59.0,56.0,62.63,-24.59,22.44,21.5,59.64,-10.600000000000001,61.5,-32.28,46.07,15.83,-63.19,50.84
2025-07-28T15:46:19.836933,4.0,-19.0,83.0,47.0,-59.0,45.0,-35.0,-32.0,0.0,61.0,-14.0,13.0,13.63,-8.59,57.44,19.5,-56.36,21.4,-18.5,-37.28,16.07,67.83,-18.19,7.84
2025-07-28T15:46:19.841115,-15.0,-19.0,30.0,5.0,-33.0,45.0,-26.0,-25.0,12.0,24.0,-7.0,46.0,-5.369999999999999,-8.59,4.440000000000001,-22.5,-30.36,21.4,-9.5,-30.28,28.07,30.83,-11.190000000000001,40.84
2025-07-28T15:46:19.849040,-29.0,20.0,17.0,3.0,-21.0,100.0,-1.0,-30.0,-83.0,5.0,-63.0,66.0,-19.369999999999997,30.41,-8.559999999999999,-24.5,-18.36,76.4,15.5,-35.28,-66.93,11.83,-67.19,60.84
2025-07-28T15:46:19.853466,-22.0,25.0,68.0,-94.0,7.0,65.0,-16.0,-59.0,-27.0,43.0,-22.0,36.0,-12.37,35.41,42.44,-121.5,9.64,41.4,0.5,-64.28,-10.93,49.83,-26.19,30.84
2025-07-28T15:46:19.861254,-68.0,12.0,22.0,25.0,6.0,69.0,-15.0,-1.0,-43.0,76.0,-2.0,88.0,-58.37,22.41,-3.5599999999999987,-2.5,8.64,45.4,1.5,-6.28,-26.93,82.83,-6.19,82.84
2025-07-28T15:46:19.865565,-47.0,86.0,67.0,-8.0,-32.0,120.0,-38.0,-29.0,-2.0,70.0,-39.0,42.0,-37.37,96.41,41.44,-35.5,-29.36,96.4,-21.5,-34.28,14.07,76.83,-43.19,36.84
2025-07-28T15:46:19.873658,-14.0,-56.0,38.0,24.0,-6.0,-52.0,43.0,-43.0,24.0,9.0,3.0,47.0,-4.369999999999999,-45.59,12.440000000000001,-3.5,-3.36,-75.6,59.5,-48.28,40.07,15.83,-1.1900000000000004,41.84
2025-07-28T15:46:19.877788,-22.0,-32.0,65.0,43.0,46.0,31.0,56.0,-79.0,-10.0,12.0,-71.0,22.0,-12.37,-21.59,39.44,15.5,48.64,7.399999999999999,72.5,-84.28,6.07,18.83,-75.19,16.84
2025-07-28T15:46:19.882115,-51.0,-5.0,4.0,31.0,21.0,45.0,-40.0,20.0,13.0,-46.0,18.0,35.0,-41.37,5.41,-21.56,3.5,23.64,21.4,-23.5,14.719999999999999,29.07,-39.17,13.809999999999999,29.84
2025-07-28T15:46:19.890111,-12.0,33.0,18.0,35.0,39.0,95.0,66.0,1.0,-25.0,-12.0,-52.0,88.0,-2.369999999999999,43.41,-7.559999999999999,7.5,41.64,71.4,82.5,-4.28,-8.93,-5.17,-56.19,82.84
2025-07-28T15:46:19.894623,2.0,-2.0,-33.0,3.0,-52.0,52.0,-6.0,-2.0,73.0,124.0,-19.0,57.0,11.63,8.41,-58.56,-24.5,-49.36,28.4,10.5,-7.28,89.07,130.83,-23.19,51.84
2025-07-28T15:46:19.902329,-18.0,19.0,21.0,-74.0,-22.0,42.0,7.0,-18.0,18.0,13.0,-93.0,36.0,-8.37,29.41,-4.559999999999999,-101.5,-19.36,18.4,23.5,-23.28,34.07,19.83,-97.19,30.84
2025-07-28T15:46:19.906701,26.0,-31.0,-34.0,0.0,30.0,72.0,12.0,0.0,11.0,38.0,-68.0,95.0,35.63,-20.59,-59.56,-27.5,32.64,48.4,28.5,-5.28,27.07,44.83,-72.19,89.84
2025-07-28T15:46:19.914600,-12.0,16.0,6.0,26.0,0.0,57.0,41.0,4.0,-17.0,30.0,-75.0,34.0,-2.369999999999999,26.41,-19.56,-1.5,2.64,33.4,57.5,-1.2800000000000002,-0.9299999999999997,36.83,-79.19,28.84
2025-07-28T15:46:19.919087,-36.0,-68.0,-1.0,0.0,-13.0,1.0,-76.0,-1.0,29.0,32.0,-14.0,-20.0,-26.369999999999997,-57.59,-26.56,-27.5,-10.36,-22.6,-59.5,-6.28,45.07,38.83,-18.19,-25.16
2025-07-28T15:46:19.926853,65.0,-25.0,-13.0,42.0,38.0,-18.0,22.0,39.0,19.0,-25.0,-75.0,72.0,74.63,-14.59,-38.56,14.5,40.64,-41.6,38.5,33.72,35.07,-18.17,-79.19,66.84
2025-07-28T15:46:19.931257,-37.0,-33.0,35.0,34.0,-22.0,70.0,-25.0,-3.0,22.0,23.0,9.0,56.0,-27.369999999999997,-22.59,9.440000000000001,6.5,-19.36,46.4,-8.5,-8.280000000000001,38.07,29.83,4.81,50.84
2025-07-28T15:46:19.939319,-31.0,-135.0,40.0,-17.0,-1.0,22.0,34.0,28.0,37.0,11.0,-6.0,14.0,-21.369999999999997,-124.59,14.440000000000001,-44.5,1.6400000000000001,-1.6000000000000014,50.5,22.72,53.07,17.83,-10.190000000000001,8.84
2025-07-28T15:46:19.943510,23.0,-1.0,27.0,70.0,3.0,64.0,-31.0,-50.0,-24.0,46.0,-52.0,25.0,32.63,9.41,1.4400000000000013,42.5,5.640000000000001,40.4,-14.5,-55.28,-7.93,52.83,-56.19,19.84
2025-07-28T15:46:19.952140,-42.0,-9.0,96.0,-21.0,-36.0,29.0,1.0,-42.0,17.0,15.0,-58.0,72.0,-32.37,1.4100000000000001,70.44,-48.5,-33.36,5.399999999999999,17.5,-47.28,33.07,21.83,-62.19,66.84
