--------------------------- Texture Only

=== Flattened SVM (Combined labels) — Test Metrics ===
Accuracy        : 0.9133
Precision (macro): 0.9160
Recall (macro)   : 0.9133
F1 (macro)       : 0.9127
F1 (micro)       : 0.9133

Confusion Matrix:
[[249   0   0   1   0   0]
 [  0 218   0  32   0   0]
 [  0   0 225   0   0  25]
 [  1   7   0 241   0   1]
 [  0   0   1   0 243   6]
 [  0   0  11   0  45 194]]

Classification Report:
              precision    recall  f1-score   support

       tex=0       1.00      1.00      1.00       250
       tex=1       0.97      0.87      0.92       250
       tex=2       0.95      0.90      0.92       250
       tex=3       0.88      0.96      0.92       250
       tex=4       0.84      0.97      0.90       250
       tex=5       0.86      0.78      0.82       250

    accuracy                           0.91      1500
   macro avg       0.92      0.91      0.91      1500
weighted avg       0.92      0.91      0.91      1500

--------------------------- Material Only

=== Flattened SVM (Combined labels) — Test Metrics ===
Accuracy        : 0.7100
Precision (macro): 0.7230
Recall (macro)   : 0.7100
F1 (macro)       : 0.7137
F1 (micro)       : 0.7100

Confusion Matrix:
[[172 125   0   0   3]
 [129 171   0   0   0]
 [  0   0 239  53   8]
 [  0   0  26 256  18]
 [ 35   1   1  36 227]]

Classification Report:
              precision    recall  f1-score   support

       mat=0       0.51      0.57      0.54       300
       mat=1       0.58      0.57      0.57       300
       mat=2       0.90      0.80      0.84       300
       mat=3       0.74      0.85      0.79       300
       mat=4       0.89      0.76      0.82       300

    accuracy                           0.71      1500
   macro avg       0.72      0.71      0.71      1500
weighted avg       0.72      0.71      0.71      1500

--------------------------- Combined Classes

X_train: (3600, 5760) | X_test: (1500, 5760) | n_classes=30

=== Flattened SVM (Combined labels) — Test Metrics ===
Accuracy        : 0.5920
Precision (macro): 0.6172
Recall (macro)   : 0.5920
F1 (macro)       : 0.5836
F1 (micro)       : 0.5920

Confusion Matrix:
[[15 29  0  0  6  0  0  0  0  0  0  0  0  0  0  0  0  0  0  0  0  0  0  0
   0  0  0  0  0  0]
 [10 32  0  0  8  0  0  0  0  0  0  0  0  0  0  0  0  0  0  0  0  0  0  0
   0  0  0  0  0  0]
 [ 0  0 34 16  0  0  0  0  0  0  0  0  0  0  0  0  0  0  0  0  0  0  0  0
   0  0  0  0  0  0]
 [ 0  0 11 36  3  0  0  0  0  0  0  0  0  0  0  0  0  0  0  0  0  0  0  0
   0  0  0  0  0  0]
 [ 9  1  0  1 39  0  0  0  0  0  0  0  0  0  0  0  0  0  0  0  0  0  0  0
   0  0  0  0  0  0]
 [ 0  0  0  0  0 24 16  0  0  0  0  0  0  0  0  5  5  0  0  0  0  0  0  0
   0  0  0  0  0  0]
 [ 0  0  0  0  0 30 14  0  0  0  0  0  0  0  0  2  4  0  0  0  0  0  0  0
   0  0  0  0  0  0]
 [ 0  0  0  0  0  0  0 30 20  0  0  0  0  0  0  0  0  0  0  0  0  0  0  0
   0  0  0  0  0  0]
 [ 0  0  0  0  0  0  0  0 26 13  0  0  0  0  0  0  0 10  0  0  0  0  0  0
   0  0  0  0  0  1]
 [ 0  0  0  0  0 10  0  0  0 29  0  0  0  0  0  2  0  9  0  0  0  0  0  0
   0  0  0  0  0  0]
 [ 0  0  0  0  0  0  0  0  0  0 19 30  0  0  0  0  0  0  0  0  0  0  0  0
   0  1  0  0  0  0]
 [ 0  0  0  0  0  0  0  0  0  0  4 45  0  0  0  0  0  0  0  0  0  0  0  0
   0  1  0  0  0  0]
 [ 0  0  0  0  0  0  0  0  0  0  0  0 30  9  0  0  0  0  0  0  0  0  3  0
   0  0  0  5  3  0]
 [ 0  0  0  0  0  0  0  0  0  0  0  0  1 45  1  0  0  0  0  0  0  0  0  0
   0  0  0  1  2  0]
 [ 0  0  0  0  0  0  0  0  0  0  0  0  0  6 27  0  0  0  0  0  0  0  0  0
   0  0  0  1 13  3]
 [ 0  0  0  0  0  0  0  0  0  0  0  0  0  0  0 14 36  0  0  0  0  0  0  0
   0  0  0  0  0  0]
 [ 0  0  0  0  0  0  0  0  0  0  0  0  0  0  0  1 49  0  0  0  0  0  0  0
   0  0  0  0  0  0]
 [ 0  0  0  0  0  0  0  0  4  2  0  0  0  0  0  0  0 42  2  0  0  0  0  0
   0  0  0  0  0  0]
 [ 0  0  0  0  0  0  0  0  2  4  0  0  0  0  0  0  0 15 29  0  0  0  0  0
   0  0  0  0  0  0]
 [ 0  0  1  0  0  0  0  0  0  0  0  0  0  0  0  4  1  0 17 27  0  0  0  0
   0  0  0  0  0  0]
 [ 0  0  0  0  0  0  0  0  0  0  0  0  0  0  0  0  0  0  0  0 21 29  0  0
   0  0  0  0  0  0]
 [ 0  0  0  0  0  0  0  0  0  0  0  0  0  0  0  0  0  0  0  0 40 10  0  0
   0  0  0  0  0  0]
 [ 0  0  0  0  0  0  0  0  0  0  0  0  1  0  0  0  0  0  0  0  0  0 42  7
   0  0  0  0  0  0]
 [ 0  0  0  0  0  0  0  0  0  0  0  0  0  0  0  0  0  0  0  0  0  0  6 42
   0  0  0  2  0  0]
 [ 0  0  0  0  0  0  0  0  0  0  0  0  0  0  3  0  0  0  0  0  0  0  2  4
  37  0  0  1  3  0]
 [ 0  0  0  0  0  0  0  0  0  0  0  4  0  0  0  0  0  0  0  0  0  0  0  0
   0 34 12  0  0  0]
 [ 0  0  0  0  0  0  0  0  0  0  0  2  0  0  0  0  0  0  0  0  0 12  0  0
   0 27  9  0  0  0]
 [ 0  0  0  0  0  0  0  1  0  0  0  0  3  3  0  0  0  0  0  0  0  0 13  1
   0  0  0 21  8  0]
 [ 0  0  0  0  0  0  0  0  0  0  0  0  0  1  0  0  0  0  0  0  0  0 15  9
   0  0  0  1 24  0]
 [ 0  0  0  0  0  0  0  0  0  0  0  0  0  0  4  0  0  0  0  0  0  0  0  1
   2  0  0  0  1 42]]

Classification Report:
              precision    recall  f1-score   support

 mat=0|tex=0       0.44      0.30      0.36        50
 mat=0|tex=1       0.52      0.64      0.57        50
 mat=0|tex=2       0.74      0.68      0.71        50
 mat=0|tex=3       0.68      0.72      0.70        50
 mat=0|tex=4       0.70      0.78      0.74        50
 mat=1|tex=0       0.38      0.48      0.42        50
 mat=1|tex=1       0.47      0.28      0.35        50
 mat=1|tex=2       0.97      0.60      0.74        50
 mat=1|tex=3       0.50      0.52      0.51        50
 mat=1|tex=4       0.60      0.58      0.59        50
 mat=2|tex=0       0.83      0.38      0.52        50
 mat=2|tex=1       0.56      0.90      0.69        50
 mat=2|tex=2       0.86      0.60      0.71        50
 mat=2|tex=3       0.70      0.90      0.79        50
 mat=2|tex=4       0.77      0.54      0.64        50
 mat=3|tex=0       0.50      0.28      0.36        50
 mat=3|tex=1       0.52      0.98      0.68        50
 mat=3|tex=2       0.55      0.84      0.67        50
 mat=3|tex=3       0.60      0.58      0.59        50
 mat=3|tex=4       1.00      0.54      0.70        50
 mat=4|tex=0       0.34      0.42      0.38        50
 mat=4|tex=1       0.20      0.20      0.20        50
 mat=4|tex=2       0.52      0.84      0.64        50
 mat=4|tex=3       0.66      0.84      0.74        50
 mat=4|tex=4       0.95      0.74      0.83        50
 mat=5|tex=0       0.54      0.68      0.60        50
 mat=5|tex=1       0.43      0.18      0.25        50
 mat=5|tex=2       0.66      0.42      0.51        50
 mat=5|tex=3       0.44      0.48      0.46        50
 mat=5|tex=4       0.91      0.84      0.88        50

    accuracy                           0.59      1500
   macro avg       0.62      0.59      0.58      1500
weighted avg       0.62      0.59      0.58      1500